X0	X1	X2	X3	X4
0.05	0.1966917293233082	0.0192857142857142	0.0	0.0
0.07	0.2093233082706767	0.0714285714285714	0.0350877192982456	0.07544
0.06	0.1604511278195489	0.4405357142857143	0.0556140350877192	0.0
0.046	0.4273684210526316	0.18	0.4473684210526316	0.0
0.1745	0.1804511278195488	0.0267857142857142	0.0087719298245614	0.00023
0.055	0.52	0.4285714285714285	0.5614035087719298	0.0
0.068	0.1478195488721804	0.0639285714285714	0.0189473684210526	1e-05
0.14	0.2380451127819548	0.0625	0.043859649122807	0.0
0.13	0.1102255639097744	0.3601785714285714	0.043859649122807	0.0
0.05	0.1003007518796992	0.0655357142857142	0.0789473684210526	0.0015
0.116	0.3458646616541353	0.0044642857142857	0.0526315789473684	0.00113
0.25	0.0815037593984962	0.0	0.0	1e-05
0.04	0.0627067669172932	0.0192857142857142	0.0614035087719298	5e-05
0.21	0.2180451127819548	0.1830357142857142	0.1666666666666666	7e-05
0.0	0.517593984962406	0.0476785714285714	0.0117543859649122	0.0012
0.13	0.2168421052631579	0.0208928571428571	0.0014035087719298	0.01004
0.23	0.1741353383458646	0.0014285714285714	0.1491228070175438	0.0
0.0	0.5651127819548872	0.3571428571428571	0.0	0.01249
0.126	0.2493233082706766	0.0178571428571428	0.0029824561403508	0.0
0.05	0.5300751879699248	0.0535714285714285	0.0	0.00027
0.04	0.150375939849624	0.4285714285714285	0.0731578947368421	0.0
0.17	0.2042105263157894	0.0594642857142857	0.0	1e-05
0.106	0.3007518796992481	0.0267857142857142	0.0350877192982456	0.0
0.0	0.6416541353383459	1.0	1.0	0.00015
0.048	0.0815037593984962	0.3066071428571429	0.0263157894736842	0.0
0.464	0.0702255639097744	0.0133928571428571	0.0307017543859649	0.0
0.2	0.4034586466165413	0.1175	0.1228070175438596	0.0
0.1	0.4072180451127819	0.0535714285714285	0.0	0.00105
0.1105	0.3446616541353384	0.0714285714285714	0.0087719298245614	0.0
0.22	0.2230075187969924	0.0594642857142857	0.0847368421052631	0.0
0.04	0.1165413533834586	0.2142857142857142	0.087719298245614	0.00918
0.05	0.1403007518796992	0.0892857142857142	0.0029824561403508	0.04208
0.08	0.1792481203007519	0.0103571428571428	0.0526315789473684	0.0
0.07	0.1040601503759398	0.0446428571428571	0.0482456140350877	0.0021
0.0	0.424812030075188	0.3496428571428571	0.2792982456140351	0.0
0.14	0.2894736842105263	0.0892857142857142	0.2456140350877192	0.0
0.08	0.1378947368421053	0.1130357142857142	0.0057894736842105	0.01058
0.06	0.2807518796992481	0.0773214285714285	0.0	0.0
0.12	0.4184962406015037	0.0371428571428571	0.0233333333333333	0.00237
0.0	0.6590977443609022	0.0714285714285714	0.2280701754385964	0.0001
0.06	0.1466165413533834	0.3214285714285714	0.2982456140350877	0.0
0.066	0.0413533834586466	0.0044642857142857	0.0057894736842105	0.0
0.0	0.4574436090225564	0.2380357142857143	0.2587719298245614	0.0
0.102	0.2981954887218044	0.0982142857142857	0.1491228070175438	0.0
0.07	0.1052631578947368	0.1816071428571428	0.0101754385964912	0.00184
0.04	0.131578947368421	0.3035714285714285	0.0614035087719298	0.0099
0.0	0.4598496240601503	0.0	0.087719298245614	0.0
0.0905	0.5263157894736842	0.3035714285714285	0.4385964912280701	0.01655
0.13	0.6905263157894737	0.055	0.0043859649122807	0.0
0.06	0.0815037593984962	0.3392857142857143	0.0526315789473684	0.02206
0.0	0.6478195488721804	0.1517857142857142	0.175438596491228	4e-05
0.13	0.3545864661654135	0.0892857142857142	0.0073684210526315	0.00246
0.08	0.0526315789473684	0.1071428571428571	0.0014035087719298	0.0004
0.14	0.111578947368421	0.03125	0.0087719298245614	0.00204
0.077	0.1003007518796992	0.375	0.0	0.00032
0.04	0.0651127819548871	0.1964285714285714	0.0175438596491228	0.0
0.165	0.2380451127819548	0.1607142857142857	0.2631578947368421	0.0
0.0975	0.3120300751879699	0.1442857142857143	0.2982456140350877	0.0
0.17	0.1015037593984962	0.4226785714285714	0.2105263157894736	0.0
0.084	0.2330827067669172	0.5282142857142856	0.1768421052631578	0.0
0.208	0.1792481203007519	0.1160714285714285	0.0803508771929824	0.00021
0.2455	0.1804511278195488	0.0178571428571428	0.0307017543859649	0.0
0.02	0.0965413533834586	0.3303571428571428	0.0584210526315789	0.00028
0.065	0.4085714285714286	0.0298214285714285	0.0	1e-05
0.05	0.1040601503759398	0.1071428571428571	0.0057894736842105	6e-05
0.15	0.4034586466165413	0.0535714285714285	0.0	0.0
	0.1628571428571428	0.4821428571428571	0.0	0.0
0.04	0.113984962406015	0.2678571428571428	0.0496491228070175	0.098
0.18	0.1741353383458646	0.0744642857142857	0.0964912280701754	1e-05
0.2615	0.2718796992481203	0.0892857142857142	0.2631578947368421	0.0
0.0	0.5827067669172933	0.25	0.1052631578947368	0.0
0.065	0.4085714285714286	0.0298214285714285	0.0	1e-05
0.1745	0.1804511278195488	0.0267857142857142	0.0087719298245614	0.00023
0.044	0.0777443609022556	0.3214285714285714	0.0263157894736842	0.00591
0.128	0.2368421052631578	0.0714285714285714	0.0701754385964912	0.00017
0.0105	0.7042105263157894	0.5892857142857143	0.3859649122807017	0.10561
0.0	1.0	0.375	0.2280701754385964	0.0
0.1	0.3822556390977444	0.0892857142857142	0.3508771929824561	0.0
0.0	0.3458646616541353	0.1830357142857142	0.175438596491228	0.04
0.015	0.613984962406015	0.33625	0.5057894736842105	0.003
0.1975	0.170375939849624	0.0610714285714285	0.0584210526315789	0.0002
0.04	0.3233082706766917	0.5892857142857143	0.1403508771929824	0.0
0.04	0.4436090225563909	0.1071428571428571	0.2105263157894736	0.0
0.0	0.424812030075188	0.3496428571428571	0.2792982456140351	0.0
0.07	0.1365413533834586	0.0817857142857142	0.0803508771929824	0.02384
0.18	0.1666165413533834	0.1607142857142857	0.0350877192982456	6e-05
0.19	0.169172932330827	0.0223214285714285	0.0087719298245614	0.0201
0.13	0.6905263157894737	0.055	0.0043859649122807	0.0
0.0	0.3996992481203007	0.2692857142857143	0.2807017543859649	0.023
0.102	0.2981954887218044	0.0982142857142857	0.1491228070175438	0.0
0.15	0.2593984962406015	0.0744642857142857	0.0029824561403508	0.0
0.06	0.0815037593984962	0.3392857142857143	0.0526315789473684	0.02206
0.065	0.4085714285714286	0.0178571428571428	0.0175438596491228	0.0
	0.075187969924812	0.2678571428571428	0.0950877192982456	0.26726
0.1995	0.2030075187969924	0.0594642857142857	0.1784210526315789	0.00827
0.08	0.2869172932330827	0.0892857142857142	0.0964912280701754	0.02072
0.0	0.1717293233082707	0.125	0.0219298245614035	0.07059
0.078	0.5463157894736842	0.4478571428571428	0.0803508771929824	0.0
0.05	0.1353383458646616	0.3928571428571428	0.087719298245614	0.00809
0.0	0.4824060150375939	0.375	0.175438596491228	0.0
