X0	X1	X2	X3	X4
0.898305181054296	0.8179697170817869	0.5215515556592186	0.3870967909339221	0.6222222116296297
0.6158193021561504	0.5775961532414052	0.3189655202214618	0.3790322636446406	0.7851851780740741
0.8785309859156043	0.8354725905066249	0.6120690421001632	0.4596774212148802	0.2814814602962963
	0.8331388144622688	0.0948277649003808	0.5322580706893857	0.4740740601481482
0.4576270913291193	0.354725684529487	0.7931033576545957	0.145161298949011	0.5851851745925926
0.225988756790833	0.1621936334490186	0.7198276415167846	0.5725806494745055	0.8222222151111112
0.7358755845861649	0.6767793982536543	0.4310343976664853	0.4274193697190419	0.8518518518518519
0.7909605145871242	0.6942822716784922	0.1810346444336779	0.2258064565192505	0.8518518518518519
0.2768360313766783	0.2205366926675621	0.5948276006762752	0.145161298949011	0.6222222116296297
0.1836157125267308	0.3360559230824711	0.6853447582379744	0.1290322828381881	0.4592592451111111
0.4632769374381576	0.3698950047804549	0.8189653555663221	0.2741935818678443	0.5703703562222222
0.3926554677136212	0.2742124226678795	0.8362067974212443	0.3870967909339221	0.7333333227407408
0.3926554677136212	0.2742124226678795	0.8362067974212443	0.3870967909339221	0.7333333227407408
	0.6849473903715536	0.4439655614930053	0.2822580898829332	0.911111089925926
0.7471750084426553	0.7596266578632435	0.8189653555663221	0.6129032282596252	0.711111104
0.214689331521913	0.1411900971245075	0.7974136356829978	0.4596774212148802	0.7259259047407407
0.4350282422037088	0.3827303261165808	0.8405170754496464	0.4112903343340264	0.4740740601481482
0.2090394854128753	0.1295214397732124	0.5172412771997824	0.3387096848595209	0.6888888677037037
	0.7001167106225219	0.1250000412715434	0.5725806494745055	0.8666666525185186
0.9816385365156896	0.8063010608973531	0.7068964781212986	0.2177419485041616	0.0
0.6483051132576847	0.6091014577281721	0.409482677783161	0.2661290353043702	0.7555555414074075
0.2542371822512673	0.2065344833092582	0.5560344389380288	0.30645161408949	0.6814814673333335
	0.9078178590834722	0.2327586406881648	0.4677419485041617	0.3629629523703703
0.350282424861948	0.2707117597682063	0.6120690421001632	0.2096774404084277	0.6074073932592593
0.8064970543107012	0.6954491597006707	0.659482760326248	0.2096774404084277	0.7333333227407408
0.6977401957371773	0.6429405394261565	0.409482677783161	0.3629032474531727	0.7555555414074075
0.7951976304542102	0.7012835986446999	0.5344827190547046	0.3225806686680529	0.8370370158518519
0.3446328471144954	0.7759626432659034	0.5646549954258672	0.8064516044927162	0.592592574888889
0.3771186582160301	0.289381520048361	0.7284481980046229	0.4516129131191462	0.6370370299259259
0.860169522431294	0.8751458882781524	0.4181035631502448	0.4435484050234122	0.3925925802222222
0.8319208271968457	0.7607935458854215	0.2370689187165669	0.0564516333636826	0.7999999788148148
0.2824858788981456	0.2053675952870802	0.5775861588213531	0.2177419485041616	0.6222222116296297
0.8658191001787466	0.754959105774531	0.2543103605714891	0.0967742121488023	0.7851851780740741
0.1822032506463641	0.2590431024169112	0.4827587228002176	0.0887097040530684	0.6888888677037037
0.2980226883957366	0.2193698046453841	0.8749999591594907	0.3629032474531727	0.5629629470370371
0.293785302754636	0.8098017249638876	0.4741378374331338	0.4354838777341308	0.3407407248148149
0.1313559760605195	0.082847037905964	0.6422413184713258	0.4274193697190419	0.7555555414074075
0.1553672870662966	0.1026836862082971	0.4267241196380832	0.3306451767637869	0.4518518376296296
0.6483051132576847	0.6091014577281721	0.409482677783161	0.2661290353043702	0.7555555414074075
0.5014123262871446	0.3932320942788361	0.4353446761259216	0.2016129323126937	0.5407407283703703
0.7966100923345775	0.7537922189192142	0.5301724410263023	0.2661290353043702	0.9629629629629628
0.8389831351862501	0.7829637485284859	0.6077584351925157	0.3548387201638913	0.6518518306666666
0.3163841518800466	0.2287046859523227	0.2629309170593275	0.4193548424297604	0.6962962857037037
0.4774010166937965	0.352392131355617	0.5474138824501904	0.5645161317819978	0.7629629417777778
	0.904317417887424	0.3232757982498639	0.4354838777341308	0.3259259153333333
0.898305181054296	0.7899650754946932	0.3017240783665397	0.3467742121488024	0.7333333227407408
0.2824858788981456	0.2053675952870802	0.392241236359273	0.4516129131191462	0.5111110960740741
0.7711863194484331	0.8074679489195311	0.7629310812834331	0.3225806686680529	0.7259259047407407
0.3220339979890848	0.2753790878195711	0.5948276006762752	0.3145161606529641	0.592592574888889
0.4378531659644422	0.351225243333439	0.732758476033025	0.5161290353043703	0.5555555378518519
0.4378531659644422	0.351225243333439	0.732758476033025	0.5161290353043703	0.5555555378518519
1.0	0.8961494257695248	0.353448403500272	0.2580645272892814	0.5185185052592592
0.4887004405502874	0.5064177715198751	0.7284481980046229	0.1935484242976048	0.5185185052592592
0.778248628850267	0.702450486666878	0.1982757574093546	0.2580645272892814	0.6444444302962964
	0.8798132174963785	0.4612070029168933	0.5483871060744011	0.1555555484444445
0.2217513711497329	0.1971996031691809	0.6249998766164038	0.3225806686680529	0.6814814673333335
0.2994351502761033	0.2240373567340962	0.3189655202214618	0.4193548424297604	0.6888888677037037
0.7796610893182042	0.704784039840748	0.6939653147258128	0.0161290545785628	0.7925925784444445
0.898305181054296	0.8669778961602531	0.5215515556592186	0.3467742121488024	0.4888888751851852
0.278248493257045	0.3138857216062679	0.6120690421001632	0.4112903343340264	0.674074066962963
	0.8308050384179123	0.3706895164759488	0.2338710030827246	0.2074073862222222
0.4237288183472183	0.352392131355617	0.7499999178879472	0.2903225979786672	0.5481481375555556
0.7358755845861649	0.6767793982536543	0.4310343976664853	0.4274193697190419	0.8518518518518519
	0.9089847471056502	0.2456898040836506	0.395161298949011	0.1333333121481481
0.7796610893182042	0.7269544641874373	0.2198274772926789	0.2983871060744011	0.5777777654074074
0.3884180834849501	0.3453908043894097	0.7456896398595451	0.5161290353043703	0.3555555431851852
0.3389829995930281	0.2823804159526397	0.732758476033025	0.2580645272892814	0.5333333191851852
0.060734506335983	0.0303384176314497	0.7801721942591099	0.395161298949011	0.7259259047407407
0.6101694546346831	0.6102683457503503	0.1939654789499184	0.5645161317819978	0.7333333227407408
0.3559322709709858	0.2800466399082836	0.6681033163830522	0.2983871060744011	0.5629629470370371
0.7189265829822211	0.6522754195662338	0.3189655202214618	0.2338710030827246	0.7629629417777778
0.533898407162694	0.5915985854701955	0.6077584351925157	0.2338710030827246	0.8518518518518519
0.7796610893182042	0.704784039840748	0.6939653147258128	0.0161290545785628	0.7925925784444445
0.3163841518800466	0.2765459758417491	0.8749999591594907	0.2338710030827246	0.5703703562222222
0.2881354552331687	0.2112018125274843	0.4999998357758943	0.2016129323126937	0.6518518306666666
0.3926554677136212	0.2753790878195711	0.8318965193928421	0.395161298949011	0.6814814673333335
0.3050847266111265	0.2660442076794938	0.7284481980046229	0.30645161408949	0.6222222116296297
	0.9393231647371	0.2327586406881648	0.4919354919042659	0.5185185052592592
	0.8634772320937186	0.1724137590665941	0.5967741977133192	0.2518518412592593
	0.8634772320937186	0.1724137590665941	0.5967741977133192	0.2518518412592593
0.2429377583947767	0.2217035806897401	0.6551724818668118	0.2983871060744011	0.6888888677037037
0.8771185240352376	0.820303270255657	0.4439655614930053	0.6612903228824141	0.6370370299259259
0.0946327793178845	0.1213534476553131	0.9094825135590554	0.145161298949011	0.5185185052592592
0.1115817809218277	0.0851808127834587	0.7370687544924613	0.4758064565192505	0.7999999788148148
0.2005649839046892	0.1318552158175688	0.6465515964997279	0.8951612797554636	0.6222222116296297
0.1709038267898736	0.0968494701347538	0.590517322216839	0.3467742121488024	0.8222222151111112
0.9039547573893192	0.7899650754946932	0.2025863643170021	0.4596774212148802	0.8888888888888888
0.7203390448625878	0.8086348369417096	0.8060345210500816	0.3629032474531727	0.3777777618518519
0.887005755785376	0.7502917777231661	0.2844826369426517	0.2419355110978134	0.674074066962963
0.2824858788981456	0.215869363449336	0.6249998766164038	0.0806451959573344	0.6296296119259259
	0.8436405826245242	0.3232757982498639	0.2258064565192505	0.1333333121481481
0.1596044029333826	0.1003499101639406	0.6336207619834875	0.395161298949011	0.7925925784444445
0.2429377583947767	0.2462075582102994	0.6939653147258128	0.4112903343340264	0.5777777654074074
0.5988700307781921	0.7526253308970358	1.0	0.5725806494745055	0.5185185052592592
	0.9743291332904016	0.2758620804548133	0.7258064469224768	0.1629629488148148
0.4717514389463437	0.3722287808248114	0.7629310812834331	0.4919354919042659	0.6074073932592593
0.2203389092693662	0.1551925293532973	0.6508618749591643	0.2016129323126937	0.6296296119259259
0.898305181054296	0.8179697170817869	0.5215515556592186	0.3870967909339221	0.6222222116296297
0.4209038945864845	0.3885647662274713	0.7586204743757856	0.7016129035223725	0.6370370299259259
0.9689266507788324	0.8156359410374309	0.7112067561497007	0.6612903228824141	0.1333333121481481
