X0	X1	X2	X3	X4
0.8548895899053628	0.1538461538461538	0.4090909090909091	0.1752136752136752	0.1938382541720154
0.8359621451104101	0.1538461538461538	0.2159090909090909	0.3461538461538461	0.1373555840821566
0.917981072555205	0.1538461538461538	0.4772727272727273	0.1794871794871795	0.0603337612323491
0.8927444794952681	0.2307692307692307	0.6590909090909091	0.2329059829059829	0.0218228498074454
0.8927444794952681	0.2307692307692307	0.6590909090909091	0.2329059829059829	0.0218228498074454
0.8548895899053628	0.1538461538461538	0.4431818181818182	0.22008547008547	0.0937098844672657
0.8233438485804416	0.2307692307692307	0.375	0.1752136752136752	0.0757381258023106
0.8675078864353313	0.0769230769230769	0.0681818181818181	0.1239316239316239	0.165596919127086
0.8801261829652997	0.2307692307692307	0.3636363636363636	0.2115384615384615	0.0654685494223363
0.8233438485804416	0.2307692307692307	0.4318181818181818	0.2521367521367521	0.0218228498074454
0.8485804416403786	0.2307692307692307	0.3181818181818182	0.1431623931623931	0.10397946084724
0.8927444794952681	0.3076923076923077	0.5	0.4081196581196581	0.1707317073170731
0.8801261829652997	0.2307692307692307	0.5568181818181818	0.1538461538461538	0.0346598202824133
0.8422712933753943	0.1538461538461538	0.5113636363636364	0.1645299145299145	0.1142490372272143
0.8485804416403786	0.0769230769230769	0.5568181818181818	0.2286324786324786	0.0603337612323491
0.917981072555205	0.0769230769230769	0.625	0.1773504273504273	0.1219512195121951
0.8233438485804416	0.1538461538461538	0.6590909090909091	0.1858974358974359	0.2426187419768934
	0.0769230769230769	0.0681818181818181	0.1196581196581196	0.0654685494223363
0.8801261829652997	0.2307692307692307	0.3181818181818182	0.1581196581196581	0.0603337612323491
0.8296529968454258	0.2307692307692307	0.5454545454545454	0.4209401709401709	0.4480102695763799
0.8548895899053628	0.1538461538461538	0.25	0.2521367521367521	0.055198973042362
0.8548895899053628	0.1538461538461538	0.7272727272727273	0.1816239316239316	0.0372272143774069
0.8359621451104101	0.1538461538461538	0.7386363636363636	0.1709401709401709	0.1193838254172015
0.8233438485804416	0.3076923076923077	0.7954545454545454	0.1324786324786324	0.3684210526315789
0.8990536277602523	0.0769230769230769	0.8977272727272727	0.2692307692307692	0.0962772785622593
0.8359621451104101	0.1538461538461538	0.7045454545454546	0.1944444444444444	0.2374839537869063
	0.1538461538461538	0.4886363636363636	0.1987179487179487	0.0474967907573812
0.8548895899053628	0.1538461538461538	0.7272727272727273	0.1816239316239316	0.0372272143774069
0.8422712933753943	0.0769230769230769	0.2272727272727272	0.1602564102564102	0.042362002567394
0.8233438485804416	0.2307692307692307	0.3522727272727273	0.2264957264957265	0.0937098844672657
0.8233438485804416	0.3076923076923077	0.7045454545454546	0.9423076923076924	0.1604621309370988
0.8359621451104101	0.2307692307692307	0.6704545454545454	0.7222222222222222	0.0449293966623876
0.8233438485804416	0.0769230769230769	0.7613636363636364	0.3183760683760683	0.0629011553273427
0.8233438485804416	0.6923076923076923	0.5454545454545454	0.1688034188034188	0.2682926829268293
0.861198738170347	0.0769230769230769	0.1704545454545454	0.1495726495726495	0.0783055198973042
0.7854889589905363	0.3846153846153846	0.4545454545454545	0.1666666666666666	0.1245186136071887
0.8801261829652997	0.2307692307692307	0.3181818181818182	0.1581196581196581	0.0603337612323491
0.8548895899053628	0.3846153846153846	0.7045454545454546	0.3012820512820512	0.134788189987163
0.8990536277602523	0.2307692307692307	0.25	0.8290598290598291	0.0757381258023106
0.861198738170347	0.2307692307692307	0.6363636363636364	0.2329059829059829	0.042362002567394
0.8990536277602523	0.2307692307692307	0.625	0.2371794871794871	0.1193838254172015
0.8296529968454258	0.2307692307692307	0.6931818181818182	0.1388888888888889	0.0474967907573812
0.8801261829652997	0.1538461538461538	0.3636363636363636	0.1388888888888889	0.0937098844672657
0.8990536277602523	0.2307692307692307	0.3181818181818182	0.2329059829059829	0.0937098844672657
0.8485804416403786	0.2307692307692307	0.7159090909090909	0.1987179487179487	0.0783055198973042
0.8485804416403786	0.2307692307692307	0.3181818181818182	0.1431623931623931	0.10397946084724
	0.3846153846153846	0.6477272727272727	0.1645299145299145	0.2426187419768934
0.8296529968454258	0.2307692307692307	0.25	0.22008547008547	0.1450577663671373
0.861198738170347	0.2307692307692307	0.7954545454545454	0.2457264957264957	0.1630295250320924
0.8738170347003155	0.2307692307692307	0.4659090909090909	0.2307692307692307	0.073170731707317
0.8548895899053628	0.3846153846153846	0.8068181818181818	0.5833333333333334	0.2272143774069319
0.8927444794952681	0.0769230769230769	0.5795454545454546	0.2008547008547008	0.0629011553273427
0.8359621451104101	0.2307692307692307	0.1136363636363636	0.1666666666666666	0.0629011553273427
	0.3846153846153846	0.3977272727272727	0.2179487179487179	0.0449293966623876
0.861198738170347	0.0769230769230769	0.6704545454545454	0.1837606837606837	0.1887034659820282
	0.1538461538461538	0.5454545454545454	0.2158119658119658	0.0988446726572528
	0.1538461538461538	0.8295454545454546	0.2158119658119658	0.0757381258023106
0.8359621451104101	0.2307692307692307	0.6022727272727273	0.4102564102564102	0.183568677792041
0.7981072555205048	0.1538461538461538	0.7386363636363636	0.2735042735042735	0.1373555840821566
0.8233438485804416	0.1538461538461538	0.7272727272727273	0.1538461538461538	0.0449293966623876
0.7602523659305994	0.1538461538461538	0.8068181818181818	0.1025641025641025	0.0783055198973042
0.8233438485804416	0.3076923076923077	0.7954545454545454	0.1324786324786324	0.3684210526315789
0.8170347003154574	0.1538461538461538	0.5227272727272727	0.2243589743589743	0.0449293966623876
0.861198738170347	0.3076923076923077	0.8409090909090909	0.3205128205128205	0.1142490372272143
0.917981072555205	0.0769230769230769	0.8068181818181818	0.2243589743589743	0.1193838254172015
0.8675078864353313	0.1538461538461538	0.5	0.1666666666666666	0.1168164313222079
0.861198738170347	0.1538461538461538	0.5909090909090909	0.1901709401709401	0.3709884467265725
0.8422712933753943	0.0769230769230769	0.2272727272727272	0.1602564102564102	0.042362002567394
0.8422712933753943	0.0769230769230769	0.1477272727272727	0.1367521367521367	0.0346598202824133
0.8675078864353313	0.3846153846153846	0.7727272727272727	0.3141025641025641	0.1168164313222079
	0.2307692307692307	0.6590909090909091	0.5277777777777778	0.0603337612323491
0.8233438485804416	0.0769230769230769	0.3181818181818182	0.2478632478632478	0.0346598202824133
0.8359621451104101	0.3076923076923077	0.1363636363636363	0.3632478632478632	0.0346598202824133
	0.0769230769230769	0.0681818181818181	0.1196581196581196	0.0654685494223363
0.7539432176656151	0.3076923076923077	0.6136363636363636	0.329059829059829	0.7894736842105263
0.8927444794952681	0.0769230769230769	0.5795454545454546	0.2008547008547008	0.0629011553273427
0.7728706624605678	0.3846153846153846	0.7954545454545454	0.3824786324786324	0.6148908857509627
0.8548895899053628	0.1538461538461538	0.4431818181818182	0.22008547008547	0.0937098844672657
	0.0769230769230769	0.6818181818181818	0.1666666666666666	0.0757381258023106
0.8233438485804416	0.2307692307692307	0.4659090909090909	0.126068376068376	0.1142490372272143
0.8675078864353313	0.2307692307692307	0.3863636363636363	0.1346153846153846	0.0372272143774069
0.8548895899053628	0.2307692307692307	0.4545454545454545	0.1623931623931624	0.0474967907573812
0.8675078864353313	0.2307692307692307	0.2613636363636363	0.2115384615384615	0.0449293966623876
	0.1538461538461538	0.6704545454545454	0.1666666666666666	0.0680359435173299
0.8233438485804416	0.2307692307692307	0.6704545454545454	0.3226495726495726	0.3761232349165597
0.7854889589905363	0.3846153846153846	0.4545454545454545	0.1666666666666666	0.1245186136071887
0.8990536277602523	0.2307692307692307	0.7159090909090909	0.4123931623931623	0.337612323491656
0.6908517350157729	0.3076923076923077	0.5795454545454546	0.1025641025641025	0.2708600770218228
0.7791798107255521	0.2307692307692307	0.7159090909090909	0.5811965811965812	0.1784338896020539
	0.3846153846153846	0.6477272727272727	0.1645299145299145	0.2426187419768934
0.8548895899053628	0.2307692307692307	0.5227272727272727	0.4102564102564102	0.0577663671373555
	0.1538461538461538	0.4886363636363636	0.1987179487179487	0.0474967907573812
0.7539432176656151	0.1538461538461538	0.6477272727272727	0.3888888888888889	0.0834403080872914
0.8359621451104101	0.2307692307692307	0.6704545454545454	0.7222222222222222	0.0449293966623876
0.8485804416403786	0.0769230769230769	0.6590909090909091	0.2393162393162393	0.1116816431322208
0.8548895899053628	0.1538461538461538	0.4431818181818182	0.22008547008547	0.0937098844672657
0.8422712933753943	0.0769230769230769	0.5113636363636364	0.202991452991453	0.0526315789473684
0.8359621451104101	0.1538461538461538	0.7045454545454546	0.1944444444444444	0.2374839537869063
	0.3846153846153846	0.7159090909090909	0.1452991452991453	0.2477535301668806
	0.1538461538461538	0.6022727272727273	0.1816239316239316	0.0629011553273427
