X0	X1	X2	X3	X4
0.3804347826086957	0.4117647058823529	0.7537688442211056	0.5171385991058123	0.35
0.0978260869565217	0.1176470588235294	0.4974874371859296	0.3040238450074515	0.1
	0.0	0.5979899497487438	0.4828614008941878	0.05
0.3152173913043478	0.0588235294117647	0.6231155778894473	0.4143070044709389	0.15
	0.3529411764705882	0.5376884422110553	0.5484351713859911	0.1666666666666666
0.2282608695652173	0.2941176470588235	0.8442211055276382	0.4903129657228018	0.3333333333333333
0.2717391304347826	0.0	0.9949748743718592	0.6154992548435172	0.1166666666666666
0.0869565217391304	0.2941176470588235	0.5728643216080402	0.3710879284649777	0.6
0.108695652173913	0.4705882352941176	0.628140703517588	0.0	0.55
0.6086956521739131	0.2352941176470588	0.7085427135678392	0.4113263785394933	0.3166666666666666
0.217391304347826	0.0588235294117647	0.4371859296482412	0.5156482861400895	0.0166666666666666
0.2282608695652173	0.1764705882352941	0.3065326633165829	0.5126676602086438	0.4166666666666667
0.2717391304347826	0.8823529411764706	0.6834170854271356	0.5529061102831595	0.3666666666666666
0.2934782608695652	0.1764705882352941	0.4824120603015075	0.3681073025335321	0.3
0.391304347826087	0.0588235294117647	0.4824120603015075	0.3338301043219076	0.1
0.3695652173913043	0.4117647058823529	0.6884422110552764	0.4769001490312966	0.3
0.0760869565217391	0.1176470588235294	0.4773869346733668	0.3889716840536513	0.0166666666666666
0.2282608695652173	0.6470588235294118	0.7788944723618091	0.496274217585693	0.5
0.2826086956521739	0.0	0.5879396984924623	0.503725782414307	0.3833333333333333
	0.2352941176470588	0.6030150753768844	0.4411326378539494	0.2166666666666666
0.358695652173913	0.0	0.5276381909547738	0.4411326378539494	0.4166666666666667
0.0978260869565217	0.0588235294117647	0.9698492462311558	0.3859910581222057	0.05
0.25	0.1764705882352941	0.4221105527638191	0.4754098360655738	0.0666666666666666
0.2065217391304347	0.1176470588235294	0.4422110552763819	0.4232488822652757	0.0166666666666666
0.1304347826086956	0.0588235294117647	0.5376884422110553	0.4217585692995529	0.1333333333333333
0.3478260869565217	0.3529411764705882	0.5577889447236181	0.5096870342771983	0.05
0.3152173913043478	0.0588235294117647	0.4020100502512563	0.2846497764530551	0.0
0.1413043478260869	0.0588235294117647	0.0	0.3681073025335321	0.0166666666666666
0.358695652173913	0.0588235294117647	0.4874371859296482	0.5678092399403876	0.15
0.1304347826086956	0.0	0.507537688442211	0.3263785394932936	0.0666666666666666
0.4021739130434782	0.2352941176470588	0.628140703517588	0.481371087928465	0.1
0.2391304347826087	0.0588235294117647	0.5829145728643216	0.5380029806259315	0.0666666666666666
0.2065217391304347	0.1176470588235294	0.542713567839196	0.4843517138599106	0.0166666666666666
0.2717391304347826	0.1176470588235294	0.6180904522613065	0.6274217585692996	0.0833333333333333
0.4239130434782608	0.0	0.6482412060301508	1.0	0.0833333333333333
0.4021739130434782	0.2352941176470588	0.5477386934673367	0.518628912071535	0.0833333333333333
0.2065217391304347	0.1176470588235294	0.542713567839196	0.4843517138599106	0.0166666666666666
0.217391304347826	0.0	0.4723618090452261	0.6482861400894189	0.0
0.0869565217391304	0.2352941176470588	0.4974874371859296	0.34575260804769	0.0
0.1956521739130435	0.0588235294117647	0.4773869346733668	0.5216095380029807	0.3666666666666666
0.3695652173913043	0.1764705882352941	0.6130653266331658	0.3427719821162444	0.3166666666666666
0.1413043478260869	0.2352941176470588	0.6733668341708543	0.3546944858420268	0.65
0.3260869565217391	0.2941176470588235	0.5175879396984925	0.5842026825633384	0.7333333333333333
0.4456521739130434	0.5882352941176471	0.507537688442211	0.4903129657228018	0.7
0.1847826086956521	0.5294117647058824	0.5628140703517588	0.4202682563338301	0.4833333333333333
0.3152173913043478	0.0	0.4874371859296482	0.5484351713859911	0.0666666666666666
0.1847826086956521	0.0	0.628140703517588	0.3681073025335321	0.0
0.3804347826086957	0.1176470588235294	0.6432160804020101	0.5961251862891208	0.05
0.4239130434782608	0.0588235294117647	0.542713567839196	0.5290611028315947	0.05
0.0326086956521739	0.2352941176470588	0.3819095477386934	0.5067064083457526	0.0666666666666666
0.3152173913043478	0.0588235294117647	0.592964824120603	0.496274217585693	0.0333333333333333
0.358695652173913	0.0	0.5276381909547738	0.4411326378539494	0.4166666666666667
0.4239130434782608	0.0588235294117647	0.542713567839196	0.5290611028315947	0.05
0.25	0.5294117647058824	0.7738693467336684	0.4605067064083458	0.4
0.108695652173913	0.0	0.5125628140703518	0.436661698956781	0.1
0.3804347826086957	0.1764705882352941	0.5577889447236181	0.3368107302533532	0.0
0.1847826086956521	0.0588235294117647	0.4422110552763819	0.4456035767511177	0.0333333333333333
0.25	0.1764705882352941	0.6532663316582915	0.3442622950819672	0.0166666666666666
0.2717391304347826	0.2352941176470588	0.457286432160804	0.4932935916542474	0.0166666666666666
0.2065217391304347	0.4117647058823529	0.8944723618090452	0.5946348733233979	0.3333333333333333
0.2282608695652173	0.2941176470588235	0.7386934673366834	0.4456035767511177	0.1166666666666666
0.217391304347826	0.1764705882352941	0.7537688442211056	0.3129657228017884	0.2666666666666666
0.3260869565217391	0.0	0.5226130653266332	0.5007451564828614	0.0166666666666666
0.2717391304347826	0.0	0.9949748743718592	0.6154992548435172	0.1166666666666666
0.2282608695652173	0.1176470588235294	0.2814070351758794	0.360655737704918	0.0166666666666666
0.3478260869565217	0.3529411764705882	0.5577889447236181	0.5096870342771983	0.05
0.1847826086956521	0.1176470588235294	0.3768844221105528	0.4426229508196722	0.2
0.2934782608695652	0.4705882352941176	0.8844221105527639	0.5022354694485843	0.6166666666666667
0.5108695652173914	0.0588235294117647	0.5276381909547738	0.3621460506706409	0.0
0.2826086956521739	0.1764705882352941	0.6231155778894473	0.4947839046199703	0.0833333333333333
0.2065217391304347	0.4117647058823529	0.4170854271356783	0.436661698956781	0.25
0.2717391304347826	0.3529411764705882	0.4623115577889447	0.4769001490312966	0.4166666666666667
0.4239130434782608	0.0588235294117647	0.7236180904522613	0.6870342771982118	0.4166666666666667
0.217391304347826	0.1176470588235294	0.5326633165829145	0.4321907600596125	0.0166666666666666
0.2717391304347826	0.1176470588235294	0.6180904522613065	0.6274217585692996	0.0833333333333333
0.25	0.0	0.5376884422110553	0.5454545454545455	0.0666666666666666
	0.2352941176470588	0.6432160804020101	0.511177347242921	0.05
0.1956521739130435	0.1764705882352941	0.6432160804020101	0.4828614008941878	0.1
0.2608695652173913	0.5294117647058824	0.8542713567839196	0.6557377049180328	0.3666666666666666
0.2934782608695652	0.1764705882352941	0.4824120603015075	0.3681073025335321	0.3
0.1413043478260869	0.3529411764705882	0.8341708542713567	0.3964232488822653	0.75
0.3695652173913043	0.0	0.6633165829145728	0.4828614008941878	0.0
0.2391304347826087	0.0588235294117647	0.5025125628140703	0.4769001490312966	0.35
0.1739130434782608	0.2352941176470588	0.7336683417085427	0.4649776453055141	0.6666666666666666
0.217391304347826	0.2941176470588235	0.4974874371859296	0.4321907600596125	0.1833333333333333
0.108695652173913	0.0	0.507537688442211	0.3129657228017884	0.0
0.0	0.7058823529411765	0.4623115577889447	0.4113263785394933	0.3833333333333333
0.108695652173913	0.4705882352941176	0.628140703517588	0.0	0.55
0.0869565217391304	0.2941176470588235	0.6432160804020101	0.5156482861400895	0.4
0.1413043478260869	0.3529411764705882	0.542713567839196	0.3576751117734724	0.2333333333333333
0.3260869565217391	0.5294117647058824	0.5125628140703518	0.4903129657228018	0.4166666666666667
0.1956521739130435	0.1764705882352941	0.6432160804020101	0.4828614008941878	0.1
0.2391304347826087	0.5882352941176471	0.5778894472361809	0.3576751117734724	0.2166666666666666
0.3695652173913043	0.7647058823529411	0.7939698492462312	0.6304023845007451	0.3833333333333333
0.2826086956521739	0.6470588235294118	0.7185929648241206	0.5454545454545455	0.5
0.0869565217391304	0.1176470588235294	0.4974874371859296	0.3666169895678093	0.0
0.1195652173913043	0.0588235294117647	0.4070351758793969	0.3964232488822653	0.05
0.2717391304347826	0.5882352941176471	0.5778894472361809	0.0	0.15
0.3260869565217391	0.1764705882352941	0.5829145728643216	0.3502235469448584	0.0333333333333333
	0.1764705882352941	0.5326633165829145	0.3845007451564829	0.1
