X0	X1	X2	X3	X4
0.8233438485804416	0.0769230769230769	0.3977272727272727	0.1901709401709401	0.0860077021822849
0.8359621451104101	0.0769230769230769	0.7045454545454546	0.4636752136752137	0.1450577663671373
0.7981072555205048	0.3076923076923077	0.6136363636363636	0.2286324786324786	0.2708600770218228
0.8738170347003155	0.2307692307692307	0.4659090909090909	0.2307692307692307	0.073170731707317
	0.0769230769230769	0.7613636363636364	0.3183760683760683	0.0629011553273427
	0.1538461538461538	0.7045454545454546	0.1816239316239316	0.0346598202824133
0.8548895899053628	0.1538461538461538	0.4090909090909091	0.1752136752136752	0.1938382541720154
	0.3076923076923077	0.6022727272727273	0.2585470085470085	0.2220795892169448
	0.0	0.0568181818181818	0.1816239316239316	0.042362002567394
0.861198738170347	0.3076923076923077	0.8409090909090909	0.3205128205128205	0.1142490372272143
0.8359621451104101	0.3076923076923077	0.0	0.1367521367521367	0.1245186136071887
0.7728706624605678	0.3076923076923077	0.5454545454545454	0.1431623931623931	0.2991014120667522
0.8990536277602523	0.1538461538461538	0.6477272727272727	0.2307692307692307	0.0962772785622593
0.7728706624605678	0.3076923076923077	0.5454545454545454	0.1431623931623931	0.2991014120667522
0.7791798107255521	0.2307692307692307	0.7159090909090909	0.5811965811965812	0.1784338896020539
0.8675078864353313	0.2307692307692307	0.2613636363636363	0.2115384615384615	0.0449293966623876
0.8927444794952681	0.2307692307692307	0.6136363636363636	0.3055555555555556	0.1373555840821566
0.8548895899053628	0.2307692307692307	0.3863636363636363	0.173076923076923	0.0526315789473684
0.804416403785489	0.3846153846153846	0.7045454545454546	0.2286324786324786	0.2708600770218228
0.8233438485804416	0.2307692307692307	0.4318181818181818	0.2521367521367521	0.0218228498074454
0.7602523659305994	0.1538461538461538	0.6022727272727273	0.1752136752136752	0.0372272143774069
0.7981072555205048	0.1538461538461538	0.5	0.2735042735042735	0.2811296534017972
0.804416403785489	0.1538461538461538	0.8863636363636364	0.2307692307692307	0.1219512195121951
0.8675078864353313	0.2307692307692307	0.2613636363636363	0.2115384615384615	0.0449293966623876
0.6971608832807571	0.1538461538461538	0.9204545454545454	0.1709401709401709	0.1501925545571245
0.7917981072555205	0.2307692307692307	0.6818181818181818	0.6132478632478633	0.2862644415917843
0.8296529968454258	0.3076923076923077	0.7840909090909091	0.6004273504273504	0.073170731707317
0.8485804416403786	0.1538461538461538	0.5454545454545454	0.4444444444444444	0.1245186136071887
0.8422712933753943	0.1538461538461538	0.7272727272727273	0.4829059829059829	0.073170731707317
0.8296529968454258	0.1538461538461538	0.6818181818181818	0.2136752136752136	0.10397946084724
0.861198738170347	0.0769230769230769	0.1704545454545454	0.1495726495726495	0.0783055198973042
0.8485804416403786	0.2307692307692307	0.3181818181818182	0.1431623931623931	0.10397946084724
0.886435331230284	0.0769230769230769	0.2386363636363636	0.1559829059829059	0.0577663671373555
0.8233438485804416	0.0769230769230769	0.8295454545454546	0.188034188034188	0.1245186136071887
0.8233438485804416	0.2307692307692307	0.4431818181818182	0.4017094017094017	0.4197689345314506
0.8233438485804416	0.2307692307692307	0.3522727272727273	0.2264957264957265	0.0937098844672657
0.8359621451104101	0.2307692307692307	0.1136363636363636	0.1666666666666666	0.0629011553273427
0.917981072555205	0.1538461538461538	0.3636363636363636	0.1965811965811965	0.0808729139922978
	0.2307692307692307	0.625	0.2094017094017094	0.1193838254172015
0.8296529968454258	0.1538461538461538	0.2613636363636363	0.141025641025641	0.10397946084724
	0.3076923076923077	0.7272727272727273	0.2799145299145299	0.1912708600770218
0.8675078864353313	0.2307692307692307	0.6022727272727273	0.2649572649572649	0.0860077021822849
0.804416403785489	0.1538461538461538	0.8863636363636364	0.2307692307692307	0.1219512195121951
0.8485804416403786	0.1538461538461538	0.5454545454545454	0.4444444444444444	0.1245186136071887
0.8233438485804416	0.2307692307692307	0.6704545454545454	0.3226495726495726	0.3761232349165597
0.8548895899053628	0.2307692307692307	0.4545454545454545	0.1623931623931624	0.0474967907573812
0.8422712933753943	0.1538461538461538	0.5113636363636364	0.1645299145299145	0.1142490372272143
0.7602523659305994	0.1538461538461538	0.6022727272727273	0.1752136752136752	0.0372272143774069
0.886435331230284	0.2307692307692307	0.6590909090909091	0.3012820512820512	0.0808729139922978
0.917981072555205	0.0769230769230769	0.625	0.1773504273504273	0.1219512195121951
0.8359621451104101	0.0769230769230769	0.2045454545454545	0.5277777777777778	0.1784338896020539
0.804416403785489	0.2307692307692307	0.7613636363636364	0.2307692307692307	0.2605905006418485
0.8548895899053628	0.2307692307692307	0.6704545454545454	0.2329059829059829	0.055198973042362
0.8107255520504731	0.1538461538461538	0.8409090909090909	0.1495726495726495	0.0706033376123234
0.8107255520504731	0.1538461538461538	0.8409090909090909	0.1495726495726495	0.0706033376123234
0.8548895899053628	0.1538461538461538	0.7272727272727273	0.1816239316239316	0.0372272143774069
0.7791798107255521	0.1538461538461538	0.7727272727272727	0.3183760683760683	0.3889602053915276
0.6719242902208202	0.1538461538461538	0.5227272727272727	0.202991452991453	0.1399229781771502
0.8359621451104101	0.3076923076923077	0.3636363636363636	0.1752136752136752	0.1245186136071887
0.886435331230284	0.1538461538461538	0.5909090909090909	0.4230769230769231	0.1707317073170731
0.8548895899053628	0.2307692307692307	0.5113636363636364	0.1559829059829059	0.0860077021822849
0.8548895899053628	0.2307692307692307	0.4545454545454545	0.1623931623931624	0.0474967907573812
	0.0769230769230769	0.6818181818181818	0.1666666666666666	0.0757381258023106
	0.1538461538461538	0.4886363636363636	0.1944444444444444	0.2349165596919127
0.8927444794952681	0.0769230769230769	0.3522727272727273	0.1239316239316239	0.0603337612323491
0.8422712933753943	0.2307692307692307	0.3068181818181818	0.1025641025641025	0.0372272143774069
	0.1538461538461538	0.5454545454545454	0.2158119658119658	0.0988446726572528
0.8548895899053628	0.2307692307692307	0.4545454545454545	0.1623931623931624	0.0474967907573812
0.8359621451104101	0.2307692307692307	0.6022727272727273	0.4102564102564102	0.183568677792041
	0.3076923076923077	0.6022727272727273	0.2585470085470085	0.2220795892169448
0.7728706624605678	0.0769230769230769	0.2840909090909091	0.1153846153846153	0.1091142490372272
0.8675078864353313	0.3076923076923077	0.6590909090909091	0.1111111111111111	0.0603337612323491
0.7917981072555205	0.1538461538461538	0.7613636363636364	0.5170940170940171	0.2195121951219512
0.8422712933753943	0.1538461538461538	0.75	0.3974358974358974	0.1810012836970475
0.8170347003154574	0.1538461538461538	0.6022727272727273	0.188034188034188	0.2913992297817715
0.8233438485804416	0.0769230769230769	0.0454545454545454	0.1538461538461538	0.1681643132220796
0.8359621451104101	0.2307692307692307	0.6022727272727273	0.4102564102564102	0.183568677792041
0.8233438485804416	0.0	0.0681818181818181	0.5512820512820513	0.1142490372272143
	0.1538461538461538	0.4886363636363636	0.1944444444444444	0.2349165596919127
0.7917981072555205	0.0769230769230769	0.7159090909090909	0.3632478632478632	0.0397946084724005
0.8107255520504731	0.0769230769230769	0.5909090909090909	0.7051282051282052	0.3478818998716303
0.8296529968454258	0.3076923076923077	0.6590909090909091	0.1773504273504273	0.1322207958921694
0.8485804416403786	0.2307692307692307	0.7159090909090909	0.1987179487179487	0.0783055198973042
0.886435331230284	0.1538461538461538	0.1704545454545454	0.0	0.0
0.7981072555205048	0.1538461538461538	0.7272727272727273	0.908119658119658	0.1014120667522464
0.7981072555205048	0.1538461538461538	0.7272727272727273	0.908119658119658	0.1014120667522464
0.7981072555205048	0.1538461538461538	0.7386363636363636	0.2735042735042735	0.1373555840821566
0.8675078864353313	0.2307692307692307	0.3863636363636363	0.1346153846153846	0.0372272143774069
0.8548895899053628	0.0769230769230769	0.7840909090909091	0.2072649572649572	0.0654685494223363
	0.2307692307692307	0.1022727272727272	0.1517094017094017	0.0397946084724005
0.8359621451104101	0.1538461538461538	0.6704545454545454	0.2094017094017094	0.0706033376123234
0.8296529968454258	0.3846153846153846	0.5909090909090909	0.2991452991452991	0.165596919127086
0.917981072555205	0.0769230769230769	0.8068181818181818	0.2243589743589743	0.1193838254172015
0.8233438485804416	0.3076923076923077	0.375	0.1645299145299145	0.073170731707317
0.8107255520504731	0.1538461538461538	0.4204545454545454	0.2115384615384615	0.0474967907573812
0.8548895899053628	0.3076923076923077	0.6136363636363636	0.4700854700854701	0.3350449293966623
0.8927444794952681	0.2307692307692307	0.875	0.1901709401709401	0.1091142490372272
0.8675078864353313	0.1538461538461538	0.5227272727272727	0.2179487179487179	0.0577663671373555
0.8233438485804416	0.2307692307692307	0.6022727272727273	0.2051282051282051	0.042362002567394
0.7602523659305994	0.3076923076923077	0.2159090909090909	0.1816239316239316	0.0988446726572528
