X0	X1	X2	X3	X4
0.46	0.2957746478873239	0.1688311688311688	0.1719242902208202	0.4418604651162789
0.35	0.5915492957746479	0.1428571428571428	0.0883280757097791	0.3255813953488371
0.67	0.4929577464788732	0.1558441558441558	0.0410094637223974	0.511627906976744
0.63	0.6197183098591549	0.0909090909090909	0.0094637223974763	0.2093023255813953
0.21	0.323943661971831	0.2857142857142857	0.0788643533123028	0.1627906976744185
1.0	0.3380281690140845	0.0909090909090909	0.0094637223974763	0.4418604651162789
0.31	0.5774647887323944	0.5844155844155844	0.2255520504731861	0.1395348837209302
0.41	0.6056338028169014	0.0779220779220779	0.1624605678233438	0.3023255813953487
0.42	0.4225352112676056	0.0649350649350649	0.0709779179810725	0.4418604651162789
0.29	0.4929577464788732	0.0259740259740259	0.085173501577287	0.3953488372093022
0.74	0.5352112676056338	0.1168831168831168	0.0804416403785489	0.2093023255813953
0.29	0.7605633802816901	0.0649350649350649	0.0094637223974763	0.4651162790697672
0.74	0.4084507042253521	0.1818181818181818	0.0725552050473186	0.1395348837209302
1.0	0.6901408450704225	0.0519480519480519	0.0063091482649842	0.5348837209302325
0.54	0.352112676056338	0.0909090909090909	0.3706624605678233	0.3720930232558139
0.6	0.0	0.0519480519480519	0.0173501577287066	0.4883720930232557
0.29	0.2253521126760563	0.0649350649350649	0.0	0.6279069767441858
0.84	0.4366197183098591	0.0389610389610389	0.0063091482649842	0.5348837209302325
0.85	0.4507042253521127	0.1298701298701298	0.0252365930599369	0.5348837209302325
	0.7746478873239436	0.0909090909090909	0.0725552050473186	0.1162790697674418
0.46	0.4366197183098591	0.2207792207792207	0.1182965299684542	0.1860465116279069
0.84	0.4366197183098591	0.0389610389610389	0.0063091482649842	0.5348837209302325
0.62	0.4366197183098591	0.0519480519480519	0.0220820189274447	0.4883720930232557
0.75	0.5211267605633803	0.1688311688311688	0.085173501577287	0.3720930232558139
0.54	0.6056338028169014	0.1558441558441558	0.1356466876971608	0.7441860465116277
0.73	0.2816901408450704	0.0649350649350649	0.0378548895899053	0.4883720930232557
0.73	0.8309859154929577	0.1168831168831168	0.0615141955835962	0.511627906976744
0.78	0.323943661971831	0.2467532467532467	0.2050473186119873	0.6511627906976744
0.64	0.2112676056338028	0.0779220779220779	0.0094637223974763	0.4883720930232557
0.74	0.4788732394366197	0.0519480519480519	0.0615141955835962	0.6744186046511627
1.0	0.4507042253521127	0.0519480519480519	0.0536277602523659	0.5348837209302325
0.52	0.6197183098591549	0.0909090909090909	0.0694006309148265	0.5813953488372091
0.38	0.7323943661971831	0.1558441558441558	0.2255520504731861	0.3488372093023255
0.31	0.5774647887323944	0.5844155844155844	0.2255520504731861	0.1395348837209302
0.54	0.3380281690140845	0.1168831168831168	0.250788643533123	0.4883720930232557
0.56	0.352112676056338	0.0909090909090909	0.0488958990536277	0.4651162790697672
1.0	0.6338028169014085	0.1558441558441558	0.0867507886435331	0.1860465116279069
0.74	0.8732394366197183	0.3766233766233766	0.1924290220820189	0.5348837209302325
	0.5633802816901409	0.0909090909090909	0.0725552050473186	0.4186046511627906
0.38	0.7323943661971831	0.1558441558441558	0.2255520504731861	0.3488372093023255
1.0	0.2816901408450704	0.0649350649350649	0.0504731861198738	0.3953488372093022
0.52	0.6197183098591549	0.0909090909090909	0.0694006309148265	0.5813953488372091
0.85	0.4507042253521127	0.1298701298701298	0.0252365930599369	0.5348837209302325
0.73	0.2816901408450704	0.0649350649350649	0.0378548895899053	0.4883720930232557
	0.7746478873239436	0.0909090909090909	0.0725552050473186	0.1162790697674418
0.38	0.3380281690140845	1.0	0.1372239747634069	0.0232558139534883
0.74	0.4788732394366197	0.0519480519480519	0.0615141955835962	0.6744186046511627
0.73	0.704225352112676	0.4935064935064934	0.0536277602523659	0.1162790697674418
0.46	0.2957746478873239	0.1688311688311688	0.1719242902208202	0.4418604651162789
0.29	0.7605633802816901	0.0649350649350649	0.0094637223974763	0.4651162790697672
0.73	0.8309859154929577	0.1168831168831168	0.0615141955835962	0.511627906976744
	0.6197183098591549	0.0649350649350649	0.029968454258675	0.5581395348837208
	0.7605633802816901	0.2467532467532467	0.0078864353312302	0.4651162790697672
1.0	0.7605633802816901	0.1298701298701298	0.0173501577287066	0.3953488372093022
0.23	0.2535211267605634	0.0389610389610389	0.0315457413249211	1.0
0.7	0.5211267605633803	0.0389610389610389	0.2066246056782334	0.5348837209302325
0.74	0.8028169014084507	0.0909090909090909	0.0378548895899053	0.511627906976744
0.38	0.7323943661971831	0.1558441558441558	0.2255520504731861	0.3488372093023255
1.0	0.6338028169014085	0.1558441558441558	0.0867507886435331	0.1860465116279069
0.74	0.323943661971831	0.0519480519480519	0.1009463722397476	0.4883720930232557
0.74	0.4788732394366197	0.0519480519480519	0.0615141955835962	0.6744186046511627
1.0	0.4507042253521127	0.0779220779220779	0.0725552050473186	0.4418604651162789
0.74	0.8732394366197183	0.3766233766233766	0.1924290220820189	0.5348837209302325
0.67	0.4647887323943662	0.0389610389610389	0.0867507886435331	0.4883720930232557
0.74	0.6056338028169014	0.0779220779220779	0.0441640378548895	0.3255813953488371
0.29	0.5352112676056338	0.2597402597402597	1.0	0.4418604651162789
0.31	0.5352112676056338	0.0909090909090909	0.0962145110410094	0.4418604651162789
	0.7605633802816901	0.2467532467532467	0.0078864353312302	0.4651162790697672
0.29	0.2253521126760563	0.0649350649350649	0.0	0.6279069767441858
0.72	0.6056338028169014	0.0909090909090909	0.0962145110410094	0.4418604651162789
0.41	0.5211267605633803	0.0779220779220779	0.0646687697160883	0.5348837209302325
1.0	0.4507042253521127	0.0519480519480519	0.0536277602523659	0.5348837209302325
0.0	0.6619718309859155	0.0909090909090909	0.0252365930599369	0.5581395348837208
0.43	0.6619718309859155	0.4675324675324675	0.0220820189274447	0.3255813953488371
0.46	0.5633802816901409	0.1818181818181818	0.0094637223974763	0.0
	0.5211267605633803	0.0779220779220779	0.2018927444794952	0.511627906976744
0.5	0.5492957746478874	0.948051948051948	0.3596214511041009	0.2790697674418603
	0.8450704225352113	0.1558441558441558	0.0867507886435331	0.1860465116279069
0.7	0.5211267605633803	0.0389610389610389	0.2066246056782334	0.5348837209302325
1.0	0.4084507042253521	0.1038961038961039	0.0962145110410094	0.2790697674418603
0.52	0.1830985915492957	0.0779220779220779	0.2176656151419558	0.4418604651162789
0.5	0.9154929577464788	0.0909090909090909	0.0599369085173501	0.3023255813953487
0.42	0.4225352112676056	0.0649350649350649	0.0709779179810725	0.4418604651162789
0.77	0.4366197183098591	0.0519480519480519	0.0804416403785489	0.4883720930232557
0.29	0.4929577464788732	0.0259740259740259	0.085173501577287	0.3953488372093022
0.9	0.2253521126760563	0.1298701298701298	0.2145110410094637	0.4651162790697672
0.6	0.2676056338028169	0.0259740259740259	0.0236593059936908	0.3953488372093022
0.64	0.4366197183098591	0.1168831168831168	0.0031545741324921	0.1627906976744185
0.52	0.6197183098591549	0.0909090909090909	0.0694006309148265	0.5813953488372091
0.46	0.2957746478873239	0.1688311688311688	0.1719242902208202	0.4418604651162789
0.35	0.5915492957746479	0.1428571428571428	0.0883280757097791	0.3255813953488371
1.0	0.1830985915492957	0.2597402597402597	0.085173501577287	0.4186046511627906
0.7	0.2535211267605634	0.0129870129870129	0.0063091482649842	0.511627906976744
0.42	0.5070422535211268	0.1168831168831168	0.0078864353312302	0.2325581395348837
0.23	0.1830985915492957	0.0909090909090909	0.1640378548895899	0.1860465116279069
0.52	0.2957746478873239	0.0519480519480519	0.0268138801261829	0.6511627906976744
0.73	0.2816901408450704	0.0649350649350649	0.0378548895899053	0.4883720930232557
0.35	0.8873239436619719	0.1818181818181818	0.8107255520504731	0.1627906976744185
	0.5211267605633803	0.3506493506493506	0.0804416403785489	0.3255813953488371
0.36	0.7183098591549296	0.1428571428571428	0.0646687697160883	0.1395348837209302
