X0	X1	X2	X3	X4
0.7483650767443609	0.3	0.1820699986462423	0.0	0.0
0.6168874119813166	0.1	0.2502264940799134	0.0	1.0
0.7364103256745809	0.1666666666666666	0.0	0.0	1.0
0.5963907489622889	0.4333333333333333	0.1897760020410501	0.0	0.0
0.444112609296894	0.2	0.2627227275093982	0.0	0.0
0.7570768161227694	0.4333333333333333	0.2070624446781701	0.0	0.0
0.7966348111752252	0.2666666666666666	0.3337950150475378	0.0	1.0
0.4864308358213858	0.0333333333333333	0.5334742713138739	1.0	1.0
0.5748437729885747	0.0666666666666666	0.2397609138905955	0.0	0.0
0.5409883573293517	0.6	0.2186527028293536	0.3333333333333333	0.0
	0.8333333333333334	0.2981286944568828	0.0	0.0
0.5958271229215674	0.6333333333333333	0.0898582761457476	0.0	1.0
0.784879510141457	0.1333333333333333	0.2169032188193149	0.0	1.0
0.8235772548294046	0.5666666666666667	0.2293994522487998	0.0	1.0
0.6993845325008358	0.0666666666666666	0.1442168480354893	0.0	0.0
0.8597470267304013	0.3666666666666666	0.0726759801726561	0.0	0.0
0.4913854918029771	0.0333333333333333	0.1877453685865728	0.0	0.0
0.5240660733573326	0.2333333333333333	0.1539014256110133	0.3333333333333333	0.0
0.532357748240385	0.3	0.1966697601766133	0.0	0.0
	0.5666666666666667	0.1411969269699778	0.0	0.0
0.5183706625590996	0.2333333333333333	0.1044371908485978	0.0	0.0
0.7231355480043826	0.0	0.0888169198887836	0.0	0.0
0.4070242900445397	0.2666666666666666	0.3882056462110405	0.0	1.0
0.4065496266470558	0.6666666666666666	0.2554332545376917	0.0	0.0
0.5939915074527408	0.1666666666666666	0.0750294098657697	0.0	0.0
0.5633253959160022	0.3	0.2241926917910214	0.0	0.0
0.65791159332113	0.6	0.2325235001926501	0.0	1.0
0.650595549045915	0.4333333333333333	0.1447583615366191	0.0	0.0
0.4864308358213858	0.5666666666666667	0.2981286944568828	0.0	1.0
0.7483892375645453	0.9333333333333332	0.1669183267554592	0.0	0.0
0.3516913465462297	0.4333333333333333	0.1364587759947516	0.3333333333333333	0.0
0.4816293943345114	0.2	0.0556498568140874	0.3333333333333333	0.0
	0.4	0.1667100511303877	0.3333333333333333	0.0
0.6865307865173824	0.8	0.2085724104176863	0.0	1.0
0.6203520811815695	0.1333333333333333	0.1371356600610232	0.0	0.0
0.8047374285885617	0.8	0.1900363358985306	0.0	1.0
0.5963907489622889	0.4333333333333333	0.1897760020410501	0.0	0.0
0.6099945234209946	0.0333333333333333	0.1044371908485978	0.0	1.0
0.5326114937459319	0.1333333333333333	0.163794268398088	0.0	0.0
0.5827221157869189	0.0333333333333333	0.098876376927803	0.0	1.0
0.6298258346226374	0.5	0.1440085828239386	0.0	1.0
0.6554219099344551	0.1	0.2533505618094534	0.0	0.0
0.6865307865173824	0.6	0.3205177602599215	0.0	0.0
0.8347412795274524	0.7333333333333333	0.1742077195430547	0.0	1.0
0.4864308358213858	0.1	0.1782690666361203	0.6666666666666666	0.0
0.717589274325404	0.5666666666666667	0.2679294681814869	0.0	0.0
0.8047374285885617	0.8	0.1900363358985306	0.0	1.0
0.6865307865173824	0.0666666666666666	0.2293994522487998	0.0	1.0
0.5547685019824957	0.2666666666666666	0.1044372012621187	0.0	0.0
0.8308906819985088	0.0666666666666666	0.1856625769298857	0.0	1.0
0.4113294106326345	0.1	0.3151547834508325	0.3333333333333333	0.0
0.6632723558988188	0.4	0.1679596830124233	0.0	0.0
0.6511096017868235	0.9666666666666668	0.1718751606285601	0.0	0.0
0.5665488741342263	0.7	0.2781347332576617	0.0	0.0
0.5536215647116087	0.6333333333333333	0.1907652990242531	0.0	0.0
0.6163875257495743	0.5333333333333333	0.2019598225536036	0.0	0.0
0.7147586464918887	0.7666666666666667	0.1825386081287944	0.0	0.0
0.7033992491332921	0.3333333333333333	0.1981588895021295	0.0	0.0
0.4176074120086255	0.1	0.245019733622135	0.3333333333333333	0.0
0.5490356741526901	0.3	0.0502868997906882	0.0	0.0
0.5748437729885747	0.8666666666666667	0.230961476220725	0.0	0.0
	0.7666666666666667	0.2106551229316144	0.0	1.0
0.7139511744339532	0.9333333333333332	0.1617115662976809	0.0	0.0
0.5502411739139456	0.1333333333333333	0.1283883014506034	0.0	1.0
0.6178829363885051	0.3666666666666666	0.5313915587999459	0.0	1.0
0.6503471705043493	0.5666666666666667	0.4793239542221621	0.0	1.0
0.565231426710845	0.1666666666666666	0.1878495058784325	0.3333333333333333	1.0
0.6422364931627723	0.5	0.3095835716294036	0.0	0.0
0.6439754463863245	0.6	0.6146997261243999	0.0	0.0
0.6469764705851117	0.3666666666666666	0.1627529225546449	0.0	0.0
0.6359580935315037	0.2666666666666666	0.9479323954222162	0.3333333333333333	1.0
0.677422081449728	0.5333333333333333	0.4584969123910486	0.0	1.0
0.6163875257495743	0.5333333333333333	0.2019598225536036	0.0	0.0
0.7139511744339532	0.5333333333333333	0.2012621218590218	0.0	1.0
0.8379641129514172	0.0	0.185662636286955	0.0	1.0
0.717589274325404	0.1	0.1565048058399025	0.3333333333333333	0.0
0.8180636380832027	0.1666666666666666	0.3887263139260016	0.0	1.0
0.6064353539326893	0.0666666666666666	0.1929521290443512	0.0	0.0
0.8235772548294046	0.5666666666666667	0.2293994522487998	0.0	1.0
0.5287489106295813	0.2666666666666666	0.0791739984796259	0.0	0.0
0.6841251160297787	1.0	0.1460912849243457	0.0	0.0
0.5760712147191813	0.7333333333333333	0.7087859261264826	0.0	0.0
0.8130664825741127	0.7333333333333333	0.1929521290443512	0.0	0.0
0.4318732194907346	0.2666666666666666	0.3449895187911985	0.0	0.0
0.6524594027103889	0.5333333333333333	0.0848597808995199	0.0	0.0
0.6767024341628081	0.1666666666666666	0.1256807735163336	0.3333333333333333	0.0
0.7916532634801162	0.5333333333333333	0.190869416530423	0.0	0.0
0.5748437729885747	0.8666666666666667	0.230961476220725	0.0	0.0
0.6674723750226579	0.5666666666666667	0.2057607545637255	0.3333333333333333	1.0
0.4070242900445397	0.2666666666666666	0.3882056462110405	0.0	1.0
0.4070242900445397	0.2666666666666666	0.3882056462110405	0.0	1.0
0.5315458195162458	0.5333333333333333	0.0814233200387383	0.0	1.0
0.5225231755176626	0.6	0.2206000145789293	0.0	1.0
0.6829619261506514	0.0666666666666666	0.1167251496943631	0.0	1.0
0.4786890945833148	0.7333333333333333	0.0992304408043403	0.0	0.0
0.360999653366192	0.6666666666666666	0.1261493923710546	0.0	0.0
0.5845501075118569	0.5	0.1338553957658624	0.0	0.0
0.9079256175962684	0.3333333333333333	0.3535286028178988	0.3333333333333333	0.0
0.588174268468586	0.3666666666666666	0.3742515261014902	0.0	0.0
0.6865307865173824	0.8	0.2085724104176863	0.0	1.0
