X0	X1	X2	X3	X4
0.27391582815163185	0.7102248130099267	0.9658484558233694	0.9880978535360584	0.030813445593192434
0.6013272964608453	0.2601550182553378	0.22961251940117167	0.7785024118979351	0.2101956809577169
0.03298365700868677	0.5330003848968319	0.6109152961393909	0.5831627194073441	0.2561884728993373
0.26638337172084237	0.6105447403050461	0.369813235992577	0.28499829378469876	0.7332665424594474
	0.24254077070649493	0.10228671747230056	0.10170868693070523	0.3707321075594835
	0.3147393635423579	0.226481352677237	0.6051445510602155	0.19725105321693082
	0.49372760162256957	0.061772707544558325	0.771979233589159	0.8415671836050137
	0.5785656481856319	0.44462659849731756	0.28597680983457197	0.8931013815758518
	0.7537776011023656	0.4586951735494793	0.01169087264020452	0.055820499464360296
0.21749624895213826	0.6868326644033689	0.04972607686095698	0.14946390547057842	0.1044615922526787
0.4106188464647462	0.09614102173205252	0.09972133321245191	0.9080101487965622	0.2310118006826244
0.9289266688984646	0.06281052642600737	0.29135442698967107	0.28053982479669315	0.6549318984468245
0.38378068725948034	0.4167876933820054	0.10917256504779871	0.6290037421537159	0.2889492718456299
0.004492105963888826	0.7483141451473149	0.35446775196142144	0.5678660057369599	0.2592386504176317
0.7309708946835507	0.632135398216171	0.6866557766774957	0.268649610341297	0.2893938156482795
0.7914469176814757	0.1133473700790445	0.8102394157940479	0.06622957884123837	0.40631966373157746
0.6304174013953124	0.2614558001488613	0.5489236444412265	0.7345092165739256	0.9522178578391369
0.5593944089537773	0.1083452682853594	0.17557894854124767	0.7312386764196911	0.6839776053095628
	0.7984622351524259	0.507907876499689	0.005990104291470177	0.44496288155724517
	0.9242754145499507	0.07207898307239147	0.6738624982279358	0.4940587788323286
	0.5879038213242993	0.25983195890614796	0.8974635115339396	0.8549661386662866
	0.9499334123125892	0.31418826608470707	0.4204184306887697	0.9309658675976629
	0.47821063775698247	0.03421075476973545	0.16700644210611992	0.9943123103584921
0.9789865080594423	0.21315120149742584	0.3974522656349304	0.96637895439657	0.2779644356969637
0.5666631432631175	0.82523674838857	0.6627945160262003	0.4193873991383483	0.36899278764532895
0.5956456226261668	0.6786621485622385	0.9068235408400237	0.4418571464514779	0.10872485655484943
0.8381548721001517	0.9041139008683272	0.15678329340313157	0.641736114848489	0.404556829823402
0.5183589913816683	0.3943838268780837	0.36161336717984116	0.4576259985633713	0.022796924999009205
0.8107908827256392	0.14652362363153237	0.8954278283953565	0.4449997193549533	0.7349272226081195
0.7601981302034772	0.8930086282396609	0.015675102779638683	0.2230153985706197	0.21531724986840783
0.2148823797693381	0.4071217798736513	0.7399742208912141	0.8146823291016935	0.8095610357858987
0.4748733533406072	0.23094655164338318	0.3438493589116566	0.7059388263260644	0.7605634225279612
0.9662009929793481	0.14890095079116206	0.8761407852332486	0.9884490863244187	0.6320598985012045
0.4902484319383472	0.755310401104908	0.5500302273179201	0.21483097107334892	0.4466409225182003
0.3438482465135828	0.5639191180819201	0.6167727626740724	0.2227982428264923	0.7971978394696099
0.9196781253900683	0.13169070509101521	0.9837950502696199	0.11123197303878829	0.16680082627879178
0.5337529684728106	0.9153748855740351	0.29501316382182863	0.9849819054442185	0.9701324189244095
0.9229984069283242	0.5809459559189944	0.6514382888974183	0.09920466006950923	0.003762174617579994
0.08191467091067595	0.9775366311350354	0.11957768952938252	0.49096598514993617	0.6499212955721753
0.3577829323809275	0.4587773901252732	0.0033837215037811896	0.9365040487092425	0.24485558338155555
0.21316801544658226	0.9658417236253383	0.1289277121073138	0.10541643089855046	0.5698649013317307
0.8354987491707261	0.14445400750870763	0.5096388088811497	0.515519544814843	0.8204439068935762
0.786540779430781	0.2441672869435908	0.32850358526971535	0.8296564212719132	0.7556570554468464
0.7544488759334695	0.9214241822252172	0.40550845279870107	0.12215436563774229	0.2657120507938179
0.6290267497761333	0.7908283168825758	0.05677366807746809	0.9517940245559827	0.4831598390139109
0.9518106732828775	0.8596232084999701	0.7681537331255397	0.04512041859140803	0.5371363956716934
0.47492459359784167	0.9910212325265457	0.518871501758815	0.5099392438564214	0.9280246776238162
0.43174622194319057	0.03956900940685759	0.40944015034794723	0.09900939454098223	0.6338051817182092
0.42229839891158083	0.7176065140028278	0.23394858286867604	0.7926650002880453	0.7064533772425278
0.6255272495143187	0.042312356477044455	0.13281153076059582	0.5734947098925871	0.28147268528817393
0.9434685953697092	0.8418356460795767	0.5868134783651231	0.9290782990041543	0.03689587929803351
0.8411853994427815	0.08282971165039077	0.3639564412397649	0.05953300175296938	0.9028624080817003
0.546208789001855	0.18890379271957525	0.08911651542751498	0.6953938725530779	0.42441443460064376
0.19894904484235765	0.8733446631423305	0.10338425630800474	0.9553116350270904	0.3188882936580111
0.30594794316344176	0.21150140194814948	0.6655956065940036	0.20042419047753735	0.7867210991392062
0.25089700419528715	0.7424572518366446	0.2597710823863243	0.27977548069315283	0.8004384424194644
0.9779973370652144	0.18781260962846325	0.7018661443901545	0.2106571442780779	0.16945644015223105
0.3180843373951474	0.30095849312266043	0.2899871381625436	0.6219414337048065	0.7611289255743701
0.17775858197717798	0.0009607655409156202	0.9678459327739054	0.9194859656527944	0.901507208862925
0.45925813860937903	0.6216261984845611	0.885755906141754	0.8865174270665039	0.960088619510516
0.18958333530045135	0.5454583261774402	0.3631165493487025	0.8972177459631808	0.6706735477911528
0.9144378263252321	0.11641241038931827	0.16559390887403225	0.5657649411505087	0.6225205985978048
0.41653265484609514	0.03786376017966708	0.16763502229757432	0.6821586056554015	0.9139216751720762
0.1645038893730243	0.5515934609154269	0.6200754006006124	0.622300578531782	0.6587810860076814
0.20560610888942976	0.09586174639219192	0.17734858047722146	0.4146596011775283	0.5587255094190716
0.9846197449720535	0.807145431442736	0.8076298952738933	0.005730458668627425	0.9735551431854197
0.2564406539147448	0.7778371334818849	0.3171611583933349	0.34283751257868467	0.6022249060937546
0.6873505272628918	0.6766561645115116	0.48164526817633524	0.19172195661539637	0.01314906593483478
0.7941775318016292	0.625158034531903	0.2786393317171513	0.1806790895441941	0.5421860146982228
0.3723114036204923	0.7897459871254867	0.23597343219052735	0.1425318187237795	0.5533202636524109
0.4270466170815491	0.03930687252384357	0.956478887352848	0.9640199642924441	0.8367201541954422
0.5014465966643565	0.09546008994516841	0.6531562312938616	0.5540219401559303	0.7354731293992245
0.011208681672148946	0.09527795476920808	0.40616290100730157	0.7980963134795116	0.3433986793826682
0.7352972365862964	0.4756246509374662	0.8298728978088137	0.9344664770503477	0.1850439116544602
0.015792265830508412	0.9854312290659455	0.37345168938811946	0.7553455713306185	0.8608970304942314
0.8214157697896564	0.7561960064056504	0.7363867215844336	0.5010969410174729	0.5078322272216229
0.7937063937830173	0.3179344815506969	0.4294193898236469	0.1376133001144182	0.22258239527158352
0.9782380933032488	0.055462588817251746	0.6023191253478776	0.008690783277333192	0.06977856100442348
0.1627882582614285	0.5121772717778986	0.5115817876577212	0.16653779220926723	0.030634118138910593
0.8112070391645292	0.009918591737706262	0.510353956723177	0.6638339128405156	0.8710461876208019
0.014915711265307885	0.09699688616843083	0.8639334233307151	0.6037945853235746	0.6583383323226831
0.22512181414753918	0.33431141477193427	0.9569884490142515	0.24862419912649103	0.8336225276549901
0.40560446274633744	0.8207315416496198	0.8172379950832006	0.6512696168679056	0.5652626982103462
0.5666811755318433	0.4984870771272678	0.805960234238397	0.5891785687341972	0.5160330335371409
0.16260010015783322	0.5795652011694293	0.6514045760361717	0.36376098181864214	0.3134695610597036
0.18152114928743301	0.8338039658389781	0.42773300679846826	0.2608768691186928	0.3034355338088468
0.2504668751774449	0.841398758016743	0.9888530183799676	0.7625214104371952	0.053434690102626026
0.8164341238596294	0.1873317638905757	0.35548875548125214	0.8669775801548094	0.752334873485977
0.7743020000276811	0.11912419794189233	0.3780941541756184	0.07052121189868943	0.5966440503390381
0.3734999393020768	0.5646930389899166	0.5300739268971391	0.38208392562116433	0.01894954134016158
0.40661255242879546	0.3257394003140889	0.7642989903270584	0.03252806127500285	0.8382328932928249
0.6579039485008538	0.7274132783738261	0.7370387797306671	0.6957895965820267	0.7236621191166045
0.5098631979342281	0.4172597463261103	0.6689954119823115	0.9843288367020304	0.8808421571600918
0.6985791336369148	0.0491901783325881	0.34250742498624764	0.5138868689196772	0.8846313232506856
0.8738023312124643	0.07189147735444734	0.7898456689742198	0.7729227182504794	0.6121634907615955
0.39385729410019255	0.6841544156755103	0.423921276480412	0.045801314542292304	0.6899494426581333
0.7635053746460936	0.008208534824826197	0.31609332715816196	0.3180754869908272	0.8741728634723355
0.30649343240110194	0.26446807288135254	0.874973622425738	0.5573584140908355	0.8879996813090396
0.38269338396855723	0.38944766931821595	0.7561382986343342	0.9927001762925568	0.6581317554956219
0.5653849820458429	0.8632558217606825	0.5720425130220705	0.43066395796548085	0.3184247899678675
0.8366277414598742	0.34788994465293543	0.38520154460596545	0.32485183565254094	0.6567331715664445
0.26681777000192675	0.5158463029707027	0.41576974207356143	0.7728658419336906	0.4851620194838452
0.15773653665528886	0.37757033116269156	0.48511554641716703	0.2654515091078311	0.36119647235887475
0.6077405019574983	0.24613143012343264	0.2666611052598211	0.1348968169358471	0.36645635136574983
0.3344103217915916	0.6810983212971404	0.041065048009362615	0.8479830823741874	0.7282462970239785
0.12231142891221602	0.7316909762914119	0.16722463208547722	0.9625968818095151	0.5223366453938787
0.5313546389491627	0.6911045974266714	0.30886781586931256	0.07704845123416393	0.025737746092250324
0.372731059776335	0.198319790488798	0.8879179847840912	0.9563775411404246	0.8128690189766061
0.7409788063144224	0.11376430528156334	0.4210529552277832	0.5603235712333966	0.8838573144981974
0.8743345040011994	0.13079056930498956	0.2908546385893718	0.27980732848250023	0.7122895038937482
	0.3876669796334705	0.226708199264384	0.2815807430232864	0.26271765800715774
	0.5420517212254665	0.0008901423286796772	0.5557095846615315	0.45285581275191533
	0.7527971231626416	0.9284371333283199	0.5681506600766131	0.3582570567765584
	0.22868907306797814	0.941850507623023	0.790707901348856	0.23276727653768392
	0.27803032205755307	0.4476107636662745	0.38031832034955215	0.3446958663908708
0.7247518817651314	0.5578557587114406	0.698029475677385	0.49674572253971805	0.010291904844606625
0.4936937904127001	0.25589466456641596	0.1530927956737903	0.5178206995483375	0.04311147287147499
0.02650089488208862	0.04573798348744329	0.8565673055898383	0.06287441662770221	0.4755072600039756
0.6846297180663605	0.3126140771752035	0.35547047801973053	0.45432734690448584	0.8712670790917445
0.01862547411575255	0.29096928918553067	0.5044345032470968	0.8062133267420204	0.9240982664793118
0.886771926793773	0.7232363688915502	0.6498161862364114	0.13958740393533342	0.14769909434387618
0.23054076728473205	0.9516628931115667	0.10716589512741748	0.3902478777564957	0.571677676770011
0.9482587374758557	0.7259837219460178	0.7297337686766027	0.21332253378839605	0.8694635403792668
0.00417256577479963	0.037752442986690116	0.3877561897964351	0.2171965469228947	0.6742867842101292
0.6709002363021865	0.32331154306603493	0.5797764596612408	0.598874331915634	0.088962409313175
0.3547613608587149	0.16805586547977525	0.9200917509400207	0.1687451987162346	0.8185978865965636
0.5366839612635247	0.3122209423123592	0.2549144134321123	0.17004049862698722	0.9227114391886531
0.83093790179003	0.4516508778726507	0.7565988126537515	0.31514914603273647	0.9504151590794683
0.6026668407350882	0.10805563873070301	0.5895301707701498	0.06839009601730694	0.5731456227932976
0.3079621075333119	0.2551097757235905	0.7414480545889991	0.20752870858975414	0.5033257899011786
0.821374448209495	0.0823399487859311	0.0007617485021402803	0.060597586260309755	0.4941921768345219
0.05354336032730245	0.4678727501168719	0.36714633486343207	0.9775977835499234	0.0751826262456522
0.731641007230997	0.33078858344148365	0.03564284584341415	0.32380954636044	0.49836269443928205
0.02358901669458191	0.10854699535924284	0.6845281655710214	0.940645847399473	0.7553451754889449
0.07094380948495882	0.28340378393625276	0.3510250978450413	0.41682803689918113	0.3300775440811391
0.19812058755248885	0.008529528849417156	0.288800903733719	0.1587923506557095	0.8268060103548917
0.3216949951092528	0.7127172076568422	0.2780165094393201	0.20149995060167325	0.8347065811102338
0.3295022506345019	0.8050799247240061	0.7152532198450671	0.564146007822603	0.9231045180034996
0.8534756518074832	0.3807562627687169	0.7134538934127213	0.9391616253609782	0.4400750434585319
0.11188486995231794	0.4996708355744739	0.17551862767828708	0.8260306410816282	0.04480889294148094
0.06452019824303523	0.5411150011127916	0.8432683195608218	0.555272660132493	0.42510989669154287
0.7642952603773295	0.6445272891807423	0.7343761184678812	0.9619764059717266	0.09945097875784314
0.8131906600703521	0.7970415000067514	0.7130779802286252	0.20554345282808462	0.17091787179942164
0.8624350233225376	0.6855460703260498	0.31326108576442246	0.4574093069920542	0.2335173424591125
0.05965506358659678	0.43899885065355804	0.2930287717522584	0.9127239893885708	0.3694287370959345
0.20236597786360866	0.49344435118963137	0.9958645365801841	0.7376415854938544	0.44874207251030007
0.24515013230538818	0.4338328271444749	0.40855306606821007	0.782822728916358	0.9653621978118145
0.2835972353401207	0.9408341949456384	0.8700718303278075	0.5686014416333992	0.7010765179452577
0.6375964193293998	0.944579764287162	0.774425627417884	0.5480307496950445	0.39901084258608455
0.3946200704559616	0.37458673143634313	0.0806587570119427	0.1056013710800856	0.9166589892775623
0.7703271900962463	0.9604811837181413	0.5433973671276732	0.07560044178067471	0.07158158422144445
0.16023554232578896	0.8131266868040474	0.5900404996367706	0.9216927547918646	0.08915777432121641
0.055758997206099115	0.7961500366689549	0.791399192258581	0.5982723855441205	0.08057673257057574
0.16010911287672092	0.17156290299110621	0.7029938704715786	0.964243430864153	0.8529720572258587
0.9689376904112844	0.1593616969847349	0.32256435546413464	0.4702093898880493	0.28446842740383727
0.5222094857741043	0.20600140128346967	0.6997021468251864	0.23576275354278076	0.7957694296901197
0.5696846352297394	0.27274843566664353	0.8971526899257222	0.6793641558232197	0.3252189016155166
0.1698666250542208	0.39233275777168874	0.7436818190633373	0.05122171272091636	0.5390206591449809
0.20419404326166524	0.41932339267644936	0.8717080829388616	0.716483362832843	0.6949362782680268
0.6135999093396413	0.45628697143086683	0.23144375570906717	0.8641137894933103	0.2748898486212813
0.15019847635071504	0.2813029290646917	0.44511665412953616	0.4220157689861197	0.9280946723424134
	0.5723987666122768	0.9291431404271437	0.25366943610757753	0.14060023037941938
	0.9714954514987502	0.3481823881898375	0.6504239312544375	0.25090288369617053
	0.27129066730015994	0.6996014369019119	0.13866118185601128	0.21396804503122435
	0.591829514280959	0.8177811700944321	0.833635645110979	0.04671486366568567
	0.32760677522002835	0.025534601628505404	0.47445592659800473	0.6701534743864106
0.6646710610184446	0.3144567451731487	0.1279903208195925	0.2841767889699971	0.650177811365412
0.736691334012947	0.8974405994738553	0.11974619114463869	0.08775118299985085	0.25009163639521514
0.7504026564344519	0.7724865360937192	0.5017170738706443	0.9129704024138472	0.8268307262825388
0.9182512289364251	0.9981338648478291	0.5646958882165125	0.029941625967784713	0.9352676490345869
0.7157565524734844	0.6784754158385276	0.8278847054873061	0.8784098052497135	0.6749458420728393
0.0840529010908887	0.21579684840519409	0.06783305003704643	0.4516725560732906	0.34905648745752216
0.2175218735528751	0.7296776389742006	0.5103940733026281	0.2831471904678877	0.03505690415145857
0.45185524084097317	0.01333148312696042	0.3664625562715006	0.7128816386108947	0.19937056513942109
0.26865790609484985	0.569266731294238	0.636123589525655	0.165959107331609	0.12919055905370658
0.49424290717559505	0.06527872626250297	0.9326720588933921	0.5201506460339236	0.9441125156337081
0.15121106652513572	0.8948892922536585	0.18734940198917538	0.6573939934237253	0.32171449657389584
0.22927347836129786	0.15415947147974063	0.7835732032280086	0.08093446885734246	0.34219688790148917
0.1883008301034318	0.0352865088572456	0.06518891975843677	0.8219920613339878	0.12381233383610579
0.22629438680692904	0.20109113378009036	0.39015883407052854	0.5757149281814742	0.43884955579773977
0.1508566810851224	0.9363568241419061	0.6494328445041821	0.12064969785128499	0.3830372696502684
0.21390595986601624	0.047999728670681585	0.9470987927472887	0.3951644488774547	0.8110693676502699
0.9888493577725742	0.2244549424628266	0.5773150701546198	0.15088660191245662	0.10845454024889445
0.15271491314276098	0.6709529678825271	0.9161056953604979	0.3181925029859103	0.5097729016668999
0.4561079356276133	0.21044790311289308	0.3909844669803435	0.809169006011436	0.6306832052066196
0.7278936593144887	0.2607304034194261	0.5020504434687502	0.18615692043377075	0.35251022129365794
0.18822749408969508	0.39579068929400985	0.2591328092199968	0.7998512333897562	0.702859283212259
0.32731990436269864	0.9768763405763714	0.9620897212702878	0.047133445114487804	0.22615520383664334
0.7501739052155432	0.9980833101407564	0.19108356107932567	0.7724080040695575	0.43790512988529273
0.001668997598939459	0.41195317540254883	0.46835364659702805	0.7644907802982055	0.6131208581924643
0.8290352710291672	0.7375412718806449	0.5048913908553014	0.06367434507051839	0.762955079823386
0.987536424146432	0.3283438494948969	0.8625010011125454	0.10316883693084333	0.838004654125797
0.8718463468979154	0.15189645927375783	0.0978805748247964	0.9249421624376826	0.9799684685409448
0.6490068856414222	0.8708397525800524	0.674110485471653	0.2682166565161477	0.8350436577680518
0.6784437248128073	0.9967802811816935	0.5468723548697152	0.7930524357776118	0.8476454833357993
0.9952605358511932	0.39003235174042616	0.915261833391904	0.07737513810016017	0.5616255223013389
0.17710675024443523	0.2859246425525038	0.399323186802341	0.9771912982263414	0.8101791057265835
0.5943445691165631	0.12825465474799025	0.716253647045978	0.9530559575328117	0.15325330862646758
0.23760738296755057	0.7964014861069713	0.602684802620119	0.4630680793744799	0.9818684779780853
0.14449632228325415	0.08661050582783014	0.6557803350141427	0.3637814323125145	0.7873553357193817
0.2676857123067625	0.6252321620699132	0.1578156042803066	0.30927294745029466	0.3054984158374314
0.8008185985464067	0.7892608061745169	0.8233315931631154	0.6422002797573847	0.6308633646829068
0.044716990545129454	0.5172687049660989	0.4372620409153447	0.16031930441126974	0.2264006044832978
0.7571540869675538	0.3017229861179884	0.08170345273259794	0.9185020929605312	0.17462165359216408
0.5466668677630498	0.8695172663301981	0.2202634325106556	0.2697368609961108	0.1261475550570883
0.6989089318373602	0.11176476032368476	0.8956961627958014	0.0183654883891351	0.12729840036951134
0.9356568813346063	0.6927670160180754	0.2489622147762961	0.48070672959327587	0.8385508200702315
0.8272606448952478	0.9031012002557398	0.26894789529289875	0.3868032363644055	0.588851353385373
0.9702252377960439	0.9123320682558919	0.07343861724877243	0.8578779594522108	0.06803618569048553
0.5685219920279355	0.9138971526708027	0.32880891146666824	0.6496807239594666	0.6575000289693717
0.6180520808947083	0.4441808207214011	0.6315656631657024	0.12791092129736736	0.9513213616758698
0.9289320816868404	0.42560338796699204	0.899763096268434	0.43538122838375737	0.15625578743870627
0.7256000832021802	0.3724646665981466	0.6868155778332207	0.9220187910282746	0.29058330315849057
0.7922375246527837	0.12845784873603117	0.6067165318142528	0.3975641879128132	0.5680830922272344
0.5909053888269764	0.7165248555903836	0.9567694014356564	0.37427974508666306	0.4673015424686464
0.7160509575457833	0.3587696126782607	0.11448926116243252	0.1102608475282244	0.6219299089135659
0.9845680727453888	0.5477991392782402	0.7620842370311384	0.8846257262606886	0.8775993556306293
0.2862347745330558	0.014545208989391267	0.68756992275747	0.9980234651557645	0.2685070544354554
0.09171087800905575	0.5589722719426007	0.6882363268963462	0.10754555053251191	0.10321519234956011
0.9759232804454229	0.503046074550848	0.8228545236595107	0.1444464702966961	0.1571321337358097
0.6611232981704024	0.36856064111187037	0.7386842051474094	0.43472152478483117	0.695537192130131
0.09574223295065165	0.2590856204763943	0.3587699693290144	0.06809987199785061	0.8202361738587881
0.1712882381945594	0.039126443264319244	0.9555200009167779	0.7339715205352987	0.3621901569283744
0.5997942567782617	0.5227963576628653	0.8737416452748457	0.6938262409116479	0.9881139246995725
0.06023066062037663	0.1702163519248543	0.9884684754138052	0.5568203900085475	0.5341130805879961
0.9077813314941224	0.9177044923930912	0.6395290582994607	0.5037718881336253	0.5428564644481307
0.9869969607857614	0.457484241371949	0.4987989118723505	0.35694421472894655	0.13719707440006546
0.5673060198739606	0.4806731587872567	0.3299041912014825	0.25131017859587357	0.8332533154969792
0.14677115919441908	0.16449014845231014	0.8577639434364306	0.07386019629255647	0.9055177351931004
0.7669414218182784	0.0017600984966903432	0.47994433386376123	0.8858924351474946	0.05444558889360973
0.2130694392122212	0.9781473879943511	0.0505848109237127	0.7257098007667694	0.5841226738869384
0.2530809989696	0.06935382336216522	0.10045369036115126	0.9918727097977486	0.03129527269553789
0.6574832611144434	0.946149030680256	0.31898696948461347	0.7361976550150274	0.3072019443206553
0.8908004093153491	0.19682291193425328	0.5337813255905822	0.3978031897981501	0.24613149309573323
0.05875792492352583	0.9734415292740628	0.8579085925883018	0.6952786947083204	0.31005803349038963
0.9830138468141864	0.5650622222031751	0.5278297140370636	0.8173070259582963	0.7156953410418799
0.19815675931217203	0.10942334693469002	0.09873805579188444	0.3933167244614896	0.5086310453874349
0.7096556655419635	0.9300546062980641	0.8121549600338259	0.023853702548261912	0.09934505042327879
0.7378853521338071	0.16736456531299448	0.9873582476283933	0.27606167136223425	0.6241420350978991
0.7287534759547074	0.0661506234197734	0.7860744973760377	0.586858251135453	0.0008668009574306357
0.004406938261279025	0.4989128877215411	0.5075442266889305	0.7783020522703292	0.637490589347578
0.38472553516250163	0.8863860628481264	0.10193875339799785	0.03022740487947373	0.7697757964811778
0.18853734313955817	0.5721903095415622	0.4234118534859814	0.3710032700762601	0.12922620499987747
0.5303552968511969	0.5247665870940587	0.06432065143394516	0.5193452058867775	0.2944225490556842
0.4697579193984428	0.019089683459218132	0.2902766837671229	0.8988654926617458	0.9560409973140813
0.6483817888691918	0.14698099372631812	0.7738417029328001	0.8730189909055925	0.9426903170910481
0.8266324847509277	0.16989478667572433	0.3104633180830836	0.4059746575800891	0.9531456241443257
0.6476618228592554	0.5521356019974619	0.9647654675043927	0.7907700400650636	0.2911037476794456
0.09760405238473169	0.8914972582902931	0.4273342435614371	0.9854946466014942	0.7649927551091743
0.3334962167880601	0.2702728751161061	0.9197655926788493	0.46157369264080794	0.49561374977650885
0.5392546208487076	0.4516633980711048	0.589171114729721	0.1122269051983914	0.7447338030733038
0.9239942632605286	0.40644560709476363	0.396890174586343	0.7925688781756258	0.5990730013254442
	0.4634986923758385	0.22467400689520367	0.6095504396986192	0.9775362083498325
	0.8400864650400564	0.6214739043628459	0.477671614540474	0.8974915494458723
	0.4226390688530852	0.7540134011195685	0.16100099754174402	0.3987240191099223
	0.5680523941544768	0.4093897743895487	0.5069555507960024	0.16491672436419247
	0.7699745093853159	0.7522256445136283	0.37882675031945623	0.24431987669673194
0.7188751326556027	0.7727684831372733	0.5431501885920889	0.9922937019746575	0.6805581413756597
0.43701016864421083	0.4911264727857668	0.03434544162100883	0.36162556281637437	0.3613032201235128
0.8220233617422991	0.8744866314333898	0.4545678168255204	0.40965826381035486	0.6945646148562296
0.34224753173170575	0.9061185273843726	0.30035557306195315	0.8942073775823828	0.6924866338844679
0.19527690934639885	0.8788860050423486	0.4533637770073443	0.9722240941310709	0.011590216967344968
0.23920246590953975	0.1671391526450332	0.246827896277377	0.12716654092924495	0.536342411089717
0.19378408966960847	0.07770703666479117	0.4981517870840054	0.72018199520351	0.1726143293772614
0.29451849927942697	0.2797254163669175	0.1951467931772165	0.9520624161033027	0.38017517478028606
0.9991349677462551	0.6663838635453166	0.5612149043470849	0.6321317973870846	0.9664989174129747
0.26231270788276906	0.1888867505621845	0.6178834109719697	0.5870596883090795	0.09097461318843858
0.9713822399093449	0.9507495364676524	0.7167318014986651	0.039877940585808624	0.9930972820768683
0.1685655000804962	0.7301557243943393	0.994294404167678	0.9621342923804472	0.8163291868329212
	0.014567342074230605	0.904658185097479	0.24070895248148672	0.45098940934519405
	0.5342078198766371	0.6647266646902137	0.8725484918817976	0.4804978236565004
	0.5619130495235214	0.6611199119882004	0.41040664359481516	0.8526744231923307
	0.10119370623651269	0.3550877659409474	0.6879433478624403	0.2900713381365815
	0.09376816532032672	0.8291349201104021	0.10277232455085683	0.7471317427865106
0.8178378844941424	0.36264620733472064	0.23799514607498684	0.07576934904529642	0.942187238756134
0.18357908588659266	0.6238030546911811	0.7223202386121038	0.9973807587951058	0.12040211342547125
0.7593011871196333	0.7671807663940006	0.6865863434174843	0.24926389770327295	0.8094705180906551
0.6314387152378076	0.7060661175887754	0.23279443205854677	0.7627830804170098	0.09895001086003385
0.2649501761433283	0.7324227059402133	0.3596086158389963	0.40326538232281484	0.1036590891343473
0.1395826541776921	0.9616672594302659	0.916957069310282	0.21773404424987775	0.37248769545277627
0.5039977694338216	0.6840560602867661	0.27911124088783856	0.09344406104357594	0.23937751239448013
0.46128817949194356	0.14229147182027957	0.3412332506596103	0.018983925217384012	0.2561434193569868
0.34755320604226636	0.12970921895236454	0.3948239455869629	0.5775879270214999	0.257568379432192
0.23364681572273693	0.36284358236973724	0.3934287472200556	0.8575207605171635	0.36220107944645963
0.008452510842062111	0.1310675800236606	0.19002970762663296	0.2168495745427832	0.025294506450893706
0.87564477444095	0.3950834602103598	0.4896333348715729	0.23023443659482523	0.8137683318626571
0.9012383247939816	0.4535392625736725	0.19218282504517137	0.217442153172821	0.76435756023972
0.2770909555795079	0.02180612950200478	0.772457464887828	0.15884381537922443	0.7263632906294069
0.9286163564558289	0.7678067985162398	0.4582987090617361	0.8646142993500208	0.8733911447558385
0.09298539472939837	0.16314595365273676	0.9858952296669306	0.611204916643273	0.9293913408811347
0.9702097657368723	0.8032146990151827	0.18913147455395707	0.0251087168862949	0.6482416464044
0.02473669472990281	0.6397663001407101	0.3179671129812839	0.03284234170759848	0.33370648531281266
0.35428967616638385	0.000885008517105379	0.5832677459146693	0.7379867005906909	0.009597994242475316
0.639659732241505	0.06800654062982514	0.4852264650619811	0.011041011580190663	0.49784419527531854
0.771379126433919	0.5478624140280691	0.3327205033426549	0.5923560416439558	0.5046869273680314
0.9709360754498482	0.17777408715280796	0.8364082572209738	0.6196378776425703	0.22065072157310284
0.2527678153916195	0.3767102989398893	0.9993932946536173	0.2564965033379859	0.09258661114458477
0.5285817373952552	0.2080557367392616	0.16058977566218746	0.39949883406426656	0.44479753505487374
0.25434796221142353	0.03410770721526479	0.2073769535915344	0.15547958823589025	0.8315933590422318
0.6420318277511521	0.38102735176813185	0.358501462017613	0.6398584964005029	0.3943585372444417
0.6891027823079646	0.06288336657808491	0.24508163605684308	0.8875072401853245	0.7546117854424574
0.6597272310606367	0.4583261430835268	0.7247254815546946	0.04113361357450418	0.36500962420975613
0.20896158799254727	0.07164503326495808	0.7994053971179207	0.7728091227638982	0.7632645640802721
0.6093547174323308	0.7192532330063056	0.26125200780922764	0.8387540494701583	0.2037315974507211
0.41775602693532554	0.7428061168437555	0.5821938869462241	0.7238229525260672	0.026779954551035434
0.05445330140388527	0.5220815089816084	0.5239808165911405	0.9335216086056934	0.21146812832301942
0.6309196976458485	0.8107985809617059	0.23259789639167583	0.14953762676204807	0.5455120964306875
0.512331635791527	0.8024413376826914	0.8407898676947332	0.699950524582937	0.029845503786940175
0.3092399905439076	0.09011349727653795	0.8772863239292672	0.6991878923665776	0.2924557134760828
0.5436726175612252	0.11355934074515728	0.6714305815163363	0.8028148512289085	0.5452198454724432
0.13913031133959253	0.7182656013976446	0.05223519458645154	0.9525064077829861	0.37735103768854517
0.06196594958297341	0.03920484380597522	0.6212678152435002	0.19931844071811433	0.8561074837899979
0.4159026500861611	0.9043947380977847	0.6122900361656792	0.8445647987001951	0.5787516493037067
0.6951575740851328	0.601494376606934	0.3638245459557542	0.6225752072739448	0.22628607321676408
	0.17985687536669037	0.6659807675899367	0.5902791987299026	0.4635185838936995
	0.6306815621862731	0.4392248437650902	0.23295476001736137	0.2890668368456901
	0.925171622008292	0.7445463828601315	0.2142768591376918	0.07187370013336669
	0.7936050741918567	0.5979553455958123	0.5248600468620291	0.29122646196265256
	0.8345872260824142	0.8121075000659377	0.9931103939485634	0.6967937920513383
0.5327758278261762	0.5203045416150788	0.9440807480251256	0.11760401086542338	0.1610954852066756
0.35592371167461523	0.46537441536461777	0.3530948965194427	0.7943770039261557	0.0998133284056455
0.2680914163079898	0.3776691249335442	0.8847403743238194	0.26864061393227245	0.34672341704020293
0.7689684396084768	0.04271442399069603	0.9314531213745524	0.8154948004152175	0.3868882335674224
0.7312978435143228	0.8760475558798795	0.5595250073640917	0.81205138331059	0.10013132997185137
0.5313415716219976	0.14958433769270285	0.1798731477157537	0.8382651439900738	0.15693783904260827
0.2963145409977985	0.8233979155974578	0.2675366776496494	0.8920707956635099	0.09055958455621871
0.819931436020827	0.6434301160560448	0.9176040152068814	0.9225981439431844	0.7950169883780032
0.5165376165389166	0.024738303124388406	0.8435919757432433	0.5468435500112897	0.007212608431082401
0.9851019307466929	0.26386938110009395	0.5132498738148665	0.8908998854408048	0.8160842300161607
0.4691019036233539	0.9188303976801183	0.060398817021646956	0.0915678799489349	0.41899504134512155
0.6008953824030266	0.4662331336482328	0.8586333335852114	0.5785582726852854	0.478492673592541
0.8947577691625317	0.5223611500018208	0.8086328633613133	0.9277822201558281	0.22860977346662648
0.9812794643814607	0.9379796247914479	0.08252061061503246	0.5353927755264003	0.06747256663741996
	0.7305080547503299	0.5450603422188837	0.31803466224463517	0.2787146323083092
	0.2350461835263934	0.9380895278602532	0.35849876878011133	0.4194894076580935
	0.3543597769691966	0.8381505721009869	0.21555712875631772	0.5097691989906172
	0.3965085298988469	0.14281277482140764	0.22886723316849156	0.5950165326661129
	0.9096617941836779	0.823984173603712	0.9188058211246012	0.8079144339394979
0.25411002769750357	0.6752825018528901	0.519063626777312	0.2021273930989339	0.17828682536808615
0.3457340286898588	0.029354243089070198	0.07487495007377276	0.5276127705213595	0.8212992217585978
0.051020537343441585	0.31816083757007985	0.11568183989992531	0.7676551518003132	0.9059749659299597
0.12760573576699719	0.2201381909081731	0.141642125050637	0.3639328951248121	0.29271110768603914
0.6768950783784098	0.3117669700946891	0.9141095067281952	0.3433084817298526	0.12479384675026917
0.9412085178971753	0.4525691920444732	0.5760058741802451	0.3015596011040038	0.6680435840251798
0.7440877109042309	0.1142201209019158	0.3192975576232955	0.23082803972285726	0.6376407380867047
0.2600262491941172	0.31581909245070916	0.41613125659019046	0.005456674466813305	0.7575177980936476
0.6852512213016585	0.2119128534877478	0.34635643155082896	0.0034877570627910304	0.3659148962751816
0.26716483605540964	0.06980554016923635	0.882826236425476	0.21853302571876532	0.9409603126505875
0.7404913573213444	0.15101336788144681	0.04227900096378345	0.054928611718242926	0.7271816413459422
0.46820957062457225	0.6351415209609299	0.06812812515936417	0.1339914825980728	0.3816225041710287
	0.14561674864903684	0.7813373868349843	0.5356897797675086	0.36628866314484876
	0.44190391562829345	0.9146038361636387	0.05543290247526389	0.26377540339339134
	0.8103787617008987	0.3028093741070099	0.5204270728595068	0.3547283246962327
	0.5166545533530398	0.2724704271998778	0.05674944280497751	0.38779619427445466
	0.36634073627409647	0.08425404678014814	0.25982682778729027	0.40148839649435475
0.1911238672342419	0.6983568399016791	0.3089172563663495	0.4895475713614823	0.5874966230218215
0.14142080096929166	0.3294906025125588	0.7378996359333172	0.49667838706275713	0.06101653641870619
0.8063771017516627	0.3130975261438186	0.1958031049668384	0.37493547942494443	0.14499597864027536
0.2827732716502208	0.8294650495526514	0.8618245868417358	0.5473281390910611	0.084010981944184
0.4504448968667172	0.9479352023264261	0.7216095656170574	0.7627079685241785	0.16505155585856235
0.04734948314266829	0.8146761545458687	0.18197743654828658	0.007857437991943939	0.9320733718231017
0.8842150153523525	0.43587267099615445	0.9411865665451113	0.8107419479366762	0.9756845838246886
0.5977243844689243	0.8368952850431501	0.38242454037967766	0.9302015015058887	0.583209700199886
	0.08601021963723032	0.3802996924543588	0.6601028604903589	0.14820445115566516
	0.9678597454315205	0.853803968384595	0.06920660124304334	0.0114265739631354
	0.31768420452707646	0.9362234047402189	0.1394665105998436	0.667043567143564
	0.11197183453952353	0.39186167557827667	0.9318424952974568	0.327426193262526
	0.6778806750659865	0.6848593564677616	0.7629850376003864	0.5385993681168637
0.5671506594046386	0.5386479617262232	0.7933789599566489	0.35679495274048467	0.21971374355318785
0.5362580591456871	0.8637519616023821	0.8561375310993116	0.40530650887939845	0.06050102204831953
0.18963453256244023	0.10934383778570589	0.03069098726051034	0.6456943742102944	0.7039024853494544
0.4409480736402285	0.8876308357758461	0.9736246793943721	0.8278821270592074	0.8394798151778743
0.6373579674007491	0.18844493248282457	0.28697604634830187	0.977203039406607	0.29539002805318415
0.4156745079183992	0.6489455803437061	0.4316465251131154	0.482340210529541	0.12282523195055572
0.4182440528388127	0.58744044414312	0.6308382593979849	0.19271257658401464	0.8862324235284396
0.7397810743622081	0.30142734512434644	0.8980286144821122	0.8796783797682142	0.22150103810050226
0.5071065698741973	0.7763861055969384	0.937478074076168	0.5356082792118787	0.7055640884049179
0.1723146261351074	0.6780601059543073	0.31917080363036643	0.4338118870096771	0.6504043455999323
0.7719995006640925	0.17364959421916426	0.984170210313409	0.9676957755468352	0.5760836178005398
0.20079528199131058	0.8255756293608014	0.4156781046990422	0.6688478465928337	0.6518763556028903
0.3384631709179775	0.1727103428777308	0.8990426919929685	0.4768148155476758	0.532467255672882
0.1301879472697266	0.6153045259410717	0.2012462789242606	0.12451192693117308	0.6560939095269059
0.6835094014517692	0.130874108546011	0.9520975632569585	0.7488705989346557	0.3041545504410209
0.26141505460958536	0.3237356614669018	0.2178323251853902	0.8940131212766672	0.6444104337356648
0.8333196275435311	0.525640939681314	0.6271330227650384	0.8458035803893372	0.7904436216916686
0.9739660237553616	0.3686920432338381	0.3552913615329687	0.6968827507899199	0.25551765277304095
0.8783349915519952	0.8259842037992344	0.7740370516314199	0.64230426170105	0.11637455933698415
0.5825894533251658	0.8946972495655098	0.34646488909553763	0.632766411408536	0.446195281149241
0.8232107247246025	0.9517212032653892	0.10385670317187012	0.05083717436930679	0.5483248501884933
0.03547984152902495	0.5655384528730205	0.357580763643225	0.06648564602222573	0.7621672779464727
0.00305806429116795	0.8837400662762851	0.24197660223270445	0.999603563680062	0.10128200595182468
0.6197197381245311	0.45102911073994767	0.918399755638022	0.2887308310719806	0.48247126471324364
0.6769118871214352	0.5138306438692141	0.02256758467205444	0.906396998905893	0.813965078736039
0.31228058678468396	0.2326901341927894	0.5795671615889224	0.012210242570542373	0.7782591524164686
0.280035010363885	0.9144104948262299	0.4665505856426263	0.9353882630991905	0.7309267401215473
0.8600451083949665	0.3845872216089079	0.5361581803016162	0.16439810735791893	0.07486569229020812
0.7714330556264916	0.4554753817624081	0.0625162605941667	0.9787359066690813	0.9588984786246968
0.395698806487195	0.5785434243441943	0.4605700344374951	0.4479667621494393	0.3203628433014245
0.741225492100322	0.18062320675287735	0.4828465393870195	0.3187081924535461	0.5684057291061679
0.3480632854025171	0.5759856898797016	0.581347684140533	0.9813990635233849	0.29633657518021583
0.40959159285347735	0.3398045654638472	0.3066045976428525	0.4116696986322562	0.017618823778746795
0.4358603984452343	0.7343414317216408	0.04138976551655227	0.8879126177405098	0.7935223387000612
0.8048382164145205	0.4133821365110967	0.19632957814275254	0.544271697211364	0.8224537631768735
0.7283599400372417	0.6326095884907769	0.44087993383577706	0.25579331041938413	0.48230010209441754
0.3068222489150384	0.1372748902439157	0.20358064175329782	0.4463517782071976	0.5413905470018016
0.8032980411395282	0.06633762059289272	0.6989507601103586	0.4263506821167493	0.5095573603528606
0.8216699006720662	0.17281815583393678	0.47794451563462137	0.6093078492552312	0.08639779196068353
0.5149806927605881	0.11436517232155363	0.18453663387267372	0.27232002794894794	0.10395543367542348
0.24910183992120505	0.15227468870498362	0.37391443287887527	0.13338904170069077	0.31970400186379033
0.25034631965820475	0.5404504169205614	0.29425603079909224	0.3349120274598626	0.3768235908043879
0.03169398013808267	0.43676484375855573	0.8999980141492709	0.14392232784738224	0.9138717764150869
0.4994138394184392	0.8585989558557111	0.36132978051397135	0.969419491579123	0.49045773038130713
0.37749391375374297	0.5113266806323915	0.7057780302233614	0.3905229692622392	0.7555557855796801
0.5642096818630103	0.4573138756454247	0.9886327078462159	0.698900934959235	0.8879896460803848
0.36101243665864324	0.9928429131333997	0.2619798959479269	0.31762057999939086	0.3221409805491209
0.20145985483266482	0.5808214342927552	0.868696121483451	0.5665990807642848	0.14175936819666501
0.1106672150774557	0.05805803111347396	0.8999967974661163	0.8337601529699031	0.047405992410467945
0.6885800459774606	0.4096004978888119	0.783495183184951	0.5052242177093835	0.43106529395863824
0.576763169530601	0.5224274933774945	0.9107343537363707	0.33754945317132556	0.8350184270586177
0.7309063490742453	0.967038812024232	0.8360603887753615	0.24405063884252975	0.8061250132858008
0.040493134597271774	0.0042046106060775745	0.6487863496470011	0.07036202239390021	0.3270537666086215
0.9679331543823693	0.6799694037258782	0.2634485350277269	0.5402730808034594	0.6837919375325533
0.31462282488041626	0.8534089327701577	0.4274449670489633	0.987130903800086	0.4730115201556838
0.6182944550246816	0.6270982533711822	0.25642652241518116	0.4103822677725286	0.6122618581847687
0.774858736985404	0.4170824075888896	0.31045162520481706	0.3005017378592758	0.15207795228888032
0.3883806449002699	0.28670494623626375	0.37639180247377524	0.9886362772998875	0.9792119089501674
0.21432090353127364	0.6740630888618098	0.8281610176295707	0.3528671481250134	0.8572287815218419
0.6559986782100943	0.22849820114239905	0.3980924688227395	0.5323309862720864	0.10646902933772795
0.05675343480050021	0.9573039467287668	0.8535648221568839	0.7183800127717164	0.6208843850931661
0.6572285502424074	0.15155747668755692	0.6234914928794335	0.8501323444086886	0.3509276343589255
0.600609937988919	0.9824859400705631	0.9689400877288961	0.2925176813833614	0.0961651354055838
0.6284320368796206	0.13090775843533964	0.7790359553066293	0.6770984206422931	0.641844477184483
0.5221532069630316	0.202640276779408	0.09507470330340251	0.8614320395450195	0.2649346125003731
0.30202673451229745	0.08770261811788027	0.5013705546085698	0.3387617269242752	0.12139495216185148
0.6152286520158079	0.3206178462386172	0.6231992845610387	0.6143825695090407	0.29710263079329025
0.9853674713215566	0.9689426060369076	0.5729639942955392	0.1426323406082164	0.7771165073955084
0.2213101675917567	0.38319735652057807	0.9778855429710726	0.6658989226587311	0.9789157973144735
0.8917276247933728	0.795722715177392	0.676556019733735	0.2508417379142496	0.9988212442846757
0.9308399152356547	0.43406620705784726	0.8587927309407649	0.19335444470359586	0.41042109004945515
0.22172387513739633	0.7750679744915517	0.8808733555668204	0.5171812862928323	0.6775187664707809
0.517656708195433	0.32720531895113425	0.21522006463137122	0.06535924719622543	0.8885662026978508
0.425668502058679	0.013147490903236192	0.3476797063249196	0.7093211082688609	0.8688187484787234
0.2401701159515608	0.4841173635866164	0.5412037904356881	0.7723617024825298	0.6353986270955821
0.6335163625648685	0.4367406991875238	0.21207310144648783	0.6478674918357944	0.7234394706160027
0.42775000576647004	0.02729699719888512	0.6262310443920679	0.1637952662323685	0.5857576803923641
0.29208713127808417	0.8442970807316629	0.3515845473284218	0.7833633325279304	0.878148821352914
0.7270421975063398	0.9012928364102797	0.9763396443354194	0.8237881927326566	0.43973917753162495
0.17377467058888973	0.2781079058298376	0.6547991567819682	0.0524155593864134	0.323935792216952
	0.6460516569022834	0.03544980578802004	0.7224238261095666	0.34612047337411944
	0.07881660697966197	0.21820639239470152	0.42913903779070095	0.2942396416349744
	0.25401767031779476	0.3376100148306074	0.9382135553656187	0.16602665162850772
	0.13133161023068962	0.5881132341824846	0.9714874480672228	0.8967023491529621
	0.7870734759537843	0.8743302130534562	0.3752837869536415	0.4583631948213781
0.4973983241978813	0.9109491830766587	0.687036064063808	0.2522339103621052	0.97804083397744
0.572964294406455	0.41042422161866765	0.8626579095407525	0.778907007212887	0.1505294812845076
0.7200993010346016	0.7110507810125776	0.7424653390573992	0.5487492457641729	0.20968947406814253
0.11342950801388518	0.6806326243651677	0.9885434220575083	0.11885867098395553	0.9152918309197676
0.15607082117887172	0.6252211884458561	0.38724613032263344	0.1395145012648752	0.07846335746021205
0.18377796090926546	0.446235365174534	0.6482973875620799	0.4824827546098084	0.26362326840364514
0.5375152774572026	0.3681199547623968	0.06465552548302012	0.7304385014478912	0.13778425378000736
0.6734338201764983	0.19949690162070144	0.37672320717797736	0.7583617758719126	0.12468879454303072
0.47145713063243055	0.6840656255870974	0.3733231227743363	0.3567195283940474	0.8055530325906423
0.1685295369340739	0.9392103514459165	0.8116581030218717	0.6427822603381914	0.29343781886694575
0.46506729790828716	0.9664473388077509	0.9289555004042713	0.11992708613776282	0.012303879395536788
	0.7299698043323068	0.9288509807383313	0.42420113672476945	0.5836254565891037
	0.0014134665556156945	0.8129269781595214	0.16580522945974796	0.9998249654795393
	0.9720016588233104	0.752772889090609	0.5371531302867496	0.8037654097245823
	0.14164750922680114	0.33282301441699	0.46370744357047244	0.3008502570935564
	0.638773361729992	0.5162409788238876	0.1437805081484006	0.001736499287576132
0.5559880043756352	0.4929261096251112	0.9177368599658985	0.7916843621383861	0.2329486527373824
0.9443711236042217	0.6291549944250877	0.032331530319343216	0.49187810160856127	0.8702902690360628
0.9511453370581057	0.8021414131859086	0.20169383404545627	0.7400323408572879	0.9400563221289266
0.5257967654659688	0.9059309370457629	0.7376967415429031	0.8934662770992511	0.248264844790675
0.15095585929422384	0.19508876334641057	0.5770621497635904	0.44334913842009116	0.06090285258871275
0.298757395117748	0.8032086581633564	0.3946851560617586	0.5461237787990133	0.18919007821603362
0.4059471291612168	0.9773751981312807	0.4665367467120669	0.1497052935920744	0.04132576669848709
0.8124984702039003	0.08641935938825407	0.875197566724744	0.16533819578951825	0.6697013350555421
0.05508639456740727	0.9527691309309457	0.20238005731613584	0.2551312385625888	0.10171106914429395
0.3635760919342944	0.621581866345168	0.8182173902319194	0.5517094153597762	0.027275632756815993
0.0022764268289773293	0.5829317584930966	0.7466850849177532	0.14465923870125263	0.5679197135908465
0.2951522348862089	0.11503038703537738	0.9636088785392998	0.7629587655432325	0.28294055343268376
0.1904373520068149	0.6958867694728392	0.7493101583096408	0.11898221385949093	0.6278729120646899
0.2438313068322383	0.32940671889335016	0.00468840991401831	0.16797176671993796	0.08366000083449388
0.809677742077926	0.6137719301214886	0.34769735371873534	0.5788926838977279	0.8319489723481099
0.7547019757338818	0.07503294345058564	0.6335843435958046	0.11843175736192912	0.44396473857556995
0.08082551261959225	0.587072071789766	0.6267817917591729	0.25439774409540516	0.43858499641395066
0.8157432909256919	0.12689146662942696	0.3095622709904122	0.2832809360880634	0.22587425404710615
0.7193554124331695	0.7288628776883668	0.014788563909424846	0.2892620586028073	0.23621340222671472
0.9581785553766115	0.6118680828761158	0.8346455862180019	0.8989607434625146	0.9059485219906422
0.5836557129258684	0.9156234422754093	0.16620577581262552	0.8659857423414988	0.6403502520891922
0.5067826663521178	0.7631934029184193	0.22483812911554546	0.2143554720321883	0.5552252051791773
0.9118229313523144	0.2110863477032291	0.03752600228916236	0.7064800698344844	0.5786694099612569
0.8114091088776136	0.5651769810169759	0.6687016316147303	0.7894334525839197	0.37001261980260103
0.6241104025117814	0.005391140411507123	0.9218475570353383	0.86806527846457	0.2128984139975495
0.5071414461885885	0.30356264028552826	0.7553527971936596	0.7222452396333616	0.010768960101929848
0.36754171741911945	0.16202352004503695	0.9415738749443188	0.8737119266003626	0.4197477024158661
0.4356021333009067	0.5466116883661525	0.020556352590958227	0.4310838475159866	0.07888479506955937
0.607001608365015	0.9648706458823499	0.06618372574631604	0.5877933370245308	0.8698753252686399
0.7108084594472376	0.2872689661907054	0.1441489849719656	0.3739884400530262	0.7102288308667046
0.2038188342759245	0.6957925826675019	0.978520779504966	0.3075785861245056	0.6290677708112581
0.04671189442465751	0.7411048214134422	0.053982745147218014	0.6939694126444059	0.2542511067953821
0.8937411970562947	0.3973406429802213	0.48570083334223113	0.2466529315900956	0.02245675115938428
0.497628166794684	0.4027528337085571	0.27352064979198143	0.21632902589957015	0.6398889393322763
0.44654392713456603	0.30213743940344495	0.5044294695478028	0.12759683185664983	0.10614685047643413
0.725367787619559	0.058278723614711536	0.6774728893356831	0.9269746599047302	0.8293171225313593
0.2882980533331817	0.6470387263676503	0.596072462871958	0.1903455716365402	0.7247967849521014
0.3243820987645879	0.466167005693937	0.07607170321018686	0.01584991805895075	0.7035856283945348
0.08904851666688329	0.05553001022059101	0.6769677113362026	0.4105507900325569	0.16432519457503425
0.02408584272163672	0.3509043148720875	0.3211419901722644	0.8927835696175486	0.43681853235172363
0.16870633986366956	0.7611704452505679	0.7598431771597349	0.307591190632616	0.8989965601888971
0.7593583214738225	0.7835583330766454	0.5900672819096111	0.7420403083633557	0.13180585829999336
0.9631637695837976	0.6167307094798755	0.7244104248527821	0.8706089551483001	0.4696302078106318
0.8000054243830466	0.055916705633409	0.06846304952506166	0.7711226497990996	0.5805040191710266
0.6370101832532017	0.12051172763956952	0.09215938467111273	0.8566113202368579	0.2483710498391264
0.21080628726793604	0.06732532438411709	0.17846100224128802	0.8689815128894784	0.20173207138797833
0.20483753397709492	0.9492238119293963	0.13519074931633546	0.686426836740544	0.6295938441667747
0.7431483805168351	0.6576665553633599	0.20491029536906358	0.09719245500222584	0.3122030506043506
0.17328407989490313	0.5065203281956577	0.26374561245055994	0.7129837121239411	0.39530719266517644
0.4319149266080974	0.5906785803050195	0.744033353675536	0.47244815376595717	0.6888297992105331
0.6866547541179037	0.26689950470289425	0.13519471762035484	0.607876012950748	0.370024167949466
0.9346596005092794	0.5710754977401061	0.5291586485517511	0.6499526593849458	0.7792048319243469
0.014268693893610296	0.039782357943163205	0.7386436230555612	0.6375092405837781	0.3330509513547476
0.7733286177847242	0.7803875466817872	0.9143048732040977	0.41155558579725937	0.039402697095590966
0.28867524293341085	0.15848666786601884	0.7848781411355314	0.8797050580067692	0.8286066249218894
0.9212535013198581	0.3930590780118969	0.3306127710115764	0.8212171552679252	0.051980157211303446
0.9090684196063299	0.5787601904107218	0.1367846144498709	0.42092265016161445	0.5757303814004098
0.42301365508418143	0.9886820044423683	0.5963735511742396	0.0035663632454612237	0.8788858883107419
0.5767694969031201	0.21818839152992653	0.013262842168404565	0.9138921883484236	0.2741257419405906
0.8301652520039862	0.1518691872307546	0.6043588551762563	0.21911441186919	0.3714074721643845
0.9464747485895165	0.7171061161049059	0.2932887702422231	0.9067317076840945	0.8925560058635919
0.29645343866178364	0.6393069019652818	0.8085422257172684	0.6658663077472293	0.17542264465714696
0.44377950777862374	0.02633151687679025	0.4324211798700852	0.3243467211283111	0.034833157118841385
0.44618495657996793	0.447742751530833	0.6864336776369987	0.13767953874118288	0.07748482808478652
0.501899337976333	0.41779619202390683	0.9891975596381254	0.5462568805072441	0.8670628354938885
0.3763973614453432	0.9218910492182374	0.006599697012837802	0.3208865827672087	0.8803886367310036
0.7438811975406054	0.4153956689212345	0.9646506888078622	0.48121558048967294	0.5699683773022193
0.7207072699958821	0.614452093700414	0.300138621032662	0.30756617202081227	0.3331762798715654
0.7176572569879128	0.6183826982910534	0.537614432612226	0.9971573163671477	0.7771419156926551
0.20988237473664573	0.29810366588752246	0.7079430029622457	0.04048188393586172	0.26206146361269955
0.08645573958457775	0.4015129964507459	0.8318563557620332	0.21606997587069499	0.9793615696275423
0.6487346446155878	0.8452135452213884	0.4603556874148842	0.02376196163397537	0.4396204213713546
0.8447036220046951	0.6813653038962754	0.6913598181508467	0.21081192509007884	0.546983939861291
0.2245584626766971	0.7555639467474229	0.004572437014465969	0.9888829226521181	0.584241868915903
0.2911604021474459	0.37144555903435195	0.07435303722654485	0.05008553398999516	0.23648502907355473
0.7865195623591691	0.5574927217759147	0.2095552790767009	0.06310544584635225	0.0787138024524704
0.4098534230582467	0.14942090024063936	0.833948197318885	0.662677475083739	0.7536931510954415
0.696152457510876	0.7217407111351258	0.21155853787069956	0.19016183966152345	0.12765985165096727
0.45712279649225995	0.4643311273611066	0.9523583037085194	0.19958112617108148	0.6886473216134978
0.23881455027820497	0.12847739350865983	0.5974010089264314	0.41814452129943525	0.5610234722906281
0.4363413963126008	0.15742638504387718	0.8686899947255081	0.03866606261917116	0.19012586401879095
0.07439339525343547	0.7904356758687378	0.4119129175308677	0.7629312823940698	0.24384296591250576
0.562467940114376	0.22997523651457175	0.5462287733592333	0.292683329439671	0.1631029616837576
0.5295342399333739	0.7058958146389541	0.060035526967971986	0.8028245082889474	0.8478334552859075
0.7911226526234711	0.16449624382137307	0.8009886037800925	0.9051787604147444	0.9251022684207151
0.17600477222797306	0.4103324962045508	0.7224176235850671	0.11097718450115135	0.3055661363480622
0.21135969806589805	0.9679155369289806	0.8955444268074322	0.5809151365521749	0.2451675700229805
0.40466633377809713	0.8186894882410278	0.22973620289316332	0.5988980747030912	0.2405737145667889
0.9499133395178134	0.1515575916405839	0.001485352014857666	0.36130969204839225	0.9218434564331606
0.8814084966003096	0.8255900499770874	0.255425819950597	0.590231758766802	0.7823714382920635
0.7366032030782843	0.3026593898111051	0.6973968725004642	0.5118468724084366	0.8991061821403548
0.1440302047177232	0.7233350799018036	0.7535101275929149	0.6217064267687961	0.7288006706963349
	0.08459252167244613	0.05756535042301203	0.8033680093164512	0.7534476687533725
	0.16444595236182602	0.701569779203772	0.8636525295540046	0.19577515690768577
	0.43340451223075727	0.5219748555377488	0.40733259863529236	0.737564295372902
	0.3404471127864479	0.8360361017077825	0.576383012940986	0.40667027296399016
	0.7673801436718446	0.11961945839236388	0.5150748755849639	0.754322140681082
0.055633501392957196	0.9617744193961715	0.10837992001602714	0.33611084447844886	0.4947805619761728
0.2639579385148543	0.24035180640175136	0.6850377333745475	0.1645373954573861	0.6976641273093493
0.07517800135531338	0.7025007393233083	0.49132200706910134	0.9166773307906687	0.7662031400179411
0.8536161814286416	0.6160306792949147	0.35209279969154106	0.7782970873991759	0.7727617625196093
0.4776057681999688	0.16372299517600253	0.6928510502937479	0.2808744087369377	0.9136401367662756
0.49585869351604317	0.9457781596707336	0.2732474808966632	0.45997845852429997	0.7793247874794216
0.8126524501708967	0.9828711268254022	0.8091584405723576	0.5165473029172155	0.7815796953056655
0.46087536814207564	0.1977836003306147	0.020209589136065187	0.6266761085884865	0.2744732723428329
0.10836874515533013	0.9554992716531353	0.6117657412487084	0.3968020410910611	0.08135224868531232
0.09675508267319144	0.6440895628219087	0.7696340064781166	0.8266481243536334	0.8398348042349982
0.5160570750186513	0.10670489398188998	0.7434887922673153	0.3952469893538012	0.22248759576422883
0.6760505611038367	0.6532829344242651	0.577350644926565	0.47022898916853373	0.08213413861939745
0.9551052961847911	0.9677031549826383	0.495668984255623	0.37837134700582287	0.17860747511603026
0.3464611760558197	0.998664996157238	0.20232190829200136	0.9396263798450625	0.3437457460653932
0.688484003619215	0.0672785777486189	0.28121669332858446	0.6634890488482051	0.363600447841255
0.22025730899949625	0.7875957938639979	0.3497318174393439	0.2674772675201117	0.44730875875001597
0.777842588737883	0.04815073489352495	0.6406436727669783	0.17897993468200457	0.8073176699398364
0.8723825161073361	0.46820846066059685	0.06635481966013823	0.27734250047149345	0.996966319270336
0.4487777553305776	0.9066087315478203	0.6466232668490203	0.19870171610438148	0.3560447517020141
0.22895040620607476	0.20733725776799072	0.974669759270534	0.9043346926065747	0.013829188831207428
0.059655981838000915	0.060945848606633324	0.782894426734176	0.6195985624328223	0.4510197815548015
0.7970673363759575	0.3220130583645747	0.019473198352505383	0.687444015467357	0.5243009229307461
0.5566437580319364	0.94115890865035	0.8503393148278581	0.4501087012858067	0.6318501152399446
0.7073790700971949	0.23626934384636455	0.6516727873779026	0.8064930754038492	0.4493674688078215
0.3049114449054371	0.9704754088507193	0.7435951915276006	0.14184640709089724	0.5951987004395225
0.5672661649692325	0.3697680388681528	0.6345734601207474	0.6630515864821432	0.19031667417536913
0.34530544550566034	0.09628240225642182	0.5540466171316967	0.029148211660462886	0.11359094082267107
0.4887266613046246	0.11256787604570972	0.7122229687077127	0.2741764149826652	0.449867804131332
0.9926626917364871	0.9920101587159957	0.16921584695531744	0.5995426028651868	0.4067053786028424
0.7607791547799337	0.5056309211149738	0.9027955087725644	0.7306909764908066	0.10549656761986348
0.5853764787897034	0.10367172160851534	0.036327113689124335	0.9801444904686148	0.2147993609131077
0.6637627389785025	0.17584173341311415	0.14741574635587695	0.09630858617588989	0.9985973612534039
0.9614654943968335	0.025367281109237028	0.9299242281100102	0.7402428759384275	0.11094386416247104
0.9134143747163795	0.4345922040594524	0.652878096483809	0.8315154887135995	0.5868271365846142
0.883555543754215	0.5628645517743748	0.3378222190791773	0.9851899167255035	0.1789886185149584
0.4351433342010107	0.5638493219206036	0.8403471735342383	0.5122250781063311	0.9821693710771193
0.2663015839231275	0.9505168764417639	0.19361082571113797	0.611396257318418	0.3733331819125374
0.3176448190656751	0.9584982221770065	0.10185822805550016	0.6779924089074714	0.38332117430284973
0.7853034456817756	0.07661995968859214	0.6458178704282156	0.7279459690778789	0.1656490028308183
0.08354792121743726	0.6551734348655521	0.7005856207414691	0.3880772875578339	0.5829196734828314
0.11046382991421144	0.5666014908105778	0.4458151229565457	0.0029431674231109595	0.8526028306823153
0.12848290849424204	0.35559687261343365	0.18498413236160904	0.8795553025388889	0.19316792656259874
0.05033700784696116	0.21474374182387412	0.021717484461040493	0.47690777867781387	0.23192821790090645
0.2683260252874854	0.8215815426595935	0.1912978338846949	0.4831372328518069	0.8775786965015564
0.9030147025507632	0.26529182829863984	0.22575550110778075	0.8735115967522856	0.23893082887056838
0.7092193798162366	0.7905499482965382	0.949849416371399	0.6822962849616172	0.8888331086071378
0.3271457894695806	0.3534522961666742	0.5726129471556756	0.443276515615443	0.9971884586238837
0.5941615468932222	0.4538894689474047	0.6663179547665844	0.8848297398110696	0.29184148710627666
0.7674102872561256	0.242990239720681	0.2737660316788425	0.6349449417558215	0.9709096368923322
0.3303139648233404	0.274500640410431	0.9273264147808152	0.6326218484337256	0.1255770762824031
0.05571806425121595	0.8859347119257014	0.8710218021833037	0.6706644838530506	0.23241023015611884
0.39441956072753237	0.48772427364548143	0.43122493705902887	0.6715804019213696	0.6580470236332798
0.513711878744791	0.6093965727214173	0.5439238657091436	0.5009618590835219	0.353145706349392
0.09701640020399804	0.6185927703627047	0.4883606976470073	0.7621587789813339	0.7896343179324903
0.7591414558197289	0.3843718606094101	0.7714484967961117	0.5438111022549285	0.23448151504540804
0.540891118267491	0.46538473152737736	0.5008537320300047	0.2228758135440686	0.14025861525527772
0.1010165690239011	0.4195774443331478	0.08111988789854452	0.978919769226409	0.7087137290354832
0.5662590534277966	0.06453088871481316	0.1922671659723263	0.15012617087314095	0.0876172589403239
0.6068483332120352	0.8456250058066378	0.6737902832533577	0.9453822797264142	0.716435990647376
0.08286359200187854	0.9354588697918103	0.5317313492148614	0.17844949437536595	0.21413533713495947
0.03290772507600115	0.41647566922836754	0.029168723721563206	0.24937821659222736	0.5783787329592346
0.12070356277392413	0.6699638384468141	0.9265194538490122	0.25980784446953553	0.019393521100355637
0.29309381933387446	0.15153717791619814	0.14376394552392113	0.827144148068206	0.5340876631102435
0.18577663603967343	0.6101591781196296	0.19592083166343865	0.1194881338082191	0.14146549947715037
0.3615554344352637	0.23880931341967437	0.48702548010187996	0.8899392269846335	0.8300453979978385
0.9590581126300881	0.6779879988073455	0.7245070210676963	0.40792273403793156	0.40505934331007176
0.7474998604286831	0.4596203354856153	0.924820900980487	0.8183188881797251	0.6089991438524162
0.09117477894924231	0.030382800820094258	0.5586792186975559	0.33790324293726415	0.6089698599416716
0.5900195003846158	0.4208509743134309	0.7987752462192734	0.8439583522993156	0.20238173215632926
0.8432188777672621	0.9944349556304443	0.1346331727075728	0.4733060223575951	0.524354594762284
0.6878559506765504	0.10553599468705555	0.15675592322585763	0.9747665088030769	0.7545468874532428
0.9591285196115298	0.5370312516101834	0.5077604402555096	0.9148768216537373	0.6325911793570597
0.17504275339787023	0.16832845760982207	0.3733119680702629	0.0475191448251685	0.8138330001442154
0.3896446156947295	0.7821056221085244	0.5369970674681366	0.794594166082034	0.5206591244916651
0.8742460946067239	0.9607263529469345	0.9135989728880947	0.6171547784988275	0.6560883845353311
0.75435917431157	0.9233079803887512	0.5062145056562563	0.22702667949363964	0.6891455793732814
0.016984784741333026	0.08762644733144087	0.8161539655338703	0.5813857751738949	0.8114667968287308
0.37912757443510214	0.3680191940610521	0.0006814286285511395	0.48883281850103166	0.7687503055272406
0.5753852872664947	0.7395777197474156	0.5140503446828115	0.002260328334409145	0.7632833527910089
0.8189059421190599	0.27439429329491194	0.8540670246569234	0.9752051670934329	0.32555411701322645
0.39788824943638257	0.1652292828838522	0.5349677775079119	0.37469381219171694	0.5582089554859412
0.24082573833342313	0.7834216550779671	0.2282175833756277	0.8003971811120678	0.918405547378696
0.806719732884717	0.01802476066485137	0.7519134129202748	0.7142071521422556	0.2057626071361659
0.3037596487925608	0.05554717473960791	0.11940354790203744	0.33548700420446886	0.80718822005776
0.031742720685971615	0.6618750942984694	0.058574217646787385	0.684141846468249	0.618656596820941
0.5556784737952197	0.943252804906376	0.01860465472925865	0.01071159593662585	0.9141988798895531
0.032757995115348715	0.5325327284702894	0.7307237774713566	0.8450775530943287	0.7703254834795552
0.43598560830292643	0.6056326099441087	0.9388864519744172	0.9701138523795636	0.9921167107078337
0.0747259590764271	0.6410387380434813	0.17687186155124668	0.5745343436809682	0.7923266017045912
0.4624964749884063	0.4063433435881719	0.49030005706894253	0.08495708863862683	0.040427844623301734
0.5286501563539971	0.09688107384193945	0.7489641991813494	0.3552335825632811	0.666645095377696
0.9946005496024303	0.4857989427431745	0.722118926134323	0.9205666879340015	0.8959424132113597
0.580648871278303	0.19593751297657802	0.5469754940889986	0.5943131519900472	0.6035079177231618
0.04470138689301573	0.14751352842165033	0.16662881829567178	0.952353805273316	0.14818954467972434
0.8672151097057305	0.25551953127449245	0.6067919866839562	0.5807121507652114	0.6911388226223096
0.9432642145092757	0.2540454265373767	0.6052530138757463	0.2820953855469013	0.11669889630499797
0.8338324099393503	0.8302306081142822	0.19875917731392534	0.2542146445095095	0.1727183125371723
0.9160209194266167	0.19502937892088457	0.7482842882295782	0.15084802002098385	0.8992468439868543
0.27501144646929443	0.7031966633581305	0.7284659630995551	0.7675931956925798	0.26225907355771017
0.9341891032079769	0.7723662642196198	0.04204315376464873	0.8069510518809871	0.6532959250138565
0.27005865601507817	0.033563280201551415	0.14840311710002319	0.3152506992808757	0.3101823460666515
0.9190482242899009	0.8046560664715476	0.7637111471249804	0.4343502224423371	0.40009803699151614
0.06205906872607281	0.09629812849057673	0.8051925882157708	0.12253026779372378	0.34948460971774353
0.46313086447056473	0.42256065913012075	0.7767426591593606	0.44076013774498246	0.8917895641378987
0.6852609100381083	0.3498650358933092	0.7782931062095692	0.3976625685261985	0.8806783739466407
0.29058552956220773	0.849859125981031	0.001188736419744818	0.07558704766496993	0.12262524708158418
0.4921491566979187	0.8012490405046662	0.8153904824134014	0.9474706546930969	0.1814790240583659
0.2494675937227736	0.5228310578499324	0.0719249390423573	0.49613386431374285	0.19667357399376828
0.2756466508596339	0.087266438785637	0.46707498094773603	0.4615775089341039	0.47941812247660354
0.4662113704502935	0.9335086201872379	0.2758419051267542	0.9214180752607127	0.9846080145566504
0.497898886435319	0.13265055733560338	0.11337665770294314	0.5054763745520098	0.21111792602448187
0.28796474637010716	0.9525660732531933	0.9669985892420118	0.1331667742946474	0.3646635305153161
0.7257685498733418	0.043556064974702324	0.8733424179953365	0.8830035359651204	0.3939958240361
0.9006369634812769	0.758675453063814	0.8063307263035062	0.8109506192569547	0.2319390677344496
0.1305184393250215	0.4844456103062539	0.1478613073170265	0.9082758821189032	0.757080510113443
0.9449234016074134	0.32724462592216963	0.5729935447148707	0.9657115737078622	0.8496427026664016
0.808943812067645	0.3479037289737701	0.6492614664315466	0.9494000587804365	0.6947739984866935
0.5016393026691911	0.41267067359703924	0.5026312915332993	0.11404349958206217	0.01082430984585614
0.09561238217940116	0.02964724001640784	0.34679244335905923	0.8360221241441791	0.008502536060448707
0.39342986044348915	0.23378499479422288	0.707683594320728	0.35294910700674986	0.7995293464895002
0.5195732013523369	0.11564942551100421	0.49887682522731613	0.8784465694263263	0.350933135587319
0.8570062416832565	0.8764744118143675	0.49740652235552596	0.5400694968094326	0.031286829494637236
0.41224644106853003	0.5494253447049446	0.9047989041538327	0.6666632148046773	0.7096328327302561
0.03173555153339891	0.11562159183269993	0.1243765355345261	0.17653952747470103	0.6780524839278179
0.05866754370399829	0.9125993491812238	0.5172948153938972	0.7667406975104673	0.033817333496293456
0.9631801963866143	0.019157081209235094	0.19736177781391662	0.08794441638928918	0.09289584046775556
0.774736921173129	0.9266858510271171	0.3864523800744448	0.009026003197770693	0.8337804979226551
0.6266558753117069	0.335234798387687	0.20709077076274607	0.8245026303261357	0.7425452083254326
0.14719286228556483	0.07996597328114718	0.006737164222373027	0.19963731997325274	0.04176060397962966
0.7060246283549162	0.8893117105491244	0.8924020560692038	0.34478623663063757	0.8637995732536888
0.05804177020305057	0.4822391903341299	0.5239022927207755	0.647997325652841	0.4367401615182678
0.702605681490546	0.6185449654928739	0.8855339352717986	0.2726375931000593	0.31576458632889715
0.9274357369525646	0.0874737161206468	0.5257306469586495	0.6968046945039036	0.13918695912383028
0.04679896696499408	0.5286908574889355	0.16314210791084427	0.1560001211152401	0.17601336866611506
0.6108980637527117	0.07156328644059629	0.6695217397250529	0.5789317394868508	0.7013065875942958
0.03355342451423016	0.04750014448785067	0.04126553152886314	0.2381610733960301	0.6806646050465215
0.9008306007414347	0.8186247491242432	0.6761286422074079	0.5136061009210142	0.6931065985704697
0.05112961229716373	0.48764009218831983	0.6715346564132526	0.9361617043011983	0.7812058265028863
0.8077460772953208	0.4031121687689534	0.2690833958146617	0.0531680556691696	0.23723893705708132
0.7965560720177202	0.34894874037006374	0.6131156107373638	0.6691111737290673	0.2931308835033367
0.9459983528246041	0.7526244536981896	0.2754534056993375	0.7703516842782825	0.03972396360562169
0.9305794499905915	0.024569349358447234	0.8951684165475857	0.4472671331583421	0.13386513827146762
0.026761340463490435	0.8267510498770028	0.003470814527087085	0.7923362193209248	0.7753277068634717
	0.6416340397393615	0.8521575185122209	0.19842723627434655	0.2933431122810882
	0.0665920291954678	0.20489069605568533	0.6840423756374979	0.39410661553633786
	0.022553899884453	0.8528465317623569	0.6881806515416498	0.5709881297256438
	0.7869717289839088	0.36138332033987386	0.46222212298949783	0.1270794843655405
	0.49567341029915857	0.08408720801803071	0.723712232543923	0.7821651079724213
0.4247454131723031	0.368739270189389	0.40459106046130155	0.8352976081695569	0.06916018342481034
0.9250323655198384	0.8513473577662768	0.5456466619654803	0.691161083680223	0.9253111624220468
0.8126441959710401	0.703834618765149	0.9790233048005265	0.8806513238042624	0.5856243121410848
0.899364342407575	0.07184294982910278	0.9421183862106999	0.9719570804522164	0.8718080209712497
0.15097215681723009	0.9151404043523969	0.5661759264445269	0.3602282454650131	0.64020997929702
0.07166030965260028	0.35214363206308386	0.6226281968900753	0.2601990873945734	0.20953422985708337
0.09913444636718727	0.6923407016511207	0.484230336524451	0.32339356984878187	0.19090163150524997
0.9649375235383365	0.5968600137385741	0.5283556150701102	0.4882293036174731	0.7044677518473579
0.9516069732191694	0.47282665027057214	0.3573539765014666	0.8906133914467598	0.7771739444132465
0.23131288462582633	0.10703049770949091	0.14781134720006417	0.21559615136732113	0.33518261207091327
0.6312711311121736	0.9313289785009162	0.1516254243308217	0.35914690776772806	0.4720699252999868
0.7723115479768558	0.6837812173423763	0.5420498026314651	0.32132649335185104	0.21430480422273002
0.4948508640211493	0.7934686871840626	0.25075598208323735	0.01105131438932605	0.27893515335827535
0.9577745515166463	0.08157538205815551	0.24805009849016957	0.7220832834779949	0.1775170840352458
0.308452238925652	0.05669070231545237	0.059820357201079366	0.2361614586757137	0.63139080719246
0.03325387713178274	0.7173669358688621	0.9903801773190144	0.6577472022611941	0.7552580102616562
0.6866245891939313	0.43129455403385764	0.14274263021931466	0.7162096858121653	0.5890411746948739
0.1679697751880761	0.28948808814346216	0.477357467676333	0.0766529543149026	0.10438789571699414
0.8108424837887116	0.9073862891866834	0.7994962262962532	0.031339136947831414	0.053425780458424166
0.34450035922283806	0.2310895421870628	0.5377917818907585	0.389232762221121	0.20713782733507924
0.9292364031964154	0.6234251392048784	0.34797315696743825	0.5413353461859912	0.15557497480565496
0.420880864569091	0.34053169566995145	0.08115001930380206	0.1527494963781193	0.6631210528640614
0.6001731728402787	0.6000589740846365	0.03836788420922155	0.48551102234860344	0.3100058552924574
0.18919194933537153	0.5286366332864831	0.2480959172124706	0.6736545925373324	0.36956301954039594
0.38945363238626596	0.777232477220736	0.3978464407106571	0.5791443687345209	0.569437277909365
0.288709359685991	0.015978113244403347	0.0745859277364952	0.597297012880617	0.6411035638808532
0.9723710666913898	0.18963410763053168	0.08771569750435804	0.2669129475807278	0.4223682814015448
0.02956637855676425	0.9957086991422563	0.17250205569262567	0.9854785444041235	0.2519697240829133
0.4386149383692781	0.5536636385266382	0.8060691194456813	0.8112966574984538	0.1484517415705574
0.30497961256081096	0.921586990126974	0.3232441023874676	0.21967095506490952	0.02693342482255645
0.22917920085793875	0.562087125085171	0.5681123488772466	0.9069168339383435	0.3405848321124001
	0.6374595680395728	0.1323430397901264	0.848250599691352	0.4028856620884005
	0.5948541260042371	0.22692319927717708	0.6747535231972575	0.053646654000511496
	0.5707628764599041	0.849759081948911	0.019119564927119526	0.5907779784992961
	0.6539106310005983	0.22839492745279033	0.10492061073083969	0.29242507013382224
	0.04019149852630677	0.14841048680936497	0.2965028441077555	0.6586539515838834
0.6460103141711749	0.828316365426647	0.1537741423977177	0.3149969534872431	0.2714235115497966
0.40582282484638554	0.05474415900700813	0.7332427875798765	0.3906829396189494	0.2926305287129837
0.3104416627002984	0.0746383620519585	0.22081772446778924	0.6899340069818866	0.8896237161535177
0.7085256441185469	0.43790153359679873	0.2228227193463801	0.5270746318252917	0.6189580293571095
0.8313752574128555	0.7612170342812806	0.09236330388624003	0.6672435192324072	0.24080456290536656
0.963257464403302	0.3192856809714125	0.6964819466020781	0.6272749186992768	0.39470221376833425
0.6314953424221501	0.11102375106692552	0.004179307690453271	0.5813698422837967	0.5074082062450405
0.5554640986252704	0.803001245561287	0.2735309780794757	0.21270856051457288	0.411365017615537
0.5225143361096225	0.5161634995555325	0.6127603737983665	0.10575876881477952	0.607086653866253
0.9922325131389504	0.22689961195698383	0.33165533734119945	0.1750536702729597	0.2066195363344675
0.4225954693789965	0.7220559190896937	0.7699694428392432	0.6574098413829608	0.23633141564589022
0.6439712196002154	0.7891356797265667	0.06635362312496296	0.3435592570166728	0.5410331191395945
0.04841569777750965	0.734198768495739	0.4149620612081326	0.8327723881589075	0.36255283039272945
0.3925570837199541	0.9571895298961949	0.014093925612019498	0.5443447816012574	0.7245533497612463
0.26760699476859184	0.9610211859670211	0.35366573416116187	0.9331634672884029	0.551490718389186
0.09660560588152489	0.803012983417823	0.12821916552428214	0.5367874235940829	0.7684220845688928
0.26534773387403465	0.5994220528806239	0.016374943565035216	0.4862560523478221	0.3523267800709946
0.7786001817745648	0.4458096851945266	0.21668707528153697	0.11769311444878705	0.6156904805285914
0.7881675828129788	0.335174911000922	0.6459562259295284	0.32490388399831516	0.845932498628194
0.6013453932198534	0.9896320662518038	0.21350999807280402	0.7696745279425647	0.3755447245861461
0.6906590619040045	0.024641433295843118	0.46449678843147824	0.11052714711994205	0.8998250762083762
0.5486667070259513	0.31391089948953854	0.4812167216261466	0.6189946485300808	0.016743964009406698
0.7454494866784087	0.5107559137380634	0.7861042800153587	0.18183574174331085	0.004584680686730902
0.9658440970445619	0.30569297882184243	0.09330630625062408	0.20568116628709543	0.5345890390890492
0.8623022680206778	0.673514954505475	0.2685932866951958	0.7749629626954226	0.6622544762150746
0.5806555408352229	0.7750422333908374	0.49016723997384637	0.35569541484094525	0.8728709895597193
0.32119689178132904	0.035615466989306066	0.6394558804944801	0.49919958354760885	0.7260102460444822
0.541094652682594	0.19746642653772084	0.24662732657267183	0.4902583924550623	0.8542407254718645
0.32541921262758633	0.6866340693705822	0.06982617138632108	0.5278013107695213	0.3953635687093935
0.5280456556266943	0.6797210901687994	0.5661603791840336	0.1925468581290415	0.3736979288873774
0.08379882202694622	0.20311381297891717	0.9682318717946814	0.11272881835425164	0.2492474857160789
0.49825643162658173	0.6511795325147802	0.32793996423553684	0.04119734028521205	0.5891158495499592
0.9785765323290094	0.9185218072841711	0.7500260879132216	0.3128864404182202	0.31908086957963655
0.9625557799334676	0.6677958796552539	0.30000282059787897	0.9596279529621748	0.23266025207939434
0.6867290302104471	0.260051765387174	0.7742930442602974	0.8651816542752142	0.6018108413911689
0.30210755223845653	0.1721175427598166	0.4207291119286988	0.7640434157125323	0.20437715939790935
0.2158621890119352	0.09061465764834331	0.17236454527705958	0.7789217423562949	0.7554970477609543
0.15092657653175612	0.5006126164866339	0.6405085351377316	0.37888483874628454	0.12051184692599315
0.30591158047917966	0.059661377560671025	0.6182851454947673	0.650722117598569	0.44159893533231853
0.8930155769866481	0.21808015444009388	0.3315633512579673	0.3155175866395912	0.12534806410318222
0.4369155180211116	0.21890420104842534	0.4376105878869302	0.8201583523376704	0.2484713193008059
0.7154028031324106	0.6408629302652199	0.33611329713354443	0.35118194949473636	0.783057084635854
0.253566221275103	0.7814622408813929	0.17619105050165262	0.012973387727496233	0.3498305438514242
0.6039933871863753	0.3921392565496086	0.255262973077206	0.7814041393781369	0.10470999225031474
0.8235163695957802	0.21750965826990332	0.14428187117764368	0.36792778378774327	0.06714283477910221
0.9217660491141575	0.08395187806359838	0.9914103049753972	0.26177099180377605	0.8349675963562857
0.049625425794253886	0.4349528168205976	0.6420194022246077	0.25414585094496644	0.7054001975008981
0.6585407479506916	0.07103870556529657	0.3897969722785347	0.06065742003565999	0.7595515294391848
0.4938131134071314	0.16503337863501022	0.6630379590450024	0.887068515376713	0.9044628184140648
0.12059995351412667	0.9764362809640371	0.713462943478901	0.28447685159920566	0.4235237203876461
0.5273587788004466	0.6547898888626517	0.4259903578222658	0.01020478452956719	0.5630934339724049
0.3434638548955229	0.4027017906023207	0.46925079932749725	0.23788962409510728	0.6889326677028894
0.09628719447517287	0.42310391824574056	0.06018152287092071	0.028488499838419168	0.4108574624473581
0.5575630654694224	0.32797765516123467	0.04195303148122853	0.8936666828093579	0.9970001668778811
0.7366401559881117	0.039979820989912596	0.8662124134722228	0.7877257028549575	0.5597249650966992
0.8818591132046997	0.6600575176052966	0.9073916548765454	0.1545483807335254	0.5658636474626799
0.14442127073865996	0.8911441888762612	0.6497914809899383	0.8391700583199299	0.535047222287109
0.9340562312076134	0.41026025860215787	0.6943116402300296	0.20861357352165244	0.9487826410537402
0.09280473530588562	0.07770303697624081	0.6142239094976962	0.406369852269146	0.23487101331727278
0.8433367752633107	0.23298118279592628	0.4033244756877833	0.8731800203684311	0.14213723909841414
0.28973355335858464	0.43154665697145644	0.08899594936554645	0.9769786299870057	0.8462978088744902
0.5527627379782517	0.6876757507429309	0.6068291444423103	0.5900089234805485	0.1492226817411585
0.9269762388042331	0.624491790190305	0.42088825786849005	0.5772719520177769	0.9939399393695973
0.4500451951117801	0.9454187923764588	0.2982895908995967	0.0003291648032393013	0.5020587358513656
0.09100185192504062	0.0491352257378741	0.41182003634342135	0.6596307640559389	0.16001652076816864
0.6500331838743614	0.9208557245269597	0.6780733682835752	0.8878960858841193	0.5349403930410024
0.0758592089082245	0.6212128040645774	0.3762975972035266	0.7272554803028844	0.05303446616921392
0.7561168486693713	0.8754203940911023	0.338768502156925	0.7619504138082197	0.4274126797172051
0.14359714613183305	0.5385998359670542	0.8440256849594393	0.3359193918519633	0.9667150651065098
0.6192677413067967	0.1121122549581055	0.24779225018720552	0.7114494314306531	0.7079463204229315
0.053575695143633806	0.1883980124186605	0.9252389263315391	0.9978871586620999	0.6728065382406557
0.7954580329613516	0.6120322386880118	0.3672336160903009	0.7614447385072255	0.22422268008241464
0.570174152657463	0.3724774880424355	0.11003493830599431	0.00796173816730994	0.37101784787579395
0.49932084163624046	0.9155977135331411	0.7601972102488292	0.9208511503454271	0.6748118349906315
0.5239430517905227	0.380801587285596	0.6860179498529902	0.9115165612976504	0.28743201160125065
0.10654120111311072	0.8473416412165797	0.6650387664329979	0.7341305858157517	0.4330110522627727
0.9730324982091912	0.8147863595292383	0.09402338605284277	0.8787501296703254	0.26889261638283324
0.7752309140296972	0.21921108396297684	0.3595774678492115	0.9732345781938431	0.6913712392673913
0.4460354172993132	0.5632542483449016	0.4865931785946823	0.3109317886992965	0.0635586785824469
0.9973858522133143	0.18666980647692533	0.04879687616552819	0.1030572959464181	0.8846975717723042
0.8378816096042905	0.4918908179963287	0.1358938504298296	0.5809154892873253	0.5922855645815321
0.42780366473615683	0.5701601323342812	0.9055479882453379	0.366462112398272	0.08292348669231786
0.1954223422684649	0.045289670551405536	0.3085318482764672	0.6907693888773027	0.6485386577142765
0.3383674777348802	0.704750654908453	0.8059296143542286	0.17508597386590063	0.36511720683620985
0.7192928897771091	0.4759707327101408	0.2750089107434365	0.05288280227153819	0.34313792036379476
0.31158083137742576	0.11689467686135169	0.4676169258285465	0.6481630585146901	0.6776977188890634
0.40426881615016474	0.36371881789777016	0.5147406679474797	0.8827586670573468	0.08266800604588709
0.23906308143979427	0.2523240194612013	0.8396593303472921	0.3266501010741705	0.5181574670849527
0.7539140471280503	0.26731417930265666	0.12194348300019553	0.2870928742513136	0.42455151751255726
0.162916991605232	0.936763871767967	0.09339446594344125	0.1669798012646131	0.26935394002971147
0.564890862025708	0.24760105173595537	0.9204211925153836	0.7962129773719926	0.5724335950945514
0.8972893814884386	0.6839445445191261	0.42643833679198584	0.28835044692240974	0.6175540201648912
0.12958286544019748	0.9371602592686145	0.6021741924514533	0.0502122782128972	0.8844866722784873
0.8806678878407828	0.5954988790953807	0.5293372370232424	0.44478860904097095	0.12145413759388946
0.10302441627530468	0.2378509895605324	0.9288711399954603	0.7505765439679485	0.7380219057714938
0.5432151582874063	0.4080353415992508	0.6848695197788801	0.44991438901863834	0.6414518377408975
0.9820827104627746	0.8997107381856395	0.6121445233815471	0.39283674397297397	0.7702279109011966
0.4764609457641835	0.1408293679429632	0.8403010149991127	0.33847898973436075	0.7526548901938347
0.7890123340201246	0.46099330143014206	0.26785755843474046	0.11478360707196444	0.127837277743736
0.43090477489108914	0.03264833507910703	0.3634892557934831	0.7431668426737498	0.08023189213397075
0.2203320638068904	0.7944686548974303	0.5197176138681663	0.6029944729655349	0.5720756102850392
0.21899804996265204	0.49674599909019435	0.3680907395328802	0.9099763650852335	0.7381370038686029
0.17116157694356815	0.3172936406698872	0.7267864424198669	0.45766860234686046	0.25143662990582705
0.10181069828594325	0.09969670563750144	0.43058843206542197	0.6115372764145557	0.9213585519958286
0.8283744991294566	0.9532743455842354	0.2077501282478278	0.4410616017623241	0.3281330644508169
0.5150722309482655	0.820080218433553	0.59461913357998	0.3883312733841495	0.7790426373725824
0.5238657411540542	0.35422206631716435	0.4819459773966883	0.6040812636233597	0.8127376058241147
0.7412855936811079	0.8658410894912066	0.7212379421267434	0.5701491661614976	0.22927476159948934
0.1429329951905467	0.08982438677303817	0.32435506533488145	0.02727482784487123	0.7748724417671444
0.36430193115152154	0.9812925861000272	0.10147685089470748	0.8838328408626371	0.7597410947508317
0.49082369776221857	0.7403954975532757	0.08797095482838901	0.5765678293749968	0.34828481737607686
0.12820250707577052	0.4836047952103498	0.9825772449670754	0.22502772053144215	0.715590959506022
0.9772733359828899	0.4652610311154468	0.7691036273996382	0.42424587022264393	0.74847237757514
0.009134089604692752	0.5428328263115264	0.5497496679116443	0.8000641548521084	0.18097822846635314
0.11765752922506045	0.8645766663336045	0.6478314402740488	0.7088263713303761	0.3383372068240147
0.9260728710236343	0.44246843191161	0.15052270563135162	0.6023606628025377	0.8598148433696736
0.2021659304274629	0.1263581259562485	0.8457597553898075	0.8223946320922731	0.6043868127483367
0.5908049401743306	0.9478137231468019	0.3474987851833067	0.8101601260930406	0.05036850708511764
0.8662337401171001	0.1407827929312926	0.37122366572917753	0.8672281731020034	0.773616812374456
0.3766889338645336	0.23813996497004586	0.9925818159563236	0.4238064582196216	0.5495666620002295
0.8663588594498024	0.6008611086415496	0.7564791605075153	0.3659382136384086	0.4317379323496683
0.061100172028829336	0.1515564138832476	0.8723751592035431	0.49449101864574074	0.4721785646868051
0.2609849187789389	0.9264873539227765	0.5043986209992037	0.37130078667790445	0.06228903786381779
0.3512684971502732	0.3252529514826089	0.6168766054201896	0.8697636491537238	0.05076606411841256
0.9561180754287238	0.4090502432352533	0.22726857511784737	0.4740051799128707	0.535822808934969
0.9438200624228477	0.7704491441854469	0.26018440848782776	0.38349535470768215	0.24348092284243372
0.7650289153974876	0.03515198067380054	0.6306122573900068	0.07818625697144022	0.4986483117238705
0.1486554721671003	0.06031879360537207	0.8094818886760948	0.8501013264652265	0.6153294018109378
0.9869671644167693	0.998608683867206	0.5378461725698127	0.6568761008519286	0.7608775459438772
0.9422925901164759	0.3539566614600347	0.10104015791949061	0.5264176020304194	0.9749463633954988
0.18855199841745696	0.41510412158441856	0.6973649195643097	0.7090150774285294	0.6274996402350395
0.35773621725625404	0.5584501385504117	0.5169887437069914	0.7202781554226888	0.9177004687327519
0.14380235426885923	0.6904643244387513	0.669233873513583	0.7908702105367172	0.22344392767496202
0.926878155093518	0.5173340777827391	0.8832152688305054	0.4701836307549714	0.11363272463390162
0.5155554715681635	0.4483218716709132	0.4213347543764824	0.5904220048034582	0.05155697364365419
0.7503327883053394	0.08126186893460507	0.6731181112824888	0.054207577055432	0.14219138981069224
0.14380606195876033	0.9634315138872488	0.8558948576523154	0.11222993752174981	0.6285750803108554
0.1015594893690146	0.5824171443945015	0.6386395609078342	0.7025187500329926	0.1666599117008022
0.09312002706974332	0.793895047234751	0.8154923371062732	0.21953291000608266	0.9040183868310603
0.020353430775090664	0.13748461209177654	0.8858130574108052	0.7200437836205675	0.17247564296825635
0.6105099017598378	0.17395729346347621	0.8559752346773047	0.44060429327590545	0.6755127754283097
0.3355020593823623	0.6689634862640751	0.8310933931193368	0.6003789891264928	0.9687836458230853
0.2539929914450385	0.7637694451429154	0.23569217842068013	0.08889624101078186	0.5150275754758419
0.6569455162676957	0.1579060170638158	0.21022221532817154	0.5778114239217689	0.3118499460338837
0.004200134209779716	0.9032900270236431	0.853378194787123	0.4773681497359227	0.03584616034309118
0.12651635187375554	0.030801485507374715	0.7959155008274653	0.3838901241698036	0.6366309362180524
0.2944544102037383	0.9991168132658789	0.8900740504815864	0.5985177022416619	0.5201996566506345
	0.48540254721562615	0.5955561216084777	0.22019966159322357	0.6733175150593654
	0.6288769103268924	0.4986064959978521	0.8596108740187581	0.5634495728595245
	0.9381525135793668	0.5174899496151627	0.4405698063701887	0.5174934029235843
	0.25856192378475484	0.6622363422468166	0.20097176330709554	0.8272456065551955
	0.7238690872981014	0.5860086700039492	0.5153469141890296	0.6689347538609496
0.7610009691450563	0.48061031855098224	0.6876463144807324	0.20340409064253084	0.5814330430133915
0.20350731003273448	0.19706597227408595	0.20241845088341803	0.09273383095340926	0.06941428261630489
0.13895867603684608	0.27926412472312045	0.08690043767616251	0.6441787228001729	0.7515627787280906
0.44692325254814336	0.7759940108097081	0.2824108759012375	0.5967015200240007	0.28873947704470204
0.8141183512824918	0.4924131528297626	0.8760536311594802	0.18134772673577304	0.38059085902925405
0.29974727678511115	0.5121622333834723	0.4889022482100608	0.4740613395460732	0.6642068097237394
0.08237929640422947	0.6792453549333919	0.24865841253338694	0.746349664453354	0.555936428281812
0.26891361041136497	0.8477444295640928	0.2981439014855207	0.6467405079012021	0.19234842922044448
0.12916589257139022	0.3353134259974192	0.3154409439582224	0.7246202049762184	0.8000624412193528
0.8861946283965311	0.8676190835045788	0.5612600708428772	0.41462427743622454	0.2707855060236668
0.9904414405573226	0.4790485616680783	0.4941050245259979	0.23998036239479226	0.5355302771385217
0.2221063076254719	0.9001806855051261	0.04132003807623974	0.846922569658894	0.6634505680826794
0.8110659909666446	0.7872846706924465	0.7236928709520416	0.37950258378546264	0.4749385299755735
0.8418317028817525	0.22575523962557575	0.8838384033591216	0.9814914794909029	0.7677969914089942
0.30563990213033443	0.6167424447649457	0.6176737163983447	0.74112939604815	0.7367670922523412
0.36249677543562553	0.7524723893008328	0.8949055254435054	0.4762541203059524	0.5636567927908458
0.8894254690218899	0.07644869549177524	0.5494158606477555	0.29258324280553016	0.17447882359793254
0.49211278156145855	0.7559024946452101	0.597996812003119	0.35344525681579964	0.8899437210119835
0.7931212740289962	0.19130377503231222	0.9567894792352178	0.7774446049952353	0.8383645555755304
0.7182788249161284	0.9049319673670053	0.10933906885329137	0.736108373339407	0.13174204981538995
0.699150780474418	0.78292760895376	0.0001581136852720766	0.46425074136898203	0.3153186524278442
0.8050480502665591	0.8241578056388537	0.8786006391726202	0.00804972960491046	0.7786359293254217
0.1869813196417972	0.8520839016058364	0.6896039381689943	0.4891446699995098	0.08674055886354137
0.604100753716298	0.4994247192841511	0.8171071723133039	0.6795363202858272	0.5801130200811261
0.2105249794669366	0.6136889067501863	0.838515378963489	0.1328609548275559	0.14849746324881496
0.11725851912135776	0.8409537988208905	0.00911629377021328	0.8467078292544716	0.8437574007755534
0.1964731531361984	0.7184434702486773	0.6809351561099145	0.49198083074608157	0.21640371322383145
0.6432298131052824	0.3568633924973539	0.5571269526250443	0.23684712145622988	0.8639502218878955
0.22373304500858882	0.3573071749505625	0.2795647862554297	0.802924528687171	0.8574355112121186
0.760953238596787	0.43796424004109724	0.3837837974804813	0.9405489713697951	0.48473353105621486
0.9663156637291442	0.5844293581477582	0.13729864585146778	0.5167588827963366	0.918449878933355
0.44054011925436676	0.506588544773575	0.5850267029052569	0.9832082364805428	0.6412570993769475
0.4334046130342034	0.855252207677764	0.15386271669682128	0.197129448045533	0.09966207924382431
0.9167129165237028	0.3714252870050221	0.42722293111344734	0.6532078221035064	0.6916402886933555
0.6491782932512382	0.20742726203519624	0.631171843262121	0.8998921036170316	0.7240716095059363
0.798173559512602	0.6267046838317457	0.838303845510016	0.2020239489592338	0.14455850623910538
0.5423170967475016	0.007062355838506451	0.7277614897834458	0.9402366473504266	0.7655306199993155
0.35590426068090375	0.5703044709873296	0.2665487281746761	0.5500809348944764	0.9397893523254928
0.7345274172135402	0.2985805652175828	0.8001498130624416	0.16195986373457472	0.9770928195097281
0.1636714714074855	0.5500284698267851	0.7235181020033944	0.9807265264027192	0.40679378911503195
0.898532893771493	0.43366872418094604	0.1456487024808244	0.04827795351925712	0.27074948603243
0.14483825763539548	0.8484014615800939	0.6229921672233076	0.19677486153645385	0.31014771471156244
0.5995606156463761	0.1796544881758485	0.6522473172122696	0.5828392411816397	0.21782097080984242
0.8851614095305346	0.9481943625114463	0.4380476466612485	0.9107586299044113	0.3781226828414396
0.24709651755333273	0.42181541541608236	0.9989031829382592	0.176230436216109	0.41146520384139573
0.28283070510426256	0.4836643264012025	0.2060159007723129	0.10609566077483767	0.7213268569975209
0.047178713680397055	0.18359404553765968	0.8968046279758478	0.8812660807863503	0.9040250464709796
0.7332663096365089	0.7817027612549057	0.40790324160252367	0.030400868184869756	0.13926854877083028
0.6087728036851907	0.08931402219101536	0.8392007197907128	0.47313029555345676	0.47870927645685424
0.5908683173049741	0.8918626992691386	0.5857982034315036	0.5830121940276601	0.380603300838004
0.3239675771762547	0.44885612772214645	0.2476252412505584	0.7729254669833688	0.877723843155933
0.36030606123477404	0.6151800915645071	0.5171748690211938	0.4149932763206653	0.6465341526514382
0.8955741703099606	0.8857296180039742	0.7412041469833404	0.641850033162643	0.5512427271951418
0.3169554965030983	0.1142000321388702	0.5343259467035116	0.5484570264209792	0.14638440451711987
0.05425536517626328	0.15823418595913696	0.8436059989344642	0.15817332112307403	0.30301868882381267
0.9307897659448001	0.05009337322193108	0.7708593897588545	0.969504136665835	0.8708933621308721
0.5920754088678913	0.468525778393748	0.6339143508182413	0.6473366166829386	0.513996386853368
0.9757258584010354	0.09460358422888404	0.030596151916774894	0.7371821074782143	0.02922731092809905
0.5853653208633477	0.5397792354144317	0.13652971720945728	0.7754238738994721	0.6952109184863565
0.47735063092232066	0.5617551938305642	0.660829442370155	0.36556755024858545	0.05494393761035621
0.3622646210109767	0.6989108425366417	0.07223546828054206	0.6312419992079112	0.5715555165773022
0.6827437007996565	0.2462427261873561	0.40416074123946577	0.6022175690175218	0.3111178492454464
0.39245668651101706	0.9914873980693324	0.03871827850706844	0.7353367178769549	0.6676446410840041
0.2079152159644142	0.18789279509890844	0.22369713924392687	0.03844226132391759	0.7538008322850268
0.8844045502228621	0.47822578278283423	0.5819445015754755	0.9674203917995478	0.39261557453872686
0.6077665069403216	0.2714681860671351	0.7183970477975623	0.014313029771478303	0.3897963306712877
0.08365368124979389	0.6146918968524062	0.9407449959458871	0.4841128352357653	0.4990599369149491
0.10259149806727941	0.9960568310828001	0.659031153111365	0.23324578222192938	0.459775029596299
0.26619477586811946	0.8833436047412939	0.9002212910028766	0.5120813589642982	0.7086695673983167
0.36402258953446476	0.9266449076993155	0.524820714271099	0.9232372765540857	0.9646974501210088
0.47637710874258565	0.1056867174327295	0.16387880890040296	0.049805659019643955	0.49886710744590135
0.40614150927997206	0.4807281400175757	0.1951919026576837	0.12151711103129192	0.3922794462598601
0.3748575628889663	0.4014756957642477	0.0032524611443847107	0.2950978025579494	0.42622878105205086
0.10872008994913174	0.2644146542434703	0.03540573989562201	0.7022140543163292	0.7872130537070751
0.16171887077901592	0.9655170041107246	0.1232042359327512	0.4804673052311754	0.8981094810320883
0.5104300679263574	0.5161374434171342	0.45246811509578977	0.6319519780904387	0.25707291564115053
0.6360561142787244	0.3645590727488197	0.945545344990002	0.2283176266398662	0.10749632697375111
0.09337328849361903	0.7374482585254137	0.3124406032269872	0.7413835503955131	0.31043121765216175
0.16903402516998156	0.23190191454798859	0.8674112098736025	0.0009292479831256584	0.22714120512631564
0.829252064878955	0.9398720766015823	0.10658842311753891	0.7326715089965644	0.6066331368196993
0.8741834578629322	0.927471269876173	0.8722877877221289	0.7194377336603696	0.5301823353412264
0.2938166053961273	0.9438393437264204	0.28922687662558333	0.6453489697713078	0.864281034860336
0.5963397113069644	0.2901506674791118	0.7833447225636947	0.0842040888787513	0.3678093654799315
0.40700527560622535	0.135659854972787	0.287509717775271	0.6137823527843338	0.8021746646412552
0.4586478926389418	0.0729268688268232	0.9594435162984195	0.9009772499942639	0.25224588219853883
0.6267103156110526	0.701064740266694	0.27595231209461835	0.18456352692919464	0.3583162158456955
0.9755365454433863	0.7711558385315478	0.1803232987824238	0.26213479795587047	0.0798278968126579
0.1770117994160223	0.0768446555453004	0.5959939843377031	0.2770027412072038	0.3730764283677822
0.10340489300271227	0.9757165669055565	0.74125881426023	0.24077943198765106	0.044167049224890675
0.46205447416163414	0.7101049023293506	0.6682841245503561	0.09030862454352728	0.7033153267108249
0.6053883718121558	0.3931341409871304	0.3360143933096408	0.3667905309807372	0.8380872961715677
0.40090153515652727	0.5926030602901967	0.13451520719553167	0.19321533472308394	0.7379003752118606
0.11635843184301409	0.15754112332819492	0.36006653701662195	0.048296954956239646	0.22339071554695322
0.5186028859414011	0.5535595154647255	0.2599922430226258	0.7130059872018415	0.3779863655141118
0.6006113564568778	0.2009531306350527	0.410460287340345	0.15730253876060185	0.9611664434787235
0.9935813027872693	0.7763748403580161	0.2267039123311878	0.23569977282109011	0.10697157333140539
0.48788888228929017	0.6316012784163919	0.735063881320751	0.4056167241299594	0.438648289789204
0.3100583851280526	0.21444155907619966	0.49605133379178556	0.8335706058320268	0.058121159124637334
