X0	X1	X2	X3	X4
0.574350383207996	0.42112159168711744	0.32614877575536555	0.6512892940604389	0.6428165795436928
0.4460947587409666	0.376993067972623	0.5063252303692467	0.4500026631806454	0.4190990180286317
0.7436540799124781	0.5440656799895996	0.475155537449633	0.6738922173421714	0.5147335708865501
0.44243450793082245	0.643128026387377	0.35748925193978004	0.36260044125865537	0.44443380915745284
0.3577569912092567	0.49825970814418774	0.4322010164600875	0.2632617155960312	0.5521602677378212
0.3976992369477145	0.35944372262106195	0.6006685965174691	0.8068857829259936	0.4140434167479369
0.37977418783241945	0.5308929255494688	0.4918418907106965	0.5455595017414955	0.6582784012873716
0.40148104808614443	0.4996357256613548	0.4180492460318865	0.42479277927532644	0.6516118327325402
0.36728092551095076	0.6377321930872824	0.45340538754841514	0.503739019527004	0.42325229250722923
0.43070959412917714	0.6933010822995643	0.5081384059184908	0.49140064713795306	0.6031453994421073
0.2769507409663882	0.32566964625694944	0.46541565642474053	0.46689897278283693	0.6521095189751425
0.6422548591922708	0.5222019808561806	0.3954391615695367	0.3738942282499761	0.3903602033172439
0.4484654001195077	0.5587898848355377	0.5672396783386802	0.46014414640466866	0.777022370639052
0.6959084014327224	0.4593314565626746	0.6542753174046125	0.12465243591138846	0.56695997144316
0.30920209908773977	0.2721070566934288	0.4256625791095437	0.5697675255707065	0.3620903578320644
0.4912950421800177	0.694949744190757	0.6045547874116135	0.5034740595205381	0.6040949518765383
0.3206834041470308	0.3843014175854275	0.1342346355100534	0.4968875043755347	0.47757918772369806
0.5333555623450624	0.3334955059073184	0.2854506052525696	0.3968648503536028	0.37660096512843483
0.661051218834728	0.26093796688607407	0.7927567167217275	0.3708982957906312	0.5721467069559426
	0.5020754104342815	0.7449890453907501	0.6753783094956302	0.12326950498854958
0.48258586396038755	0.3598166549871299	0.33974762476483533	0.6617319533258651	0.4589447349346374
0.3122463584341137	0.5515388443582279	0.5284844488806641	0.6124062271955538	0.6910480437233364
0.5735732793501579	0.555700727372002	0.8538571171770793	0.2623438343249438	0.3636925941260389
0.29929789663753575	0.3058380016157506	0.5616423480593339	0.6570982875635029	0.5294849715445655
0.466965509949605	0.38290932156684626	0.3261777609716557	0.49072857277568127	0.629897144294244
0.4538995850654808	0.5467087090996453	0.4425348587773428	0.0815248091474261	0.699909795597644
0.6170394375253361	0.704701919766485	0.4869439756340733	0.4407230747036909	0.4715401752246978
0.32988865930073547	0.5786277600563722	0.2339303067347654	0.8448384601501746	0.6763944409441927
0.4618310611870772	0.37482911394372526	0.6494834539611568	0.7127149169661975	0.31903195013073204
0.5550635929754592	0.3070350720388181	0.6469104716460303	0.6263361091458056	0.6246724464238058
0.48694115087473216	0.3647300543128386	0.7800703301166155	0.49566717371363794	0.3235543625950533
0.5870767037180326	0.3093562144758462	0.40744689658078165	0.27520294103364806	0.31049258080871583
0.5896748046724222	0.4674368807042321	0.36927368439242475	0.6461108488058742	0.4610436047025006
0.7570423506836221	0.5938486476802389	0.4911223666378963	0.45096171104273897	0.5369803874333684
0.3755161036668827	0.5655429818482035	0.6137492137628567	0.6364220809816631	0.18685966385438946
0.38017871936286535	0.7007299816529138	0.5830437505539271	0.7141697763782106	0.4777139354865716
0.4689716823243144	0.4348012920234094	0.5360765883750637	0.34320128301783065	0.6421417359278373
0.3243799875288372	0.48067560345238486	0.3886922647871649	0.8228971250226441	0.6302270350433411
0.7690678587873595	0.4116994578301139	0.5711481617339181	0.3563524912013185	0.34911842188151876
0.6958944143799326	0.7092115299986306	0.42190929866715654	0.478939210076522	0.3247487904153009
0.734584265678008	0.386968943267319	0.5122187961802384	0.3982406029713259	0.5644829491413184
0.5617305494223964	0.41477574522734795	0.7006948129911004	0.521404310341887	0.6663859439821386
0.5048461332783726	0.4460252791458878	0.5207639317155495	0.7670244589430527	0.4300915360396806
	0.6561107502095309	0.45746663834148643	0.3253906397454517	0.6150468970685461
0.7681854583222816	0.5715110268107474	0.5182795166492679	0.32774212731022323	0.43335789494277765
0.44474266436061255	0.657452224448389	0.5000934440476196	0.7371723211110495	0.40359017710513545
0.42604177777220253	0.3854318894510824	0.9323478102642504	0.36380971760918795	0.5968711601879675
0.30568139894014373	0.5300705613747665	0.745233431200919	0.7295106292026186	0.7176798302184266
0.6188119837799263	0.9068815783847453	0.5457223932089532	0.22940231985716494	0.6338741172327921
0.7375700585002645	0.5328583895025802	0.5036940730078903	0.3166499049548182	0.6027448549782397
0.6366084252645523	0.7169577651906934	0.4744995634142608	0.26307949210470905	0.5305978986728294
0.2932775859116854	0.4211192363981199	0.5933390809652319	0.7345387933369804	0.2819230204843898
0.567031027208	0.7497624902963832	0.3467241615292645	0.7277476561128106	0.23237958606673642
0.41599963933436307	0.40240255962586663	0.5328357921796169	0.4545635561102374	0.46397832722044796
0.5626077308769108	0.5403758572516798	0.6036086535675056	0.5913896659256895	0.3270889558659996
0.48492982208061314	0.537274576459556	0.49357051431684684	0.14884790236506784	0.231906424250249
	0.5892915451892226	0.48559923392574184	0.458697363480969	0.22226061267534136
0.6758395405011618	0.6095388677590541	0.6014190902446062	0.35037464140150304	0.72330793963626
	0.3268810266352511	0.9912475572516286	0.34536306928313165	0.6743975169941523
	0.3503232276400199	0.43402641253423674	0.6107412759599958	0.49735304604934905
0.6153151267468985	0.531489330673804	0.4168232771423901	0.5478801672510635	0.5557370761904087
0.6747628141852466	0.6494554391165711	0.6207636487768543	0.4434266939253176	0.7922394297237321
0.9112439632978114	0.2931098100123111	0.693674745209052	0.5218549538730625	0.5782165913678251
0.35382955434637703	0.6245242941856293	0.4708361040623146	0.676615594199594	0.47840744556153164
0.563594004774733	0.29756005083350817	0.25735163146506534	0.19722470669055808	0.351840938506794
0.552054950909021	0.35417135566184327	0.22685157376898235	0.3803298335191825	0.5728414016241902
0.22585523276926672	0.5979687551997749	0.5396296417712694	0.35181899330330296	0.438418496016013
0.5785287536401001	0.7258184152442938	0.8234435741938356	0.27348023593830073	0.7615442479074515
0.22808147692955305	0.6284382745209912	0.5157468722161049	0.5546518536928383	0.6138542498593358
0.4121994403441274	0.52947703560561	0.4659602788889889	0.640901459223908	0.31516187686458186
0.6449118344081008	0.10008723473466424	0.5216212233915519	0.3680550056815065	0.6684721600524709
0.5730287418794517	0.3724738642730213	0.5436433843536006	0.7093654599418697	0.3450874892669751
0.5495977704165896	0.35147659712608337	0.21692929445064896	0.3295950678323263	0.36476475360011634
0.42641204705416036	0.43079896355766917	0.5782087740667793	0.5818577035561988	0.2522317984120627
0.42842079791618326	0.5037751353382767	0.5363435342544319	0.8101545705202888	0.7560542658856293
0.47266415086478364	0.33833194226998914	0.4952909409419306	0.22156854466875803	0.48121944817972717
0.511224152568421	0.6219720970340623	0.5005446995852181	0.47961117807978854	0.5087587911617384
0.6729646460186439	0.3681579125546846	0.41037793199455813	0.5403612954554378	0.5895202627298928
0.6271224682803659	0.38372419189850226	0.5295996114679913	0.5263214318622382	0.48294767070622485
	0.39474880672430607	0.731664929791146	0.6882795785406642	0.5987377002814431
0.4262470094064789	0.5600621133569046	0.305909753425883	0.5560960248764594	0.5674210816599276
0.6384264356863656	0.5806915158917412	0.4786829041560178	0.46619296984496733	0.7913669993186152
	0.42285688422212736	0.5492670393318998	0.46892440781421135	0.7629801624638275
0.6390160614592102	0.6883806915274069	0.4913534473394546	0.5779358413821677	0.44325038497940933
0.6383840262698087	0.47908321386378533	0.28007125619540607	0.22697970919430785	0.6586187554789746
0.6279527582674106	0.28798981914738353	0.6180458698953595	0.3595790064676133	0.7684850434957543
0.4617715600665037	0.3605213010938528	0.5402558350218079	0.2192145196714409	0.44081714937667504
0.5245851084193957	0.8027688838832461	0.6553201746191373	0.5536406142027074	0.6050229727914983
	0.5915289687382514	0.2455536824761378	0.41346602409986394	0.46532595091321965
0.3625858926557106	0.3872438755778769	0.4356164794329173	0.5768578939277802	0.4875073794036806
0.6874841498837624	0.2819637659842941	0.5468346587340458	0.36534432736259664	0.5648988016537244
0.4531501177294028	0.4258769459012431	0.479968511190747	0.43302212154799996	0.44368875989657136
0.37382759783305436	0.7499502573315371	0.5319271795699468	0.20131437292358054	0.509821497402748
0.2232579767946096	0.32353353404319335	0.6585848225321284	0.3609651939700429	0.31959172142764297
	0.7583777377535379	0.3919077321345221	0.5559794745144191	0.5082249671753097
0.5287957436103549	0.7178042510801478	0.24392784602720555	0.6151322659730427	0.31115120587973927
0.6612532049751919	0.56157998716898	0.339232792834859	0.4577952903411995	0.529790861210904
0.4970810517776511	0.5368247236459907	0.6448064285354896	0.7401582939768961	0.7014357811367918
0.44350817085425237	0.371565638188933	0.3326207247714461	0.5129166560021318	0.4609705485110352
0.4928064346494533	0.3646280397878728	0.48686754117892594	0.38482025225394834	0.6039115808270524
0.40919800771913867	0.18287896396411474	0.2884209969881353	0.5204308882557913	0.5391652035318937
0.5339881604274137	0.6007235160186364	0.487547487428938	0.4378067994751306	0.37206960694198793
0.4989508111298602	0.5508208141603067	0.5324344534447397	0.4350824808030925	0.5201477351115862
0.5480166630446804	0.29545866544488436	0.581639475926648	0.47323447130105895	0.6450300190507713
0.5088577293176221	0.6566964232176761	0.5569213070353515	0.4847157569392331	0.5933444376313539
0.45867228742184796	0.38611623436336046	0.47088766844716573	0.5894828780931671	0.5447390549611772
0.4968767095336441	0.5215116277699797	0.39054257053950053	0.45967174235696867	0.6442021406643913
0.543400295311332	0.5679608897211387	0.5514869315988199	0.7191955599038052	0.427063797025321
0.2757767201026631	0.44491838087627017	0.4179692656004408	0.7428118774498994	0.5625113100853975
0.514946030272962	0.2931461286531454	0.37776075438270507	0.5086384385130508	0.3482452333539839
0.5924013106557009	0.2597211956533464	0.6626628281398393	0.4338276639721993	0.6694877500537767
0.45531539540444266	0.3845333283346496	0.25781529134865516	0.29557899527191156	0.4526410939862214
0.5303735182441016	0.4538138860323727	0.4048416552707289	0.43775743732523886	0.7221162955555093
0.35952996954937116	0.41554730541292795	0.5176088647183219	0.6346427532024249	0.3353513059530252
0.41121570138966096	0.4658047937803937	0.4367546766958175	0.5209950910148903	0.5540671788972751
0.573585745447586	0.5453714115345414	0.5503351967478528	0.7241516921815863	0.4178740312980934
0.5990442319314121	0.38761409517954676	0.5574619460218315	0.4745983067436798	0.7653356026661957
0.4216475198740024	0.28956363642059063	0.44086257471837254	0.675065820347843	0.47260994041903576
0.5097783742735447	0.6667926599541585	0.3138320376601682	0.5925789745053921	0.24611366268190896
0.38290693873044185	0.5036673396621368	0.3745486236576961	0.5449409584201194	0.6491797822624494
0.5696883315691456	0.5677492943762277	0.5788349931879678	0.4567770644029165	0.5761067722141059
0.49359684761456774	0.4510123502977939	0.6875192144096968	0.5326197388880245	0.5389585620099892
0.38373200970227783	0.4482098452336939	0.6080418436940508	0.7079932014428588	0.22944495448821722
0.44049812447835324	0.48758755182861874	0.42347940851721183	0.44727909162363827	0.5153814290715583
0.3747138012061908	0.4437378769807415	0.5392799598702499	0.5910723157711577	0.23151100871605457
0.4053550385426025	0.37327059058354933	0.4605651319329912	0.6843984061628122	0.5116288512733701
0.5502316856284342	0.5708337481400758	0.42097350600067224	0.5957598428104047	0.6265903650926306
0.6959789732126105	0.45517016047518427	0.5260106772641566	0.623709832818089	0.5429035828142226
0.3812461712184559	0.712505804697508	0.7047526836994339	0.34813139719452946	0.2849006059033676
0.4116310939059652	0.4764066428209316	0.4334140707141417	0.5499733836498207	0.34387559575048215
0.3266416599209958	0.5919167084835146	0.5893677938322615	0.4171910895620752	0.5535967443840438
0.6154033242283774	0.4851598150767768	0.43983860640879147	0.7219060423317261	0.6260622254229994
0.47035902815589625	0.35419552539456667	0.4710299986332481	0.3970366003511391	0.6602379951865285
0.30830016693757123	0.6444418842913653	0.5124834634820047	0.3737196203744182	0.586242263151404
0.45378217516014724	0.4461313924241449	0.37053986352095475	0.37588472780610055	0.36569510026485746
0.7137439410620865	0.3933175157354735	0.5135615120072059	0.5767063035261799	0.5866428493508196
0.4152063561529224	0.6904412752151343	0.5942318948695111	0.6316827925894336	0.49602608997497644
0.4894878668366775	0.5133726648260302	0.48268056171006585	0.26165052008996925	0.49940673610569636
0.8024560932332152	0.5945759186636633	0.5626329961707546	0.3303149372155802	0.6148680907765649
0.3689562475514155	0.0	0.8485439636235554	0.5690199064295841	0.32473172745588497
0.2615250040942691	0.293276943893232	0.3820869795779195	0.44130822124068875	0.588014144877428
0.5727447345842864	0.4918369757890187	0.12876881034515755	0.5803961280855464	0.25260666511565116
0.5039988829511223	0.286568918966285	0.4147722181131355	0.530914996467219	0.322463567697216
0.5260498264458451	0.54852454631156	0.31898281636552883	0.18971793217833818	0.39713524639528697
0.7010946162949758	0.4055129956266824	0.5026921640883433	0.35891446893927137	0.4083440125324062
0.3425748402644724	0.4007603990071678	0.43288009966712515	0.6533407955118864	0.35187202264329354
0.2653157047933057	0.42118440620004943	0.24893428790097533	0.8329589494490955	0.35870936368513445
0.4849845576488439	0.5629781952273509	0.5261465054935801	0.6202803805699934	0.7735875158955358
0.3725062452004655	0.464199972263224	0.664521818711041	0.517208075517582	0.6742192043629833
0.5069795653284358	0.4883098303190203	0.41040482077368984	0.6715631084640368	0.2284713371425194
0.18765007743969156	0.4060190756970715	0.6312569318249964	0.7329438846852614	0.38872425708556513
0.6223281925539188	0.8400452785290257	0.45186951954720533	0.5935085611433305	0.6052825533889169
0.5837963751375844	0.4742180031383636	0.264431615649045	0.6107106935952699	0.5802732517482262
0.6620675717875043	0.2725893848544365	0.6052417751947037	0.674985272453114	0.5267253885926849
0.3160241632948785	0.48658195393490583	0.5448749400470378	0.7292309160435709	0.5973018939428808
0.4075345003871215	0.4249087677074813	0.5552473820628542	0.42775573051320914	0.35162416329336105
0.662485807440161	0.35984588459545025	0.6142541087302061	0.28515765153438966	0.6326402601168923
0.7310057017210911	0.5502816654562425	0.6067344190981576	0.6067163034104394	0.4226368407374469
0.5110149088325351	0.6241699805519034	0.5705441637967353	0.40383197521441894	0.611421670015133
0.5775572354910599	0.448438093592355	0.49319575645704483	0.601681555087245	0.598883088522528
0.3460305486538324	0.5364849358019124	0.444671300794451	0.7019300717974196	0.40032627191250075
0.7386567515530366	0.7544808554498824	0.5656799406909161	0.4642650109116649	0.4498931236348031
0.2870418690204004	0.6757301794000132	0.49739584748861765	0.3694278636559364	0.40007683253377396
0.27788716269474273	0.3261223500405149	0.6590358302191319	0.5383874379292015	0.6109585523287064
0.40374392573232787	0.4690418753858537	0.4721079472983126	0.46410376135745324	0.5392316246465981
0.2750422799704251	0.5715086731554083	0.34036163036573763	0.6074211070600586	0.6217186155816627
0.8240164929149749	0.4976065413147625	0.6236375918684192	0.4689349395421497	0.5171919996612868
0.679891135258844	0.8984249030945617	0.6302662678735209	0.44213169034845395	0.4785660485377962
0.7329135732257284	0.569013002641757	0.8210857834634815	0.5120060974127788	0.5895189824542172
0.39233037881929145	0.42882515480144695	0.5713007133848687	0.5167540543286152	0.7112388374259078
0.3215722931408554	0.4201825258980552	0.34638385837924673	0.560426155867338	0.26352143111880383
0.5037424743393764	0.36361863878083633	0.5137395382999743	0.6159134538326468	0.25188795304006945
0.4724347515522627	0.649700055425873	0.47774471076544783	0.6640407644989579	0.6185417027621724
0.39452456438866784	0.27397872818169056	0.5305268991237492	0.43491421108727274	0.18910885157481538
0.6901627193220344	0.383073011261095	0.5492178251877743	0.5387660495478415	0.2966581219772149
0.6276491960966686	0.734689377726857	0.5548861661503137	0.592653483867531	0.6966512837322354
	0.375379400058324	0.6381845051723883	0.4762768555740898	0.5159367886993566
0.6088344750432356	0.39066569374285065	0.4358167350732579	0.4342400629573972	0.5723892759557035
0.5982736113463056	0.25331161557653287	0.18911103479172572	0.5572864163340935	0.44182962793511127
0.2781543910886649	0.6237874091945483	0.5449379563430801	0.2554247803672013	0.386757626751545
0.6205974037490526	0.8031979677685285	0.6339487073764982	0.6531825749265615	0.3606517247031673
0.43220679174294485	0.510418446511921	0.45546176773285457	0.3833554620755447	0.7283260353945925
0.5336447104966751	0.699328792056686	0.5628910584052758	0.3929882359387743	0.24734984928670717
0.48961075677661386	0.301328098669718	0.5545940786546012	0.5206047920984144	0.4398046021409354
	0.4775700545354176	0.5824421266740821	0.7105235481955715	0.2562071938046505
0.2687192106207821	0.2767679331157952	0.5426024202620144	0.4609781939512496	0.6381246313992306
0.3433675822907322	0.4878502955591647	0.5878914496439999	0.4537086591057171	0.3563423660233796
0.3749974005105298	0.5325582449233259	0.556857840852615	0.6728659745949707	0.1941644929105376
0.3102710463882871	0.48809911882773005	0.4222218799141188	0.7067488142801267	0.4001270449284519
0.4913819557245329	0.45220180827517925	0.4795732742226696	0.4028096609658267	0.5081027083234313
0.5922488431182171	0.4580378271696503	0.5195204409184461	0.44529478697064767	0.40884915705282004
0.45850930682417673	0.5317195101945451	0.2880548306565547	0.7314232586662249	0.6257046109692113
0.3428683177437119	0.5557633210136081	0.7507595387856619	0.5339670972798655	0.4604606659301446
0.4625122619991611	0.5771005891109017	0.4800728724476045	0.4356419240292679	0.6103267608779417
0.49790117861087807	0.32826076901134027	0.25609286205261644	0.5472917311788685	0.6745509098368834
0.5487332547295097	0.684434832506186	0.8285517833835256	0.678345603242502	0.35099194532097383
0.46533949472986025	0.5449438594910341	0.3559112628817882	0.4196511496536635	0.4925713020185094
0.7147820077620514	0.6152293890707216	0.23669760772597692	0.6145393018001537	0.5491113725288969
	0.3947324406340005	0.7157899297029864	0.5648240617870421	0.552928883218804
0.3958385209550851	0.7242689978814617	0.513744230735165	0.5192044500869033	0.5728994654151831
0.4217109366847255	0.49032210321881475	0.4239418141764095	0.4445991368816997	0.3805784107771075
0.4723456270573893	0.5043792030851525	0.24264660143382277	0.49504878254642815	0.5754425982921126
	0.6919468669853995	0.4311291899389625	0.3023051601579944	0.6064215896294205
0.27750605786615135	0.4347099066999841	0.36443535189054305	0.5288363863422445	0.9886933173869504
0.5525987917608975	0.30088168226024026	0.6672799551246686	0.636913981437273	0.5130694738173825
0.5081926637409231	0.5855922513415414	0.6476356610487022	0.42861221705433217	0.27564691888872195
0.4240212673921495	0.6360627068930167	0.34880427032726286	0.5232781160781883	0.4567373585777068
0.6692394107357102	0.5172294542683883	0.3623253976350568	0.40930164946805603	0.4980014452900299
0.6866290553907247	0.6644598903810494	0.4392787771605592	0.305383257156939	0.5014388579009155
0.4303737756419572	0.5326380618563636	0.3573307755565484	0.19894847136124216	0.43713443840566796
0.40036776766226306	0.6112107619946662	0.34081658197628667	0.2289864424650566	0.5635531255388105
0.49600632753977514	0.35903454292663867	0.3212869267886607	0.3411181368285985	0.31605964378142376
0.10181796792164785	0.49179448583935126	0.5817701668135501	0.5358589121367319	0.3617317175614785
0.4673902132352574	0.5510778717666166	0.3562951769143677	0.10511842980753862	0.6275305668106996
0.48154204920363225	0.34194879751171886	0.46159637935455256	0.5071867902496642	0.4012229272064897
0.4055833109295722	0.6570594323946286	0.7388540860672309	0.33600358651564305	0.8292799946717416
0.38333648955773647	0.3679352995130829	0.7578895432695376	0.5557789811085803	0.8798381355697759
	0.5064965794334579	0.5790991671607942	0.4306771142453614	0.6581774009495129
0.26297114216040296	0.6298790254846134	0.5477920166800024	0.5112171582063685	0.14932161618425902
0.8025208205987523	0.47321555797754933	0.7534642131444516	0.593614529595362	0.567806709573863
0.6886914348697638	0.29991311411937666	0.5829942286601274	0.2698449877181673	0.2756408555050686
0.5634566976024421	0.7036009175480772	0.32635238204989986	0.6325014486106355	0.3138822803684916
0.37200798788987555	0.3152181929675217	0.4690474249988376	0.3898520772337245	0.4011519883918154
0.6244936645112069	0.4721330706416193	0.4986014453722239	0.3825313699434931	0.523106104267407
0.2008907144430762	0.4435863134878688	0.6744298409742926	0.6259042957114843	0.46089515876704745
0.4932892723015006	0.5458947080177484	1.0	0.4688233250023231	0.779535748398582
0.6176794058418795	0.5046315820375911	0.5310220361578242	0.40506133201193456	0.4387579475107992
0.5113552950605977	0.5175358717607899	0.23470657658153127	0.5180774265119789	0.5087674051320207
0.6100671320064927	0.6795064832732646	0.6778863573865905	0.853097755321549	0.4832590014967038
0.333513176937493	0.3667393841728265	0.2899801289707589	0.5083742821954185	0.5607063325747305
0.553192469345308	0.29831430054871827	0.6393204823916667	0.47925725752962695	0.3095903721682014
0.23143922726341973	0.48730236704527735	0.6971946294872872	0.5108648631406063	0.40958220577096854
0.5683737878731517	0.668350421845186	0.5069832126949865	0.5907837843896733	0.6293748192690483
0.6349048424011509	0.47195118797328967	0.2195104771151118	0.8436550924003211	0.3958070596375196
0.5781585437607787	0.6284978650274103	0.598922792203746	0.3933228078427639	0.5639997688323445
0.36238379703608453	0.434873972473647	0.6291179945356439	0.30341348432142995	0.3677098556991236
0.4163994218104092	0.5247411357171954	0.27743352056303233	0.5747736429961834	0.5797828540275429
0.4280922479236911	0.46939422666607944	0.5462764505526553	0.18759077652601752	0.8248836531121236
0.41289001380683193	0.46356174707709186	0.33631833806861944	0.36836091744127136	0.5409765352605742
0.3773505704780917	0.32938297464516675	0.42827847099465005	0.3594978500834279	0.3248006399702518
0.464965764391706	0.594920847561745	0.3341487417092281	0.465200547763011	0.4449433751027431
0.6293209629445754	0.5625248936987886	0.7586770149724139	0.40057819849623666	0.44626143390603124
	0.4438374725999331	0.40804821409115877	0.14232017601676114	0.44842553679964925
	0.611223629257119	0.6264284950146113	0.4631630246345055	0.67138910425142
0.5666815122144895	0.7959425926398461	0.5336686697714857	0.4957574916866538	0.6723357481578175
	0.7620906533412056	0.5554418658097716	0.6261284228674843	0.6705836878833136
0.5405304764759499	0.5200628836514901	0.5889291039603749	0.4942555770993229	0.672602020329837
	0.5052094419010283	0.532838822636008	0.5239673049059896	0.28956076488538524
0.4868757336004694	0.5673938846799611	0.41835646624013234	0.7574958793604787	0.7275757624275461
0.4314395676529458	0.34841453411501844	0.29648230171182566	0.36372203445535867	0.5476213852282983
0.33399143490935557	0.6316497646459334	0.5643675067490153	0.612065734683613	0.46464068554663923
0.3502940246903855	0.44849774046433344	0.5772786854313744	0.5732267899715391	0.2860416096604014
0.4354238474441691	0.3431135783923692	0.5242350465585404	0.5502096940277866	0.3727916163973446
0.2373897792523478	0.6148979153378763	0.5868895153088867	0.769010118570437	0.5013489472192093
0.5052466530668028	0.3318068678911795	0.446989977290107	0.5305959073798279	0.42540997798976654
0.3592540863603393	0.3762940863603779	0.4003213733517874	0.6807956973226251	0.6730242368942014
0.42752735766306826	0.4433893331026359	0.42841574245528113	0.5203423351355493	0.6099952529171162
0.3430568540940556	0.5884885146115415	0.5120659831772391	0.6660911587903652	0.5745637225632568
0.46150970630860316	0.7232096796520062	0.4840320771016897	0.41704957125722325	0.21147097309060053
0.10874778160274305	0.29582611628824484	0.43847838386617255	0.25357260614473853	0.2863269747718373
	0.29317095111503283	0.6165398728210266	0.5260891137991548	0.5803506410176356
0.6834075496409703	0.26746416356507347	0.4423321087679196	0.42987136827471156	0.5541317557776415
0.8484662420433874	0.6605533052718083	0.7222211369760846	0.4084361523173625	0.4635556351799531
0.5273128500316999	0.32536448588601535	0.6282850400691361	0.45440301090529894	0.3670723268719698
0.6079570725459765	0.37143434197161296	0.6556503804849692	0.2759617122093608	0.5391280029443919
0.5765339477962217	0.565681859365721	0.8535590481102638	0.599231164104445	0.40403828139186704
0.5374169171709504	0.6240626366579799	0.36575024687411406	0.49086406281180994	0.3434516398354511
0.47250667679176245	0.2904738790525612	0.36016878136458647	0.6569370729551413	0.4563544791499997
0.7060181318755974	0.61909184084952	0.3136950079799566	0.3544618213303448	0.4397896195341508
0.044286515464410245	0.4656653535933606	0.691506813653761	0.3698060260678	0.45565355112420836
0.4367650838138318	0.5221540761287703	0.0	0.6087433868120646	0.1738056840709835
0.7772426952297935	0.514291816061731	0.6765167538318594	0.4797170627457217	0.4990033723374776
	0.21856896765279393	0.5205967901323103	0.5399535328013683	0.33724409193166394
0.3874554763305528	0.6561076450744097	0.46650626929314315	0.6365786881077214	0.41256954483089664
0.16833423697140795	0.478995436435764	0.46901528702108525	0.6356039402989058	0.3749577451231149
0.5747425192981189	0.45224344256669463	0.580335100159794	0.24490828063182016	0.5032039152727418
0.24431716299905776	0.7399372167611571	0.9427762591628036	0.5684520368399997	0.5876694665670861
0.4388101448851881	0.3709302553954169	0.9133498270627255	0.09137752855169565	0.552696618656715
0.5146799616808674	0.539076192128546	0.49942501644041154	0.4189555884129016	0.4181033112236676
0.598124516427163	0.4335562409914555	0.5405402081335855	0.8051416481220232	0.5013605368815705
0.5763935933554734	0.21492166067015173	0.5059668007385254	0.615051742786912	0.3671780558064734
0.4239309871004896	0.4169157313116231	0.3283679167097296	0.6510966289475066	0.3135929837487381
0.5458402609450971	0.4720305323496741	0.4957268869830203	0.47844784210727836	0.30869665085191544
0.14567093833895228	0.4771670965047773	0.6123197023532038	0.49157880500909057	0.43779720491118856
	0.7885039165180269	0.6126166632608208	0.538497220662655	0.4925004873861077
0.5023358536659989	0.5130761931778715	0.36290510477917814	0.5373813253132675	0.359220636955794
0.5353915812773558	0.42323066483221855	0.4848426489375958	0.35758509849422865	0.30732990361235973
0.5697240379771322	0.5320447951383992	0.3786285573062445	0.5035587761270198	0.41622430002847677
0.6732710439517642	0.715596565563219	0.34710087590535843	0.40682791896838666	0.7372480871371968
0.7253824085455939	0.11182208124995531	0.6978579260899754	0.3456501946027711	0.509411840182533
0.7366417465211166	0.7520634885076957	0.44436756193097326	0.6490570854122388	0.49883736896719993
0.4770364264737313	0.574158005047826	0.43821128739508797	0.5745307428879065	0.5945749969829468
0.2666769192193084	0.3827240246455187	0.6067290964158238	1.0	0.6095044876426559
0.4860309372029143	0.28431386774657175	0.2351050125269538	0.5466607711696367	0.5239601778673847
0.52977440534086	0.4948696669046443	0.4471801656743505	0.7147470514161102	0.5341105317842699
0.30918773062250776	0.34568888439197776	0.606175590104227	0.4594028175726583	0.7709831686559119
0.36497123889350264	0.521043903558369	0.41638736033174395	0.18294793278073412	0.5117872575913708
0.36815479559599906	0.4811389054803904	0.42277162849183014	0.2768797503369074	0.47772268843016497
0.46219411636271973	0.5858472151611903	0.3440997131856802	0.5741450867043348	0.5223881519180241
0.3041503613623356	0.7879949120626776	0.5179903629174162	0.3013438647125885	0.467403335952299
0.2574285089853085	0.38113181261120344	0.5622498667379979	0.6892186214763828	0.5361887433149297
0.22723060120046498	0.5908750349999629	0.7010096019578047	0.2951043521665504	0.42374473288967374
0.46676043744512186	0.6886631843268005	0.3156061656127557	0.4850717222993406	0.1951427016724098
0.6710270095166323	0.6150636764259283	0.46090350889532744	0.11422514625524029	0.15315378316852377
0.5037112949802888	0.3260925751838616	0.6491329864262024	0.27889791939096387	0.43888584839739864
0.558093776451427	0.7674656695232187	0.3361869503324582	0.5216513246043097	0.7423815691976338
0.5488740361735925	0.4684578735240332	0.4264574034832322	0.2695585055430898	0.4209264526656392
0.449845367509288	0.41960380846260825	0.4425616454259012	0.49142874473250214	0.8570166185340524
0.3444878145064797	0.33037518654923637	0.5456433624138479	0.3199811049923878	0.3113806817242872
0.41710476320008827	0.5217243295271726	0.43181097722698875	0.6346362606790149	0.5912355308717517
0.398213758183834	0.4513629729034349	0.4196986408895489	0.554281336984438	0.48295490069191516
0.5341968562204527	0.4427954321035557	0.6315197950966508	0.23996221301521845	0.42188869963508596
0.619920253604836	0.5751917472222048	0.6388433902395633	0.7350842760830756	0.32043915825657715
0.2216535518517027	0.5518870047239127	0.45788814670294725	0.5884142099885796	0.44058558171575707
0.7551559398631551	0.3636459255201983	0.381630560510923	0.49877265018074957	0.47287326417977066
0.6654352839402911	0.5637072608519178	0.41234472448504134	0.5052913568662956	0.5930483605476384
0.4957503704033598	0.6680367588460573	0.21199220570695318	0.22806498125325186	0.718265373085029
0.3891041609725844	0.505717259563017	0.5300308033786968	0.7503306914477239	0.3786040278974374
0.5148656227132131	0.5442261905795155	0.649366016584352	0.45629171623950426	0.40345202844356254
	0.5039715359512081	0.45472475256095285	0.6546598647350549	0.4676204906961229
0.40905048072224237	0.4907608320774101	0.5618814057761056	0.3872109465649976	0.55697949589842
0.5024323516114165	0.18500789963626527	0.2903126812646011	0.46269377736003975	0.31374771840230975
	0.4612485334610494	0.46154164259284275	0.4939669139677645	0.47236740006049643
0.3300011705997564	0.620945827033993	0.8210613424641848	0.3779242727864404	0.3605348781295516
0.6281366132533357	0.5020336736475031	0.765816557053093	0.5010210537719149	0.6345785317111782
0.2817032104636523	0.4262013586116962	0.3403011041610124	0.32868687310520306	0.47380873546098734
0.35587686806844276	0.4537519422408229	0.8179946888859834	0.5679805825394583	0.2953056368748942
0.41592748345079106	0.6019353843810937	0.48447461981927475	0.5759759064572041	0.388459698471749
0.7374158335708243	0.4445370365557656	0.4581318717815038	0.5795280265745779	0.4237899925953793
0.5562222010352752	0.6098399873938353	0.6706865460182934	0.4601669357137952	0.571408253099879
0.6551531021161744	0.4254432228897403	0.40591370180536485	0.40716098318609034	0.3028921630864695
0.8778285811890566	0.4817377536827971	0.7208957244877062	0.4305101456849512	0.31110470886046715
0.5064303587164601	0.44721936908123616	0.45600352531769495	0.49831468012492364	0.5715966953235189
0.3052068886362075	0.4776635114397544	0.7779900714259534	0.43052330500979413	0.5016057848344965
0.6637463901852318	0.5259613735056443	0.6979652508835937	0.4513137787065753	0.32854043007135886
0.4187024073389857	0.5570491425499103	0.8417063720515922	0.5294488929519648	0.6242153035016136
	0.6059767360372549	0.4932211700659765	0.4211399896086826	0.316788742250608
0.6397136197610894	0.6017679995901262	0.18973151043352493	0.4138097958336852	0.4489944182737084
0.38604866031490276	0.43513386210631744	0.40540271176035125	0.4763899551315121	0.7151433489756431
0.4660804117929989	0.4615387926267676	0.4184098304709157	0.4347764980339877	0.6283944227523409
0.5341068729288533	0.5832081690745966	0.5765770133023101	0.6383440076789604	0.6396979654897542
0.29709114820342436	0.39010808237889244	0.3889225821045342	0.37329654864521566	0.7002146151467132
0.5552645052766049	0.39215246493598427	0.4884089385861869	0.45203428594239364	0.6790134172151291
0.5779998365100915	0.48694834115347935	0.2323621181924067	0.7124636480216955	0.6931592298120499
0.47152914134820756	0.8523599324873498	0.6873801138608142	0.6963604092967973	0.5808803270642413
0.584702265225872	0.5183905801538943	0.6475949920042569	0.5841774864115797	0.3431299984650822
0.4002594137796238	0.2567565883444237	0.624357493994387	0.6965655449802327	0.44694154039370615
0.611523974047439	0.618339699591946	0.6164186430271449	0.27444402135512275	0.4367398594304663
0.40110119231714886	0.7877720223045366	0.32823515334215203	0.71423995573402	0.4034079216705953
0.19704653838776687	0.6002671469719718	0.21512266886180814	0.6182380582331336	0.5545181015147487
0.512653336339036	0.6658218048080814	0.4835680740132309	0.7441793517050778	0.5588623055839083
0.3370747913206448	0.4868347324851276	0.39549271132827957	0.5046816360433327	0.4034971921757741
0.5077476573426302	0.623826758947179	0.3849670266675705	0.5238464780501042	0.7178109265270988
0.27095739272047936	0.24498089498023268	0.5443456966558128	0.59925295413858	0.43874692051657316
0.5660527649281656	0.7214840484565151	0.3151110843998915	0.7415786114233616	0.43636204060492845
0.4527990733959767	0.7082221471097305	0.51470167679411	0.3510304675591333	0.44443198287408664
0.721319640162844	0.509178708515176	0.40949114353304544	0.5778743262253369	0.4560228084724989
0.533818472450833	0.6886207536293077	0.48365212364981874	0.7278984906279516	0.3675669943008741
0.8312595014316136	0.4761799524701176	0.37340795188332104	0.435901103340806	0.7012032172602565
0.3342585522819897	0.4379780764658014	0.46802736417884117	0.5841645502314813	0.19412418856393115
0.5626169259255673	0.5035827601425	0.5564610397775615	0.3675128109774945	0.5621267128367224
0.5835560917853808	0.598338562618285	0.5870725434211553	0.4229269814523164	0.23297312342715842
0.4736143744660976	0.7102200328811464	0.5816567351526132	0.5850682709776633	0.5399837296163172
	0.6362746361749254	0.6616226671405805	0.7322967423176188	0.3626890353334433
0.5440053918551485	0.35054539209719493	0.6371196075713282	0.5232449673350663	0.6884139928432939
0.49420467068464574	0.5901667197997145	0.5696393260382583	0.3721872583022241	0.5209393075566341
0.4685996206866882	0.4089920518846258	0.19692734047017746	0.627393919435104	0.3626234854750447
0.38284197649261176	0.32824234146428294	0.32222353912624146	0.45537579023316516	0.6879321943924142
0.3985030147562305	0.607178709852953	0.3524421361034506	0.6184217384501491	0.3257745892648218
0.4653898290035154	0.533159947259628	0.552295143713228	0.4552212844058156	0.6199017075948927
0.5567376937918259	0.45246983196182233	0.7737564359871528	0.3524064751739654	0.30986787106051955
0.41185110152447174	0.5074450455403305	0.6258230670442536	0.5942970342098056	0.5838452083311007
0.4589445977445072	0.4063363835190529	0.7273506711853388	0.4804786346642353	0.42880813481181246
0.6057782682975131	0.39596853471088184	0.7602130720903002	0.7316270075252953	0.43414747524593494
	0.6439458559496835	0.4815101064207462	0.5209881396273163	0.43196190320641276
	0.40498909942739086	0.4376680907005325	0.45521759960724295	0.49855225956629673
0.8839325419395407	0.5833122562713768	0.0	0.5340995129535507	0.36364910551892793
0.5872334130008435	0.2890545654696802	0.4075492925540589	0.3915407842493163	0.474424363732254
0.5439625977331238	0.43682866505586687	0.5533343658285007	0.8024037049553633	0.4742051354290065
0.5003319233099766	0.37737218684958246	0.47528048685666724	0.4389975890786052	0.6820039735128591
0.29710828198404093	0.2850703339133889	0.43349939680723626	0.3257654490194534	0.6185562389438324
0.37752322049740733	0.3580853757823216	0.353790564871731	0.40756389263469545	0.6518776809250504
0.6364335914904883	0.4014357208070968	0.37564463904093875	0.607480678490591	0.3939710505064668
0.2896011426072424	0.6155792353279766	0.6567886676047261	0.6881853731868897	0.5118710624152161
0.7288497086350161	0.6323414218204899	0.6660246045473421	0.559312591454195	0.7264179636782486
0.49523805187901476	0.4891981466763525	0.34467966417775	0.3322094977957576	0.47301334848113813
0.26308890132788065	0.6085753017925863	0.4023470256234195	0.6223512556294915	0.32074238907291713
0.4964206897032263	0.29781011016788483	0.6534958855559839	0.06235555823757159	0.31343595493698084
0.45608515565782853	0.31896734752742756	0.825534262490788	0.1512703672165642	0.6145496542057199
0.5761698427140647	0.5135061216186543	0.5423020402799131	0.44031663775944285	0.42575779299579763
0.36407778399458746	0.5958653611233174	0.2188356111208722	0.5363744388588852	0.3431956933439237
0.2554670126420376	0.5048533464968585	0.8889071798573668	0.6542828261130033	0.5717212105540306
	0.549847457265462	0.757355594600953	0.5643650819441285	0.42031556395043684
0.5662405380152984	0.24324668345477024	0.7651754117196995	0.5724495776279398	0.5861456322735455
0.6040674544735377	0.476636890172549	0.614144220463357	0.5694085368558927	0.34120653279152735
0.4717044670741103	0.5282821616965974	0.5324117664995899	0.5839958232244823	0.42912161660134834
0.716027913694813	0.3183187114671671	0.49621202100703315	0.6063537562476309	0.550452751758531
0.30587403043604544	0.4183653272995351	0.6929957672155277	0.5582870015509921	0.8209377498272807
0.5086425734011167	0.6209579394418402	0.6181568919597301	0.3976778267251186	0.6511144098512286
	0.5726413503057284	0.495998159704957	0.4415233213664074	0.5591795395838309
0.5634280198680792	0.36406628582885336	0.5521023644578967	0.44144983217654793	0.263673719048572
0.34684832746711824	0.6317617048410515	0.3909676999948859	0.5525428048898597	0.40190011693146427
0.41561847643519795	0.8662858708402159	0.3624412830151237	0.7168055868315762	0.6149051418489142
0.3187455887932711	0.4742294913705437	0.3528624720822666	0.570485001647261	0.42281957149047733
0.5304754005277516	0.3230832239629574	0.41134954915203403	0.3526575147054973	0.48038655997707724
0.5682066018940605	0.5864718257220323	0.27320480814571824	0.6259040590475781	0.5250105425925532
0.6627175502185809	0.6641470303789413	0.2590554993441505	0.4609906405813032	0.6830068651715995
0.4814959084843018	0.5905119968109778	0.501627137593993	0.7134247798465873	0.49348250564735907
0.19092773549455733	0.578745851448544	0.6785017713932538	0.364863242534993	0.6487079969850765
0.3935622053989282	0.6379899956620229	0.8699900869155223	0.38256577980599393	0.49702446416662965
0.4963832220309985	0.35317722359837417	0.5746490265312012	0.5235621180311887	0.7509108455607031
0.49191404915416787	0.4655701201757177	0.2214286362559419	0.46921798138064014	0.24783413402339372
0.428835900132412	0.4747179404785342	0.37391770560750975	0.3767003576932095	0.41592925263928693
0.546579239423592	0.6380673302010937	0.6252647516470243	0.6637762716431653	0.0
0.4099060998813133	0.4487442504698221	0.8789139302639575	0.36235545124285073	0.38412163691168183
0.5087038318240104	0.37544156051406885	0.5984156837251196	0.21229803416434107	0.6554590725111027
0.5856465628186165	0.36793574010542707	0.5550889845261724	0.7916488826852232	0.48792273504164074
0.43859932066405044	0.33829876582369006	0.35735206043552087	0.3573396108771435	1.0
0.400769355034071	0.4586638643407014	0.39728725415158156	0.5898288511320109	0.7410461748813545
0.5695047961625118	0.49893588067676903	0.42817438709252004	0.29501895977856524	0.6053423630274171
0.5776200515918571	0.27001695877388177	0.4298091959241829	0.4923958361090777	0.23865264634931443
0.437950799110173	0.23194362072461527	0.5118528128890858	0.7228504856197163	0.3511824421157801
0.466505270011315	0.5110297064761223	0.7877807056358187	0.7195247211950941	0.5321128660135789
0.21936642725568775	0.6828177024149376	0.46104303216896564	0.5024701351438396	0.5440259668120127
0.5110716142136172	0.4397539971900437	0.5364357631042116	0.24835489972212643	0.5206478711455572
0.46630162724433966	0.3024838888731933	0.3869559738073257	0.6263600943155708	0.48309065850139743
0.8128578356137172	0.4655225834241177	0.4265646226051005	0.6192440095573742	0.4888435350848575
	0.44338809506211324	0.6138462180359837	0.5169450680344233	0.30328191073721167
0.6286868431672551	0.503917184337265	0.4711041607617789	0.6645076454347031	0.5031579208240327
0.6156384898840629	0.2885308996729874	0.6195925356852225	0.3800970376309626	0.37148328092048577
0.6689175657334653	0.746749824273672	0.4947001370876169	0.6563684163379879	0.8946271243521328
0.8352544880299179	0.4699336739908286	0.441532102922612	0.5768013106914159	0.3779335879269844
0.4840035835418619	0.2975460159121071	0.5035054635677054	0.3558790977701336	0.516930544313641
0.4213255354051305	0.4766335416749108	0.7526859387500169	0.4872433171089319	0.6877882817337229
0.4235366518446102	0.5410756337644512	0.5628287095731747	0.40904743369692315	0.8274007732193983
0.45260990914433935	0.23062565371618562	0.2960438841652201	0.5753118462768084	0.3488246347885761
0.27502912182104877	0.28763003032274564	0.29583175038636167	0.7263016383585315	0.39797206478609115
0.7142254567703835	0.16738683914844799	0.5210312818045568	0.5313655843108913	0.4918407582558467
0.7051768431779718	0.45032050871249923	0.4340432521876098	0.6244580607185876	0.48439878844071105
0.5433085096845864	0.3770249619416727	0.6495294299967234	0.5720415678425677	0.3671122129886313
0.5782755817333433	0.5550892713279687	0.5950773340126071	0.5883528037760909	0.21816254808699903
0.48508821416734016	0.6443154449705878	0.5235265800552477	0.7061001310623295	0.39370025124042524
0.5617770078319287	0.5064514239960605	0.6271609465996373	0.43579636192827303	0.1572733252664943
0.6707880815354533	0.44216240905069254	0.579390979155488	0.41196613531706333	0.557141706297847
0.5693073623731827	0.6267925606943573	0.41264857450105685	0.6757878130460067	0.6673967598037512
0.4440468597452138	0.4466133977634892	0.5955540469614027	0.6474202435787952	0.4105805429516829
0.5781983695168602	0.32656687623436287	0.24319757095001507	0.48117168698032536	0.46426040142808683
0.5636806781884895	0.3759231390306569	0.5846389404790097	0.5445245178522317	0.5984143717103907
0.5323804577149295	0.4324250838067165	0.3802877086774573	0.6225857320075796	0.29345057181761935
0.3870705598056905	0.5572046728478975	0.22980765641820902	0.6042506143197786	0.6011002799193309
0.6137141712431345	0.42212220706394493	0.7955545190253267	0.46317816917270516	0.24319018605567905
0.5503570954375792	0.4779814091613766	0.5899743474904287	0.49465553967339637	0.5745390021299486
0.3068906951183033	0.38233476468525546	0.24228951054654346	0.7114124584561328	0.4514391863999049
0.3823425917919056	0.6253421797210649	0.5656277002872404	0.543707106387864	0.34360760123426143
0.5311300567714772	0.803911405891507	0.5474848841362782	0.42186080929242137	0.3457054380508561
0.447782380502728	0.44274938804419073	0.6175808685162337	0.23949017939657763	0.45230409167104324
0.6820920508260623	0.4952196656562309	0.6861604541608493	0.5726865517974485	0.4667405827750051
0.7442193414626606	0.5525583035390932	0.33909567655453543	0.5376533098122841	0.6484412522793926
0.504819714978027	0.5391976735312521	0.4586966436126793	0.4344769068413748	0.27850065642971333
0.09027290397334996	0.5838720693432969	0.6653593737892014	0.532045536793185	0.6718333992103912
0.5792625960392487	0.6112939142383299	0.52737274794231	0.25847037876172196	0.37439365827728804
0.6257276163023509	0.5616118869052581	0.4124601011591839	0.42290937421930674	0.7746368482332566
0.7069445314686181	0.16321483624226818	0.5105106479038711	0.6765622285430234	0.5339065826022314
0.634391795066794	0.6364628519670716	0.38267425262433247	0.5037599892596568	0.7014601630404256
0.4135704185602319	0.7370963314092578	0.23587978064086274	0.5347998084896392	0.6316382959981343
0.5658929835432551	0.7498982664708655	0.4862588678613597	0.5131938710070987	0.8268277717054205
0.5989344961773554	0.6091318412729361	0.34203809775835153	0.6797566187460407	0.8063714151007055
0.6634513697417259	0.7738890687827564	0.592188114352145	0.6374366559595336	0.3577698374709023
0.8207929307443195	0.7331300795279232	0.34842716908301646	0.5603660325469104	0.43006316278895873
0.4899996490279553	0.41904837141437773	0.7493318807753969	0.6938613833761124	0.386263458171902
0.7675616153401665	0.49211637736820774	0.5389460701925584	0.6453392851534867	0.5352909066173328
0.6257506090714625	0.3362564418387637	0.4645839818178863	0.6858091244423274	0.49158265847641713
0.29350048748474883	0.5610705991958914	0.5922436414873172	0.6136994128280779	0.5356174610594578
0.22199566486884917	0.4499209759155089	0.3303793419817915	0.44583091460285473	0.7811624600066676
	0.5895846123757537	0.6245612066071237	0.3159212407337388	0.30970222227697863
0.3500650961112721	0.6000362282667185	0.6223004880783444	0.32801698902618925	0.556024745047785
0.6217013318319538	0.5268745773090306	0.5445385528358156	0.3585220515743019	0.29828015463686525
0.4536919157543625	0.31090024435049235	0.34189802861269863	0.4248049894759795	0.3363647633083124
0.6994516931782854	0.7185542315141902	0.8258210383652259	0.5261057277370514	0.8132127880346054
0.6267384458574693	0.6065137495304187	0.41881858057174515	0.6869073853906468	0.6772808603563211
0.5524213803050678	0.5148527298371373	0.49557422379640587	0.49984986949422683	0.4504839789357717
0.57083627314445	0.50225080809064	0.5582855914538966	0.33121979512144756	0.5467695989961838
0.32309910946163045	0.4137461884708966	0.7088134931493737	0.3479614086524456	0.43468387050756446
0.5085312922066401	0.3773481738099115	0.44516955917654366	0.3208150600433172	0.6092086310273033
0.0981094655662402	0.7116212631865009	0.15899002576354015	0.3876542409559261	0.45502872570494746
0.4229142286880457	0.3443204021770605	0.4523906894419594	0.4464913072244746	0.6140671526337386
0.8041765529802244	0.5950332424077385	0.5102478912190832	0.6175755310333005	0.28760327852372075
0.5097141090218268	0.5314737985148232	0.7384254580677881	0.4211297898015899	0.522586678358494
0.5642137443615879	0.2813447783413213	0.5456427315868042	0.4438695255132322	0.4215440271994443
0.43017986691922533	0.27780130344751414	0.6847684039514258	0.308218173485973	0.3286007833843111
0.34382136857623025	0.31282929577026247	0.656641350871126	0.4722456919656325	0.28037362809897076
	0.5964100886961072	0.4351608586860287	0.2758409313440086	0.5036572175826557
0.6969044468215919	0.4791086023584643	0.5818280722123297	0.41324548613614787	0.539662119103539
0.8011476826708089	0.4832638321857718	0.5249266890909479	0.6111578845072694	0.40537118305215825
0.14254533303841269	0.351614090435031	0.703628895030894	0.23219439829985342	0.6119322109523028
0.3441629107801903	0.2795377456963389	0.607585765654106	0.3515805901623518	0.6985549603490886
	0.5757367506379044	0.39978310023345437	0.37333246957710015	0.43423159292350466
	0.36217546118116983	0.41230379007205453	0.31832342921113277	0.5112961570244017
0.44971679470900894	0.42488430931591903	0.661536320288225	0.29967339886712463	0.489222996668737
0.6026059839394552	0.6528647523680846	0.452688985141529	0.3505783516396495	0.7590842305246585
0.658412237053923	0.5039263525775278	0.6220373619602473	0.3304324094113679	0.4739328182438559
	0.5624244900089215	0.5323927183830697	0.6503485870729132	0.376817825430555
0.4950056428057351	0.613660174570907	0.42921614979669925	0.6589668443938878	0.6104626201759512
	0.7059200327215412	0.09255193068916433	0.6004051145417991	0.4262645533597199
0.5187341597325462	0.317445513190505	0.4175663199632899	0.6119339772172091	0.3235679401940418
0.7170190967314309	0.6592291818781968	0.8022797611898169	0.4983818615412867	0.7391813879418705
0.5100095411806915	0.41224161766621203	0.5383164606983465	0.5747134737804583	0.42319211852780503
0.7321703647713628	0.3978768412785591	0.14317260780570745	0.3537840622138856	0.7164515934356143
0.6275248377950126	0.5573810829295033	0.6512384922676087	0.7479395366478755	0.5355860792371918
0.6146375993891637	0.9471928708296237	0.5487164124872197	0.4827420703592179	0.5882012926025055
0.45504680488782684	0.28166071721280195	0.26135549046488976	0.6032714197633486	0.7451024872979892
0.5895375890563415	0.39694245061560757	0.48052845291061685	0.24339098392890332	0.12488909290439819
0.47970859321527165	0.615872983559809	0.7778635043673574	0.6878891709789978	0.5452117713301542
0.6328120496184141	0.4580884253236894	0.34822939708049466	0.7795948433278512	0.6937124276874902
0.7434211780742621	0.417231159590136	0.32747767221636914	0.6753279007824868	0.39085736873158267
0.5941975327497518	0.6319555407950745	0.46151820984471276	0.7526647292069626	0.2657004545024572
0.696654663154841	0.4545301725560731	0.5549461793031458	0.18859649711847276	0.6437044123271067
	0.45306952620503765	0.5836338396463246	0.6447031466991573	0.7903963200836212
0.46523702998534355	0.46130136168664	0.6371002860796309	0.48946426121950265	0.6324699939400276
0.36621627035768095	0.34377921765961383	0.5963328665251734	0.4067023877214312	0.6301501763407337
0.5423146470428543	0.5980041576690239	0.5312543690898426	0.54686766354704	0.4305235998686307
0.5203743501856503	0.4043338596744757	0.08080489071778545	0.6516915492772416	0.3501266714849188
0.7269577444915798	0.7088940962334471	0.7127920913321739	0.1486271194244645	0.4939649597110544
0.5812444301596006	0.7069278326560225	0.29606140805272596	0.6593033432374651	0.5967962862478421
0.3614006499781634	0.5095385317127612	0.3512894701118757	0.6592862281801176	0.5989373798778548
0.38241901086083463	0.6499489567003865	0.3899715903372889	0.583676573783858	0.6642643297743857
0.6532741527619537	0.5706329067028121	0.4329373138166993	0.45138590341755164	0.4643390523174523
	0.5710798477353526	0.6340526795824422	0.3213135642269104	0.25942670959871045
0.45443798512129785	0.6918156601843533	0.34138583198758177	0.5710017033027194	0.23974829630367567
0.4461842869058844	0.6825779561767656	0.43142437113095256	0.5376616803197596	0.40126687148912255
0.42456449902616766	0.3796498040921337	0.6527649505128958	0.5192891352523912	0.4983500522205901
0.5176557858158053	0.4073749307789068	0.5667093976143347	0.4005782130024547	0.42458585693295176
0.5485160979314673	0.5789934700366272	0.3713658737398454	0.7034451884597196	0.48361391628398476
0.6781448333111689	0.6080559826271498	0.23460603466153837	0.387030584901355	0.4512505529514948
0.6270503459249936	0.5165981731418338	0.6035123087564879	0.3734193652340524	0.45608298628850946
0.5361471038174282	0.4368776151426816	0.5708581610223358	0.4833764089392495	0.7446368863701817
0.5746890994767506	0.36264363553949835	0.4617016758702118	0.5889901154238051	0.6050128110554477
0.5101639319765063	0.43871957365852937	0.0	0.4710296612265792	0.3592166539845718
0.36425656547326524	0.626709998333561	0.7197929891284202	0.528623164542945	0.6489874573209339
0.4190471167875742	0.2234609271054884	0.7729095811322628	0.13901985993845864	0.6769575036854149
0.5410670051606095	0.3839199484769872	0.420563328461976	0.6090474844972598	0.6508080746614384
0.5856811622639075	0.5121895055642511	0.4130997703594625	0.7920366047410111	0.6670421373029428
0.378208297611803	0.5248235796761394	0.5410917415328793	0.5857089877125602	0.5077240157022307
	0.43866561915306673	0.39219442398541277	0.8045511463724381	0.6365219553237722
0.47452382920334757	0.6132403949335969	0.5733202312715822	0.6151078515646226	0.6092004557585184
0.36617721963610556	0.22493508888684133	0.3900959184292474	0.2865500810206547	0.5124733440680548
0.6685423037336836	0.31985860799825455	0.4384284807017567	0.5749245398497724	0.505990766662362
0.4195982366724842	0.5497786440405805	0.24483395597062105	0.18712190023678396	0.562380995150076
0.5668729743066285	0.4128143834455688	0.6871203179290922	0.49338092759560725	0.3838402846726427
0.42415184207457984	0.5851410659714472	0.20132689566958506	0.3866595784711182	0.5268777008809422
0.5639003407271648	0.5311034790572638	0.5114113498460436	0.3649810591238243	0.19674951722022968
0.35163979816421964	0.370382714047562	0.42863498488859836	0.2460390185153935	0.6605003417177018
0.5280974567843116	0.11994129051517442	0.4827620539290287	0.3646833620889335	0.31771478490574145
0.3976799152420926	0.4434683301951026	0.4458326855200811	0.4769975099748266	0.41013704610145013
0.5806877831038861	0.6679938962490026	0.67674752813953	0.4792356560345142	0.48028714091719465
0.6067367114266127	0.5920870543022609	0.5898200289118944	0.5894996447526624	0.4644129801189254
0.6316410316285344	0.4829416793898623	0.5765747722369416	0.5433642850118544	0.8211770299687393
0.629911874060419	0.5292351748149564	0.5394225027890298	0.3823368071129652	0.22719708303256428
0.7364401122722399	0.6109045855848394	0.6225780273415276	0.29881606671223904	0.4123194717789457
0.593186105253841	0.5827065733426834	0.4509665447502502	0.1427444584057124	0.24960675938535326
0.5988559467774697	0.7494831219059798	0.5356715460883056	0.5326564790352241	0.23723525319010505
0.41566808611400147	0.18522013456726483	0.5137253166549905	0.4977124212158551	0.43644446836711326
0.3402802877514217	0.37227366975946113	0.5799804489106897	0.4521000912330771	0.5753435052146295
0.5401570346681359	0.5370672541913364	0.5630800648052131	0.33957649708725024	0.6227393379830867
0.3040500770852756	0.4319996484141778	0.8246947040061624	0.4240126042636599	0.39875734015218184
0.35408956055598517	0.44653191855918345	0.4673107291378378	0.4543032259779942	0.3911607317642171
0.4662355522470408	0.53707703591724	0.44517794684789147	0.40381564304579914	0.3573314410961217
0.5598223499112398	0.615160138834031	0.6319560673731774	0.7140443448156943	0.7156402664170961
0.47755973251143025	0.4222017727601508	0.6258222188451883	0.4883244628629626	0.3157584944195487
0.45280141300922583	0.35391786632475786	0.4203194370736669	0.5186777383802021	0.5649182509241517
0.44110003497225914	0.5822578312032382	0.5344764616929076	0.5691207942903022	0.4439925926462852
0.5195441644571063	0.3284458774495944	0.5256848580610849	0.4510185077085056	0.4083948374014161
0.6530176773921194	0.42869441582318524	0.411108540949532	0.47936693770231703	0.7559681496394451
0.23521543301783077	0.4998151561597479	0.34435445043054685	0.3972742107237802	0.636623438961036
0.416509094526919	0.31690661548976723	0.1591133376459847	0.3165331651012154	0.5643744874415771
0.42622104765650154	0.6552792330630517	0.5526617437663403	0.5101996646217852	0.8093602767536312
0.5490289338435854	0.42011719486225096	0.33393076292159224	0.4221825337885464	0.5195728844467461
	0.5966657316263284	0.42617133324048845	0.5389434264155282	0.3491970712160504
0.5211270108555336	0.4476349505563799	0.583808062411836	0.3976684316875651	0.5829406178022832
	0.6617365569694709	0.4087781493019226	0.4032306434789562	0.3100507729825354
0.5352662033507067	0.5086920346173971	0.42223452772621084	0.4123098483604701	0.30650599484253377
0.30008698668691	0.6863531377154023	0.750592991285983	0.44861739837656156	0.5617775561528391
0.3014101166087054	0.5601799345541488	0.6284541183331547	0.6126598215638603	0.43635962934494554
0.3147333243249313	0.6309034204764082	0.33526158065356354	0.4592168277885982	0.28262573789660245
	0.5262382912188086	0.7604816210649397	0.5698413662531071	0.582804182015396
0.49026261675728205	0.722974851669141	0.7870858409022956	0.6609217661764142	0.5378846057253747
0.3685078718855783	0.7076068774993854	0.4629417678390162	0.3976238508974475	0.5020285537144875
0.5665330311475106	0.47486630225460175	0.5362214415602262	0.5426037616835404	0.5350113572695847
0.5389321318492066	0.5503506772498111	0.7061799159220397	0.40074796526714024	0.5254455882411058
0.7326990898429746	0.3448633867420792	0.38891208222192164	0.35380843861752576	0.4612350368060137
0.787033262053615	0.5758249028081108	0.4486883388950143	0.39180348845564195	0.7414954738479874
0.5302729336416295	0.7116077083592907	0.2748651147651209	0.5304128365118231	0.6543447064567779
0.7273180619445563	0.6115344324255805	0.7796903157950689	0.4567930576771155	0.5325773147599752
0.3335502812867639	0.7479116924872079	0.469905023369012	0.5537871774062937	0.43426508435539024
	0.5918491375876505	0.40109911882257465	0.6502409136420678	0.5887570992692313
0.3339326569266281	0.507151315297956	0.5902563180663525	0.10823387106877153	0.367207972972909
0.4381598548677392	0.5433970003566295	0.41266464293576044	0.40210153842802804	0.26042881673589385
0.5982917650579267	0.27062782379536704	0.4436711763208241	0.6648686382247743	0.5602535925685954
0.7004127264184983	0.21628259828008137	0.4908830480107677	0.46464997847847195	0.44956881146915434
	0.3914674016485078	0.42355090763973224	0.7240450893656373	0.3995107764161894
0.5191166031813441	0.5514476248153576	0.3367628745329826	0.6154683397575623	0.30199423178541185
0.7077459552949915	0.3674474399379535	0.5969788282419262	0.42201779606821044	0.33298285208699036
0.5300888351651042	0.5095159007491458	0.5774279420886861	0.6559328103260867	0.6393548513009187
0.2008179108292386	0.5398928504410613	0.6250142786225551	0.4855469379821526	0.4471589981362307
0.5919621640497513	0.4592080083463796	0.5851922673840791	0.3470798234791802	0.3364247759335067
0.21910197377550866	0.5636995636733155	0.6381916317040183	0.4909907333505407	0.5322361486710395
0.4634477143126878	0.211396197973009	0.53409865500196	0.577127350369457	0.3363511671938164
0.5014969688735412	0.5501307188130541	0.6095422211072793	0.6125898768756926	0.4236694781413577
0.5002647658871786	0.6626334446809344	0.5483369413032687	0.37634833803778944	0.4268936605527707
0.8498719533966489	0.8100503584223152	0.28881026749212163	0.4340752526617079	0.3931215407143576
0.9135205262374135	0.678526382321701	0.6073399526863688	0.5129593496871641	0.5077990825498097
0.36051090740324293	0.5968118751725414	0.2921405744670481	0.8659786249856236	0.5167247039651738
0.4509653195287776	0.6138106819640017	0.4183653751191696	0.6614346399198499	0.7788635299202686
0.23954743647590368	0.7484273870877977	0.5455584457080233	0.4252211808103562	0.1955402130443919
0.3562957192877105	0.5384451847720643	0.3777161266331665	0.5699086474192179	0.8404200741807928
0.47300304524555703	0.5636679981890635	0.6571925721796896	0.6599598070704299	0.4484739751874758
0.3998531518340334	0.4041891158751786	0.5249603613088379	0.45241190209591897	0.5635099903325164
0.4553876052070973	0.31136890761357505	0.3223682290774826	0.571642752957735	0.5465909617331267
0.5875143471942337	0.5489292369329446	0.7954581301498816	0.4962268961071933	0.3685453396083638
0.30687572031726096	0.4495551313213357	0.46700285065829444	0.4688791657397364	0.2554494600209642
0.5359585393327931	0.5174067257543263	0.3268606808474805	0.46638940148452385	0.5136133056153422
0.4278093249581769	0.32302753403353207	0.5430479055078803	0.5112208458785846	0.41204347043251077
0.46344904968226974	0.3795100885535564	0.320277174377681	0.612082845192622	0.2961268487714628
0.54663535591862	0.6657903961671062	0.3788835331232991	0.6179284551540426	0.21594551559716904
0.768677301078534	0.4848597414580622	0.7844170209362582	0.3782492892786554	0.30507484397523876
0.4275096661403551	0.6458448308636074	0.3225853552953062	0.6409695619733861	0.5309885030724979
0.48740525395722584	0.5413238587692837	0.34640238453956745	0.4743764729472229	0.35738330618233205
0.5114681386192617	0.6291280548754866	0.31274509258934463	0.4495614988289972	0.46690800471920074
0.3662681205965259	0.47105604878130136	0.5147182104182976	0.40237574384120733	0.25472210964723163
0.37414658341656704	0.5220486137284335	0.41930024789274145	0.5677076944176829	0.4724007633849643
0.38180100626167146	0.7879377461229201	0.5912978121576252	0.19334047007150126	0.571236103036948
0.5966908310426883	0.21878168447273372	0.7010529503992511	0.5762160843754952	0.38149792392589477
0.38834995018636775	0.5996492026783337	0.38933352308150543	0.7166548154620712	0.692210707283028
0.2874402902016529	0.5079412247749543	0.41598080365924056	0.6715349318985605	0.576962623396792
0.5007004537385455	0.8546196913711179	0.5975672770061441	0.5178279280715326	0.2874768547716785
0.36892063099893974	0.7177643993376044	0.31893275300742263	0.4051694624526319	0.47117733065692824
0.5833875504156121	0.4531198929052324	0.5658663005542125	0.611383857950193	0.5688437753524784
0.3896644040030875	0.5750962342225269	0.6519759627461841	0.347271418461909	0.5825512385241044
0.5545131244555921	0.46810608467535725	0.5813599024660523	0.691305689638905	0.5053831143172988
0.42631587016649164	0.17653468974760467	0.37261230605885465	0.38974763954130953	0.31224126614741027
0.4658417494087841	0.3865234094552695	0.5356081150734174	0.2571904964137927	0.5983704428107617
0.3832014882007378	0.5984375817462994	0.5081500418652491	0.44728453328092865	0.409645258765714
0.5088143883404479	1.0	0.8549423305848348	0.8168921910548017	0.7384347050874379
0.45906314043305757	0.33250473792557367	0.49698325657738845	0.38070828868414647	0.4976443387322499
0.5224029415878457	0.506252994212054	0.4135301620575907	0.42968391205853057	0.3392253626039583
0.22568212326412387	0.5737999050227818	0.44985748850086266	0.35954159614321884	0.43844423153543466
0.7253311781699487	0.4512178406038407	0.4221152451079024	0.6037290876464045	0.2971372413945817
0.4910890871752843	0.44773013824285424	0.3937324234165981	0.32555513702153316	0.3146061919850578
0.7141859348840761	0.4490778219553853	0.667263962096957	0.30150636924411484	0.6213523435399418
0.6360247558063079	0.48721159835421096	0.7165250587920108	0.2911682049584666	0.3727146116071577
0.5967468506975747	0.5020300417157758	0.5827203233440877	0.4505983453229498	0.4444606859004946
0.48525616715406616	0.25139465142079004	0.6519820654710134	0.511823651192065	0.2769031011088592
0.6715564325437525	0.3483976214716096	0.7391152984727924	0.3662656106907366	0.44176608409219
0.38547794433541344	0.548217464067623	0.18890348472606555	0.5975303674992152	0.5099789314496944
0.3337506995239422	0.4339948478004639	0.33779809524117893	0.5769884489068864	0.36564207631520496
0.7872122973716215	0.3726609089045163	0.5799155343108361	0.4511928929246679	0.731522761306857
0.4725918887183237	0.2830275452888611	0.4117444462013018	0.4528994411938477	0.49218094586768013
0.27049377289017074	0.5151918577764061	0.43034468262758224	0.6346568142022407	0.6083038097344973
0.4224178036381897	0.35779864063037853	0.9009748062449416	0.5704103612583914	0.4376475695930214
0.5954604534391209	0.6234851486352619	0.641287462218794	0.47012740758831506	0.4895915410073474
0.4163185254156755	0.6185025771621183	0.4490874420495514	0.3776207986540246	0.6158567105590993
0.40009656756082523	0.637458871981388	0.32006345993320046	0.42285666253859544	0.6441935832955733
0.2919246738443128	0.47346690573585276	0.33747497053371905	0.4065292736441383	0.3405872950295643
0.8303489021926089	0.4325877389560672	0.5009516696430603	0.6735701318992797	0.6200062234943304
0.2943233698444658	0.43826215559898246	0.5855959102229032	0.562349761211859	0.2789906932244322
0.4084146588354059	0.5095508359709142	0.5809648506993085	0.6362125882016482	0.6230670347961631
0.3139707663035879	0.3501503863822427	0.4781231631086285	0.6706446209284365	0.5372176350215968
0.7334143797854404	0.5041811549714449	0.40103251746725505	0.5859419442619077	0.3553205232772366
0.3598203056071228	0.2494616260296288	0.43145593869672677	0.4791908452144	0.4456229712905804
	0.3632830755329794	0.637355150243295	0.38938505171963733	0.5416439397538295
0.48108057037908614	0.266386579926711	0.43027618097320347	0.5456748293573065	0.4297987752434385
0.39724210893903156	0.2522706534670741	0.5470017836765043	0.48076516942956005	0.2638429518129997
0.5627518512872508	0.7905294704784444	0.6062550425988565	0.5885527907616738	0.4221992160966839
0.5692837734750134	0.25711038603930964	0.7188694558095924	0.2500535775634521	0.5924540445735079
0.432003337012589	0.5908362758965949	0.26755115627640963	0.6324231836178327	0.308967499353905
0.31650775826018296	0.4168885355566314	0.30534067001920373	0.5942965090150157	0.362001515237382
0.37784974776724944	0.1844615465451632	0.3049085424817285	0.5675816854268597	0.2615074487798869
0.47974278852690916	0.3895121289121903	0.33671068584319014	0.5868793389127582	0.6552155578902401
0.7112851797474928	0.6071910855838387	0.2738841313288938	0.9364426433709124	0.6870190763153682
0.3849976495976211	0.6112223428049666	0.6402109756494305	0.4721428110225667	0.41914223404236983
0.656126691307618	0.6465890865155447	0.5916835462244631	0.39330000370432133	0.6322128837751468
0.2189054798348928	0.6119394854554409	0.1681160258682216	0.5808453585224641	0.46851708807808484
0.5759576575509749	0.5790867841526812	0.641290584865226	0.48905790264140253	0.3386442091104118
0.7248817102700638	0.5768101481148329	0.5818324400288649	0.8330775727009043	0.6407895208562435
	0.7036079305464292	0.5113026023658583	0.31375651996865184	0.7321860319563316
0.3663039258329845	0.31154261889977214	0.46359771343906686	0.661171538488188	0.6091095945022336
	0.4290267681787502	0.7815218739812725	0.28121101955555455	0.6782865363667523
0.41955563152768044	0.2940298798707016	0.206293458328335	0.4539910700718926	0.44459790673622784
0.5621385815146276	0.5184885199647427	0.5851120844311475	0.5770247428119208	0.5636347059940463
0.21450446797896094	0.5206912919622197	0.2565043642097728	0.15802029301942744	0.4505203297222097
0.5672156249421311	0.3846162596839392	0.12596635763344988	0.7825978343132942	0.8069617315828723
0.421366236735689	0.3000787075129905	0.4041876963126185	0.22508740430220278	0.6555411839210975
0.7428987943969649	0.5638704931111574	0.5137774256632006	0.45825857950037835	0.6087542278491789
0.5612233955433444	0.6556695600387757	0.40315885997608475	0.6617233576898887	0.4192915511894935
0.5445186019024093	0.48984375697370924	0.6842423576437183	0.5394303579140375	0.7754814060115695
0.48005829461852667	0.33192446460423747	0.20563788025063579	0.27889046931342043	0.5426696209001162
0.743884677842592	0.45776841545889696	0.6720359548458104	0.42263086408133893	0.41051113303680475
0.8656864298106122	0.309345035322581	0.5557473514895733	0.4452695807128947	0.28442188126224144
0.4709577458837262	0.6983145826398431	0.43356656631232565	0.5160072054438294	0.9201297324509796
	0.39144763613750105	0.2722052002063796	0.4604250582915121	0.6043451996941352
	0.5857357371795874	0.5207300685057037	0.7742112920378258	0.6799833365948247
0.4338090999614975	0.3791361278528595	0.40463069555181863	0.7615019209462903	0.5087919148651419
0.38221835317402664	0.6722713451422136	0.3718604660522261	0.40813259774088806	0.3653632926131603
0.3935828929596649	0.47691753283731975	0.526826952285025	0.5313113300418832	0.39050223391619354
0.49775473522946195	0.4652044318679756	0.6310271746464817	0.41508843814185287	0.409387588932552
	0.4160076675609996	0.7988625454819448	0.43799102502239956	0.6653727192278976
0.3956261707430367	0.5297942015642972	0.35342862866212293	0.5474251957589814	0.5390386546727702
	0.33993083531857754	0.33287959843179193	0.4764934595433292	0.4005018999222415
0.7358226480404222	0.7953445801741282	0.4875644739488905	0.565212402782646	0.474616018815062
0.3536199283575647	0.5481379773400552	0.37293641147313406	0.517764262861539	0.497706403425558
0.4359670788618546	0.7392614208192092	0.5461013494444107	0.7022151879021449	0.4458190252225296
0.4469159572798344	0.3620579023741413	0.5981480537061118	0.5347734422991757	0.6397242057916916
0.5801477677798448	0.47890613222511424	0.31412106903509873	0.7158101012719252	0.7673901590789234
0.4589157635164416	0.4082222406200231	0.5318365731382378	0.5588101750257769	0.41321588712203783
0.34873552570510136	0.2547537935885595	0.6084037690258507	0.7776927295155873	0.4352242015526587
0.5632371722185607	0.5648327605060348	0.47739329748482884	0.548307132559254	0.39874483370922337
0.42154117119528056	0.7102391038522353	0.2873293671158536	0.6661196498101485	0.4924485693276065
0.625084262356487	0.5909007911218066	0.7584835087471558	0.2540616367268721	0.4829182585860821
0.5169602324509006	0.5518033039798572	0.3470790236295623	0.34177739537839613	0.6113220294335789
0.4198894880283865	0.6499954101833804	0.5262386059306385	0.5501324634684925	0.4180562848498591
0.4539025212806735	0.6410736461739102	0.5403515599971482	0.3638623520031435	0.42291688153849993
0.44362472373231004	0.19889208749040266	0.36044315455244547	0.2913010034769322	0.45774773283314374
0.5814375833007237	0.4382361493002737	0.21537072622668876	0.6223344267907285	0.5773258587325938
0.7101842969621989	0.5855715864551635	0.5119153885755072	0.22778095087195532	0.39782655395323957
	0.5600332952919892	0.555386598305402	0.5667952782317979	0.4890129300823448
0.669148004794468	0.574237824169794	0.3658043283297534	0.5641838477699014	0.6700580271341745
0.8462524552670764	0.5546725561260413	0.38406099008884953	0.4797560729519827	0.6233958981723856
0.4573803899514466	0.5399417722280018	0.6636198492790949	0.3782560754781773	0.3208578928536755
0.534840763662735	0.25278702066311654	0.5251435546518247	0.6510321607795839	0.11214054164916581
0.7421276836072159	0.5006513328024346	0.441055316966892	0.5217107875129159	0.07902964547661744
0.6452427329829813	0.2995107811119775	0.5340339176010274	0.4225793997816177	0.5110469922509411
0.43680227369285535	0.5015282252201779	0.7583550752105458	0.5465938879087617	0.506681114222445
0.5283189246568498	0.48389656412075843	0.44881826052166846	0.5702229344029127	0.3585103525894899
0.6447380278351572	0.41185433977408137	0.7006280525342864	0.60394449894436	0.7377932324896178
0.4131988294278462	0.44350487874210526	0.7572996368678999	0.3952416827339287	0.6090245433453197
0.8014204286921097	0.43288857904242356	0.40200593154728625	0.4002414540113151	0.4567510708005711
0.4157420891107155	0.14813242838063978	0.6060347539571374	0.5222237326407428	0.4150185080730148
0.36732586359572267	0.4815421743767624	0.6156477262339662	0.4390075774598661	0.6804040601138333
0.5074890720700773	0.5318533660210983	0.5100600494455582	0.3113928055206059	0.7654797286785295
	0.7321273519428882	0.25442572035026034	0.3070145510602031	0.43428391482500567
0.3270697300648068	0.5089092690391235	0.7672314397127985	0.5180481541469195	0.6868665477485733
	0.47232606511913894	0.37586545691996015	0.4098643912219028	0.6476114157357034
0.4920850716750028	0.36140887957832457	0.8346871015182082	0.4247513513928207	0.5673106740158325
0.6636869587936185	0.64477188944902	0.3133596535490412	0.41569209375771055	0.6299749964954766
	0.3151977080437728	0.7876443719857512	0.5312834446010761	0.4642756680319805
0.6969591282504797	0.40502684131385114	0.06279071680909076	0.7801076571014166	0.23012362643517717
0.6446098836468933	0.31743196655355216	0.35482207591492626	0.667423555113633	0.5453810196834239
0.5347981573671564	0.534480745936821	0.27231550174231656	0.38440434812811003	0.31739027554870847
0.4160354079228213	0.4863579501147163	0.45764256480675997	0.3499958576009183	0.6671228690874498
0.3946504745652669	0.97239152540945	0.4353198943674671	0.6950322925483506	0.5231265734101961
0.5658658050782966	0.6427135057257192	0.4614177319079739	0.6717778706300056	0.6296000354877508
0.6186177484777895	0.6253999506352885	0.3774904476745741	0.4313650198957013	0.6040579750944001
0.6428300273316856	0.5105755396714934	0.430504369048531	0.7518840917905009	0.6089165905834613
0.4023918687967206	0.5354942345208676	0.4719061542294757	0.28925108273469063	0.510126437266967
0.6331050647457642	0.5071528669977275	0.6826087748749793	0.506834895210405	0.6352826946909157
	0.7613179579644279	0.18107719826450056	0.6374085022988908	0.441936679104372
0.60348253033994	0.4412110976951102	0.5066615740798835	0.49720374813109225	0.3048720420560191
0.38797140597980634	0.519767989901993	0.5963574494829759	0.2756371399802262	0.6874993783739872
0.3271880626770793	0.6779575995083219	0.6033496461873868	0.51949273915765	0.4182060135263124
	0.5487111931179316	0.5097656904255754	0.37834432497491943	0.6471874194170438
0.4293215167503756	0.29279674613470696	0.640469908705683	0.6475245223651633	0.8293048706892239
0.6847721779348102	0.4509470083666985	0.5154595918031272	0.4596701382252786	0.45056987106213603
0.6633368452897564	0.47924394760834743	0.5922021724976829	0.6131691453668079	0.5590074172043553
0.3549345707374768	0.2816602364393977	0.5995816947730521	0.7028614817426294	0.43797041912422496
0.3309998638107422	0.6759782532982672	0.6489801104133981	0.7546496111738258	0.4930838959188774
0.5550327670626402	0.39158831597822913	0.4453871766554368	0.3803220686148944	0.729170464736939
0.39960835451282606	0.3495152926907985	0.4552718274325756	0.697020112614899	0.6497208553177192
0.41444054672286984	0.5808268461313392	0.5451804978521929	0.38848058652390105	0.6948095215863893
0.5932541786298904	0.6944875359245652	0.31052202989579203	0.27510690197893695	0.561274387502948
0.6891434183680923	0.497440306038339	0.5542241555473665	0.5829969429553021	0.44246629744492294
0.5314353406124466	0.46529502243510446	0.70908219451418	0.3505225307103428	0.5983732496405683
0.45442833902834395	0.3678031512322865	0.7580901405309669	0.5193745653209072	0.5241219544747596
0.47143343040799557	0.3653995043630763	0.4657104494845422	0.6466676814499938	0.5838870474305456
0.4772429988852712	0.46433738821746234	0.45672961660501604	0.5770309530992458	0.5320257923370064
0.6031893325599264	0.6716384087281209	0.44119259130909394	0.6319778526375232	0.5708966806109707
0.35033015839723314	0.7258663728869237	0.5125184628869487	0.6482268737355718	0.3964340135172394
0.43402152858266924	0.6505675580483521	0.38901287299025245	0.5374448630901353	0.32699178062077416
0.3828249253875961	0.5716179671972096	0.4304678474638047	0.669895194301119	0.7777643440671834
0.47794480826242774	0.4607067505073756	0.4852544113429444	0.5856903429683431	0.4679742202059618
0.50886471377442	0.39365386360324545	0.5699460863469148	0.41897831714390255	0.4646151100730258
0.6225940459942869	0.5724537601570681	0.5756460292154323	0.5555896715869425	0.47292271610894865
0.3917022985611155	0.5437223339489228	0.34925071833876214	0.7436586696160842	0.3892679628656477
	0.39901495417290084	0.21860429094787412	0.534349243690993	0.5975769745360552
0.725674008311248	0.5041310718157505	0.5467018729061197	0.7349685838848948	0.47655402074031855
0.46785568876198896	0.5790893773266477	0.43405296044925534	0.5173310370152923	0.23733471251710114
0.2772717598295226	0.6930032799079852	0.4692245036609054	0.6088138687935462	0.4453301983247397
0.2622768573735417	0.27524942225271753	0.371494184125695	0.35266433651431167	0.4835263630849322
0.46876554388164543	0.043090395634569484	0.4941500576391846	0.7268546921214496	0.27341374705340016
0.3532008934849842	0.41172631498761	0.6269270109451869	0.26600228261802195	0.6197703076760848
0.5224591815652319	0.5992466290454636	0.6557644391429232	0.5686879084354369	0.6317538894382544
0.6671859481587894	0.4470988105835835	0.336526467665111	0.3918022816122416	0.5898699253128036
0.5603246501071157	0.4505470586749303	0.4254382512102757	0.7407754656935277	0.46470724997309965
0.29077002153723797	0.35751319853545854	0.29619743695092354	0.5141710254494402	0.3518282292642456
0.638123242421441	0.48373521457050694	0.11093670848175273	0.4647780696566673	0.11650476343365647
0.3542082102852917	0.5465791126488166	0.6563800445206375	0.4840913265330917	0.3172056184627121
0.7367735409839238	0.4625591482418661	0.4827444306023227	0.6836078485618693	0.607954576804725
0.47236659443168794	0.270952298055986	0.6528102719820967	0.5173386139536704	0.5827354882204969
0.5770743457202105	0.7886384980510558	0.4899948591723356	0.6120251097768487	0.2634320558313901
0.5007946858461747	0.6570446137253055	0.5058096952299848	0.4338131253780225	0.6640480624825296
0.6655993107897212	0.3990061613509944	0.28828395737086776	0.4794022986931973	0.49714015094582176
0.5543465703086221	0.6249383652891872	0.7055874106394637	0.3946005353236529	0.38584213640231174
0.2993406145188542	0.3895241586734684	0.47429309991907403	0.5957884002239007	0.1324256791067396
0.550007517875324	0.6449486693262325	0.6015679469393309	0.5376164384957209	0.3604977240197585
0.5756119151655505	0.7485665455569774	0.32931980827733925	0.8163383304495868	0.7174811275102403
0.546737682615545	0.6022645961291356	0.5020618473420349	0.4670561275806026	0.508827024843487
0.3971169143865546	0.5903527365501343	0.6295828133188842	0.5009279248028267	0.5096328847070781
0.12053067883484578	0.5852514123199218	0.6068320121802322	0.6100809754080818	0.49948450119087895
0.6344213827145517	0.6538700495499962	0.3029155833884551	0.42977795102712274	0.36936765609976685
0.43350269432070515	0.6911239245368953	0.41209887472072304	0.5078093116802224	0.41831611931067614
0.29993814563603055	0.5069907245599371	0.23391697361899944	0.3760962190029413	0.548032640048832
0.3110509036261443	0.5822958789361484	0.44450656065384797	0.49488338863229414	0.38931335842070064
0.7606231783324118	0.17226105208574152	0.7293233300436537	0.5139971783800996	0.6004800279671194
0.30277116451604613	0.6214716932430818	0.21401054218525128	0.5533059148657024	0.34923226901936333
0.4008887199139976	0.5581084702828629	0.6652982096564634	0.49851369312876387	0.538221383405414
0.6564608899207475	0.28090557678420974	0.5088609237353492	0.26838028252671997	0.47993058562847973
0.7628117574216852	0.5895938256006219	0.38483064735251843	0.6666107464526407	0.4194048882422537
0.4777891811642355	0.750617595631201	0.4755885029616584	0.6761109246156152	0.571525596461179
0.6299712772226752	0.46728061138127036	0.2702908833857189	0.3903725399644477	0.41652873144337854
0.532403541111092	0.7440692643437874	0.33501438776989717	0.7111639321368372	0.6711826603136756
0.805516999635939	0.4923843498308064	0.2710640482712108	0.36290414277374416	0.49102291406119547
0.15939388683405997	0.3009940624631923	0.8432146443394828	0.44550252083987163	0.4619789534033467
0.3690151937368418	0.3561772117345457	0.5272260682914236	0.37168111608218996	0.29260057032446735
0.5976653063361738	0.41232949382016093	0.7502771745712592	0.40873286165176687	0.6026022710804185
0.7634886728892122	0.30864898754097614	0.511232811147453	0.3655183405261081	0.35471710100327575
0.3365068588423199	0.36399877232465155	0.361592552396025	0.5173651119375341	0.4694964969531546
0.44266055371391416	0.5988475987389695	0.536468552819776	0.3640898835523222	0.4078632796740854
0.4186537823314891	0.7074895611498471	0.4478441811835171	0.5458130308468061	0.5456302293517279
0.6766419293448516	0.676004199479867	0.5407670567700822	0.6606618829198511	0.6070354250666599
0.6398027541487259	0.4106567966293482	0.41161665338370196	0.7832938561637868	0.38152339199813734
0.6628383479802324	0.6269616995897735	0.4760940085051498	0.4355091169564678	0.800502174081223
0.3559503006011293	0.33832398698707633	0.4552008111103354	0.6195514551851404	0.48097552985012526
0.5423534586731362	0.5592393751910193	0.5909001442794042	0.4819671276417399	0.7222227742310294
0.34155771840883464	0.39578030799942027	0.2591832514712254	0.32346525238899615	0.1577571738873074
0.7650529260624507	0.4744318751638772	0.4763151168613467	0.4161537936130155	0.727480470622978
	0.15700581645337774	0.1955748572479435	0.3699965948306246	0.5876417419361413
0.3863310642662188	0.7936557217420015	0.3512791812258569	0.6671881170948928	0.48726346270914583
	0.6594916407267072	0.46440956712478343	0.45753181555882894	0.3588111417495074
0.09164176721664824	0.8154803437431494	0.6495221848360775	0.5115423932348209	0.6200582923773896
	0.534545854385866	0.6240520750476114	0.6908516575486263	0.3474145088100128
0.6746494944204182	0.47504314270011094	0.473526336811788	0.5926463017548866	0.667990876437184
0.7627807374160496	0.523240814485418	0.5713460091338364	0.576279799659347	0.42874169401903034
0.4904059202569427	0.5067930645014326	0.3412337972405887	0.7113788148036087	0.8074184368699614
0.37590223910723775	0.6007855786273938	0.1678805477217704	0.37204597345118434	0.600589080611065
0.26899190424003666	0.24599285874349652	0.4845035833985222	0.3168060377388444	0.30271074139139603
0.47371469984184067	0.6247462126503451	0.3814118127604813	0.5501714127182423	0.7244220942049264
	0.5922216920694362	0.6379892914697479	0.5210263267159299	0.26043572762901945
0.7469328862805413	0.6684861037204528	0.4411853407729245	0.4628159901439681	0.323524018319786
0.4803640946737555	0.3519397029200436	0.6074017520934737	0.6605316204286386	0.7196764536643798
0.6446371025417864	0.39353485076367356	0.6591236955591067	0.7982083101473932	0.4170903458883624
0.6904983044191288	0.6084613653459736	0.4559355327777526	0.6994941708725743	0.3299399003691526
0.4799841614202209	0.6934815855630212	0.3527005243206894	0.23967383593760655	0.416855175850386
0.3077363856021361	0.8156134809281348	0.2967180285694975	0.5474441020581853	0.7873703243941681
0.525115792070693	0.46645753258298095	0.49494868349488574	0.5099937597461883	0.4812537936772466
0.42059856345056473	0.5867599081419148	0.4876918805089457	0.35837288113126975	0.4234250208279124
0.4652803207297503	0.3005223802258007	0.5868037171280208	0.7890194773700115	0.5934769002611513
0.6284371058655313	0.3926577323705949	0.4627269046497451	0.305069165294582	0.4012624872331871
0.14063565170609288	0.30178344975388577	0.7368602074977334	0.39839311813280787	0.5010510198336184
0.6044906362066096	0.6578425296415314	0.5377772771067713	0.4136205318482048	0.6449835249316861
0.441426824749074	0.47512948195732657	0.48614007593364655	0.4218053648231224	0.3896401799373355
0.47769761241820685	0.6543849802360064	0.4814366428420543	0.6791396631358294	0.5943643709904594
0.5188461575070764	0.5251983775149828	0.5897520239485087	0.45630539923278596	0.3573193178870516
0.4774237693142453	0.43133843056696664	0.4384363665552856	0.34786825508299235	0.6594840207998259
0.4283335114379874	0.4978027937552762	0.7840703683818682	0.5687103645916683	0.10660252165759364
0.7176898160634116	0.2034325316013897	0.2756468207536264	0.8383681186919555	0.2843669687729462
0.6384574971472897	0.6646505315842288	0.18239690617565119	0.4910125698708407	0.44673132857526593
0.5537488850774506	0.4927917656857498	0.5612093799762077	0.5423782011707076	0.6770731184644908
0.5197910514101605	0.5884998149185238	0.4065555086088231	0.7422876800041806	0.31707062471027614
0.7010614100575354	0.28305190109138134	0.8158061506642499	0.3523088649603132	0.7860082980103285
0.30657651962679205	0.5098290357128477	0.48287011471236657	0.6157216897645914	0.4053924061233979
0.9001680241406455	0.3993429630285419	0.664848034796771	0.3785047875057109	0.4047241992471265
0.5123144180657137	0.4573718404897596	0.45522689642065434	0.517853485936901	0.4935001201232241
0.7044452863827678	0.5382643335887	0.6365752480775061	0.8266146871265003	0.783920859264731
0.19938148196239228	0.13654328902885307	0.5887590354526936	0.21284566075214603	0.4329688191276959
	0.3157447632580258	0.30975164284282813	0.4996795915667187	0.39398072788320454
0.5259578217366068	0.5334289632592036	0.7687903374113635	0.5361255775774965	0.46251863058416576
0.5847878410212419	0.8490398138657255	0.611694230280279	0.4884653644178162	0.3956355766409709
0.33375262527763877	0.5676047581689765	0.47813197882716973	0.22758379910786328	0.2657644580854187
0.821376400114693	0.44972749405153284	0.30592727391893815	0.39902222995619085	0.5894261027599311
0.631391029732089	0.4826832572369877	0.5172745722428886	0.35613509032703305	0.7876383717024839
0.6650390408890976	0.6346859527807527	0.25610482251455274	0.32899990055067907	0.5797804262334596
0.6611781711821796	0.4548484193938761	0.5489019989836392	0.3907218821492547	0.6854399283194429
0.6472076061748842	0.4826959290193977	0.34466226184455717	0.601782023484347	0.37014751381386557
0.778617546259254	0.6495897019284914	0.4172088935162352	0.41960249493599616	0.9496361097157295
0.5241164958219222	0.6162869190255144	0.36042327478679986	0.5840518898306071	0.2700357290019915
0.45581744473806124	0.41230824219207746	0.6241470656591777	0.4457893833173978	0.5092910411655276
0.4867958827350802	0.28776691371868157	0.5833228087369948	0.643384688924356	0.4923502296887895
0.39311077585906723	0.5223376622933124	0.5343456154573606	0.6425245807929634	0.5014964744059744
0.6806344409494804	0.5283310552989976	0.679513410398918	0.5671497977813845	0.6398245492064614
0.5119369967436186	0.27688701993052306	0.4696078527158054	0.4770634594482922	0.675756786553987
0.5383639203979221	0.4793073261891101	0.5414161551755335	0.459938220159491	0.6655011972135529
0.5485527679097992	0.6461295142754921	0.5320205946428899	0.2854680479821802	0.321687115472045
0.7786175449620876	0.25652853528855507	0.5581650948209932	0.8499326492849051	0.6374796094532102
0.6049073824550864	0.5789748759790833	0.5326918427327856	0.4892207139548114	0.7265500773317012
0.6829665606480281	0.2823688176212817	0.6264812415592209	0.5014462550129639	0.6076927698801469
0.9187482590405658	0.4733220566269292	0.4334427763145618	0.28143763889519857	0.48684016211463327
0.6245190491055654	0.6209710353009644	0.4417865710112062	0.37069013217383245	0.26031752530768365
	0.6325603506793376	0.6061660293430549	0.45913099650258804	0.5615840305695644
0.2357077496722558	0.48958446408067574	0.6008798698006117	0.37117740426845086	0.3575952413152337
0.5230083597874349	0.28800897961471883	0.5966822823912888	0.6255092467611538	0.5519778620730742
0.6844736970556169	0.6343169503700382	0.21396400381712916	0.539218850036046	0.8482620708067599
0.6702395062731925	0.48635496235691317	0.7240440309632313	0.5307983225332292	0.5393019106831771
	0.6207947451741137	0.6080337155898919	0.06147860163680331	0.43612215044656744
0.4861386692256514	0.5353643198488881	0.6306522161430769	0.7959994475474995	0.6539553376207948
0.6664746245138888	0.2614239924183745	0.7998340822656337	0.41591128636441477	0.3131683685592114
0.41325721450082376	0.9030608824041224	0.4675493939014085	0.306200399601521	0.355427711737991
0.5259617268978404	0.45531249176169214	0.6261947010435254	0.6637833755204565	0.3789499754759588
	0.5253602450881232	0.42159963668028044	0.35345750457666614	0.4327168891342883
0.3784229937269007	0.42763806436926194	0.5713721405141488	0.46556169062785463	0.36797249166391405
0.30850040812548557	0.34105568892527766	0.6588708184608633	0.4044757687619142	0.4795262569541273
0.2944617461128649	0.3193443197927661	0.24684165199615887	0.26015973503927	0.46640779327995036
0.4536867879466457	0.6207084666268005	0.39239632515171124	0.6261786632184808	0.3086344836320088
0.611493710487226	0.6111687369584137	0.562477788654631	0.693672123256585	0.4781230976219129
0.47851469940044883	0.2805182639838549	0.4551385966154367	0.35161868310161803	0.27878944592466504
0.3663339565132373	0.2818490319239629	0.6619538326057947	0.4121102239870619	0.48267118615360505
0.43790455973076253	0.6254287572207834	0.33296823726402797	0.5897199388643675	0.30322442424937923
0.5424737405268955	0.6501463755603111	0.420846128310486	0.6884489677230805	0.44116240567705034
0.6212580326268915	0.4526847800131922	0.5406466960908834	0.41425908774944925	0.7741520447505246
0.492910408729664	0.478050991622397	0.8304977976544552	0.5505637451919263	0.5477802058612958
0.6702411555391006	0.7529626426986562	0.47345514796035437	0.618533651678641	0.46272829201852517
0.5589584929100475	0.8947796200735867	0.07633965725981048	0.251746078820174	0.3215791595376612
0.6945353413791941	0.5744994164949581	0.5602687210695765	0.5914726416565935	0.44129449796314085
0.6860795748753061	0.35539848832581716	0.6444247796120913	0.49898275477995696	0.3796151650866514
0.6332240116988521	0.42629836429295503	0.5174995536421028	0.8356504223975083	0.23330560708240958
0.6550286943075546	0.6181661872873446	0.5442112930246831	0.41393635886897906	0.6284835172947906
0.7432225898725042	0.6046620138413301	0.44990520855933436	0.38154130649602647	0.4089755643864757
0.44051507826010994	0.4727847600738442	0.5402329770823536	0.5154338654743441	0.6088698296554356
0.3391896723401652	0.39882385096242134	0.4495130937327808	0.5208669479553741	0.6162735107044139
0.1898427158607237	0.47764208383186263	0.42936605385533066	0.6710039943576976	0.7887531528147631
0.5346947573631314	0.26940185301199115	0.6602068950521032	0.5421175089881152	0.631475354316845
0.7336664116234565	0.33108532981237615	0.7268331440891277	0.37324791255455064	0.369268952358025
	0.5965156786489285	0.7117296803621638	0.6538598543657514	0.300436217569969
0.09542311868167665	0.593300457191321	0.36027826157471	0.44360080879279357	0.45087144375152705
0.36655996710677574	0.5126394235357876	0.21516197165337952	0.6579550563409362	0.7603526823786889
0.6076576154583574	0.5288548154459006	0.4567023886201722	0.5798177552836533	0.4906164521614147
0.4830439466893895	0.5434062118157102	0.12981051849243833	0.44400494083458	0.36058311697200796
0.5665974892364182	0.5958976480962613	0.2517012252760609	0.6637638641366999	0.5725552064905907
0.38392136862141707	0.5162694997821408	0.6079247661663486	0.4619418218966826	0.45428974266850064
0.2737027871831527	0.66116506397303	0.7471201489248696	0.5342110107839739	0.5024587625072332
0.5350971646415292	0.419081426656392	0.6175806865774977	0.2971099907797846	0.3869072883660852
0.31967915159152693	0.5169524951964073	0.5422408350942394	0.5736109068277883	0.11544680732759635
0.6631587292117181	0.22142327317740637	0.3623301566759746	0.4351734276357993	0.27000490199182
0.8028559760783917	0.5312967483070502	0.46423774057765405	0.3451389392170642	0.5801303449201708
0.6417713841480522	0.5559131451623944	0.5562737049546458	0.6292877670736322	0.7682420622223505
0.45992092977827864	0.3900463883011029	0.6029509281052514	0.4527733761225892	0.6923231048328615
	0.6833747596541463	0.34723779979590635	0.6366253066322637	0.5320728913819177
	0.4351735564952037	0.4229802741121175	0.6690538041492392	0.6161152947430173
0.8400318179879078	0.4759506316482392	0.37279405690705736	0.3636193951928437	0.3464613432714989
0.4581303038139503	0.48572461643206066	0.5377220985396917	0.5411919936139339	0.5861001836915413
0.31590077225530305	0.6202759984977265	0.1701749810269965	0.5207658006949121	0.4966177631059078
0.6474120884355284	0.6756751078808252	0.4140256995948578	0.6279899091877739	0.5509939477413356
0.5004462606321156	0.6142415679369556	0.41838823513770984	0.25902374273341494	0.6185367154740078
0.6445183562624415	0.9041578830735131	0.37437374233819604	0.4753579203350289	0.7245724721901802
0.41804507808371455	0.5102361010464188	0.3840128546316248	0.6150130946222826	0.5692227814059049
0.35050122104479586	0.5790723588989076	0.4513971198339816	0.3886331102636169	0.32937796050570844
0.49363823554375785	0.38559550883048327	0.8069238481514753	0.5994681797656449	0.6983298155802862
0.36575575541626665	0.7905833774185927	0.41627692535217786	0.5529634050538124	0.5132252008514532
0.2858614580603124	0.47417236410492214	0.5967489165246636	0.47483779573601786	0.5803526768947554
0.4371559009961535	0.663092027912526	0.5172251874508281	0.5614900840561906	0.757989062245085
0.44632777457001854	0.6381964112083204	0.22660414812290888	0.5950511374307383	0.5192683483155819
0.7743682445902441	0.6405527222558869	0.5212411619576477	0.5316650626681484	0.4788090671035477
0.35924997853055635	0.4846805595371644	0.6558868073973749	0.5558719383975136	0.3374245596344924
0.4555391634417129	0.7026237085888236	0.6031598083866878	0.2962626366922682	0.6088569593543126
0.5695142849676337	0.7599776955779797	0.664013252137342	0.6895643356847186	0.4094845745720524
0.37466049311732247	0.3449137866159274	0.46889307501984656	0.586481231584676	0.6178769961936532
0.47352410990882954	0.38308136146949245	0.4244908472258573	0.6954134671141105	0.4447602432547607
0.6770674658022362	0.40278144823739115	0.5575134249270359	0.6101475555334068	0.552458030655569
0.38746624305219524	0.2800663432893639	0.5661366289653351	0.42224911729098	0.8009261150470404
0.7182850313747917	0.32384370314818	0.5157341726962129	0.1415120340965759	0.7707102943038824
0.4031570725641283	0.42634947048956023	0.35639787330082684	0.6086565193015144	0.681340565120937
0.3095623276166958	0.42102735012136866	0.6688809263092677	0.35269916555723213	0.6744746304532085
0.423371425524849	0.6943179283804062	0.4992037154492701	0.49764455182691925	0.6982077656421716
0.3796876051544624	0.21830577058629783	0.6336681627497115	0.5233660228489411	0.4657185705862163
0.705068125239634	0.6244499612138473	0.5710322432620224	0.5607189019476638	0.5852934198341515
0.258208908750455	0.7028064007460836	0.4811897057253308	0.3758970093400773	0.26480855575643997
0.5582332054438072	0.659126399706308	0.7290408305585626	0.4532009025261806	0.49075739587489725
0.3781196145985433	0.5224161610803364	0.6647230698332384	0.6560678246618347	0.5612110646961616
0.4702420729333928	0.5985133369826686	0.4474669620545199	0.689274417210609	0.641020781081248
0.526680874416025	0.47710930811311164	0.42204866536936503	0.369983828028996	0.4884810581394012
0.35077261762997153	0.4716111840563491	0.6246173069791846	0.6487449536874602	0.4586839125644857
0.5080563546589797	0.3112064519416137	0.5848476351376707	0.5456601102740212	0.8508107856704553
0.4787837953477914	0.21282616514514133	0.8553704626009735	0.4527674776628765	0.5771887339071228
0.5206471656572543	0.6193681947249721	0.22666754689606766	0.5920149009592837	0.5974505170497666
0.5011147838658353	0.6702496819468285	0.45138993077927	0.5180278001278258	0.42658371140269935
0.6282685909350071	0.7052010581000608	0.580737851174047	0.5194031225334428	0.3593046992017522
0.6012478005806801	0.3729360981855764	0.4804791301417213	0.31805702963334564	0.43534047396576186
0.5458369398400185	0.6198532735230279	0.8727642278308267	0.3574058900196586	0.6515378652852931
0.44135642765647176	0.6808743481230557	0.31353898992241763	0.7639211102808714	0.31695151581506764
0.3664229287631769	0.4431099626697895	0.6828994176325835	0.48392538466667173	0.46473974532592227
0.7265676977467489	0.3957135554591631	0.3622640171640461	0.5914478811191527	0.7256173159539575
0.4885511672290025	0.5671679348863401	0.5909741254448232	0.7440636309615482	0.4496127760964944
0.5256413522285603	0.7024493173342806	0.6682271824668881	0.4555181944412607	0.3908374390648586
0.46340811478009186	0.5855960797923858	0.6024054883430916	0.6920301841305404	0.36151056684596156
0.4622538356347861	0.1621901610408	0.18489765208531295	0.4308184267168055	0.5012560615597581
0.3467399932886376	0.6284977645671892	0.42901342955205946	0.2712714552542485	0.790465535499413
0.43949914757291547	0.4996641866478473	0.45966361044381465	0.6104143861707209	0.3259518823765431
0.4636725359096398	0.5418385355493962	0.5792489496256376	0.5070924309575858	0.5499134175554756
0.41958290330232884	0.35644477987400885	0.6066293841253892	0.3927779041928375	0.4190432458004583
	0.49580935097495354	0.24226819427264	0.5228661135105064	0.45962925299060386
0.681889983482072	0.5271566875421756	0.5273527616425046	0.6114933078588675	0.5815928030657315
0.499537418507833	0.3562308579687685	0.3699971122746367	0.5491818184815949	0.6235634525380543
