X0	X1	X2	X3	X4
0.4504677187474348	0.47662019738163486	0.4141924956065582	0.29028271213202467	0.8617459808898463
0.512977990302758	0.582992412318058	0.5477164921181925	0.5808521899550011	0.7827945932792308
0.8789147036074063	0.5038538961476838	0.6150330753032356	0.2187341001748382	0.2949887478009638
0.5610673890066245	0.36976442733223225	0.548133939434796	0.5692429380740622	0.6221570409492987
0.5900666403014639	0.5483246193609079	0.3549002960180979	0.6293306445558929	0.5133399981117306
0.2701783784737186	0.6275552824408913	0.2750038760655723	0.38745347077870723	0.5731632316916608
0.33991108924288205	0.35662353379962675	0.4797152227332406	0.8035502514378381	0.49442703550651235
0.7405521615209701	0.4058001073945931	0.025981620516459487	0.47411577306288455	0.6566609856247565
0.5676437425458866	0.5670674193374355	0.9654339804977676	0.29565267911234955	0.4896952230896215
0.37659975973405274	0.7036484415332491	0.1412995271781854	0.16251596172317395	0.8155053781594347
0.5502192213635831	0.3913553339352883	0.40340236467370194	0.39150624602950307	0.4931575510382528
0.6076009716252285	0.40839261568698515	0.4983804894772192	0.4171237062565784	0.4545540697426754
0.572288466407548	0.29003941484751844	0.4298826502707626	0.34740495989800996	0.4598910996624222
	0.3631561098646357	0.6085898217130667	0.3660574175090282	0.4537703951137857
0.44784679832967406	0.5737719799515425	0.6914359364161344	0.5633018827430891	0.3392348964052542
0.379220956909342	0.4340181255135297	0.7474367469375788	0.43846105327045626	0.4146195857857818
0.4777413524965019	0.7318848170597535	0.24137225653916816	0.2686695689685252	0.4480542443153701
0.6710306142942083	0.555859646656668	0.5315032403692366	0.7101660198286049	0.2560383726840146
0.6492980498728715	0.41045841370791053	0.556496121655156	0.31264379075546556	0.4843526323224358
0.31051154239918205	0.22878347598996104	0.403267078286829	0.41858959530958595	0.3972135998910442
0.5099783540374484	0.28594083305084106	0.39770688056077913	0.6061969211172188	0.5875488062847201
0.42546372441240243	0.6381836944924091	0.7695427547385291	0.5789999485917618	0.33027653282970704
0.8233109709318563	0.5994493376945046	0.5015284114941096	0.18406365959123008	0.48880947017459786
0.3796108861503397	0.5616379947603278	0.39321726848514216	0.48726678626273956	0.3080614992414043
0.6521933583386008	0.7135143586663686	1.0	0.748734963542773	0.34286252782408616
0.31466041503118347	0.2809599815328176	0.6293311788394063	0.3465289518490356	0.4705360624674461
0.4968784572425333	0.42532634349857673	0.7116774180088152	0.5725368227823973	0.8092868676820972
0.31344410310995763	0.40751662712173065	0.620944606525167	0.6911830675005318	0.5018229629422577
	0.25402690414498796	0.4465453442285323	0.799271520810852	0.24610885772496657
0.30272221459740517	0.5576306917106165	0.4554875838653963	0.5309237904068552	0.5211929268237574
0.6133297923636508	0.3684297960999949	0.5666953460677867	0.3632952982000798	0.4887951311246083
0.6927143440063948	0.6105543977252923	0.5300013042845071	0.4865428425616784	0.38627938774240866
0.5931655125327829	0.19559887922660193	0.5498594808442461	0.44342830428896624	0.6390198940642058
0.1832729424542669	0.6209779842064425	0.15912128998462516	0.3662276141336863	0.5351107533363421
0.5405407349908157	0.31445657684054845	0.3921390653201734	0.38419899807228836	0.5465679617005679
0.17261382571080197	0.554269797863574	0.6442522461615021	0.38517807725604736	0.26846745330552413
0.6995752812094691	0.4713002092430966	0.6728941516377258	0.37841509565609255	0.6633456512243343
0.4021080491721456	0.47897947682733777	0.11471444941967351	0.6322188009514227	0.5786170788042581
0.7691525219679887	0.5050415634622454	0.22194942962679043	0.48108704499920046	0.41642313705801
	0.470514657061797	0.6029417580371814	0.528494274273465	0.2788358751865632
0.38338099006823023	0.47859982806589546	0.6525470940700243	0.6177822310483183	0.4552977126820424
	0.5875722056515545	0.6793615214938638	0.3651645206482806	0.40718329118736885
0.3768664427124985	0.3390498049552324	0.8510958165099978	0.4107607602614635	0.35961474395564397
0.6062083795839184	0.8553709971841856	0.5683909540888326	0.4694846690358521	0.41607280336734553
0.392305638219385	0.48336579692192505	0.6945655656808359	0.5664970280765983	0.5191480793690701
0.33429833496019956	0.47066334692163564	0.25334507376248216	0.5456660435722082	0.50885651770602
0.32854622138471096	0.6811244905531401	0.21308483843119014	0.7543230606887236	0.4175329932319861
0.4530096164633291	0.26779943519409727	0.264243044118197	0.16442107461472066	0.4221663778491738
0.45818405249152794	0.410162246724626	0.4101091612282456	0.5327983651328473	0.37583028535000895
0.43608955768918034	0.6481809494935656	0.25221119257933783	0.16632396008912909	0.4387559683011809
0.6631556766515716	0.4608762873828741	0.63985031773689	0.3056994936518094	0.2788172405551331
0.9112469672607993	0.5796913209525582	0.3149208167189906	0.3529549266577566	0.5320280787685431
0.603692109168779	0.3625258855047062	0.5431096279947818	0.7988714316777223	0.612742004108757
0.4241632180619989	0.30249612645834156	0.3548027170631095	0.7043141905475079	0.30985748978201955
0.5623990977640074	0.3738220970645063	0.2824569574507432	0.545890925907931	0.7779265590126517
0.47751661813624646	0.546377414205501	0.6228444651822427	0.5680430097931013	0.636774515768375
	0.8026822675603718	0.11255591248258058	0.48997573629180485	0.4991861013820722
	0.5558861623864967	0.47391823918269815	0.6969934122345093	0.6281552092052703
0.3705486359557777	0.5085560198704316	0.7119540946023665	0.6780437936160564	0.5459904554210988
0.4646620988586739	0.37507545783762086	0.5857383686692017	0.8626769460557064	0.41850464301951246
0.4841404770368081	0.3452356416851914	0.2832413234179739	0.309815406483689	0.7012342402131111
0.34235616573786803	0.3776377097906138	0.5813884959971047	0.3887567269894938	0.3215243502822509
0.537492143824455	0.7944226445564663	0.7984433865594494	0.4084981417064416	0.6846074324602481
0.1980178337208956	0.7343960969184273	0.7539932092763286	0.08259334803499194	0.470658187699178
0.30170830445817265	0.677277858290924	0.6763371236920188	0.6178650493207543	0.4723150397658037
0.5516112172436402	0.43724855654142547	0.45555642207792096	0.6544107977542822	0.4223881603445984
0.5625166414900173	0.42320446469000006	0.471425774237754	0.3667597195853591	0.2930266020874766
0.8787387117935547	0.5796186734258634	0.6836588766832492	0.49056567338063845	0.5088774596143024
	0.7922081686208633	0.2983154481603412	0.5282170879088053	0.24951429518881252
0.46442824456009496	0.5237523190933973	0.8171129836200204	0.11164967418555406	0.4841610025031933
0.7631639595446588	0.3109860612397428	0.3714945820043666	0.5248852826344576	0.4924597861792041
0.8005909093754084	0.5748180452942243	0.6869270485536753	0.5187024695821498	0.4203219308551489
0.6450350431897792	0.40087846616836964	0.38123242979665467	0.38979326841710427	0.20883546694989416
0.5485585548559198	0.5450599214242356	0.6753851655587734	0.5840399198349595	0.7303380935526586
0.4186099648193603	0.42208228246113927	0.388371080039099	0.9310441241533182	0.6147268967238653
0.6143235633300258	0.6184399166370864	0.5767426092296608	0.5341766970623357	0.38767593599941585
0.5191794552122591	0.7346648508953224	0.4366866364348625	0.5699574352657819	0.49444695304189745
	0.41073719044235996	0.6643508709075405	0.38141294621497623	0.6277876350470893
0.6053820985663058	0.5151978848776996	0.5750771277205973	0.589056955505309	0.61794509764133
0.7158688206314617	0.31864035876126084	0.7709484062568721	0.16597969466890194	0.48189424163733474
0.5910370573746738	0.19543443200640073	0.36690438064705744	0.6602364323158749	0.5200076759247086
0.49147724666341214	0.5668221888224992	0.5980495411130086	0.35229172925135044	0.5023425596889675
0.6685736305897211	0.523005146712273	0.6887912601993247	0.6094682611667267	0.5147131540227007
0.4796961587484627	0.6390702603496603	0.3842853751978434	0.4737471698702765	0.5053744410687103
	0.5660467484906309	0.22726525760497243	0.5900324807264306	0.44551830230706835
0.5696699189079613	0.7707442390740542	0.4912903469472399	0.5480012745217022	0.5665372867460814
0.7041709107492586	0.550269686319444	0.6969556688229404	0.504252483203051	0.6417657793795208
0.592017647377689	0.468487616994513	0.41805198090279777	0.5957652065990866	0.5238851286801266
0.4074944414846975	0.5718752827007779	0.45103887743801496	0.47142572992702303	0.4968961809417962
0.21495971049139814	0.930426550539951	0.4278469096801895	0.5735926702080234	0.5101335512916934
0.47403305110204086	0.3847935362972348	0.6510699230059265	0.5562574075583331	0.7088376514365906
0.632454151447634	0.37953337773595186	0.45839898830349307	0.30914847134456347	0.42883306487711237
0.6250293293948064	0.38302914474091304	0.2777410991871628	0.6060313547267453	0.3760933970288555
	0.36869391896390474	0.5144280343108281	0.6663175306424608	0.6457090729248114
0.5326663349362296	0.31583032474815737	0.41392822016116176	0.5165671983618888	0.4650227972503731
0.4060504910403188	0.33250421053209434	0.6873424108197218	0.44677918435960673	0.6538273358916596
0.274869372549576	0.4606500270350955	0.2737315005751383	0.5551598260046212	0.4418421934578138
0.6887118375083288	0.41238284507074546	0.380368766077502	0.43240837099219065	0.5538582998192702
0.6807492478041859	0.539495469468181	0.3995762179763445	0.687080988489861	0.6382698794651613
0.5122758716400162	0.6037239159820095	0.407817311192679	0.5757198138848413	0.6277106274946561
0.367367070027507	0.28759592054828387	0.402257611183618	0.37747846502324583	0.6592544834995699
0.5084360049932853	0.7855557469063209	0.4455686795586922	0.6942752509642893	0.5167517134480702
0.22848489191570245	0.7662626020779383	0.2706751970555665	0.6448508145195946	0.4806906635675574
0.5674005528856231	0.43224852416097637	0.5181658602932131	0.6739485601514469	0.5184276478882626
0.4856677978496774	0.529577946024272	0.5220517999783285	0.5126988600109976	0.2369095666151147
0.27443457236051816	0.5491271097852352	0.5281283708703828	0.45117123885763133	0.36176293924152686
0.46802593812876114	0.648021192484787	0.31725732614543845	0.5331839256616225	0.42890221077446566
0.2459923613461262	0.5578540854632589	0.6250987621799077	0.4571278067114128	0.5417482337456826
0.3168616967953802	0.608849293983072	0.3628176194220538	0.3186109919328906	0.6024779720138003
0.5062348410767935	0.2209045840959783	0.385994764494578	0.45827424796157784	0.7950808000894213
0.40622961516548994	0.2969429103445236	0.631116558152948	0.6526280627285629	0.4857922850393194
0.4415133093322595	0.4463332135283652	0.51980237498629	0.45028680304906027	0.5863478379383146
0.296490106992218	0.5619736428527298	0.5475776263983155	0.6310501600625841	0.8784533819782541
0.29632954777408316	0.6367201894519571	0.3803459222788094	0.8259618422319445	0.7424707037067609
0.6010301152428666	0.5261340549106489	0.5952608826502583	0.40324787418230185	0.28239957031381535
0.6567982865454169	0.5668415521259009	0.5962335196125369	0.5959189715052529	0.37527443378467074
	0.5019287965713559	0.5820604765724869	0.6411464751496666	0.49295245053326886
0.3413603646033435	0.4861842121731479	0.39847337482959927	0.4146622173600582	0.34015906540997065
0.4712575766332557	0.46481445788964026	0.3076671282620641	0.3700507376774025	0.43787710363211485
0.6455211727876354	0.6460229861039667	0.5869017097557478	0.4974285195845987	0.6570102435364955
0.3468314601921297	0.54810768242372	0.5024344186784151	0.41792257433589036	0.24877211555654408
0.0016559437078257318	0.47726443924216794	0.3256394425274127	0.3194373603774265	0.3465269306453144
0.5649951515596674	0.8292360219113152	0.34320049862177043	0.20739159680703675	0.44788784793030595
0.7090539940198576	0.49566655079703004	0.5862901549201293	0.14428409974779693	0.5700933381098492
0.4361695842092739	0.6294169187335242	0.5764057858318563	0.552254221245533	0.5524520576794101
0.534191521835862	0.4301339073463593	0.4872169045187119	0.28963116472525857	0.47625046775347496
0.5075246431239183	0.7137067606244274	0.8061266632327577	0.726883759608451	0.4741212987659031
0.5699001285721217	0.498011857592031	0.6751012163918371	0.49583619155664854	0.23673098404808013
0.6582027854204838	0.5951048331529467	0.5178140229586895	0.46371852249757955	0.6308997083203876
0.4480707732002514	0.5296581630286685	0.6407934910839357	0.6867608920596701	0.4766161433241335
0.4827374752122053	0.46245426693395164	0.13672625174794206	0.43639751786205905	0.17313437416056413
0.5898758476898347	0.5917163177659496	0.5778110815185143	0.4953267128182943	0.367181682164893
0.9359240556120699	0.39950059391102705	0.40759675803918677	0.6540076652205169	0.5902668592053837
0.9033792017785311	0.3814293341745703	0.4369753420073375	0.6148566896275743	0.5000650814147352
0.5588549843655888	0.24919362166189576	0.6083236116913374	0.7085082207588468	0.5561720780179128
0.515287156074263	0.6034442911992105	0.47231001031772313	0.2466297521032481	0.5660586872633835
0.3453150539422796	0.458450274231927	0.6952820976751128	0.5912705542771669	0.47321044859916694
0.5632498864029064	0.4763035323855897	0.44997553943598556	0.1916495006493016	0.2690930192022957
0.4212892685393481	0.36566426166321986	0.14302922518248729	0.43629224779676545	0.3895737348310507
0.6035918405110019	0.5554495781092823	0.5180683221391542	0.40670160292728536	0.4968751623230525
0.4892866584761456	0.38226376747866714	0.44261349554925095	0.4845382128433373	0.41551469527715573
0.4668030627348614	0.6433706977411979	0.4399623058856407	0.7448867339009844	0.6704770326141708
0.38942765591619094	0.697495533680252	0.6767871476112521	0.6739215185084709	0.6279370381300116
0.6438152123823568	0.7767442708849489	0.48404904031942	0.4235699321647927	0.49039926558682273
0.4142188208389757	0.5738625393108406	0.5342764957587037	0.2234659216376232	0.38770770419748823
0.08696516130947322	0.38602121548630136	0.5681082697699349	0.5346808307058113	0.4145512452749792
0.33175153524367945	0.5861702514311952	0.6431261367333615	0.6293753386932843	0.21256677903376825
0.40718728294866535	0.44523699682378837	0.592237697320842	0.7990588957496164	0.666917214889956
0.7211360546560581	0.3528702487920242	0.5106285639635085	0.18579565153916416	0.36162986984548423
0.5195615838714978	0.3799348846680396	0.5853861392471449	0.6321529460444384	0.5453554707019783
0.5919594432831696	0.6768999143169444	0.6763028075507946	0.4687194771758346	0.8225103196816854
0.5407351287014986	0.3531602862106318	0.2298719874934298	0.5637067365914484	0.4788393197326291
0.8258363066988427	0.451966514363549	0.8216437976669683	0.6009638592309611	0.5730969641732004
0.5215057547269341	0.5729899045575136	0.5730761901733434	0.3511665907662822	0.4828209842607874
0.5856440732642497	0.5635711265120978	0.5246891340542889	0.6262491830659469	0.4734877413799331
0.6768692575845486	0.19749836605540147	0.551916333025265	0.38703891728179113	0.7257079103571732
0.5941283712495221	0.676790506386915	0.5020760782431236	0.46881933624035127	0.5766556860589677
	0.5242105063164526	0.7430587466656134	0.45430680976803234	0.6025473256261907
0.4688065238353561	0.4142079509065093	0.42445606937819724	0.57954889070857	0.6493960882873925
0.6464746952524273	0.46369824009742205	0.6670880799191392	0.21924687502657084	0.625806209057714
0.3283582670678328	0.6913125109676407	0.34270048985770646	0.5525913456504931	0.6129748951973701
0.3265345496249743	0.7096032678182672	0.47403181352364093	0.5417310063565145	0.5144241679330914
0.3532174954487385	0.06623595468141065	0.4001144017403528	0.35962606230788513	0.48044673361005075
0.3784148556053464	0.44638093014374536	0.707739574932728	0.4963322243955102	0.5593567341997648
0.5854070392457342	0.7636726852425116	0.18146633037449025	0.38136981050028146	0.5800406508254894
0.508919633722935	0.3188184311282112	0.3995437250294218	0.7204752354393629	0.7489500762530106
0.5584667274312438	0.5139425999346775	0.5724798410232017	0.559862993528104	0.7458713132124316
0.17880341165435276	0.7071561382211156	0.504197383347649	0.5230172665932319	0.6112541687769488
0.5362125605229351	0.39829745745134315	0.45741159915043295	0.4487841461083236	0.4813118348607891
0.37133280738030705	0.36037835737925694	0.664401287652065	0.5943466528204288	0.7126711748944435
	0.3719302593357663	0.5244788511837609	0.48170058506942365	0.5240400642520239
	0.6523831690935773	0.4046873712805073	0.5809130213138012	0.4648922813538013
0.44761249786360824	0.6387549399211785	0.4743177289403166	0.2994567321015291	0.3264925209824495
0.6297228379746876	0.3544485070712309	0.38800517439515736	0.4706695232525012	0.5014199450482881
0.7870995326374488	0.41799481625621276	0.3489154111002223	0.5643046304425496	0.7448794814127219
0.33408698821122484	0.3052257166653873	0.23291258321067368	0.5801340494835202	0.5591995070655763
0.6381343210551766	0.46031819515430666	0.3489314291704785	0.3649000023479749	0.5173888467847341
0.5112162463155046	0.47903429079567217	0.5247124101662125	0.5520863801365358	0.7534440693780082
0.7830826200095807	0.7270101482236899	0.12297054850721821	0.5894599653307074	0.5556341818188483
0.31933865731154826	0.39387164971110217	0.6842196309522407	0.5474752357075879	0.3657372307475004
0.5718628180536518	0.6387159558839771	0.622969465618696	0.2944782342356152	0.47978088485946846
0.7308730651028963	0.5522413356327227	0.35933760308414164	0.3254205972846	0.6084327613594157
0.43837528722285635	0.47856357000834115	0.46615140724723414	0.5251419864576392	0.3468122175046087
0.2359648793671721	0.36513960349950897	0.527383325165815	0.7821132576289656	0.5933916186136922
0.35207305309562237	0.2595916294980387	0.39445935281352223	0.5612799871884697	0.41996367075763147
0.49857527875908786	0.3830317080238617	0.43602781120516343	0.28908197250790474	0.371788486792671
0.3539879608375983	0.310078464775945	0.479630986130766	0.5860795985705431	0.5639589302914692
0.5781954375508269	0.4228862574115661	0.5275118677629441	0.5397311378443591	0.4124438327769658
0.5595727504531095	0.6278691017551858	0.4691235354053577	0.6015131252026925	0.4488839601611172
0.5568696300344244	0.23605668986760514	0.5374943997915514	0.3005852521258581	0.38796930096547255
0.691237290754387	0.40678050875373867	0.7335053418207502	0.22805345289985443	0.4919625879044743
0.5027785515027632	0.47658513413358794	0.20109274318491752	0.5051744352763159	0.6077395068480449
	0.5859380743155173	0.5672944367099846	0.5704466577784202	0.41105149393202467
0.7168084801500306	0.5050534160390198	0.5369609783518247	0.5644556539064131	0.1879750697268049
0.4198823922391041	0.6568394250739594	0.5543332049992381	0.5653007178306139	0.296073928868342
0.5531280088685842	0.35271450778300684	0.8330131060473664	0.13058357605998094	0.5616873291863022
0.7055670661746	0.496402372948872	0.48115807786380904	0.3647705310605215	0.5583874378977607
0.5309264603576767	0.9265798683526468	0.6448989977396016	0.4250259032194388	0.3080474616748826
0.732663994099266	0.5617475708439177	0.4186845397349487	0.2546046815778303	0.48981038451805436
0.3666983216919195	0.4520708742848626	0.4919242856624644	0.5963644527409719	0.16318584452528162
	0.4514169639284513	0.5342259356714146	0.5329080217168649	0.3422943339860245
0.6398780813416716	0.42582950804797337	0.04108423578117947	0.6650954931063449	0.5152547019709752
	0.6852276262118872	0.4693260138344207	0.525432680027191	0.28649766588743264
0.45755254471490403	0.5959337128078718	0.5152521222340137	0.5874468321005274	0.37034314033833654
	0.6362799853401021	0.5416991790170314	0.6510292866269792	0.7010358339072458
0.6028379304120675	0.5230598189924561	0.6327602311134088	0.5707776739119688	0.48497385464273063
0.3544104352958477	0.15186934260735593	0.6402032413145493	0.5494417371077932	0.6818867100964027
0.39628085372614075	0.6686271597833818	0.24103149252775594	0.3400888799981395	0.5579918736354162
0.36152255126558575	0.6288285235390955	0.39932602997061667	0.5772214034984035	0.4394264136202901
0.5575282217404279	0.4887510547413187	0.4374364490218798	0.47810745367547525	0.3646229365276186
0.5535072111265418	0.4252798601040197	0.4650438631638877	0.3806538352516012	0.4987524064548173
0.6418298147391693	0.44756710802794625	0.4646385026064039	0.6216208149648239	0.434699026307049
0.38305077239732127	0.6676054939404961	0.4520771790794503	0.4450298186066933	0.5563043410291773
0.32502223188332013	0.46489907765158456	0.5987092815026479	0.6134101758095704	0.7869325990492504
	0.5092252341511162	0.6014078327286508	0.5943541052223411	0.4436634242378154
0.4106338391278716	0.4559606836862018	0.3308943436141581	0.23304647427772573	0.23483553233634996
0.7485501254634458	0.37054393583020606	0.7295164031530593	0.43007007891729093	0.5255700280322174
0.319631590905486	0.5757882213016355	0.16264892597406833	0.648800743315872	0.5897476853006447
0.48803080158884543	0.5071922087381882	0.31570061962665674	0.37310390980962815	0.30769608066351667
0.17293948043883603	0.7514769208279297	0.5358792944936532	0.5682759981774244	0.39166511894323414
0.6290174797580174	0.42699014571625843	0.436022141750809	0.6199732611616462	0.520638088872872
0.3125423967789561	0.3374463353998133	0.7048689169213168	0.5974856238435677	0.2790402792075356
0.5215981181072331	0.4264347800280121	0.7040620538368232	0.34254912634657747	0.37058407855147446
0.6857376710469734	0.5996959769025288	0.4938153662917686	0.6413488332092989	0.4935210729741337
0.5498979767768879	0.33773005066147677	0.8986200611735561	0.7405197161161812	0.46717887414671455
0.42877010814177746	0.36710672880629214	0.3747123637616585	0.5284273898638113	0.663938333528938
0.6587311041377784	0.8733216350723282	0.48914911857031745	0.646501120337652	0.5534120456004111
0.7358912362870146	0.383591958126099	0.37365549363937445	0.4433267297389896	0.3939794375257005
0.4829861618484143	0.3164270381075054	0.2075297601896575	0.40142250561449855	0.47569189179941956
0.5807064188024438	0.4747918146683665	0.527357465833135	0.6514405179837996	0.4673356421830352
0.21974227126975993	0.30023634342121003	0.14079102427810913	0.42909092637952645	0.6029901439161941
0.5584192273235462	0.9675156294766737	0.5133596821838345	0.5990193559566773	0.3541094772338624
0.7051480469335025	0.34820647576247926	0.6298072259553875	0.17864462372061407	0.5128432234048055
0.4171027785960471	0.757246641153239	0.4391267778508422	0.4033611927670898	0.7295133407780402
0.19341188751858204	0.47308644588100907	0.6304042575160501	0.6519854775324213	0.42043520618102365
0.5415838033286754	0.46699284314413714	0.4542108075724723	0.5134729007464693	0.5717917024231822
0.6137137672572267	0.6518380463652828	0.5065120396795388	0.6033159021514304	0.5003278597100729
0.3625168602477096	0.27787440503179067	0.2659421189901157	0.49980799226751865	0.5561435227415321
0.49729533644245766	0.8734584040761414	0.5620220983517612	0.47494754552985635	0.4340922811202438
	0.4077147153573613	0.3301270161628176	0.6039874595929446	0.1507020226753885
0.6585056873176861	0.45281610344799894	0.3915606352221223	0.7034665219373529	0.5082905572445632
0.6340053507734871	0.29483312875404877	0.752581518031028	0.44079285066423335	0.6630355462324538
	0.19305684196181794	0.40121146933495666	0.3870341546522641	0.566774923086001
0.3571454003244185	0.5411989127735293	0.3836409154664881	0.47068663123178006	0.5418071317136407
0.567251940476976	0.7242957597848271	0.5232657556901246	0.4841378990906588	0.3171912941989679
0.7204023034809065	0.4735392741579704	0.42090557541208024	0.34051585827761044	0.5733369247435035
0.7089831980337885	0.49955098658028174	0.3832948466978173	0.5258236294376843	0.08927672864444737
0.5925143427445025	0.5285100643371705	0.4595498552350928	0.7516314316143571	0.28475993211881895
0.33319997831753145	0.466780759858123	0.3267504573015356	0.6350923078869863	0.5133781175217065
0.3077692264043762	0.6986411707415837	0.5301718036141209	0.4156201823692501	0.7463615964566153
0.5599625307236984	0.6015872722688328	0.2843747450176905	0.4071901887013762	0.5215798625178513
0.5021724840948153	0.2142251640740215	0.4565770129775448	0.2984195870426134	0.4352752912426839
0.5130392972625745	0.5525778892119505	0.3046447314390622	0.27976815226823665	0.6572020196603267
0.7498128447430933	0.49178315580679793	0.68634028756305	0.524143352957137	0.4578234536924924
0.41043307165772447	0.3000103784431468	0.5932161921004219	0.3191609648879096	0.7415272078097371
0.4545823859927672	0.613212448207268	0.5614126141743838	0.4643206735124137	0.8494483448917617
0.5776872654005317	0.6837725791183662	0.8639257049000792	0.8393672726044975	0.7590484762858238
0.6321107538389485	0.6519640694061383	0.5835245829892446	0.41545855834818357	0.7933748187553458
0.46452081361005926	0.7110698312381686	0.627539038907759	0.4587447322119276	0.48644523412545676
0.32713138892537386	0.5276157199858253	0.3004192796959558	0.5096060990009896	0.6146175375726465
0.7000713589549197	0.5147609062726844	0.5214070816267115	0.3439620893699705	0.6805847754885745
0.22547591586015886	0.4846299896913812	0.237360406127231	0.2978460543034145	0.8088436315263744
0.7256665235978793	0.342922291040637	0.532506093538506	0.5637053001250415	0.8050521034411259
0.3783990878474334	0.4850151353043412	0.21466860365779952	0.6432182754393722	0.6073312460840159
0.6233864170510175	0.2112873019450411	0.7018354528668734	0.4195681799105593	0.524372595525737
0.6277803381311626	0.4669147073925769	0.7464747493190951	0.541782115228584	0.4555676198721392
0.5086374550921836	0.5239058314062754	0.5847092100677311	0.40658673628365727	0.3340868831114966
0.7479567808954269	0.684991471511794	0.4780301508101895	0.2454383008427113	0.3276233746762156
0.3869911986940879	0.5858286809661529	0.6336710259111565	0.5816938864135234	0.400709270539582
0.4716209406867219	0.445202128710153	0.4611360911834544	0.3869606757820616	0.48230602384567706
0.5838097338807732	0.718504320310141	0.5385375585342004	0.7673039895418595	0.5076409665073621
0.3653748125607677	0.4936185584002539	0.6581580569860573	0.46332774625463596	0.7893618332376652
	0.6258108988787496	0.5147691779616858	0.6128469656477827	0.34378840363344837
0.3781253183408291	0.506013509317994	0.4575582412062704	0.16879619683854435	0.44220145232372277
0.627481069141361	0.47338351312514354	0.4862349755927038	0.7246086179515181	0.5241726459758049
0.4350072465754899	0.46870914504166533	0.49753687785830875	0.24072600705113784	0.5360125653737603
0.36772290503261335	0.4162934765944636	0.7217252104759351	0.5109975976433355	0.4651854475069258
0.36145972007129634	0.39654739309743736	0.4343096035161717	0.4430888610812236	0.45909583480747035
0.5461611115978545	0.7023383640976204	0.4369768517936023	0.5592539567201646	0.6915675433966507
0.4267891779212384	0.5042640913241944	0.4334587142516637	0.3342691688598509	0.3140140586117542
0.736558737608558	0.41278375932888023	0.5255312862413926	0.5042175520977068	0.6527988407210213
0.6944329141183188	0.41691969340674473	0.5743553284097257	0.35256060387309	0.26087696164785096
0.4728755982934168	0.6500941976277889	0.2217111706275428	0.8884877209922746	0.5513716297162153
0.5832513127539872	0.6103565172756794	0.46778408348553124	0.5695756547092518	0.5396012579774211
0.3363591967504072	0.4987819832916196	0.829579434990097	0.4506583366235776	0.48674981339480794
0.36665347060391545	0.6244877441964867	0.5625561297420082	0.5561976760027665	0.47197660390987634
	0.7809616673870885	0.6515534827621303	0.04905030897007505	0.5205647755358241
0.39085319753411185	0.2171908827857857	0.46995257127774537	0.23913647670950175	0.6661740797303528
0.37527542572470585	0.4822077524332288	0.398061003439606	0.41768058510042577	0.43958694414606897
	0.3156977501234244	0.4397048236935976	0.3579232330335984	0.6667464397380054
0.47743533458637266	0.43411960576390723	0.5529497154167637	0.5908054302228687	0.4767894998272459
	0.9076266896985057	0.35332124080516614	0.523894353108848	0.4676391939334161
0.2352706950607959	0.3891186645812443	0.6417229900937843	0.5467770039814427	0.7306761525647192
0.5147981077231744	0.5978503450629842	0.6236985271076956	0.49811252118743915	0.598047794279884
0.7437392770228398	0.5496870595842483	0.38916273826387654	0.3147551465831	0.6233738092290885
0.4101539737570506	0.3310914530127828	0.7466204239779226	0.40274716429527496	0.7543199776650585
0.7112863992243493	0.5779093730059989	0.45875569626485097	0.4240760245371707	0.5171601744801195
	0.3538456547240958	0.42100607904041515	0.6204964957442404	0.3735945120496769
	0.3991255501339263	0.4787156311223279	0.29880594759215384	0.14747812174131408
0.5339367113558242	0.29189777481070583	0.48977741605549485	0.2782423275325359	0.19452996319962712
0.7461970478758678	0.364014706704281	0.6330151840972059	0.485592674257834	0.29138978906698143
0.3535224793826492	0.7181329034555465	0.37474511080372536	0.4485188160795842	0.557334588006828
0.3988343935969965	0.4985508618641758	0.49245555743998704	0.4241121784882638	0.5417847774568848
0.42308799912959827	0.3195251855379188	0.6251565050811715	0.6878474436600412	0.49296478355487544
0.6632175170746973	0.5632207277567056	0.44088647336834047	0.49999432635764846	0.45633113378975926
0.5874340233134103	0.5324360703784194	0.5504876063717762	0.6023988836120853	0.5730304826231832
0.30850239834086024	0.4851748744610454	0.16159858877024047	0.2868371805087637	0.6262005232997103
0.49906403546175837	0.5350874386487839	0.47732163880243195	0.5641315361791353	0.5345727063182427
0.6961753113375008	0.22600967376917097	0.6083445566301657	0.37129003070707645	0.393145989908728
0.3141219859236538	0.560148332121348	0.5457205999015923	0.5526635514609216	0.6491290235856194
0.6453958734424255	0.4534436081342392	0.5085195732312008	0.8404233156251681	0.499363298573468
0.4217871572822373	0.6402951092140582	0.7436371807852712	0.4869358934690128	0.4335702660513805
0.5338790291431992	0.5060699380350698	0.5117051020980494	0.3490277856595176	0.5579955177791887
0.3174596738214937	0.5008036582246972	0.7336927432868932	0.3885879689043669	0.6272196823229674
0.35087522921494657	0.45826708827880414	0.6170965101174473	0.7091455694234221	0.24219792172029653
0.2994264796238803	0.4946496730259477	0.38677548952070046	0.197680509126671	0.5616434926310769
0.2357890717250985	0.20013266991808384	0.33831536897872316	0.3220712411741244	0.4724539937652277
0.36384869071274856	0.5251366193346002	0.3580212013509376	0.2821727560067158	0.23571161720776973
0.7209289796070114	0.7264054701201723	0.4043347114662514	0.42462895189312333	0.5733870678900672
0.361983698949585	0.4857092583106135	0.23989497103172241	0.594794290199209	0.3705007696562935
	0.6275851435306132	0.7367140727740287	0.4337649993337857	0.5456511178048192
0.4480424501841444	0.5533088622805384	0.6308284025978911	0.2925759231168179	0.3922037116914505
0.19578373855972048	0.4234397949326894	0.4626183802871297	0.41088789941793225	0.44407828357423973
0.49590632745013585	0.5496970494902768	0.47515380542476854	0.6382308211826448	0.5316250654871674
0.5479924634439822	0.3998860551923998	0.30083517686245975	0.23998381739718913	0.5226988072473471
0.6704942971551281	0.6001800242769408	0.6367183188045652	0.4206490407516383	0.5261898110591876
0.3862913741955306	0.3319799463974316	0.3344458220082004	0.5632045832464706	0.5104342541254115
0.6234123990281715	0.6000115391578793	0.5361377019745985	0.625739618267297	0.37870512950946533
0.6640168985593538	0.37460767453288923	0.7565583970127688	0.557688694847371	0.36127732186045747
0.4813608045752132	0.43301902979100415	0.583926843419524	0.5534350947999939	0.12504297131017045
	0.7362690742037653	0.435978984834198	0.3837035335722168	0.46708130126033526
0.3837983018337015	0.8066463800931715	0.7284462178452301	0.42031330669782163	0.6452996616566092
0.48299663919808405	0.50406896926289	0.5704030423248744	0.40980616970449296	0.6993028854470099
0.26571264397298394	0.47858582228706403	0.5258657702972185	0.5980761203668349	0.37099072653815496
	0.4338984035277885	0.487222755205235	0.3208677429367803	0.42405168258669845
0.6375015873176715	0.39756030810761706	0.7003760681217791	0.37139322447529177	0.4572647749817429
0.4439742526447839	0.5259370686079783	0.3874813898359115	0.2764622410238133	0.3771707571778368
0.5948408215000635	0.41893755062935345	0.4271407322604099	0.42094494284191586	0.37670153263521416
0.7365125139602654	0.24441868658466215	0.44603812465837694	0.4383248080422413	0.5476936987140405
0.6139921952269098	0.5239226649687948	0.3245131119822683	0.5591627010154264	0.5379857849328074
0.5028183643940435	0.7397655483807124	0.46382893907017936	0.5226951154184201	0.3379193043286567
0.3944473237023379	0.43540257997836873	0.5068874601086877	0.8459100522341769	0.6209325634894937
0.6571044513020958	0.2355559298461394	0.38615559694876	0.5035307083861145	0.7205930167917465
0.4871310467158621	0.45784652403984993	0.3372440835264109	0.47222270987667214	0.4555201221361162
0.296434953813754	0.6499002418430095	0.3145764197859504	0.6871623039296576	0.2749073122322938
0.5769980989131737	0.49742690092220865	0.5606550026871878	0.6922518784989665	0.6412835969662402
0.46040821483555755	0.48316006742825673	0.620703832652968	0.4058619388456058	0.4816290899260688
0.5147140981087415	0.4220853488145796	0.5195886131640794	0.37527444512262664	0.7145023901885379
0.47295292497634356	0.6082421900479382	0.42694739243781027	0.45443346219067104	0.5495989595022619
0.4117697284683853	0.7082447730772534	0.5101235775018672	0.4507041609720587	0.7688747806870594
0.3452191773096752	0.6933488154785892	0.34615180864232276	0.35316885323627983	0.5520974682602888
0.41317390024191913	0.4560715083489917	0.563557285317618	0.5397505532635367	0.46638227214163086
0.49307783170020547	0.23582977818220682	0.4184766271908808	0.5383608915097408	0.6477103393657768
0.5816669147182263	0.12658533324094032	0.43686214602551954	0.5386567050192167	0.5151147210188478
	0.3194254965788435	0.41313947319580563	0.7636087077691428	0.4531570538010764
0.7560741626467193	0.3916932419373583	0.5118137475863089	0.7088956991226928	0.41438823448478607
	0.4636446334195284	0.6249431157171593	0.5122028711021874	0.2499590469294221
0.47884174238849975	0.3281522653719964	0.8021534506368412	0.5067642392270338	0.652958993062567
0.3914232793719566	0.41174445338476295	0.5777155785347553	0.3769272660112919	0.597657521434377
0.5122061899401432	0.18648054808746606	0.5959004495416644	0.31043418535285017	0.8499727642773325
0.4117373616474388	0.4248925695179417	0.4996405044942693	0.4312398537103118	0.4891573276590975
	0.6008292295817129	0.6921945414639116	0.5095862434013049	0.7889736447660912
0.5289760967911934	0.6397262294768492	0.6464377653608236	0.6109938035875208	0.3948926714769006
0.7139232413943809	0.3899937050129502	0.3047073864703355	0.6162092528599525	0.6994198885932297
0.6469269560285272	0.492576911214838	0.289477844343807	0.48680317825453867	0.6010967972339041
0.3620440216778324	0.4581930081889783	0.36870717840822526	0.5025695355209645	0.5031693996898373
0.6798167961851129	0.5828711081970824	0.5503342386129614	0.6390177370892631	0.7720110323247094
0.39105366508924466	0.37584676901539676	0.49111202870192533	0.6468629762876436	0.28595073421222966
0.2753821653916052	0.3863154198501072	0.77876055826544	0.2534901314657138	0.4402123592365224
0.6291826443462093	0.5860413279890526	0.4379406842740732	0.473669912223281	0.5702310649255458
0.576268073826864	0.5197801729539935	0.5130004134509213	0.32084952340534906	0.5403149156816188
0.6265532347604421	0.42140835559854	0.5931226217818418	0.6046393301522637	0.8372059829766403
	0.4251515969020072	0.6732401866305762	0.5136640088229779	0.4913415646281034
0.5993565996877072	0.6970885638091421	0.2691113066236568	0.5517329790764116	0.4329925425132462
0.4593776973222108	0.8134941906501532	0.14694072863549154	0.6219943837176675	0.523955340256348
0.8875510306374887	0.20023694066005657	0.7120648428748569	0.6045168252651509	0.6581739477013927
0.4011960788849089	0.4215269974468396	0.4942994833917729	0.5373879545886338	0.3771375961681447
	0.4779519556341611	0.34842562347773487	0.7612994337451985	0.6654073113379025
0.6586539230012757	0.6918830238439171	0.6922212405427083	0.46453438726311436	0.571688580472473
0.5199720712068411	0.368612506775492	0.34460889411033263	0.5779096568539882	0.5626802753350866
0.41160395822557394	0.5153490652404753	0.5635560498177409	0.7110431052410572	0.5269656169303077
0.6938933520062784	0.7479635065126518	0.6888955086443582	0.292509787127546	0.4213540358330816
0.2164994468439037	0.5413891254008512	0.715774271977407	0.47710009760886574	0.6505855608770201
0.6642046082118486	0.35348431018663795	0.7076675364555709	0.4009519080746491	0.4977713803449554
	0.26149849825417953	0.3925570884831954	0.7343457366370206	0.6705824295355663
	0.48506947992953	0.4740530223854204	0.3306094048486334	0.3960164946609509
0.44915762656338765	0.5597550590068814	0.5807127078885022	0.25858470939646155	0.4616232750490224
0.6001214905701661	0.33847616794373114	0.5186120211893247	0.5040629757786754	0.5900595396216293
	0.5195064023462792	0.4621520440185782	0.46276365513943724	0.7088751810811613
0.5775721264608159	0.26507796067209194	0.5499758840618045	0.5045963664487512	0.4704517921632246
0.6507407628189472	0.23315344342600408	0.27539313243260277	0.40211892940194166	0.5616357314587299
0.2965525066850711	0.6742832998563486	0.483915670961036	0.7612825760841814	0.36984769820716384
0.37320900461278034	0.6199561758266772	0.6346638106647994	0.5283921703555453	0.7678413419268383
0.14055990836148946	0.728263575054816	0.5444148140547053	0.6691306627279383	0.600408822232924
0.44073131142202693	0.5890657426722978	0.398855875963602	0.463744421278029	0.5232786234931999
0.368576218383062	0.28543999817067195	0.19496471729295375	0.36452819936917435	0.33862240022925055
0.40491922479273407	0.6647718690578549	0.314329157451389	0.4074318999596597	0.6013820692373366
0.30463632254624756	0.38205890704342954	0.7211309034783824	0.5950041870941121	0.43466538122334
0.534688167748765	0.6737228792720505	0.28328851430266333	0.5637807290372292	0.5793419802175266
0.332341237501646	0.3233937594476541	0.4721581664942557	0.2793831131617036	0.5355607984900542
0.2416238047485859	0.6306313641861436	0.37050217123984	0.4536139636473114	0.5651970764892768
0.4535719042102503	0.6394859613625531	0.4092702744171907	0.41946054253930437	0.3467200647400021
0.6746265474950249	0.47794373888836633	0.5410800185369444	0.52199480148994	0.4074407676998639
	0.2961808254903068	0.7179895233871383	0.7002094831942772	0.5416687448236803
0.38249007861422424	0.8362227151592496	0.5840493181688885	0.6994796067909487	0.3521096210314926
0.5598463482534123	0.0	0.2971958706322864	0.48547605731821636	0.3897574174278605
0.5494277515889012	0.7058906087127899	0.6447531279744257	0.634208983867245	0.3807011061429999
0.5322229623847591	0.3528241547471341	0.6593596994692602	0.4908868068678616	0.6118954322685237
0.4887564031008684	0.4031678988676985	0.4193581304135432	0.588356225200198	0.4818611746217048
0.31327124834338105	0.44291615293886044	0.17864735497980896	0.7084659994955743	0.4525553615180628
0.4061685393691339	0.6154225772704651	0.4604114639412363	0.4120164636672726	0.44357360679317825
0.6253070502132605	0.40539448464629946	0.5950534526960125	0.7291793724731772	0.7245310436300753
0.4698845388103368	0.4438405291433713	0.6125620142113576	0.46780120529062585	0.5274083744695456
0.5525319972938977	0.24693953793539888	0.5624803545487068	0.233384066332205	0.3501917979631302
0.5278024257053369	0.4807570630308188	0.47636752981171876	0.5273639127899481	0.32468417263424026
0.12977918785584142	0.28711423550301285	0.30276272311019803	0.7912537106960242	0.4774087342558022
0.3912934659845197	0.24900271622565717	0.5793260336953928	0.7037878366234922	0.37384094371307286
0.8358082163424827	0.372612662868004	0.3971804250208185	0.5423700632800799	0.6696397685174648
0.7134872219159405	0.5095539819349353	0.4000545455560775	0.2464828960081022	0.538541709564941
0.47018828720676964	0.44012170334111855	0.4156988834361309	0.5213470637210311	0.46682810223978494
0.6013008271914647	0.5458502135537492	0.5472001666380798	0.5705680890241405	0.5153228982698925
0.4551802305590263	0.3672247548112138	0.7747418711131469	0.5091726045732755	0.6044658176237928
0.3254339962161403	0.4674052630347473	0.5013004330737342	0.5845909830361171	0.5316748436125923
	0.7642878547776798	0.5027488538026837	0.5239238033601262	0.3794604434194992
0.4334473189584231	0.12781748388928205	0.5106596209188712	0.4865782564074518	0.19145527104970572
0.5599867554692942	0.4818786038204465	0.3992964419358958	0.6363625676569558	0.3889198959382777
0.4746892207471052	0.4344670136361628	0.36786540126732087	0.497423244849221	0.31580701090045454
0.5800350998175781	0.5448617360491416	0.4928269843531722	0.2625661416822787	0.47077616943277745
0.4207098090099099	0.364115497210705	0.5770196601058126	0.31401023825689783	0.4399989265882959
0.6044054017968215	0.4652518574677564	0.04205830818634079	0.3284657806256801	0.5076042191201096
0.46094255460872774	0.6217611585122553	0.5112593063995534	0.41807041723047983	0.38977262091556214
0.42508994829698843	0.28827982987782996	0.6528424845632748	0.3389870421282297	0.4536613685886944
0.5778277501232695	0.4486898252396559	0.5628235749174594	0.6467309975177995	0.270769528855931
0.6131249926109618	0.32626491507398997	0.6371958268765603	0.5121936102809531	0.2412119951577422
	0.2846647637682775	0.37664025496090664	0.33441052857527404	0.5898031977087195
0.36538098378555	0.521582435719791	0.6282815507921354	0.555800870787732	0.5908484155931755
0.344725926117857	0.5099900136131702	0.2776620085884266	0.6352343838822492	0.4659310654605136
0.6190491723424962	0.32534230006372133	0.4243844689276271	0.40489449936809696	0.40329977606557577
	0.3296763550486199	0.4435689633927374	0.7498431572003805	0.44774341663911454
0.46635564889398606	0.4081366327084563	0.40039582401394475	0.4783630825288228	0.631080622352956
	0.635716211427848	0.31704594693796956	0.33389224074556634	0.6425135782953081
0.5872301715912904	0.6362386452537752	0.655515728226367	0.6187000968792782	0.5460609249739172
0.2419291753782563	0.5689128188453836	0.6279714268170696	0.4862083019065185	0.4426007511890597
0.3435483574260246	0.4314267425071477	0.6269871847728345	0.3141617230961425	0.7599777065822273
0.459022753096826	0.563350110909724	0.5627790772602319	0.5942095725280289	0.8230359911774021
	0.5959317234885225	0.4358906808515969	0.3864230388902615	0.17360244434752145
0.5891466047213714	0.46079780441267476	0.5319679344770722	0.6776003312705718	0.666868391987298
0.4926091335225441	0.1840170777652298	0.3306599901944625	0.19189321053109443	0.5866298751629607
0.49422424308962676	0.4570683668735064	0.6597297560503709	0.4344522573098087	0.37155190364981466
0.5824498056278514	0.4966824504232138	0.4416070275346491	0.6523684634730635	0.8305153514328324
0.5616635903287577	0.593645201193102	0.49590653464275725	0.8222208085075065	0.5556347324400999
0.50413653282273	0.49922766390348605	0.35160259113210335	0.6143349318494169	0.36725175124966153
0.44971916985411264	0.6542226181822666	0.5078019652613298	0.6724200421504692	0.4545774160193661
0.7962981868827548	0.8060949651627831	0.7542551279183944	0.5934211606124414	0.43836198246864627
0.8388938915845595	0.7219138248797462	0.7809504827265757	0.5223598916744386	0.6124948348691411
	0.37795513258450303	0.5453089209673974	0.33491162843661826	0.3780364037988509
0.5028710306652779	0.7389007181938705	0.5946042258065167	0.6218171537354278	0.623057482618741
0.6224285974453362	0.7198227126372231	0.5501706641443206	0.4250598879579615	0.293136253057603
	0.5716127640271986	0.40897495782059534	0.5257498192201789	0.7123186055571548
0.18018772396686064	0.5313122811358347	0.44479058803987304	0.7652760300351495	0.4725760418723389
0.5347228120970825	0.6214866032499093	0.5091069542034568	0.4504242125773254	0.5842662973059133
0.21083964797457327	0.4819276112718934	0.5383196886402251	0.5095749248235698	0.6711296682892148
	0.5412629262171377	0.4589574329638525	0.4148348035484087	0.5519416358413118
0.6856188934046332	0.565631617840531	0.7379422500208548	0.763103562077002	0.4911436069541108
0.7184882998158876	0.6839492907567056	0.6018646488186723	0.4315139937342952	0.5994266158493832
0.34337246361546786	0.379539335474404	0.5610413143930227	0.6166964948711771	0.6062369321482717
0.45710959564244447	0.49141138955768604	0.5725088893913358	1.0	0.4870508879070592
	0.6998029433562715	0.2134232958341588	0.4644721468104857	0.6634248990799283
0.5070082121719549	0.32902480395391887	0.6037693895939803	0.5626471919010525	0.5474652384466598
0.5337739565890921	0.46775736380706884	0.215789711731407	0.5797518918020343	0.3709410945881588
0.5648959756065967	0.6591975519281719	0.2948808338522689	0.21183583162981318	0.47384997990187827
0.7875177042452531	0.461106190590091	0.4342267711533336	0.4204187345747429	0.3049688200742229
0.44019967043330716	0.6018094083114361	0.30731049147187295	0.7388565441323732	0.5417658846235333
0.6544541707737828	0.6571272920478145	0.367453852248806	0.45489076433704906	0.5838115215078561
0.6323731901963623	0.5461086975680949	0.6654384555079272	0.7467734994776614	0.5231476041805405
0.24385387901142053	0.3504196254554312	0.723308176041227	0.3483114709505315	0.3726454776274105
0.23383760578093754	0.51767647498547	0.3014798709991056	0.48685663905302895	0.616264939833341
0.8048189606679524	0.3999659628909452	0.44908776714610094	0.6648997200406233	0.6302801250332838
0.7672772300626257	0.3993171582184344	0.38106046052906434	0.3823799833915062	0.7765574724174216
0.6367257873683516	0.6949329942297733	0.5245077533175209	0.3964225195916139	0.5629097353113333
0.6453312878744111	0.4260906902870578	0.5607878813615383	0.35768407041446987	0.4012196960505635
0.7441473237355638	0.4103702519003146	0.36196398189580653	0.29253703475736276	0.5086411441248029
0.4076248737451276	0.3341842678289109	0.5119284731689956	0.4939231256307356	0.35173974315710155
0.439597877027084	0.8390201034431753	0.4496188926421955	0.2190514927888671	0.5727463631353681
0.47491171038202035	0.4495690565981844	0.6038432759963763	0.5839667396403707	0.654562922257517
	0.5742201683271628	0.4295280908234929	0.42090767623327585	0.2825619958308
0.4218976181669802	0.43640939450520144	0.6558544133011074	0.4818642593119955	0.35468698429101486
0.3780270854737109	0.6001988830391213	0.4200297831697592	0.6612902108059093	0.42797875752036363
0.4531032797733779	0.1487827376321397	0.3065138683528332	0.7996246373775594	0.4403845497582386
0.5283873570019798	0.49284419536903185	0.4413738812461085	0.3302088288125068	0.816049024138995
0.5114693104963123	0.7252868810573518	0.4074079454169482	0.5953825541321307	0.3151895732977679
0.7262833962852515	0.4747813501709493	0.7090768857826977	0.4601040470950455	0.2699257727904315
0.49482872627856866	0.6045627763231662	0.5338383977963308	0.6534187068780511	0.5150825726832
0.35902685746988805	0.45934965532504596	0.4711346094194456	0.44514707111795043	0.36613278146647654
0.5556746082785614	0.7058580815734906	0.5239655425248553	0.5100262584322486	0.8085132826986988
	0.4134781537186534	0.5826855805161508	0.840793442904831	0.48815086055288903
0.4716317819018979	0.4694401796938679	0.4630720180243841	0.6314786330249952	0.45437261357897635
	0.4374869627892059	0.6129967437397295	0.5716320739962171	0.5818015137005093
0.4056113080369747	0.44457146247932106	0.5026698080671854	0.3783836860692565	0.49414459018564355
0.6163237813250191	0.5821104198114176	0.2994607015304637	0.47072138234750577	0.6570860908687298
0.43762397271703424	0.43782861826763386	0.3141433883288569	0.44675203726073726	0.6810273285645926
0.5801221688967279	0.5730697166325374	0.37726996293295906	0.20829630053056392	0.3468649353930116
0.5920903827889276	0.3141365804082107	0.6400863185850105	0.7779937873061982	0.43264803122202666
0.4513665138041357	0.9781610914771559	0.6603167402527844	0.6733065261641941	0.6149707808836148
0.3238656812711457	0.47149349047952094	0.8483833334143231	0.6300206361017721	0.2640180841814797
0.7312719024453743	0.4254056314935249	0.5313897951021248	0.33751432814528015	0.7037914643638135
0.4269285886618795	0.5352853754247054	0.6084381616279355	0.6745736221074727	0.5992710428550676
0.7198713878065456	0.637223237946817	0.4424020256588926	0.6277140867162071	0.42088114266185866
0.5201277384810257	0.4150980430015637	0.29852844999089306	0.3141429786181805	0.4674601117546767
0.5210824090766525	0.13997423056739902	0.4116668566058003	0.13674218183624365	0.5644651433983459
0.5623304381994061	0.6366112114911429	0.4569990773268622	0.32945805058638056	0.7945769214176804
0.5770052329752425	0.5922344027160588	0.26966064309073645	0.5435318121923073	0.17915051652396138
0.5425350395939385	0.6572240308349899	0.544434260195579	0.7073471181409722	0.6134332224464905
0.7211809266549166	0.47168240313575105	0.4285518712049049	0.2868981390392227	0.8511762887105202
0.6136055431970154	0.49101396225373667	0.48423316197142763	0.1925716990461261	0.6430721096576565
0.48958201046701855	0.47017838457470007	0.49686366921236763	0.42715953587969574	0.784021641722739
	0.3404145800626583	0.4940832936089302	0.4472820110385047	0.4555667929938338
0.49959557521410636	0.35055180338859215	0.3583381124169419	0.4634925540791762	0.3247460126523335
0.29407488426443834	0.6804908350830974	0.3984732422719928	0.5761912322769367	0.5286869602659965
0.5477877977400951	0.32504364109240036	0.4498451311007099	0.5348105951503188	0.5914887635234055
0.5209244744628256	0.6604717508259301	0.4845103912148219	0.513160397963986	0.6281627081752202
0.49344161681642884	0.17707632873306314	0.5870763697334256	0.6834831990628703	0.3865178707298634
0.4268604115677591	0.6419090698981685	0.5624670348836948	0.3152207555678059	0.557673671332664
0.40595906455995456	0.43197295790851387	0.6493178505937557	0.6603693870123866	0.28801446055750896
0.4213963714032814	0.5947244504991303	0.3446353015367912	0.39514619657522543	0.4928346544456299
0.6476659954082069	0.5254002936546683	0.5769398926973424	0.4105310072294076	0.766877274067088
0.12105021425880862	0.5116767414933474	0.5713770417921968	0.3546921311931968	0.5576762256010872
0.6059308168385595	0.3984392356797247	0.4745793887897491	0.459829741609188	0.5962469572022389
0.72599467800816	0.30279984954952743	0.4142819139934938	0.5364429650721428	0.5735485968609177
0.5642642033830796	0.5292439331765375	0.5453471234622933	0.498141891298614	0.5630702827018169
0.36124414508146657	0.6319274053593642	0.2865219580911508	0.8239129016008273	0.4879018274183372
0.7596870755663063	0.3834578977938683	0.5568753054285831	0.5957871877099157	0.46651635696054705
0.5865165019792794	0.4929746550670797	0.6023120469963444	0.5435100869954047	0.3523777238292559
0.3277413717448807	0.5737128340750848	0.5412212824058111	0.552107756838576	0.6621347720401197
0.7040617395702963	0.46531699726576825	0.4695196963388686	0.36178502713338784	0.7839447775199266
0.5012706349990251	0.5606140066059252	0.7854852364954764	0.6928566514756577	0.6954701452814931
0.3700342284353135	0.7412774102085317	0.4270186273388153	0.28718540157414274	0.48014092337662595
0.21256730079184732	0.5923702419009059	0.5439945652981122	0.3809727352623276	0.4379930439610427
0.3252392040777822	0.29617929990720443	0.5515320255340164	0.4187684750694651	0.4830271291361655
0.5213089137049818	0.492402871090017	0.4094621530543167	0.549271327759661	0.41745556722958554
0.612548259743523	0.39025061455418275	0.24000798577111085	0.35290283501342684	0.6818275170683674
	0.5378148990541176	0.5272070462295153	0.9116258163119294	0.5648958802804764
0.6640972206073751	0.6789545075866779	0.6488445572705488	0.3912374105248417	0.41473744655933104
0.5539146564387994	0.38204568726468596	0.7368704923952739	0.48236630046289164	0.6075007939124615
0.5193764711493363	0.46867943611476526	0.5075089580320353	0.5535897553554925	0.5943140568839883
0.48367065875012333	0.40746354296894055	0.40925387984817757	0.34547510583323726	0.3679527168446756
0.5629040982978847	0.5157516078422283	0.6871036024878122	0.681649486176902	0.37353205824105135
0.31694525823004366	0.6491876910404377	0.528674240413335	0.6776900707649083	0.6870184979894781
0.6007109001882501	0.6262685278723209	0.5897159653834496	0.46304172509988956	0.47977105346533033
0.5580346945617886	0.606385669505143	0.6607235287817772	0.4618440994397021	0.16599713926113283
0.6019521000726114	0.47463602687123035	0.3822905073918802	0.3992013381304725	0.61326265972005
0.4255370530334622	0.5125475905511363	0.49883767942932866	0.4878377951012922	0.5470323138051882
	0.47344583689108827	0.28437679806684324	0.5526282748935569	0.45912108135903823
	0.484258596398013	0.5023276723994914	0.6165058426865171	0.7130716384936385
0.3668216979583743	0.5777331567726631	0.4441410595917329	0.495107658357261	0.5861644757065763
0.2887166649734337	0.7927480010991587	0.6726138615202645	0.4847624057957799	0.1400870945783269
0.3665325363131885	0.5956188687354228	0.17759076355049258	0.35586277274920064	0.48125316151583103
0.4385392009241968	0.7983325301103993	0.6696247833672131	0.3801650212753393	0.4685133676242166
	0.40450108246117034	0.5579110861951941	0.6650636376278201	0.372439086502371
0.4894001270728612	0.5349469212757476	0.5642798873891107	0.4374048719741059	0.6491891996134124
0.3985206931230404	0.5038075973488255	0.4975801186495327	0.6337778439081324	0.2075147971283079
	0.49975279923471433	0.4554521815773722	0.6389841350590761	0.28391663811998324
0.5659826681811224	0.35377938052802127	0.7025844156674372	0.6378754281928944	0.2508975982001735
0.6188191773663001	0.2113771195374105	0.5038872208403014	0.3717721351166089	0.6577862540218268
	0.7111106569430101	0.5923535744393811	0.8498559677660871	0.5707357716015402
0.8118038981906731	0.3827144689153299	0.8988687358104531	0.6674303308586632	0.3224740642271211
0.6308776121209737	0.6600196904498657	0.6520509544434093	0.4656692850008029	0.3668713931306326
0.21147961126082312	0.5747120794307895	0.4818576056179825	0.5079847665019385	0.3618751178437225
0.2838293980086801	0.3212151101439649	0.3579507091766299	0.4684562232390239	0.5699601612551999
0.48416241716558567	0.27159762934128	0.5325560342195591	0.5760105992234242	0.6078438995535291
0.39708576989724964	0.5212765463359225	0.6201598803749301	0.9638387120578519	0.3955572785967972
	0.4555014213908408	0.4628943074822924	0.42179133562097293	0.5907109319528298
0.6262731299532854	0.5777373257289162	0.5394768960413474	0.6040014896733107	0.5161437168697347
0.4175547483572325	0.6718254562098521	0.5874366888371588	0.5008005999986326	0.4813831620898774
0.6226601525480028	0.5334742363174869	0.6915046122112338	0.7047615308934796	0.4053279767706086
0.7203155537995886	0.4631660315876109	0.4877182150555505	0.5104612760302522	0.5903444943508382
0.39960655233913756	0.07414148610425195	0.7732013533707253	0.43586202427551085	0.7489300961449715
0.3789593372793403	0.5679876219568233	0.504271853407527	0.6362089124801744	0.6969306922361663
0.42430986740934845	0.5587032532665824	0.4614410180292877	0.4965203273477928	0.8134444122239245
0.26962078800964273	0.5033499323724377	0.7882337301550617	0.6124319384899144	0.5681876906500662
	0.4801604854843477	0.5436000001030735	0.4893064856858167	0.3634163572621009
0.3752283019552616	0.24583329885547828	0.38712046581658865	0.43375112845331676	0.40441490017106424
0.25919093580031743	0.4808118006609088	0.4758842396953084	0.7947173753473309	0.5395481164825786
0.7229167189836221	0.544492328443761	0.6035390673390655	0.5898434110447157	0.7397509209726268
0.3253959659291522	0.4421088320499267	0.8015422850875034	0.48385798084358017	0.5777963307424109
0.7857338466031099	0.6601446097836766	0.6715295371449215	0.281610729190524	0.5604937143609847
0.6916542845477174	0.43617304445312083	0.4171349004991068	0.5223923612426917	0.3832765774852661
0.550291540200791	0.4649393466514948	0.4695870927654044	0.4002080432755552	0.4441964552133212
0.5609132370273266	0.5844495359291542	0.4728396348907528	0.5120512441079524	0.3780934148748642
0.394304082421624	0.37037109585791167	0.5694230228333736	0.4468856516867748	0.66346339596005
0.5603924452661654	0.7760620877560275	0.2874853855405739	0.46374074203451404	0.5009031991544873
0.5676953861028364	0.5205018168503599	0.4720733049175323	0.4238383901530505	0.5073981367636892
0.14611893590210667	0.3934400169676419	0.3975741572741073	0.26869813114228747	0.5879063827252833
0.8676965126543649	0.611613384319655	0.6482917235634552	0.3813466503249507	0.6314820534394651
0.6802964477760751	0.47247066913781716	0.4372644481441808	0.4084378312491483	0.4388292830237371
0.642167916733891	0.7372792370855442	0.3057265651121693	0.42404945372166236	0.7487111719344762
0.6863214234356622	0.5271777758609059	0.397682325080102	0.5682292974019896	0.32376407852593153
0.41218932841998474	0.5998504717689773	0.6413415403142684	0.46281231673531237	0.6844565588090926
0.25390828411132915	0.6028966863224847	0.30422551500990724	0.7313698117594736	0.3350299380448759
0.5343814555474057	0.3971482933391095	0.452623727007502	0.4821256685391762	0.6800021412617576
0.4281236718369329	0.5042889989632768	0.34087365700551003	0.6041150784731291	0.45632654701440944
0.6312373778489583	0.3464584290265024	0.7903072895614394	0.4877642606512637	0.5603610817312943
0.4307264849518765	0.2675424870099014	0.2705627267868345	0.6321704284354519	0.15734871367375206
0.438239742434907	0.6399924462155209	0.33519581392806175	0.3613264119563302	0.7230206174614457
	0.5602018900397739	0.47024235059381575	0.48613961745115064	0.5524020821203418
0.4315932457784447	0.481409037936882	0.4839040268966727	0.47272412178851636	0.4001793258714537
0.6704008473163734	0.3952292256109793	0.38276216808437585	0.4717029090893009	0.6548524196816513
0.6663833783452163	0.5578720743693656	0.3019667663190268	0.5887355820532314	0.6716672861568604
0.7792359325234152	0.5880532273125533	0.4399150130681582	0.5874425128450782	0.5713300332059393
0.4439265249742484	0.38994393058221677	0.7053994806819499	0.7424995653459441	0.5472393824789452
	0.437431510056341	0.36377798341662254	0.46002711011871045	0.7358269444083981
0.32340527634292454	0.4064635772720207	0.6082667387943739	0.987908078197307	0.555706049554765
0.8953326618470218	0.5989635708276317	0.4447568001052754	0.6784962044756943	0.5288844807222759
0.6710667991470959	0.5212356871132617	0.7850852098434709	0.40937497051635857	0.36596959959118813
0.529954905915917	0.7887283477242362	0.3913607991606399	0.27954105620457204	0.9381818611381627
0.698941948924046	0.39075355169156706	0.7627707404107531	0.37811290223189553	0.5007103690836855
	0.5218000781156148	0.47264156075472263	0.5069223878515405	0.548953027355451
	0.614947577124149	0.2023640974950199	0.3573196147498525	0.557597889131439
0.43438069376007815	0.5564931576739115	0.2530179303103094	0.6552603578763228	0.6597027264258979
0.8703253840077492	0.5292901490678167	0.38456591643985527	0.5166309402683967	0.39861886266906893
0.5182458072845547	0.48451118840805996	0.4653691175217972	0.5876670395916711	0.6561079195526516
0.39138741115085085	0.47197894484185415	0.2998771604137934	0.34678405018581937	0.5660013564297336
0.5043401427064124	0.4500094326982859	0.6282394309578567	0.40695940810255604	0.6787410299595283
	0.05733278985058356	0.24410506729260437	0.5439222353572479	0.43018928312177446
0.5351344342439562	0.5382876991895463	0.3829983562673662	0.4672024805744479	0.5568126560425055
0.7162571865449804	0.5880281078603978	0.3435537891700525	0.45161177570097516	0.7225754245693939
0.4368566345613232	0.41345417452913213	0.44963106192634605	0.2972851532502703	0.2336257155440376
0.5404724651187713	0.33770337988373994	0.29708790077863506	0.6680324773392986	0.35326620856690444
0.5025878799627601	0.8312196122238158	0.5534524416992896	0.51879691134358	0.29271372086481473
0.584818223780971	0.3632420435282873	0.7157079660207716	0.21729418198658162	0.7330381136556087
0.5110833642945969	0.6857666703082538	0.5734785831795925	0.7170465479032639	0.9336012974491741
0.47527434277133634	0.5568072429188694	0.5795092562167087	0.5250443825701949	0.5625667020663637
0.5400483600259823	0.7131972007992625	0.6703373855338296	0.6094502873789552	0.49242087147532065
	0.29731185327057075	0.26673240488814454	0.6807185752766958	0.6975760491743408
0.4876967236408295	0.40028667303088594	0.4889832541827712	0.3973231278712371	0.49393660015306723
0.675135300944988	0.3863844058710541	0.569707785502754	0.5154595673004183	0.49861102129819335
0.5437074985280694	0.5581634160686553	0.41880633698601766	0.9040423410373047	0.6656922143917319
0.45598118722660824	0.43610354223655157	0.6759622982136958	0.34696384004380826	0.5840702656250332
0.6725214930456803	0.7030161421703262	0.4039728195661576	0.303777188546921	0.5979856080585252
0.5822882099732768	0.5743981879269778	0.5143708694784861	0.5063935803452765	0.25512450331321196
0.2611534063061447	0.4403473589591125	0.36289944648971884	0.34274926167241593	0.6879956331907137
0.4219506898897675	0.6854948768245298	0.27154869037919627	0.4478069235586976	0.45253192108510787
0.47665039032473416	0.34136103874647145	0.22647923460812813	0.3153645680079041	0.28123614688917525
0.6680474485279824	0.5859767965535195	0.5002626629647677	0.644775373977863	0.41562367170542325
0.5424669094064	0.424451787131304	0.48069516934162815	0.49305814800922526	0.5385165110540299
0.4317106628484283	0.418123126107163	0.5250814710317241	0.5687138349143315	0.642709907783689
0.4797261651021493	0.3698607478333346	0.34727142854264836	0.5809477158739279	0.6222857538767694
0.37687750846830875	0.3645589574544407	0.4757358596685451	0.41473754667085244	0.538098002669412
0.4285045340514186	0.3852395799851423	0.3876950107271078	0.7216230986992932	0.6168007787863999
0.6877203544460728	0.32277360525933496	0.29210394143702245	0.5294979049997056	0.46008387942648776
	0.4236304902415575	0.4200155298012677	0.26759807715056466	0.3729167316371291
0.45435998946765643	0.5633873975969843	0.214739308017965	0.2869205614864075	0.5093165612989301
0.4592113980646434	0.6087222643487712	0.4929001467145785	0.6334813871108872	0.46834238988738947
0.8514333368711877	0.6430955653994284	0.7859243878422033	0.47864193580098413	0.2940005053483596
0.3560467481015175	0.5004691004767998	0.3673493208237653	0.238617333934245	0.39413546893530965
0.7983342332806111	0.4088363545824671	0.6467958507716759	0.4566999240246885	0.41327237220189106
0.5020768226864104	0.6785978586136155	0.42056089787188045	0.23826283432334527	0.640804955301543
0.47614229126002905	0.5661910867601987	0.1753352957373324	0.6717838770754628	0.5440011714752135
0.3850592721351257	0.49825924265166666	0.3300773138524432	0.6691399950444434	0.2869518489928171
0.3786810470454455	0.38652012917157236	0.46070128359229484	0.635961558996868	0.4400018811299444
0.5483456087384744	0.1423102478129071	0.7449389774153274	0.4916425424195224	0.664844624696056
0.41278269302438636	0.7128661782928427	0.560457811626246	0.4350068339444949	0.5990253559078739
0.24732978565536495	0.3186879750397042	0.3129991791945712	0.4694391670931214	0.0
0.6373212831159979	0.4752184950423258	0.6956408373904789	0.649720974993899	0.6842203019951758
0.4427723110722222	0.577504265565533	0.6143097030400919	0.46904321728230414	0.5827984800665663
0.7180294888070102	0.5958896484528293	0.5445461256126639	0.6476248784171248	0.8910106722163276
0.7634736171661423	0.1846945917445514	0.44578881081378197	0.7244159615911377	0.34668518182536034
	0.6244806186267935	0.2613506116218574	0.41748865200131635	0.7026610542094026
0.7604910790405983	0.33294284582491274	0.3958717769109619	0.4633914414222009	0.23442278403261302
0.5833017611446948	0.6558165052076913	0.7603570849589167	0.42379109847852386	0.7276553993004201
0.34877742062519257	0.5688607888136226	0.40038635768561076	0.6349235585703704	0.5027897810942127
0.6806381716542027	0.8292463496110658	0.4525248945516079	0.6558758724800687	0.2515540226265087
	0.22186721989813948	0.5973048144663835	0.5181738504953327	0.4323506646528841
0.14892242673546482	0.4016946214851957	0.3892528640035971	0.4342514664731165	0.531415640143504
	0.7498848212461098	0.5685728231506527	0.6465717286096206	0.5912946801218034
0.5780254648634566	0.2502966822145267	0.2663992116437425	0.7939586536752078	0.5936656209260647
0.5818111200789062	0.5679699522356266	0.43022326181110854	0.5871529588408548	0.38332648824545157
0.6021254032424624	0.5970871589088933	0.5591753884248609	0.4610428079551669	0.6567728693615993
0.6075367574474547	0.4061873359614992	0.6023029452106251	0.6325078964691906	0.7032144044641858
0.5822799701818645	0.44674050903886975	0.5177000514947823	0.6444018716360845	0.3515449871829147
0.6211873022472525	0.4701726091322561	0.3887780091013738	0.8463256643201346	0.34929334672700846
0.6114504138343545	0.5512633569507792	0.3457257498818543	0.6983094557031913	0.46764312283077764
0.2505406804427176	0.5663679120911276	0.650910230555348	0.8422493745972065	0.8134552565309214
0.6117844732447106	0.6145655287256867	0.44730561199439045	0.4091849121914911	0.33645113322219794
0.4366264263747921	0.5120286273950704	0.4173182193835083	0.31966449483665665	0.39477321792225456
0.36538164429152004	0.41470311527788667	0.5748838384432998	0.4351984497064564	0.5515046541655313
0.4924884922287864	0.689984572270825	0.628055085204309	0.4672167798751455	0.5178735906512832
0.5406111661780013	0.5199774752754028	0.47448236594513504	0.5278417201615294	0.21548350343880324
0.6300151426448396	0.37146324103261524	0.5551438495311082	0.3538174687366304	0.5380143758447267
0.6514669564952742	0.32012337042752076	0.5470458764979577	0.5354182296408758	0.8393932589510014
0.5080665153334609	0.6376770806096806	0.5354333254169993	0.5187127883031216	0.476338523558799
0.3199514849623271	0.6206051116314373	0.6551639951691692	0.4822963222454461	0.3221883195504028
0.5577950451961725	0.4071063262875934	0.485818182483136	0.4141930698048941	0.5171780418311125
0.4578251339653464	0.495021012220715	0.7192545427397998	0.5729695876194171	0.5215978380353758
0.3279504866139991	0.4442885974044583	0.45399834918609977	0.373113659499253	0.5496522149279314
0.5405610253980967	0.37616847389060887	0.5153391737656782	0.607361882040441	0.6674571309084234
0.36318100919838237	0.6583382508210354	0.624223056721347	0.42292168266499497	0.4130307258466824
0.3441054494522403	0.3295867823299758	0.30124547814674024	0.29367575107479216	0.37476888633149874
0.40321562425220414	0.38607090478998213	0.3878690086064948	0.4282766660190946	0.14301631866535144
0.27664384807927034	0.7605751498251058	0.4498386085492039	0.40811683208475974	0.5399572689951773
0.5748280080734175	0.5582515799718044	0.48956554944995706	0.5650658544526345	0.5543443445017627
0.43228630592777967	0.5791047735437216	0.8471812089121322	0.6434201625553466	0.5724303670435522
0.48027392843710964	0.5053291461332706	0.6592713942960808	0.504340050478246	0.454473831237381
0.4845238240058943	0.519008090581978	0.5743290017257411	0.555459976609384	0.6783846625003116
0.8726588424143693	0.5232746043059219	0.4389296418714967	0.6624755591280486	0.4481217155901193
0.37347681099144153	0.6083878297338714	0.5508632552731579	0.3156812892999265	0.607566349151785
0.36824633403461776	0.5030979557182201	0.5287831163218303	0.69796178351079	0.19562315540629235
0.4804936414535638	0.3944750709185726	0.6661645288795388	0.3479749998349371	0.34626415557162815
0.5048212534980693	0.05978207767177783	0.6423034254971497	0.24121246516865863	0.450765736532489
0.4682152697397893	0.532015309129368	0.3949673590206041	0.8443796075106735	0.4867304338330724
	0.5167347719130483	0.6264964185184055	0.43399134055827465	0.5974442093819698
0.45523266963143444	0.3733872887466602	0.5344662896888347	0.45201739671191576	0.6969235795018495
0.6732537902652768	0.4595452218185168	0.6295573117012802	0.36810267447098916	0.33917417832621033
0.46369068266612573	0.44726491828415676	0.4606311385279062	0.5593102215299258	0.48650957683180407
	0.5704493292101338	0.5936154195124264	0.31473442989063555	0.7018751977905494
0.19080003880798238	0.4011767668645467	0.560525462656696	1.0	0.3478724089200327
	0.6678685195576964	0.5107885118465894	0.2710480778421129	0.4676181464921518
0.4334357491377416	0.4677993116928158	0.4890810731358484	0.5289938921975232	0.5129137994359508
0.2911980317299511	0.26093622967902874	0.47116538834227567	0.6953748015923893	0.782795650013415
0.45038609991875295	0.5861067932997188	0.372862599304675	0.635607445928378	0.9378004682248053
0.5216156178252705	0.7699963692667527	0.5986938368911733	0.45777968700502547	0.4272117949263351
0.4958855104942888	0.28707514309549714	0.30747455035361715	0.37921404365801076	0.42947630949103455
0.26266509832358453	0.42788496515468405	0.5299155805506666	0.39375656498725004	0.35875681740121307
0.5243987648832262	0.5623470842769928	0.5695827754569456	0.7199260359593862	0.5228009559240809
0.6025426434793223	0.6859016209476234	0.5779434594955064	0.275789841826603	0.09079791900031987
0.1661032724147779	0.3672252815152567	0.6474725034911829	0.3687826067285526	0.2734410587908356
0.48211295265693277	0.4320771028943913	0.23045308114235155	0.44668344176124775	0.35193430138260207
0.6195573859665685	0.6906792423774993	0.7219468764534342	0.610498759873974	0.2716150290443699
0.31476584086572046	0.4864343935472618	0.6526811442955905	0.20000741322344506	0.498036792560876
0.46575344226781146	0.2795019264652811	0.7257994634717052	0.3632360555532928	0.396446937093419
	0.6558332833303804	0.37061914960884507	0.9153025497232421	0.3363653081226009
0.5709023692006524	0.5659238375565379	0.4661361167412708	0.5062662807952683	0.23508781644420154
	0.16960372079445818	0.8084271809477216	0.37845059196489056	0.4609584379557332
0.515562887664759	0.4075173317856427	0.37126383601971247	0.4661838998916634	0.3373242547028678
0.5064597624965607	0.33391865575845536	0.6257008511552388	0.4899029982005583	0.6965579404865899
0.25498822789455233	0.543173112188709	0.5372735559808522	0.1680550605176661	0.49285504303572886
0.5653992517336981	0.8692914841377792	0.11546394577089202	0.6260110081467594	0.6904900997147372
0.2318543878187633	0.13655069277335907	0.5869380981859138	0.4178274581656327	0.6808470799298372
0.4682266749066821	0.5540731229734633	0.49236141874714445	0.6077269900854527	0.4216987441702919
0.20622203142364878	0.6815027919523372	0.7049435915621685	0.6234965735492599	0.4980139174118432
0.5876202331741001	0.4288724717596091	0.4736671023477165	0.38797053736876475	0.5671326343929483
0.49276047912345255	0.5766841069810513	0.3360621214702261	0.41718108170650553	0.597380400855624
0.507775544420383	0.4193340355709682	0.5601671394492383	0.3692303678846367	0.4990390331000186
0.6702866497747618	0.4550546761632699	0.23868032745925555	0.6853745509272614	0.152515972011387
0.30196892007431914	0.3544930340408906	0.568251297882009	0.4192537469458838	0.47940767403202494
0.5371687881041101	0.4830133077935491	0.8479799780274003	0.4591098935420809	0.45914372649147706
0.29782927435161277	0.6974562108128362	0.5769849987813613	0.6943320658904567	0.6137567087678221
0.49377444376850055	0.6899236642906338	0.6745547688783703	0.2107901770565756	0.448542662266142
0.4587472433998705	0.35911776837846804	0.744018064880638	0.4958696893819132	0.4853028577506492
0.5394550668153472	0.4376589861867928	0.6484625883182297	0.4844603055160828	0.5559331272946975
0.37272570120926823	0.40381190036990683	0.6674580770251959	0.6148606828224659	0.573402517471256
0.6217082811427901	0.5348207535253302	0.4437804963111753	0.3802866269441222	0.29741198595183393
0.46705274773471167	0.5000907947371432	0.6061273569803189	0.6067506095571659	0.4656362776504327
0.6666265814445858	0.5198790169223845	0.26193127835592744	0.5837769987231103	0.4433040498815345
0.20961763412312837	0.6719872610987851	0.3721575050739208	0.15778053031757777	0.6695105954614761
0.4624112272665838	0.3273332543700845	0.48691613862280086	0.5050542668580174	0.6258199975038164
	0.10300064498754422	0.37652266534407014	0.6896415615765368	0.37474465737324764
0.6887384034253863	0.4152033860974109	0.6864355220770073	0.6725636760624095	0.730942922768694
0.47963264828949514	0.7381546120578618	0.7499437189536391	0.44187868245948975	0.5168118881817872
0.5172458995080499	0.5593021176836578	0.4463607924090757	0.7085026297344764	0.8923976050291603
0.6098592017374688	0.5727481680934723	0.4551344030784919	0.6802595433949671	0.6433724767640489
0.3169378221980906	0.36366894589647314	0.4890654386282968	0.5981711243435006	0.595757106302889
0.7125555443375464	0.3341056020908665	0.5771977641535837	0.5232759113961469	0.40298557505839394
0.31856496058485917	0.55698405714223	0.4007145753067991	0.37003868788391175	0.6596270627185796
0.4608341383311892	0.5328668607347511	0.7962189849308051	0.5416283503057479	0.2825665340844651
0.687941454755598	0.446174809119141	0.39140481900904	0.6363693188854586	0.2765241527248233
0.4926366670528761	0.6017228617503658	0.6086894271600518	0.32444263360620734	0.6440845006415038
0.6306284697162283	0.5296588591802095	0.6766114853470694	0.6897821920656252	0.6035845180964634
0.5367108858986718	0.4209191795966779	0.6516537925614958	0.6380317334057539	0.4474332086523216
0.5010122327846386	0.3518035582420303	0.47490438224320425	0.44716533129460695	0.4020275472010024
0.5828484952642454	0.43782586855061717	0.33982074164366516	0.5145331884191572	0.48186953655194265
0.525188224250323	0.15428767286028472	0.33054059639540906	0.5470950456384248	0.41536412122008054
0.6280816004764148	0.5063162749863342	0.4145360638196021	0.8120732416409064	0.4673961322076483
	0.36305307219860644	0.4744584487739015	0.4804451383161874	0.3015974371229347
0.3461703869062079	0.5932710081748306	0.5073999975083592	0.6100729396749525	0.48116329823089715
0.7485972343047669	0.7744273645150505	0.27556203017413095	0.8087184806562375	0.7326270540362247
0.7420771311304024	0.5680409712924702	0.6138494550281246	0.4109650096599221	0.40226521245235874
0.6309976580509185	0.5812282800760462	0.004930243020475596	0.19833436849536332	0.3296247328523237
0.5710277148515751	0.44887198888406676	0.31544469422256394	0.6195867429722496	0.49527636056749547
0.7180401608804577	0.5632900321937503	0.6954744138217724	0.5212327895588166	0.5438964825258101
	0.4834602456887332	0.46398145079888997	0.43993366631464387	0.5216384627802582
0.735423458425812	0.5090758800799875	0.2775654992604893	0.48778455293878625	0.6167523885824181
0.4510363814552545	0.6778614011421307	0.6075572797479689	0.5267311220301045	0.5951116629686768
0.5955430702113752	0.7757954145671525	0.4204709878663	0.3693838031951308	0.6888187389020327
0.6176116415009677	0.5166733906663111	0.4651310981265767	0.4838707659271408	0.2399498732944492
0.5198548092078648	0.4181654958307094	0.6528849094578658	0.5613532941044383	0.30137414466534285
0.4469591178027901	0.492858462949579	0.45160519487299194	0.48424686748302126	0.605262292778523
	0.23438029374860184	0.5932641841309675	0.46523666044262946	0.5848336759078163
	0.32599205866694636	0.511463880890558	0.4041704330849127	0.636539436164799
0.2986884265050438	0.6082146035748198	0.269191516551125	0.5061741875321041	0.5889316341953561
0.384385778856932	0.6378495526407344	0.36987530066474916	0.580385279266564	0.6586915174914171
0.47869424837049956	0.6592080476513136	0.27278080412752786	0.48354756578238556	0.2877535696262252
0.37045617152063137	0.5830400356575202	0.7107079804365339	0.2700995079535651	0.6522145022760414
0.5327611164132904	0.15587106117582228	0.48489187537913037	0.6360783579291422	0.5661243165832842
0.7301653836818378	0.6703086904750509	0.5165176908688432	0.753063459273772	0.3802029108198089
0.4179387831179881	0.5580029145472334	0.5185267544373452	0.6287923645188132	0.5735181048763855
0.3600069285318658	0.6972495728554127	0.3929970308472693	0.5326472095201674	0.4398064324161666
0.4858123706456859	0.4667530874557353	0.48972084373517427	0.39176879962940964	0.6040678748627314
	0.45462613718158174	0.5079930532337584	0.36376667032900684	0.4058335478111158
0.45480951777337186	0.4661446854237719	0.6420077778954602	0.6875111480015099	0.6470332043479451
0.4196011755650308	0.6826118719267328	0.6340344362912552	0.259008142825658	0.5328530468644932
0.3639868529557569	0.5883441723917465	0.29490280176933514	0.40028156145281435	0.6434400827956991
0.5984099625899006	0.5910749257370976	0.3795672303250955	0.0	0.39443440810004343
0.5966523941788775	0.5662039855783216	0.7330253157162904	0.6939996546333037	0.41617848677711805
0.6102959583897316	0.43751532137447885	0.5880461333039724	0.7421224734231004	0.6476285184415627
0.3070297283844375	0.36839881383071443	0.5104695534128829	0.2625584130599251	0.5247139864349747
0.45415503141325453	0.4094165251206795	0.45595633061925805	0.49439254332275057	0.35964322213959715
0.47784879343941206	0.5843737994585898	0.6709288947546146	0.43828815772346036	0.4837636995299186
0.5311968245150931	0.5281858735234454	0.6150119454529404	0.6824412589797902	0.5451491348950034
0.5948160627980574	0.45583891652151026	0.5414595469185131	0.370319007162489	0.19571540388207956
0.5229541629229821	0.30552979061126967	0.6133849594596489	0.583479107131834	0.4132371164080507
0.4847929630847512	0.6815146209864068	0.4604135032656379	0.538689343550887	0.5030351762228372
0.4917561227570965	0.6432283964146405	0.7907277264150772	0.6374322093470598	0.5015564617181637
0.764148506087296	0.3607833474398192	0.2992933399234719	0.3782038438848272	0.6417355860829204
0.6935653674516352	0.6455636312618506	0.3880720165158086	0.48523222325588566	0.29291847447237773
0.3916822953244421	0.6467983519795462	0.6693694103057986	0.4833214088025722	0.4266875852823432
0.6830591569188708	0.43276164630416675	0.5816015023968468	0.7787161787715624	0.38198855703528967
0.5237224511789752	0.7374907884791952	0.5049227844846892	0.6609042756925649	0.47712259480251523
0.3507374853892564	0.5212761488913078	0.7087248697032004	0.4780783164666507	0.1504200927717273
0.3714438001178747	0.8450524226726442	0.6002690550171731	0.5939407129838938	0.12110443866975633
0.41779361560363526	0.40024015630415105	0.34477621148485993	0.5353668009140803	0.4896147279365123
0.2894814670899708	0.46887445904168235	0.4431226082389852	0.48401003500632755	0.6374796179121862
0.43858042364430133	0.31311515966479736	0.6984381063806828	0.20805406625719972	0.343864753047537
0.5651855482955003	0.5468065825596954	0.525231728178764	0.47097287008533517	0.3312050266676199
0.28281860984518353	0.6608461045647287	0.5644133137561838	0.6056256883779862	0.4115469340083133
	0.32778058608486305	0.40811189742951415	0.5375049264402544	0.5311446306422695
0.4893279754886838	0.24066387362563965	0.4305329451364451	0.33164918473605315	0.4420071448597586
0.5187019333057399	0.8999437005140705	0.4382503533743957	0.5425828054244561	0.4049497589507201
0.5005344062696203	0.7067357017019509	0.5482963442506089	0.3459708343005785	0.4187902669208376
0.44124381470542845	0.5013999611713718	0.4897151084941652	0.4205533747683149	0.4144971914172655
0.7858784631427999	0.7280949237612696	0.7919767280853013	0.6147653618248136	0.5621875163151052
0.3465531409802111	0.5509706207610721	0.6071174468674876	0.4273690800728008	0.29497607577101403
0.5394750404832985	0.18814336871690102	0.5335440282635908	0.545798968406194	0.36141769769123105
0.3918023732073147	0.6548986734709709	0.75416409432944	0.6077388693513792	0.916014535016173
0.5755548082487533	0.42242657147569446	0.41494806859705563	0.5444518980438019	0.8152103447185782
0.8308181454415001	0.5099065357695474	0.581159700030584	0.22273570984600766	0.5908450049557419
0.43631266530783497	0.6522195360414319	0.6230718193124882	0.5923641965086096	0.48736882660416936
0.5057903884485561	0.4446113422634235	0.4634373363382651	0.45716137142190466	0.6681175079303627
0.3908057742552269	0.5676577224488848	0.5035223842133015	0.3750922739384061	0.6089737489665115
0.4570441047918342	0.4464626541638642	0.6128506056022628	0.6911606861236822	0.2995282993892846
0.48210293493563994	0.6216121651046752	0.27844230922295177	0.40408285792242077	0.6088836224825135
0.6154072628207339	0.28283724332712845	0.5764766696209604	0.5743480952664685	0.4584969452987984
0.5061986553977782	0.40871383609814266	0.5383282674574186	0.4025823559357441	0.29277757350545497
0.4111334381721139	0.45953971391028675	0.6317835135311246	0.4945938435865825	0.23015455857234368
0.41081100759156136	0.3053110868166303	0.6221839404511611	0.5215981904639091	0.11921370260614947
0.3988455248068303	0.6120237571441489	0.3639553545023808	0.5508565666075559	0.6716060415828535
0.8070065635600067	0.8050994874546997	0.3431204045072807	0.5668162792136627	0.566969571652081
0.49592104204507703	0.6430779277849956	0.4754489355213288	0.03293193882106572	0.631815158579573
0.4418049654667773	0.58770574328486	0.5967076288182316	0.4058913918996721	0.46956871304922976
	0.3921708066231664	0.598530247820525	0.6079907737008199	0.7434662641129934
0.4859992860088321	0.5415234999220296	0.5538149638600267	0.7524180482689606	0.16925594373073372
0.7162501076338894	0.6057983680647114	0.6964173236419601	0.8092948467636595	0.570264421695705
0.45780100667534473	0.5291370504867398	0.6479090383592437	0.6192323231078779	0.6853357398764399
	0.5101215657117505	0.6828058008306458	0.39941598442966053	0.6157858011976668
0.2910136258970545	0.11717282158035784	0.5795532697266109	0.3715144150682495	0.49057097361932644
0.5659272782996676	0.6943310332227386	0.4920352004566619	0.5281650162701805	0.5460399498276487
0.26511173004805944	0.46662710917532507	0.4620047836447634	0.27595859997386335	0.35042181652473875
0.475162042274863	0.45873665419497195	0.4930214608022222	0.3180837837500387	0.6689720688527292
0.3448055539384534	0.7078537535542524	0.6739800909944998	0.6642625216424173	0.6951838720811039
0.4214245867927751	0.7175401005026641	0.3555174737758902	0.7108920464370944	0.2786338015269332
0.5749421673143068	0.30775533993712545	0.4172212045914801	0.4169196425866864	0.5991392603868876
0.4978956343376564	0.6777582418392791	0.47699528491390913	0.48498702925054504	0.4965475757904332
0.38786036860521034	0.5050759372003537	0.6055139528031523	0.36487682666778887	0.2054145218438368
0.89720804723771	0.6265477219113148	0.5783207532757441	0.6488128575620677	0.4158442111484755
0.9020593584670259	0.5647981643318825	0.4461984137222313	0.2712067147768583	0.25702708173392885
0.6118217366748732	0.38704165932426327	0.7145413264061813	0.5531238494218752	0.3429294578276377
0.6553842143575741	0.7222799793614346	0.6857923606434988	0.5228760770665667	0.1519895386995901
	0.7749735837124819	0.6070668182046909	0.7369432172590688	0.6390324835290797
0.47943589067695486	0.7159382748886578	0.40739992524757696	0.560027143028695	0.5080682539384724
0.6406441496777748	0.41526407373486995	0.9421065721393572	0.6865524368135528	0.49540623558081986
0.3967110476352118	0.705108093326845	0.506313994736567	0.3560112982459708	0.5455425943668819
0.6175493902148509	0.540267493794006	0.4300275034816583	0.34364880809106135	0.5715789992771493
0.5362584907114564	0.5953612356577359	0.6360314115128073	0.40006511725917826	0.42275227845196706
0.5465578987003424	0.601926323850301	0.6260750840500391	0.5139706433954407	0.6770652848739954
0.49030817959557405	0.44277096731883037	0.34578449507211634	0.5282255084725215	0.3057349376056733
0.28184247985622624	0.41105064381942613	0.5447965369650049	0.5413481297855592	0.7697969697308186
0.5582703157993152	0.45850816167788044	0.5572559265255476	0.4145596499734629	0.3341286269267579
0.37015015042562277	0.3741903135125028	0.7193094659292819	0.38460386552435943	0.6517041112196288
0.4327861541864094	0.3177894439897816	0.37616591112869113	0.5181124198134451	0.7990183482897435
0.3106296497738359	0.4555712019616425	0.5826598673778521	0.6278399456567401	0.6052216244048851
0.5864138855821919	0.2469252510290497	0.41068856883105886	0.406526193936156	0.6707142928210291
0.6421983456881734	0.48821467976654054	0.20746667846114814	0.35707661926016415	0.5430055190669385
0.5558754211408548	0.8071122426641401	0.8267195837320375	0.49080349048913086	0.31248600123452336
0.41323240825649815	0.28710929149836995	0.7320210678359649	0.727425995430762	0.5871936554015875
0.4294703685860148	0.6004441025798822	0.35959656919157695	0.561854705645804	0.4410967672786229
0.5292453743666607	0.28858263873011075	0.3970288757861809	0.615321122824872	0.6063357308614055
0.37544235291217265	0.5187091900827159	0.54787881839218	0.5536550606925004	0.39699617242321716
0.4496514914675214	0.376127044830025	0.4327973536378921	0.733483136467949	0.4693234744391825
0.6461990699178732	0.621450062361979	0.5638777655529662	0.6746504057871485	0.27420575135996605
0.4545524852875947	0.6467657437138168	0.40260556548854814	0.5437744821796534	0.5620451262884495
0.5544293589645394	0.6122683198140942	0.7128368415885028	0.3790471849909053	0.5648222298376692
0.5253026314213123	0.4965348418757871	0.49903186854044335	0.3410705076172376	0.37529188820655285
0.4281678264114925	0.4909338681905948	0.40336687983639974	0.24834981963466296	0.5247807343308928
0.5138940092107825	0.3841977331321804	0.49534011566766545	0.47471493733060466	0.3505661089685067
0.5644985644011808	0.5665799013698242	0.6550834709489657	0.5512800899851419	0.29053884984724154
0.3610914118489089	0.3536804711883466	0.3381747323278619	0.6823759432226707	0.595339992306192
0.6573172342634518	0.14242044109899177	0.7876543716443976	0.6700292276140737	0.39792639041775557
0.3154948462576736	0.3868660212802279	0.24943851550406712	0.490154032801435	0.4805019367505103
0.5184387998178888	0.38141965525010363	0.4822032458349606	0.5108430072455091	0.34440966252925853
0.3104465857231874	0.7451341954621655	0.3231164711524375	0.5544076279604646	0.637980669528614
0.48057022933958277	0.36859425073937846	0.42812752239794855	0.7154609538814065	0.7446696235085956
0.5919108412898252	0.44797173877177243	0.6008160837014429	0.5381857259281105	0.1333034017755806
	0.49464122111192155	0.694522984979449	0.5411470766462413	0.5930876895598863
0.5467828252461449	0.6245402023470205	0.5267493490985253	0.09298957310075152	0.7208825804417411
0.6374084122130064	0.36113556830673915	0.2736482221449694	0.4852537697870259	0.6606062782878397
0.27089563571894043	0.765377390890949	0.7560491570786967	0.46805177905950646	0.5436648921051735
0.40627389196016245	0.2889372658714891	0.4144260325748863	0.6030699504461962	0.3440680690132364
0.328156134387592	0.5720377388375409	0.33637676636487823	0.41534857054943924	0.7648655251649419
0.5663259087896076	0.48210913616316814	0.5064663007912354	0.3988262530802042	0.5138190488767121
0.5509953507360685	0.4695892866089098	0.4820314630244227	0.5145555698256413	0.660684084042512
0.5914613216110772	0.4971259517719584	0.2211771269653437	0.16694085820943758	0.17614978773064388
0.30101417570485406	0.6320752440153652	0.46357924004225043	0.6267121233506299	0.5769327523824996
	0.7880670056274598	0.624507910475417	0.42616255745153253	0.21014673221079838
0.5259408325106913	0.5226331631467239	0.34020823734076194	0.42760443123291414	0.3035376572666974
0.1950137268603215	0.5380080256281119	0.4029416349226619	0.3598497325623705	0.4147105446532744
0.3857137561275316	0.763515013519129	0.5787536543435938	0.4544482458967431	0.6027397188096613
0.5686764904379897	0.4933642707599376	0.418461550173184	0.6545971300307027	0.812497112292557
	0.5325546480912696	0.333762689220507	0.5468459944022535	0.48091407511351514
0.5272951747983609	0.46044810363836375	0.46355888224401	0.6498595939062263	0.653834521240907
0.3180259332074169	0.5362671059886478	0.42556278534816155	0.5170412594443411	0.4327823266818811
0.6170617684744936	0.5565738258679762	0.4531992341039264	0.46830300769456706	0.6152288561629071
0.365529925418447	0.6592992312220073	0.6239737327556742	0.2785230421161689	0.19292428671190284
0.6060570113077857	0.3475105696541145	0.6273277603552027	0.6476940826204504	0.5491323036141831
0.7981378120433292	0.2984251114674862	0.3972678888497347	0.8051500851849704	0.245498124362231
0.7451348134280638	0.5881204662005252	0.6680025256841112	0.4489578029249857	0.49083154059572076
0.7265417304667466	0.5661731331516794	0.47642823166233716	0.7661417785340096	0.634986861848342
0.6322747200853533	0.42106269539805424	0.36000410421068557	0.5750109009702051	0.7213060921591945
0.7137180782132053	0.6633878614182672	0.4947139400716527	0.37522675289944635	0.6680411789451071
0.6198619369090258	0.5741012267049763	0.4457593397849194	0.6823719596684586	0.5089972232656664
0.5579932211843817	0.686003543706974	0.5100756406213558	0.49880303916933527	0.5517820193754976
0.4888062949278032	0.427975321720288	0.3694271814826276	0.48743741478045466	0.503427852260937
0.6043325986617946	0.5796391370242728	0.5138210823284529	0.5678617856192609	0.4926949534048052
0.8111491994119515	0.530061613458854	0.3603145410946216	0.4946206330581802	0.3683992961342477
0.48782509484770414	0.599021782113576	0.8889589932740726	0.7834029699576047	0.5955980188595135
0.43735777854085583	0.44504576194478407	0.4339067488142751	0.4721672305390818	0.47107918499798773
0.2829396348990785	0.34997675575123505	0.5013570908800842	0.49108053878363067	0.4880490714315144
0.33986950597948445	0.513148128408276	0.6265803352665896	0.7257059206420833	0.35647642977962546
0.6610611116570045	0.7692691496895055	0.2812462972814627	0.5365352553614028	0.7259549315633088
0.3504776915315686	0.710678087783673	0.5269682091345802	0.19715104589708607	0.6201207369532518
0.7231161110445385	0.5689873447408228	0.4895193846937737	0.58415936439853	0.6706856527710983
0.45066718092997826	0.20767242240938516	0.4589496950300802	0.4514156736162673	0.3406811218887304
0.35732079765355607	0.4139386750494652	0.4829879770434034	0.38345782842041315	0.8657487656670287
0.1796737929104818	0.6217453333670346	0.5199063886486274	0.49917527227108743	0.40835900336601866
0.5046938756850781	0.5092887762494721	0.5805055030641453	0.7004264954165081	0.36334074184163767
0.3860822171189877	0.5297050357679896	0.6405914022882063	0.8802877234969515	0.5283803601365852
0.6785371000193025	0.2950378479908687	0.6675111786846802	0.4133962416600649	0.24891455863996848
0.4454061644907551	0.6034981120045227	0.30170705921819224	0.4061421698670186	0.35245446881321735
0.6887331389712531	0.47745913908104265	0.1202330165147105	0.5009432721868574	0.5963938726750414
0.42432585567445186	0.32455959352846	0.5227688643002413	0.38563779077863486	0.5376508300932311
0.5879473287861473	0.34692962975057934	0.7371900636447616	0.5834151826439824	0.34969428685426296
0.25861247893139044	0.5591516973514177	0.22867893749070506	0.2922466103728594	0.512661562938192
0.22989101236180476	0.2538620477592049	0.5361957363044227	0.7536789854522793	0.6084848234706602
0.45699774417045386	0.7086689821980293	0.3818908252902704	0.4087361570647605	0.32432391204435096
0.41661163568391446	0.7580734021879155	0.5217631396747676	0.32773943235822955	0.759586871435636
0.24691711048336878	0.5112194150874995	0.7679798572260809	0.5869052142171548	0.6419765111910117
0.6356053990408005	0.22464302845166545	0.6501375704054233	0.5685543288395517	0.40143378967252824
0.3523174252681598	0.5577088392744999	0.4239279067072121	0.6124580926743038	0.41889773073561504
0.4093935774863675	0.5789037714609558	0.6121689124631424	0.5251809383643209	0.45204076376885827
0.27395069503594943	0.2273405607689467	0.2910982836232283	0.7162599104454123	0.3289161887708189
0.33020020336542233	0.5704338833518404	0.5519847873781404	0.46539160157400034	0.46514696637886893
0.32775985036419386	0.3866905082772746	0.3741238815824514	0.12587484654204006	0.22991994325778553
0.3790034664023203	0.5814094513996585	0.38005637633655875	0.6287274465306415	0.37644872910815347
0.4561062676599779	0.27011482698137157	0.3779650259161965	0.5413553017128934	0.5657087173919841
0.5945897348927417	0.47593058483452166	0.481056097204924	0.4853912351342711	0.48480549525701744
0.4772528275141385	0.6582245878213979	0.46041339085522714	0.48412644378940395	0.1984148059692552
0.5917275490584603	0.46552620007384726	0.7241721839564295	0.385874054009441	0.26605430982385664
0.3664654528745294	0.3820055546542685	0.2629504929308083	0.33164463851105913	0.43937950758824496
0.43052122731990783	0.6364384087335488	0.656472080827711	0.2749691281551472	0.3011606195578697
0.7502971679935965	0.4949604696730423	0.6438959467895874	0.5091820510209363	0.41013791148656953
0.5256510560531853	0.6133222424907082	0.6554952982964137	0.27604153174489066	0.20052077950791167
0.46014422750743333	0.3590368374055158	0.32303186998222994	0.6810685355076632	0.4534422717475381
0.483851308353737	0.38389998069331965	0.5739586451105578	0.4999203259066431	0.5519967087632857
0.525582568197107	0.4410258059112024	0.550983416924078	0.503777588924664	0.7859491459083134
0.6171757970699207	0.29088514248368635	0.4788231313173404	0.5814031410572372	0.454959044066332
0.5357147870370556	0.3864728948208299	0.6596183802052334	0.4662427356744844	0.5395732416735025
0.21705224890852237	0.4961519814349189	0.5387558773834523	0.6221432841444761	0.36266575840173076
0.30478510727047825	0.5726664946565895	0.4208087496351089	0.6127829617260946	0.6802138309579538
0.3789483264774684	0.34559193376122876	0.5915624341572592	0.4878124745423367	0.8125467520359542
0.40096869592630335	0.20794706851578904	0.47605190054683616	0.42665980103008194	0.4220593336676332
0.5189720412432608	0.6782562740231219	0.6151991896412403	0.5334202932964581	0.6885494303730666
	0.36433697017347605	0.6050730157692986	0.38472639039534995	0.765759854150271
0.653630143886781	0.6650497226396432	0.38576219597576966	0.5725708303010757	0.39498458147024695
0.42216149752555776	0.7049547078172823	0.36302431997306095	0.7220604662951613	0.49907521946581673
0.2777547371207653	0.5975885799124165	0.9997456429611554	0.474887519968974	0.4465703294721446
0.5386681941278031	0.6870595646837069	0.7173392562898478	0.3618240432740224	0.5293314797672304
0.3969244860277065	0.5429524114674589	0.5649119715660667	0.6285906378377387	0.7079154666113758
0.3292503864134179	0.3775439047258208	0.32957800857811165	0.4723315742437047	0.4716604806334305
0.439957597157088	0.46948437944632027	0.4539831373360509	0.40609846276286704	0.5633322834382997
0.5157621549375878	0.42226700095707714	0.5237240003857155	0.573658726796478	0.5946762262562723
0.6418127862134355	0.6625599882503325	0.18963349227015122	0.3297043707875122	0.46601705148240163
0.5396914136435113	0.47834099419941895	0.6784863284844365	0.7189635867178794	0.45998487745116945
0.6157865972021855	0.2743619825625118	0.428780999183509	0.42140988820358205	0.38989751533544326
0.3659895749685	0.6161777969034703	0.7119377285446787	0.5380938720113784	0.6821327648175562
0.7652835739303684	0.6441904651291088	0.3286266120073501	0.47361788017786666	0.48215290329653676
	0.3446023118150697	0.6178248548525815	0.19380844478053388	0.44766822319486926
0.6011197092673324	0.3182609720961739	0.427363203857542	0.41953559359066683	0.7896713320547846
0.48326410501480377	0.6134240237290398	0.4486874501115589	0.3044481920216944	0.22607856661024905
0.766525999014506	0.592408265668708	0.6102790169430584	0.42995154169361766	0.40139112173176766
0.2288787194853128	0.4984197345282716	0.06769734373282085	0.34569672485944947	0.5444612046014428
0.30385320906273555	0.22728008651741588	0.3566771831335363	0.4990775175069887	0.5004458283999894
