X0	X1	X2	X3	X4
0.218540700509279	0.30376859327381905	0.4805098784704221	0.2464374516081735	0.14179368243065213
0.27846466444558776	0.40124301677367935	0.279912654474073	0.21231612881669656	0.24490660278510115
0.311642751871558	0.3351545027805963	0.5476409266231471	0.10322868577595502	0.1620408214503154
0.13567679373783664	0.3095845522575509	0.6498665655027943	0.315115200371477	0.2974037507318363
0.6559507976398299	0.12662489726457726	0.40834780261959186	0.20402682270859296	0.09294872026659834
0.6974996334205836	0.13262373565474367	0.2110989487331092	0.2519086783200052	0.19804843866763586
0.07535629573659612	0.23670124800187572	0.1815034137657093	0.33495899867886814	0.362017520025087
0.29402288661253906	0.20923789446727575	0.029718674140175944	0.3049805344685486	0.6224267069016131
0.30029227409727116	0.09359646965731351	0.4825797998927251	0.2835909971037934	0.08954443811984028
0.43281210169981105	0.46414144990734685	0.1801039654978122	0.49033523872849866	0.3360095736103315
0.38942819485367397	0.4736511988239283	0.22996471762504725	0.3460968941864191	0.23919992031594503
0.0716403127901179	0.23680963424025228	0.44234827875981286	0.2217822528240063	0.21408441905720282
0.30172439894735426	0.06635786852380712	0.3247730638654119	0.40595199388358955	0.27038761905357045
0.15582577321124516	0.06976700000197131	0.19513628485029616	0.2100942224032228	0.1396200822463012
0.3041637167866853	0.09703027662776824	0.26720691357920234	0.04587971376512609	0.5996101545691446
0.23537595274647363	0.1561045069051314	0.18533377941786572	0.243670008815376	0.6321886119507742
0.04494643511769229	0.20283053895100028	0.1390201873727158	0.365139066552654	0.45574887671319336
0.17749174252588001	0.2929748251142813	0.10693689628139594	0.12214592765004133	0.5341960763672354
0.43441286413650243	0.38858841188638776	0.1722200961370098	0.26753502133992285	0.0828067174570382
0.49998384476770275	0.2898774528884317	0.1691969997104872	0.13445745526916003	0.22320454255937777
0.1731738146332441	0.16131706602947665	0.06493330466972602	0.11551246563962292	0.24708870120476906
0.28755414819443714	0.08949913832713535	0.4040503704521224	0.15083184146186238	0.26285979489570277
0.2861450663040523	0.6065606886650009	0.1738807340676332	0.3011832184159078	0.38701330009147183
0.45404017664211205	0.523723851559884	0.07803389429197484	0.3792166810431277	0.15025422057964904
0.3848110791716896	0.3557621383828518	0.09835538267645999	0.3547155615839673	0.26865549975320296
0.6110135942378576	0.3337598418074978	0.12484881649064695	0.2917745953213879	0.10283514306668064
0.3216353541714797	0.044538425477165675	0.1647331690499771	0.2344846535831405	0.34942965293667994
0.23092695828261778	0.6575540662130768	0.329377624700076	0.22203278223582498	0.172308858173889
0.11289245770269979	0.3421294304771288	0.3444682379108276	0.664482613590117	0.5530107100523326
0.09401459602541778	0.5498529605891392	0.16051556562082633	0.057248530145572296	0.41150526687728184
0.14937118908029495	0.4912394309459604	0.05895699127696379	0.6222706689781927	0.32752904744063843
0.2186865037760454	0.3080483683350089	0.4363254741086664	0.4408335438713859	0.457554045166667
0.19519954104143675	0.28413215274866865	0.536283195524077	0.14709241655653787	0.22454245168656087
	0.18686541087940153	0.3461458647109326	0.24113811951469075	0.298991152304855
0.3643760006687054	0.09764183167034228	0.07684479010714287	0.3526404800985724	0.565373610573536
0.20487060082457606	0.18876438993811315	0.34661217105308967	0.1168607999358667	0.06905805938733851
	0.2628009406341426	0.09004487765041794	0.4361599067997892	0.5032638958168297
0.3660826391656211	0.07794023355821074	0.4517315658163727	0.3473075900095302	0.22008242895270744
0.10831755841052763	0.20744597910582138	0.32269325260024617	0.46822702432532565	0.13901934902867835
0.47632475647789757	0.24940118529689848	0.021365189433395746	0.03894134823090987	0.2834057239542635
0.3123393199280757	0.36557173821480177	0.2757599921022327	0.32147878860472556	0.16949496748320866
0.24542690326628164	0.2201077484351861	0.3357566748137435	0.1756436240495788	0.3602341519217418
0.25105714063617457	0.16889363957179038	0.019571686355391926	0.3138075445469754	0.3726844303230573
	0.07891703286504004	0.1200637059030693	0.3686850765022183	0.49473462308847127
0.22499519525371217	0.2266564845941858	0.1320125771159161	0.1700663776895275	0.11792184282276927
0.5399783638889497	0.3481976432915633	0.373948366333231	0.4769800921230378	0.26486651322086413
0.37137335199516347	0.20544231461485463	0.06151458554624442	0.46267805154165526	0.10882638512299317
0.5975097253811767	0.3238067318813488	0.05398606963165586	0.11122359089231171	0.07494129996286543
0.32622243036240056	0.20827752375387096	0.30245381835952634	0.36216350892045046	0.026676068754621737
0.4160984481331989	0.11418054243840675	0.21915560842636872	0.3015098945474631	0.4217336756752492
0.6016069771124211	0.2393253536611054	0.1952653134921293	0.5098404240701876	0.0320673672952798
0.15027163684621217	0.1571021779177526	0.0885419191051768	0.09942402418637361	0.5398439463213621
0.5028471330623892	0.43167468436561984	0.028166693819849917	0.43045634398364063	0.49524785675111815
0.2493041675600071	0.43321807144196733	0.1674886795448008	0.2390188924866261	0.6416462875111785
0.3507442785742989	0.22009606987767097	0.2384525706178767	0.3941084220424179	0.5902564855536254
0.4349463343535326	0.6907215380281984	0.5254221527291553	0.0590102581195397	0.5104156523043444
0.14776520555911346	0.37216226839201394	0.24496870375358284	0.2687757703275928	0.05680799488345749
0.05952276497597765	0.4991304482121416	0.26688670262824143	0.14951721317622144	0.03916225640463672
0.05936171773357735	0.11283683447267584	0.14943254683191273	0.15284355408721703	0.1032415680569006
0.11213594981967405	0.31190116614236474	0.13960715273429736	0.3583143397590227	0.34121765045218466
0.13885377498425508	0.3273340133828873	0.33823123335284383	0.4031317928265604	0.019388865082215434
0.5013119069711671	0.5161473808904474	0.16222126709369936	0.28009159999566413	0.10489114303391796
0.25089771368973823	0.18407044607350811	0.27309099281552146	0.2586952848571508	0.16102125011665722
0.45930476318564767	0.38764859447758304	0.6974533093296849	0.5001923939674746	0.047265977790814574
0.32423240588491603	0.10504458601139956	0.4215156934391417	0.2505928455723805	0.09645735575407627
0.25207870048197106	0.28664151662778037	0.4313369248585429	0.11783950794291581	0.1423156659987442
0.19521581168499558	0.18342375567291963	0.25182559168183	0.2390872305348842	0.27451332773039855
0.3783307192475944	0.24984449661806987	0.1502217256914192	0.23695134761634604	0.21960033528147585
0.2382288607409301	0.1975866830705116	0.3750047012563403	0.2714246538904535	0.4199180216767458
0.17191487654147286	0.6547455058220913	0.17180919857661203	0.08281795733366765	0.523104527035753
0.44315915577764764	0.08041195749123843	0.18042949906779143	0.17023323487323633	0.12069642956515197
	0.4582547269468402	0.12274631772638582	0.13242437922466563	0.837298574559602
0.09634902385384779	0.14499258701855045	0.27624500391037843	0.4771193473502355	0.3683681927597379
0.43296417536403975	0.1004436058788692	0.18989813263475744	0.4575159943345116	0.39159178509410053
0.17814369608064484	0.4852583642672312	0.3008364740153602	0.3293439203235345	0.004765213212329807
0.09106077371453924	0.18615125973026234	0.3131161417614145	0.2404540001640431	0.3479059718771447
0.40245761602892133	0.19028683194366094	0.23481194574073375	0.6569491515406509	0.360550546700339
0.2975667299348219	0.26159937314877285	0.1790752895223369	0.2204664251583088	0.20023902002165733
0.1255687863845491	0.6452251696117149	0.056945376060896315	0.11646839979081582	0.2330369170490721
0.24690611223094197	0.36913009113510264	0.211017425096515	0.1484394623631201	0.6581570418536702
0.22760422904469046	0.49701639080755416	0.32330764186931127	0.2897078005332446	0.2346789837318295
0.16121821605010508	0.34761793836412735	0.3095155286211683	0.4135146356321174	0.3990258534107503
0.38146274625829935	0.3504921682160539	0.13139949003779675	0.5392104379519159	0.30251143448385276
0.11155737907664601	0.25089022994100285	0.24423450527601565	0.1713156377806393	0.2884629392291787
0.20397172417672538	0.5643685604251428	0.15263730971675488	0.25486446012703806	0.5140168113452328
0.14852186078365504	0.3589717535616162	0.4012441863260398	0.4898518434744449	0.11309681865648026
0.12579182183749338	0.04200420982926776	0.19796976867725286	0.21632601532113627	0.2679178381825744
0.11844623074344668	0.040039907070732364	0.2593159359658065	0.2062422628072663	0.5986916461827764
0.3260570465759653	0.20653067278616338	0.17612838725320862	0.30500340901153616	0.4213282455874892
0.33459850210211256	0.3700899318231314	0.04656896402739526	0.3883354567663698	0.07750194594186995
0.5176640614106606	0.49237632360208355	0.2553753551582081	0.28215630697266164	0.06433431663770821
0.1921917069771212	0.2443149431734891	0.4335704085955569	0.3574214884121403	0.36929187303669686
0.28067418840037456	0.14592276409263977	0.5059228933521435	0.3928897337922572	0.31835191767790255
0.3862720695741313	0.1283618955493666	0.5894307298651428	0.3869332351909211	0.18961754922970717
0.2520128466518763	0.4641125437029522	0.3153746207320799	0.04653039468142896	0.4369897578485815
0.2906055563608494	0.17687266539958113	0.19814930010081983	0.2331923895363708	0.3449490205806993
0.3692589357572762	0.3201186151774344	0.17368312189387797	0.2061299800916261	0.12107664102448992
0.21078043141280137	0.259253891653199	0.30955986140554625	0.44085350414485897	0.18844748773735925
0.15779823322530678	0.5115493573809133	0.4046876721864824	0.47008309286283206	0.2881018605664464
0.2759008898489132	0.1673401329318509	0.44428045529653803	0.22845081575859946	0.2784881529836425
0.06935988800854377	0.1828178374039759	0.0938461691855604	0.20431082698810085	0.27307289395106693
0.22883495848317637	0.16518433680070993	0.4071631180998014	0.12005401519733658	0.40635013402572023
0.5806566674678105	0.3948999089423615	0.5072180254433709	0.540529959066095	0.23525471742267562
0.5379865193890102	0.4021767117243603	0.3121054698134204	0.12033732160342145	0.21809969830705847
0.19306453157449066	0.19470046875447464	0.6612502839845675	0.2642006173893374	0.24921919553488217
0.38283683932813883	0.639441624442904	0.2630496805291447	0.31668575863426074	0.30136682797033576
0.2689449055441666	0.22844051846919425	0.13699211492477667	0.03915951671241421	0.22299157745143083
0.29223697981179136	0.20718860895139496	0.17407259185322868	0.15129624562450672	0.3270798512935273
0.4283916740476515	0.24212695227322223	0.20926522165599856	0.4748480553412491	0.31599489413950277
0.27109171338603805	0.018581945809890848	0.08981150171772952	0.06022085864348661	0.2620896589779126
0.12389111442295367	0.43740567295502375	0.2144487930879251	0.4141837411753218	0.6929313323969943
0.06309793197061014	0.09885205431373353	0.2663551771678979	0.10587411012983805	0.1368219544703319
0.17900618762540216	0.4890602071203493	0.12508865419838738	0.37725272938122084	0.06044988720400962
0.2763342884347995	0.42127644151851	0.25650745478120307	0.19473067710119243	0.2711980907100034
0.16342838427856307	0.1355700483744694	0.5078719890792162	0.6816340029255833	0.14994502625189896
0.5233652117668335	0.29433806544619395	0.12032801101507236	0.39945506208367115	0.41979720811683857
0.07598792387536034	0.3344295323137471	0.2530288902773488	0.2807390481456687	0.19494940352845094
0.37673406935685394	0.1598432478121088	0.21113572843064682	0.2794435152933914	0.5379208442371401
0.11452560332742719	0.18414310361127328	0.4886446770746362	0.051987973997953636	0.29875335928671876
0.38070389975829816	0.19056595730527429	0.2849736806588955	0.28105629781479957	0.33885739545063354
0.1659778732586927	0.08326350407250305	0.024078022745233896	0.4200575983833112	0.34526123217977117
0.2125648288345509	0.5489045792940337	0.4776661320926478	0.2766370179789598	0.4412574783204735
0.04224255358540929	0.13360844487427334	0.25810055744110444	0.16179703203065654	0.34837632647974676
0.20491299847673694	0.011158568248172827	0.6367086787204955	0.256923857149062	0.4878510231054232
0.09474320039312065	0.3356908862008153	0.5142076598781016	0.30864449182204445	0.1195930941223824
0.25275506469289466	0.10476727914057152	0.40326213940729716	0.32316355969606253	0.25768368511139805
0.24179259056534994	0.3603894950576158	0.2564186004692472	0.3650075044201069	0.16772319616948203
0.07866249361205575	0.2528733872781026	0.5767856098340518	0.15802620661455177	0.44560387286544856
0.0720099207666101	0.3560680847222295	0.6019740455159337	0.06041140397604816	0.05144357249243881
0.15143754061352258	0.3558728688217477	0.2648356339531319	0.38177977032171545	0.23421472042857774
0.4134145942404857	0.29507087416136374	0.10857276980783331	0.12197824670216752	0.2814245967968701
0.19577725694755252	0.5131071540381131	0.3576754254467768	0.1362486270236767	0.08066270723446414
0.2352635763614509	0.31408035410021373	0.5380691154384244	0.06812902129661848	0.2759636849682158
0.12860404405827713	0.11674650756366196	0.4763444874555725	0.11564234298727322	0.08435048840395748
0.6472605451111046	0.1984733628525166	0.7173831898027994	0.30938698172942686	0.44727071926387185
0.2145644590495132	0.6509744620000997	0.5202890455458284	0.3613932935006292	0.3844833034570036
0.4541265454719379	0.3375889641457267	0.3682136119747664	0.39770193748064925	0.5561068315600307
0.23763771078973053	0.571372168756643	0.4275352833333353	0.33183838994705667	0.11192849265964654
0.19266194918361554	0.3123809897282283	0.08646018050253199	0.3117685086561749	0.21220966983560666
0.07345820541652753	0.26598927921995796	0.4067272787489034	0.04801740418563556	0.11825618275755352
	0.39588051452871337	0.7701779771122031	0.39817102880649685	0.17974027157077627
0.42457266773211566	0.05323316734905202	0.21443446381896755	0.35592830326225644	0.1145197636660615
0.16523635646485488	0.4829399030617289	0.277820427448165	0.21823427310913515	0.388829200402679
0.021394623549177875	0.6721840311420184	0.3585347559075668	0.20452133645241227	0.07839371992379754
0.22835328635359908	0.1716296380500909	0.08360678363039617	0.5715194880549306	0.3255874421877882
0.3335531382416789	0.4634206482793658	0.1767672622345066	0.2759035418938621	0.405120636173841
0.1067170823644553	0.3934023843012111	0.24545676769625996	0.2727609612473625	0.5598430141480709
0.3128969741935577	0.18593570688604813	0.34732703100549345	0.23009584967485924	0.22534466241464418
0.2501493528310671	0.44984499507331327	0.08800017511020798	0.22215478288084864	0.2374143731738186
0.541869803660928	0.22209791112159263	0.16436018178135975	0.14741552147674183	0.10827750529616663
0.3441300313299931	0.009451522629873569	0.5067462005582541	0.3925923330797893	0.3106349977859189
0.27417323723326914	0.34343144510473306	0.06975853920568227	0.5895013823922438	0.16461806806007334
0.0695281440110977	0.26756463601855035	0.41293957511159496	0.23129221205126507	0.33946864162595913
0.323690766669638	0.4646914134849934	0.4028977739024117	0.3166516632185637	0.32336044698311317
0.16382519364130166	0.20848492783916908	0.31010113680438534	0.4789646506632592	0.22974749136617514
0.47644840278369577	0.10629149413700713	0.2908373627453527	0.32922358173107846	0.2724949450583135
0.537933034851207	0.1781432988605432	0.20997536187418875	0.10855679516584303	0.6365837584865264
0.28235954101512795	0.38395838981324476	0.3894853558374546	0.08788505931563213	0.2577192596031306
0.18045931243189242	0.21630781608611543	0.06544746243284452	0.19971747069195256	0.6913268366600692
0.3129437962678117	0.2667645106898098	0.1947415190053566	0.05888841212661832	0.3935528653348382
0.24684777486184503	0.08311096076703951	0.13043966053754172	0.09429927994451441	0.1687471258597351
0.25599829586251693	0.02102950839285564	0.33401903861245785	0.2992365863136445	0.31643242693000456
0.3481516183812629	0.04963329641779651	0.27203278308526957	0.18259098557179318	0.31200314088897024
0.6877001483433308	0.13668732114324528	0.3482767277536159	0.03864404710765876	0.2610031445798449
0.20608611469927737	0.4181228324459063	0.2846100486501413	0.44435331616750817	0.15765557910441846
0.6198360648716674	0.025731976798235787	0.4671576809233317	0.4741785674533326	0.34400582058748796
0.2431889180285242	0.28181336962355413	0.24765266841055006	0.42186396002502563	0.47765144702409307
0.2332818524622884	0.20536617248980257	0.24935404150997617	0.3560386811173002	0.2070038512741743
0.1627793240214337	0.570047324970618	0.0392543374499455	0.35795295445276876	0.2641980728212272
0.37712923844755614	0.19682413168470747	0.0837676552047805	0.15625983927799872	0.15440185723013103
0.7238676432656904	0.5230962485809091	0.1945113224091891	0.21877855018042747	0.5131266900720372
0.3892935709663137	0.14807158992435865	0.4361035348359447	0.11304496904780079	0.09972857379909043
0.21441810968500188	0.38772424303239306	0.20871949076683463	0.22983031531825251	0.23893086022954604
0.2969969563702346	0.34708448447654244	0.16254604991077448	0.2247842697648824	0.18676407067095369
0.10547042266250313	0.31267563644810675	0.6239988292761885	0.25547743762887976	0.47224803049781044
0.04520449733829016	0.16422872418328563	0.45921081056584545	0.28459712063472353	0.33258247443739963
0.05592067595307897	0.30987643337169285	0.11631329689899932	0.575875181528686	0.37893144440507714
0.37492651586314263	0.10135537812940126	0.11273976693402105	0.3498101510096546	0.39494748177922523
0.5157982522185053	0.5867776207898249	0.5162834340594354	0.25265864564159213	0.4263632954111232
0.19141714624035566	0.10029501876627166	0.48812688411703964	0.1718674441699948	0.03358435155681218
0.10608974046661633	0.2311594062877334	0.21372545538429377	0.3934469349885224	0.5155759562796932
0.619343567995308	0.12073544487728573	0.3986926192582252	0.08365672681987107	0.29349425128901524
0.21148702723845914	0.2390837729191099	0.43223155315876954	0.28652026183085283	0.1463108067511648
0.048583018493567276	0.17629851037089725	0.09545967199607899	0.3532818332846066	0.27897071004212093
0.5954916756539935	0.33915792094645225	0.4267024905808075	0.03198837815788301	0.3183384734225055
0.21879753396958304	0.4236343460746076	0.3824123002659866	0.4276991984023474	0.3958125370829221
0.36508273259443813	0.5100164553573809	0.292368296329422	0.1408373344996878	0.3949709396215965
0.2472462213874238	0.11536262814810182	0.312771413127557	0.3181459373231706	0.46902421572972114
0.3578373770123654	0.16036522593708347	0.1131119388618104	0.13390442880661366	0.40845336312616526
0.15202891250272718	0.533654413279977	0.09205242587743472	0.4201847793128448	0.33982472735630986
0.38540871514456304	0.5850290086549876	0.5305910896086158	0.17038220485327585	0.22580998108813613
0.23481552929846633	0.18148859660364747	0.2705687550868114	0.248537662146565	0.15542618464448285
0.40465878341485934	0.19162048147762295	0.5857385217500107	0.29806543360671367	0.5788046239673681
0.19378614425203788	0.2083894148453139	0.1039590444269959	0.34056234674322783	0.07095622416190643
0.31193071690186336	0.4626149666006252	0.12946652427507901	0.3362135575623375	0.175077612806462
0.5604688334800183	0.3394186764218486	0.3881854842900238	0.5812317879368846	0.21975539882820422
0.06651727467681456	0.2906564850105778	0.20206353857524936	0.24821158506210372	0.30292143125351007
0.27172132142643035	0.31804683297598885	0.47305604952205005	0.2790935754717189	0.30836944548687506
0.30411728765568463	0.07520004177673202	0.3809098158313132	0.19971628367664265	0.40162007995205484
0.3146621026318745	0.621411514295275	0.3430542287861487	0.329716910662505	0.2650920425097229
0.19262901742799937	0.419826720661099	0.8609550816339583	0.13043420767163008	0.2648718293633261
0.5325500839730131	0.2333372629803257	0.6085735310841989	0.5788580872057189	0.3339527858467148
0.4783750819134195	0.5083461523628979	0.22895446284334464	0.4262610174820634	0.1380140079380767
0.17913478970424918	0.0718761451964415	0.3095938532883963	0.08923592064105644	0.2556824073083184
0.29059341691831503	0.29096525446351307	0.1868509762574105	0.2491847462356993	0.3479650461199457
0.34565695637326943	0.33501337492675515	0.2491383095554634	0.2894072861048248	0.3762487940969286
0.14955667880432313	0.17079081328329035	0.6029966486193781	0.3531158570937071	0.1658780328421403
	0.46889670645548903	0.35979505309818777	0.16802134681055772	0.10681597797892252
0.1832325951401601	0.1903308939250537	0.3595094499080225	0.23597113039090878	0.12829798531450398
0.3186941856407869	0.22059055309665	0.39145326818431736	0.14780107639652262	0.15141293176156112
0.32841711122300865	0.3716018999044787	0.16971709722835987	0.13554766361729703	0.09176519347112018
0.3359994086028738	0.3238079778802424	0.2032353083574727	0.07491507481374911	0.29450904311723725
0.20511654459050846	0.1732089702546325	0.19504901094114632	0.030078761921371287	0.19145357385333123
0.11283796445908108	0.10778066937403928	0.37694526913110865	0.09376166991098517	0.24012176491990608
0.17565108287155498	0.3319277814926483	0.576660817969094	0.13010478320145358	0.26887072087659486
0.23835550177870587	0.09959010116979003	0.15456969336869023	0.01913692211189209	0.6394056140258491
0.1713586015374356	0.1771450004578521	0.15828128432917646	0.5431896949189992	0.24858946017854863
0.38003168947406696	0.15351930699109664	0.17142308225035457	0.4577884405566908	0.10711435260644694
0.4183953076315478	0.40549012417957836	0.3282325979423801	0.02977579954891616	0.07106917620150356
0.2013893821207003	0.29738197343502926	0.12562828520608943	0.3122577777833278	0.5764904863210866
0.1550915208346013	0.32621025479497007	0.1621780603963351	0.22507498167979173	0.3304762707942092
	0.31427838994646107	0.4520612879792662	0.33735997195330814	0.38603264827497175
0.49851399121581613	0.10283958344602413	0.21387377670821628	0.09971194522882423	0.17897416571604483
0.32107332999317373	0.12344065058028644	0.24106776425043153	0.21210872123277225	0.08882475011869131
0.08350622012364757	0.2788064209369699	0.6695514381084184	0.4990200135580483	0.13674839729757068
0.2990073441623755	0.15626977856219756	0.23239043189152953	0.06527073930927638	0.21662990018815906
	0.28334968234401764	0.22508349888151433	0.2110183125053797	0.35180118398152743
0.10704266916007686	0.28803790562512527	0.2861627443453731	0.41934973686032156	0.15558283732487826
0.3282603476758326	0.2453449622664523	0.19273652108324701	0.17797504990214552	0.3335134496529254
0.575170018412936	0.7718511375451819	0.3190962408022689	0.06116247122751416	0.17233031907750324
0.1583244012035136	0.24695710681727476	0.27984730171056577	0.2454294061821557	0.0643507987587179
0.280663188173277	0.39816729618588276	0.7031328056439533	0.5394390906593078	0.7337325712739748
0.30813709442106557	0.2104825592729731	0.18520155667822646	0.498589719442713	0.0970236643785409
0.36265623115509615	0.1591085293300627	0.4549761577993366	0.08531778344844092	0.10267682136541244
0.11931159956400636	0.3096776109712062	0.18843586283090452	0.43245118126517357	0.11040422540474555
0.4076223834391411	0.10293832862196367	0.2162796468583098	0.33136605602766217	0.10519524971862679
0.5919264828517633	0.12184353456123952	0.6085934987434407	0.3129016185688918	0.0350655373554072
	0.20382297650641987	0.18022711326451551	0.033558186186939766	0.15342749506801756
0.6217279975191883	0.0321750288219932	0.07100688928146494	0.4743209703142899	0.4300049250100824
0.12562909326205116	0.2948103718177786	0.13648891255245788	0.41395588219153584	0.3276023631452849
0.07461432204426788	0.10982736257422898	0.23810735876546987	0.2851973322721949	0.3553538094054713
0.7615302543091917	0.05985543721055515	0.16623845640400073	0.25080511109667153	0.5736286548373616
0.10148210127117559	0.02120995759778245	0.31782614851911845	0.1495678500816594	0.24668489567159696
0.5218410223257132	0.1049750752827971	0.29650868814448433	0.23627600849291464	0.4545594928110168
0.21539312813549608	0.19459127428480572	0.38116500621845206	0.32283551140980515	0.5077324343185572
0.3319376594343392	0.28145683908046276	0.5686445101425758	0.09986284701457486	0.3080338837920926
	0.1110633130420803	0.17253946917332108	0.14068707060108399	0.032850334446283776
0.4009028736550379	0.658729379054069	0.3520699197214506	0.4453870064839021	0.3283847305967266
0.11609422964045273	0.19974918657820817	0.2814804435842718	0.11878833000738534	0.2694627507507448
0.4916482945971086	0.36088208386626147	0.49142649626301305	0.21625982590484955	0.4630771745863429
0.4386875420542877	0.12191107197147144	0.23433666356025804	0.3613708441246031	0.3259259440253925
0.41468366943733487	0.17482213887718756	0.32851176087095285	0.1856755636303369	0.1947900274793516
0.35521145454458936	0.3872296130135523	0.4223449980431839	0.7352321405103763	0.10869427787293337
0.20447730599894007	0.16647406724328115	0.4029450407260933	0.10102022267640982	0.5022228536098776
0.4958549681665376	0.2123587665037704	0.3177640906909609	0.19126084184868813	0.20946100827801276
	0.2546433505764962	0.26563573549899894	0.21072242536320507	0.12966273466030973
0.3737193170964538	0.10201121130421648	0.17347574158871434	0.47625629099063066	0.1731223169735238
0.4383460262549251	0.1846057930901579	0.44126941602546044	0.3500535567850116	0.126465482396819
0.3449858546257978	0.33424662177179515	0.24341841662875852	0.041233683180411124	0.33744872548059884
0.21690365850734808	0.3248523985529647	0.30176375215028745	0.19599035066367582	0.528875639025886
0.36607467329669124	0.16032762828904615	0.3163346882953771	0.3495485460839366	0.13247455265165306
0.11453955514905399	0.5220267365601244	0.32522277727226845	0.6517519446248123	0.5034190968463853
0.026806396620955145	0.2090065555620803	0.4073084902682527	0.19099984879529852	0.2356312834503685
0.35345029157884633	0.08306980606939607	0.1513162165034326	0.2352429246329602	0.3710041942997474
0.2967141111432442	0.10842707572558287	0.21496214041927933	0.19131378150816153	0.15497651632762102
0.33679945868244376	0.09126253957176152	0.45165487189520703	0.18171824992224253	0.21742519383284215
0.32687877120433734	0.38481419399570893	0.3587685880669795	0.07356423905806778	0.4625849127234799
0.1939868528898099	0.10202494141333442	0.3198829270804257	0.1513034785968876	0.42351462227428194
0.1782465078366504	0.5238688691107124	0.5790327019947956	0.13359448253999753	0.5192895522242083
0.0695618607856296	0.17626833694162802	0.10097932192119907	0.4816446507427484	0.2671717863412599
0.22094005810147277	0.21194022519932293	0.05867994343152744	0.42509114328839753	0.5052844241091233
0.2531283956315833	0.5643497403218553	0.14040759049836693	0.1282813227290329	0.1280518952248548
	0.12688743802237445	0.34550117458113055	0.22033624721018225	0.17783314941889872
0.5210457708904661	0.1667415096863322	0.2935095911375942	0.34741941058068465	0.11629836003880102
0.2715658750070013	0.1514791961795992	0.1886498152329136	0.057713768230573746	0.31316858708771145
0.5114175244287358	0.4422147648721425	0.11710126230523435	0.37371027633054044	0.4256001526589686
0.38256569326421885	0.14262249269580982	0.20653848837378563	0.21289636943737839	0.11032095612966185
0.13077549480119843	0.17568771589550944	0.5442845335202305	0.03943163901396944	0.5111061286530422
0.12979859419496712	0.31585508267640916	0.38598186193072115	0.4924091277120437	0.37344632578916837
0.28464759397830913	0.2732907062746035	0.55596791031181	0.16980599620943893	0.4435233602963539
0.24472163247740708	0.31333911275269194	0.4824510166666042	0.3400457297677427	0.04921574922859525
0.12550833687537816	0.49199904095981023	0.47593247540735584	0.23744314632167798	0.25666473556032837
0.22826345481862578	0.02081492221730033	0.6504239459953971	0.49435989039752815	0.10872904349781351
0.4467598526314524	0.1802291612646952	0.3285070063002692	0.3330681059020717	0.1318696418451104
0.06982198659101131	0.3152859559394043	0.20307044161880225	0.4248304484022826	0.3241121321825243
0.41974336102684223	0.42975667791537603	0.14543525176556982	0.42103911653820764	0.07241490338460806
0.4641996693589574	0.18671957287548385	0.12469821465738705	0.27193621201643575	0.12748769991205772
0.5359605266997394	0.3941787324125313	0.20918928181043683	0.46787887041603765	0.4426170151201299
0.24038629480773696	0.33648925410267366	0.08524500700622971	0.2557572336850502	0.10950162511803066
0.5320141672186006	0.19098696726335926	0.021603535240518997	0.575194163476652	0.10337404307775279
0.4908613615786703	0.2432803640801082	0.17312849015662138	0.23671321507801962	0.4316546010699484
0.07199419717722307	0.6801089318424273	0.07016732789591303	0.24044635540757137	0.20786198553629845
0.2565086292521388	0.4103416239236838	0.26712302281236755	0.2551613984022288	0.5540691780953645
0.21706579318364272	0.3664200469102824	0.2410677509768548	0.2637513079180046	0.42544709086578447
0.33728290858093973	0.08274981104013174	0.3264159431999832	0.14126135052743166	0.41861058413685565
0.16653215221606285	0.4549673093685948	0.5950884164077872	0.23148468649582896	0.07369393365891634
0.2895916161171255	0.5002923233736443	0.2079344558733192	0.3578394556338707	0.5560808667781356
0.0783811139977641	0.1673629479258671	0.2560960936260911	0.353165380892358	0.35036571027633256
0.051937654169395664	0.015812748691794384	0.21557655526939198	0.4589827020453699	0.1800523488992416
0.5290366142704745	0.47665760268986584	0.21401180761358354	0.2541284403218662	0.18605780107701234
0.3025203541821166	0.559106514277999	0.20641215621141384	0.18237776571086756	0.2887259914400143
0.22640497598458442	0.2599064762462688	0.27044114435132593	0.11848174704686668	0.20592782447840732
0.45707771833943617	0.23635135384666478	0.06862500155898539	0.3524821839740552	0.2081435483217593
0.15085673987446563	0.3007822565770969	0.32908453040538876	0.09615701344402364	0.18513958624023164
0.3677002181730628	0.34984563504764327	0.4703730238382683	0.33605893603788906	0.058897403716429556
0.38330995842155136	0.28806717221972505	0.20936893363886175	0.4818412454983076	0.4132699132071818
0.6677369030048355	0.22467799878144068	0.18160989022480875	0.28314622565962244	0.1456597835715611
0.5589718541339533	0.19333762519056885	0.5833816535698373	0.06586607385480385	0.21428793505315702
0.1415951044584262	0.6568994502842489	0.18628303136862237	0.42577896389711645	0.24921738628954668
	0.18641192292856418	0.12880225115158972	0.25446566694370065	0.3737412886434605
0.3923813317675586	0.2668029681662974	0.08218297956828849	0.4128648881953108	0.5997298700487946
0.18169039190372022	0.15826535751585472	0.0984336616229928	0.21553779759035271	0.1825259818065061
0.5095275451090264	0.10954773461425407	0.2425575073695763	0.11864448743357724	0.22262419776267636
0.334797368805051	0.06683856075218277	0.17666921636288413	0.5323840655387237	0.2219626182695872
0.43211473618014473	0.25975387627319224	0.40952229949489877	0.22087956918673488	0.23736414993674204
0.39243774023409317	0.324940713922196	0.16362284397899515	0.22357724272708415	0.27911048050036896
0.36205600323286086	0.4338108605210093	0.32594498830289464	0.0912592333243355	0.1748962710783918
0.04714654024333564	0.6908978075295303	0.2754733641095441	0.37247800900763967	0.22243881466882293
0.2848122001266697	0.13115291017232006	0.1022917251043003	0.1686567671854162	0.32163169775475986
0.1271549018076174	0.2872380320372297	0.6698150845966302	0.16925823661203043	0.19121468216077372
0.5373137320322597	0.24770314830532353	0.1369220358802794	0.31027465425548834	0.1866369268808139
0.20239247695096269	0.11016754333912307	0.21830219152567631	0.04004511625321358	0.18199622768151288
0.40215276040477105	0.1680346975741676	0.2874380592321443	0.2613817597683026	0.06557041568668812
0.30220970766688965	0.49080592091854736	0.24229042522736155	0.41034322564423487	0.2978969784080496
0.12357164501234134	0.3045576051027693	0.3309628476779564	0.5760526830082453	0.22539765093747385
0.36986533240738506	0.3534677359931687	0.22135455868324685	0.03604623506179411	0.32417920970216496
0.1331594849721639	0.34159924193958346	0.022382036545977584	0.24682952123641452	0.4986522568981931
0.28496306948310995	0.2473355656921073	0.2613673714380921	0.1632474282692036	0.31235407638232293
0.3350954909973427	0.4391651005018109	0.4140684236102111	0.28364504975772126	0.11244579558720398
0.3884130818680141	0.17637765618181928	0.5355854924172068	0.13358064897409996	0.14013999400492028
0.16214389373633933	0.16228774771804813	0.2690462205248413	0.2761603435613787	0.4493607296562383
0.2961913502730948	0.7481662640590685	0.19119292178920697	0.21176513894217822	0.3774355031328932
0.17106859116625822	0.4507367754396839	0.28526755867751435	0.18676594803447555	0.2910540334255541
0.42707676940126776	0.47629677774260076	0.37852523871660354	0.05303833477310313	0.193562429540237
0.27568168830730766	0.2523030671635565	0.561899680224049	0.2861580407581201	0.5075756882820932
0.26511300627901335	0.3670995269972713	0.26043873521128874	0.17590452305295892	0.2947780362937372
0.46583458916177295	0.5856332825993121	0.5834773566921484	0.4753940566119517	0.21107319727409785
0.4289651350168821	0.4576626648798035	0.1491641765272043	0.23184212370260285	0.7256515120290036
0.13247768016325184	0.24506471284168468	0.34399820769083195	0.5403668931688773	0.26132107696995277
0.441657142941253	0.21505460164331372	0.1412651603990519	0.3327557462893824	0.19615310460099036
0.21851956288699567	0.26663739911039835	0.6709402454472411	0.4571540913399498	0.17776587385851447
0.41087521675741656	0.2765927263855788	0.12516212951186442	0.21351991716753538	0.21876298069570824
0.41088990246105467	0.31822836322309617	0.17725783618811608	0.08131314105327045	0.5767902577528276
0.2608741400284296	0.1937734959208987	0.5192810608691089	0.17636441850699902	0.3909366269749014
0.33699387921214713	0.3260953032609396	0.3950669659208988	0.34201105049005875	0.4158715282002583
0.23730897577724272	0.33196157749885985	0.5057315602396072	0.04649163337434214	0.6096331325157769
0.5706864163246905	0.5641555774799852	0.489473686378139	0.2405983080025871	0.106504876819936
0.07322789832090983	0.21041959734659188	0.19930169130238265	0.10727806829974776	0.17937129231909463
0.30332444528080665	0.17713994343993547	0.2791132450850121	0.6150972629875736	0.31053982685573345
0.3453441106247684	0.19103917868922254	0.36384528452737847	0.11443324044908965	0.4013541757494393
0.32767403094535624	0.28934535339788153	0.29387958435212447	0.43869834772039823	0.32424749507295036
0.1450400369958249	0.15013238617117303	0.4042935358628736	0.34304014256731136	0.1511572147671103
	0.3341548261074188	0.44310319322466085	0.5545980988980271	0.30026124073213484
0.09559047035848528	0.19263743604192538	0.2725088543243661	0.4436545985564964	0.24395563537975595
0.38184560495559244	0.5220864510903902	0.26781634829112205	0.425007214650867	0.20541635873628233
0.2565113253541968	0.12930771581901432	0.1027498415251379	0.13742719236426776	0.2305701250345422
0.4726720543421202	0.28673015105720584	0.18374998609536267	0.20830864910084265	0.30112601057829946
0.3984472798846917	0.13803009052253873	0.3126486690450625	0.26181776314348315	0.09312802912428682
0.06641054075447315	0.6211996780862368	0.21022644084674047	0.20938337515235694	0.2908271367204203
0.1617430021942073	0.5324995935928049	0.22289857186577355	0.5826624620210078	0.383497719184827
0.22382426247160062	0.3807881764376195	0.30401941085979584	0.13787887584434505	0.11656965840426037
0.1092848662173277	0.34666911415911233	0.38403896459536213	0.3762402160421999	0.597676742972751
0.281632621094506	0.1753682251456735	0.10176306262712768	0.1937550354331259	0.08970944886869528
0.19792371756811017	0.1673232135422824	0.31651556285531474	0.6241001563190847	0.6525669902026479
0.4002210927168418	0.10795710837256445	0.15613218340286317	0.20355679420375866	0.048165429628648684
0.1851441179403971	0.026735600910844405	0.3593770993554519	0.15673839872135345	0.5345912512917895
0.08425858498518216	0.22488590200119743	0.39863257508112504	0.2353382772830812	0.2540711832686288
	0.7275125404792432	0.20926542938183876	0.0692030276310416	0.4444192845214363
0.4503264011837433	0.0915850917162464	0.3096862583039732	0.2157609867365552	0.32490221598665153
0.3746719154722137	0.2380117402718807	0.09496527768273265	0.21345357645080523	0.12314493106495884
0.33539625767029846	0.1290627361991525	0.21859837994395379	0.47376483243626616	0.11151558546638618
0.4006011800585016	0.2131843561547917	0.6704552955062745	0.5640436714792803	0.42471297115350404
0.0612934689173223	0.14986484331776742	0.15446343854118164	0.26018068034993064	0.2366226456016215
0.06404246004530534	0.044844231431202704	0.18284352178973964	0.19926177085149788	0.1268223860646172
0.13193924820508654	0.04491367638510601	0.46757750905210316	0.3597998424900336	0.7639874267007493
0.21990162116576276	0.6882240816757892	0.37567227173143297	0.28105586481661315	0.48508497552283547
0.25200697248146386	0.2752451680566301	0.44795741954628665	0.10470329715167705	0.4253834738698665
0.3719618569050055	0.4317656625389752	0.15869010461869873	0.2182260421736753	0.340404671478991
0.08248546032126756	0.23613954873399734	0.4676878770817799	0.230624564920791	0.24226331972350904
0.14069702802306736	0.1759770431923771	0.3311675531720063	0.3776761562529347	0.29607498939708926
0.5578884748026001	0.21895442357869194	0.4626504889431735	0.30172627561284293	0.1634843314859176
0.2353925500510659	0.32322303926098356	0.28033092736321424	0.08779969469095684	0.3684573801927936
0.2147174861016495	0.3595064674789563	0.3087519612695214	0.26407510638960857	0.09536447995540873
	0.5193212990181653	0.3226460676193093	0.2696347944265568	0.14738970023165954
0.18277255734936898	0.25038301205132657	0.1525129611043597	0.218764150730623	0.4056027090039738
0.13936537519235806	0.21107092732823346	0.0564408302808036	0.2633603096724552	0.2714090924009653
0.4821704636073075	0.25627827364076994	0.38810700645337753	0.19007187408978882	0.1696703114390639
0.6720483331348024	0.033927409852290306	0.3728114201501082	0.36862497033977804	0.24679257626310785
0.09314801793426425	0.4663339526755637	0.11303615516558879	0.07918145440638374	0.39712885416041355
0.43827238099298743	0.09646721796667353	0.26430088003491703	0.238174934216821	0.3045228565347563
0.6550123745217563	0.3551218678063318	0.5371961176297432	0.3452989650874992	0.16763770263491456
0.4489810261201199	0.4330467939347794	0.33410264645412596	0.2294198604453106	0.21911628886008414
0.21714357514968144	0.22982550592982717	0.29854801143733933	0.3821539531001869	0.6973536682984508
0.49122185199669727	0.5599282495035539	0.27662798519586473	0.4312417880964576	0.25699937611861523
0.19384513873674608	0.4373107896791783	0.24235044508066747	0.5199681269097949	0.41245466873584885
0.19570061541174422	0.2642982227698514	0.1346571019667003	0.321918751830112	0.23790152249583227
0.742218941470145	0.4705354402458074	0.17441729611611553	0.3118680798079765	0.13351109947548231
0.01993563473640844	0.07371125430994022	0.14665487077211306	0.23775801181816147	0.27707941343528664
0.7079354955279519	0.16647288504814578	0.149545736090263	0.13171112102627366	0.228590023153251
0.19770467658260502	0.325950886128585	0.25372125018708885	0.03775085963849252	0.3061888093804575
0.2635494715933091	0.24832626489617818	0.4738099294209071	0.10799571693944726	0.3276778108426075
0.2217585088945358	0.10190558477798044	0.38407304086705074	0.28247721611838467	0.5829923522738969
0.12960263058964402	0.15822592986513948	0.5773943347979376	0.4514273575235075	0.202942914677091
0.41051373686922205	0.214992938317366	0.21346176470555453	0.40621984172907394	0.3771396296169984
0.165731144350877	0.17740101548733825	0.36640349193693567	0.39218069004966316	0.4440781167600618
	0.5956760478506344	0.38697153861290523	0.6237292326889047	0.3284593230056538
0.2279797795973126	0.48331809995531233	0.45595590753704573	0.05249269128934653	0.4094880128959142
0.23669079423089542	0.14671109933154594	0.36784721552215893	0.063658554201082	0.04960614652179507
0.0410039890996887	0.5429108165202905	0.18047337842795377	0.17714808311326463	0.18362356777592212
0.18421960485994643	0.3802453619348063	0.3687258475189322	0.027769324248883342	0.31174977427641903
0.15076346072557067	0.2211535720000778	0.20371596939040915	0.5095619945342565	0.4279651753259655
0.08538099942979001	0.12766096972064547	0.1646722815474669	0.061684768222052884	0.17861249713705715
0.12795723441907444	0.1460338565786186	0.32241380008306253	0.3507814959929804	0.09724763979227276
0.21308842162135103	0.0651276574754947	0.15426072899938226	0.14925699791763034	0.18356322109992101
0.04696713578554715	0.47506417741441986	0.4094522217904439	0.4143095072080195	0.07851933248951883
0.4710882247680157	0.32912419862394915	0.5464407311401268	0.2529007027074099	0.4360121434807465
0.3839858195081976	0.3029460565025167	0.21696485683876113	0.12634190189401837	0.4085793530372391
0.11426042512806951	0.36240187039546967	0.38806869487542417	0.4391227075480812	0.8479022947345416
	0.36786664935553853	0.32899828600800085	0.0366065103119926	0.36873210109214666
0.1843211426739993	0.3456941966791647	0.17190357926724137	0.2602358042310112	0.18742752779929595
0.3931317100082987	0.21133834633373527	0.2848883636349413	0.24664012543467373	0.22718240289855363
0.1516164054667278	0.16944993779761325	0.503102075443862	0.3842566457912364	0.3553518527112251
0.20934381348410153	0.2790269887985631	0.13556962364789613	0.04938031047870968	0.19502712103884315
0.337094257122312	0.1232052110678918	0.2935577849111048	0.4434342710211576	0.37649171121528724
0.34512772284579635	0.1392488005090461	0.15504586317270863	0.2761035190904357	0.443262494497499
0.18952238695981832	0.17474179672865486	0.08657617601735641	0.32644329211293627	0.10464571814333426
0.2209062368599237	0.8017742366704516	0.1824167939866213	0.2120060912732739	0.42870375970866126
0.4845045865075015	0.354406755685443	0.04195988205794071	0.45270263087389545	0.3701028033460259
0.5657656432710261	0.2992800825840572	0.46177849309525554	0.2243016500551788	0.44263111453695586
0.0733236705250413	0.2427246537251395	0.6914748483653765	0.28991720656719655	0.3386244745865772
0.3269051042387883	0.1073577173496878	0.14584817494454327	0.40554696512462757	0.11597596717684676
0.07375828745196267	0.1037354971759599	0.6291170305551798	0.49214047187778637	0.21321500141041047
0.3158275832172474	0.28094897845358724	0.4471049861039682	0.6163809183911387	0.13359245300629327
0.3516892841470221	0.09538328569824187	0.160466359992861	0.47451991596944	0.1362121357800443
0.3824316012011902	0.21586448655839705	0.28166307814183555	0.46174980725333314	0.04825423305706487
0.2063352967800457	0.2771825794263176	0.5135237439481294	0.7093123232084254	0.13175424063623944
0.44724868587325706	0.25407360098279375	0.1894680518462083	0.17647044609977108	0.15831431021754405
0.11247471160130192	0.12381204383933714	0.1607141199322795	0.651840195796891	0.5402072428332461
0.1478637227090703	0.2214215269668777	0.15840852130926963	0.4438358067772331	0.10601020476202508
0.14565745661220497	0.28846844516658754	0.12748369491007513	0.24136813470327398	0.23047581623959185
0.6549729112106137	0.20915774907919404	0.3815117102766568	0.09555135816780731	0.06165952272999556
0.22688288019193323	0.236480874772107	0.22078457175730432	0.24351255487851414	0.5997509568227022
0.5542779486221355	0.739724066873175	0.07757760734486145	0.5832861957117202	0.2190488785582165
0.22064361736615923	0.35180691322734625	0.5290015373450752	0.22044583286802133	0.49234238003523906
0.18077583399965283	0.1864885669301934	0.08285421244604185	0.2243972411755868	0.14059650036245558
0.21913776980582178	0.44297560266935077	0.18498763711301824	0.24483301472903232	0.5387561844808744
0.6036898089346246	0.17158712240479373	0.5254250908023266	0.3025922535963199	0.4102437268008431
0.26486884551893775	0.28150084521933916	0.21468059437248493	0.3231007096016451	0.09978130549476863
0.4983277375372072	0.28286150007133076	0.34420500862915754	0.3826464113133101	0.26791157344254835
0.49016236509532773	0.011263213011271131	0.624029144722732	0.2962823919328638	0.10447911608735934
0.12049115869823547	0.3640833736832626	0.582382075528611	0.07656021207552317	0.4362250819282342
0.15166262435620553	0.48699703452183346	0.1588995708034977	0.3378504591258929	0.3433259646599932
0.25816938230577824	0.14580388750867854	0.1658709674564661	0.5132148759886975	0.2669826659824694
0.2672322823857566	0.3304575137878881	0.1697525378883281	0.41865327508931344	0.5597312966539446
0.2587205624377002	0.22281686700755118	0.1178234068152775	0.5911133678226117	0.22237157481246533
0.28755647223669817	0.3604909988010357	0.31532152811240793	0.3018100122972875	0.22903025055214157
0.03814396057679467	0.10571217809424036	0.167571017223535	0.41970163911467295	0.2421458513908994
0.33093493545159636	0.16528529745897655	0.010768669769002521	0.3095978688185527	0.1357778925995772
0.2624465992535084	0.3161977469804983	0.2982086977248847	0.2431063117274516	0.707759069830572
0.16169330381807803	0.0042599817528754715	0.22933411111025484	0.20252251544395544	0.2114201098181825
0.24157579396235285	0.2833340251686682	0.22941888035478752	0.11945536456495089	0.6384587835862621
0.04335797850217093	0.025534601547521966	0.33901919860246266	0.10621230323380348	0.037997531885191414
0.2764334259716364	0.3528237946637834	0.09460399868523874	0.053545553103443846	0.6171961255812927
0.10709641522914683	0.16161173006910867	0.11926546765857264	0.48638273759864065	0.39021915235302324
0.3143597079596278	0.1629361347997335	0.1516824525626792	0.321984036823336	0.5186530892328011
0.07692647720366184	0.5007181017788724	0.38649362229448014	0.5276722202303845	0.3630550954602237
0.17883256472020193	0.4179214321698897	0.19349000264329663	0.13581459205199492	0.2980029618300254
0.09031321702261326	0.26856508572086046	0.040221282184692224	0.46548700390051817	0.05746313931066995
0.17704432472595352	0.5225573659862023	0.22748966273253138	0.09602442326732963	0.18181407491589513
0.11324734178698005	0.1708705251646653	0.40485679302558	0.3268692663360858	0.09551792305030445
0.016466753766388575	0.742298454633962	0.29895141064669395	0.22563689179801338	0.25753467647856326
0.21804245806164121	0.4066336319359584	0.34929813659076436	0.08866202897537977	0.6010220114330155
0.23166928390448027	0.07701415748701697	0.3812441459412822	0.42499219942563815	0.17600046906927863
0.24194357652376408	0.49030535052046237	0.1671493933050993	0.19057870715504005	0.4381710746478857
0.3645850333088425	0.18459444760683896	0.46940322758929326	0.06522766709128734	0.3328994658048075
0.27130085548040245	0.25136661785089065	0.5443725459575836	0.4523702511892472	0.2299090162361899
0.08890932151446636	0.16626928975174593	0.2630208739809775	0.1692977911517343	0.38318004661222804
0.11000632176662752	0.10944434083037376	0.42159197089360706	0.3998958715408199	0.08333350534769507
0.2876641471649755	0.3833865038474639	0.641749697430572	0.31485116761219123	0.28057654107479474
0.2126162144256666	0.1571949607890022	0.7941943088829374	0.14282645104628652	0.5620348422982361
0.34877072890828953	0.22497289392312508	0.06932962185125952	0.4006764667622267	0.23477171355634358
0.5297789695259769	0.2872859370666497	0.29284252671378297	0.2312438868383272	0.07394275084875011
0.2646259226558308	0.12901852407125527	0.40062116568516987	0.5001314317870429	0.3915793321001975
0.19430996166608183	0.17727554731812978	0.08976770816135347	0.13263676584982811	0.34277278049382315
0.4381236579641952	0.7858647449057642	0.14141352182354847	0.6393788426981817	0.2786772549744479
0.42051951726625747	0.2930144611971937	0.1328481963214229	0.2697586439109845	0.3983059735963424
0.16866005935156078	0.1189052794182302	0.5508633959916829	0.7844158114250983	0.18124446490718024
0.23455377533026806	0.18203390325321306	0.07184992521714863	0.08952270026441515	0.4943799021858257
0.37586059356716844	0.16641530441516675	0.3857099884934233	0.10416769407773638	0.12785194788535584
0.4422366912061132	0.25692399262261	0.26617154788636604	0.18988422116835388	0.32623045217118507
0.12951446716319548	0.3702368649989257	0.3611013486118645	0.1407554167695922	0.07356266029120438
0.08763080357784411	0.4886387171629441	0.08547478312685698	0.10249868469925495	0.3047564827329633
0.36526574806503326	0.41476907012181297	0.3900168088594418	0.18902465828338344	0.09576712362743883
0.6115162217349548	0.372830032869167	0.48993754430376174	0.37009523002859673	0.30755662553962637
0.1968862083040871	0.49361329024248934	0.08638078494841649	0.4752042343416823	0.5386989678617408
0.1002626314513862	0.2616356525677552	0.22374308579629362	0.23475445318433522	0.252781749208314
0.03538856640832495	0.33955523291422507	0.17750978168562945	0.30602731413825396	0.16003780985798483
0.4129858338022736	0.39343622291589136	0.10474437493499095	0.19688466169672805	0.21421391293995615
0.40251081865546684	0.41936098652293685	0.46242309298600703	0.06684567319041815	0.43817428905730155
0.2845766610289158	0.4077004990817419	0.37276293315238884	0.4862276599069681	0.2643771131159056
0.05291228924628432	0.19514388460687945	0.3851626382803697	0.1597167255140052	0.4651186426375826
0.20518014762456005	0.07242956723817365	0.27006926069414	0.23727943890007394	0.0796412062801213
0.1377658498423957	0.24679240397794777	0.1161962147767512	0.39934596202991846	0.03856646851710367
0.25540737361467153	0.3123781753219425	0.21359734117782558	0.17515629199480753	0.0947381593507338
0.3427473472983091	0.013778505850838969	0.3061205182881169	0.5045330650760173	0.21041414365934544
0.12062798967292919	0.341296211099442	0.14149044508034217	0.3877404290279214	0.08720961270530378
0.22307159559982986	0.3697567797734432	0.0736828096505829	0.37337766286157215	0.047812826513022225
0.13815717185085158	0.2884698119798437	0.06928304964162	0.2582558606135102	0.4139617608790385
0.15317434100102925	0.3084676673791288	0.4892460914820147	0.6334969941478201	0.3921621199419596
0.28848750017046804	0.28281418849225204	0.17217861422224773	0.24237146009821828	0.23316576490581356
0.35609994954890695	0.32396390194701347	0.11092913747868116	0.12716082563567083	0.02125686161487984
0.3779591915394667	0.44388023122194603	0.03513261429285237	0.36982424218625826	0.2555496460412514
0.27159571672824717	0.058082332610941347	0.1988531119159923	0.28096838118194317	0.23682696777043477
0.15714332054532407	0.07202015842069528	0.6392415394877702	0.19347059903738303	0.10892624114393422
0.6747578671469217	0.19106523675945025	0.3273712405712594	0.11445639460326418	0.39006756569584783
0.22565601648571595	0.46263941121066066	0.1415556436830465	0.34964519072678624	0.047128728411003046
0.4951848946871196	0.28764977573414285	0.3121231712599965	0.2892179743504524	0.349040432471055
0.28621971712045086	0.3421766549158181	0.09524710654447707	0.42703731413014717	0.586159091569596
0.0430855568059804	0.2380521857066395	0.39390964231558645	0.2438067437784833	0.24575472571584875
0.1753607429923776	0.2369695711520931	0.27266566473474085	0.1862798886351902	0.22137458149425543
0.5771254544337051	0.3427918158186572	0.39073834833415794	0.37506000636697895	0.14068143243930828
0.28557483355808544	0.6231451922405365	0.28449172624618607	0.5885309325315287	0.4506849348687233
0.19375542506234705	0.34010424890661334	0.18834707577733922	0.13080255988629572	0.3526169682938926
0.08222221314691185	0.3891795957785671	0.13441498024219597	0.39048528330358373	0.20725522939451332
0.1552065016957522	0.0839766268955424	0.2743145569898491	0.6040213465522111	0.3561415044810525
0.2954416099910063	0.15951443674095492	0.16461701915964	0.26030221296160844	0.29627277654453127
0.25588909154031403	0.35626286335572127	0.11484090215313482	0.19438032587009899	0.5320641598186145
0.09140925282373395	0.14611475191275783	0.10332491312010267	0.09152628811598972	0.12637889008869996
0.3056663111946162	0.5331428711950671	0.09416546343249574	0.3798639950162195	0.03983635093588746
0.09927877725448683	0.4922406179387329	0.22117487846667144	0.13541179565191397	0.31626535135160694
0.5194598690980006	0.20316613590649885	0.37487728713987256	0.277537429877543	0.40580584898637906
0.534566649287057	0.20208040425797982	0.24974074589055345	0.13579451573406334	0.6036136867072793
0.3579844764191166	0.2025517285669665	0.45613277284550724	0.1869610518054399	0.41845927636082425
0.447711986646945	0.2828256179123508	0.18356959430111186	0.3694994822675731	0.3295261564193739
0.04468928553022237	0.3596119828359309	0.09055234599012596	0.35273972025426537	0.5195928147603377
0.3566838143799202	0.2828639385364932	0.30524447080821315	0.06534132586551493	0.29494248337662976
0.35167591481816174	0.19299319107277127	0.46895055437776584	0.31045691844838513	0.5678960485870854
	0.34784922173515187	0.21058726809130207	0.4327720306206883	0.5641201015866405
0.12710191336753462	0.4413110253004576	0.1908880251952703	0.020045464880463378	0.45994543026959167
0.6232220154146831	0.37851487295877095	0.19789566696936273	0.28944887614255366	0.2857068354728824
0.25161718568875335	0.09441577561022554	0.39710706649662997	0.32335991814593257	0.22780885438401177
0.3312272906414594	0.005702431091778496	0.32186296145367316	0.5452263901058113	0.40289324588617004
0.3478391212909735	0.45556478248460036	0.5306658030813727	0.17750694104945142	0.017053532355619665
0.3454145244388483	0.38805980534208395	0.4405062493897984	0.328058099494726	0.22279925455809008
0.3798571918966601	0.2797280452452188	0.10979730846867707	0.4278875795771649	0.5414745465427676
0.25755429189942264	0.19962371512081564	0.2897672474082852	0.2543760987330585	0.6913123338691383
0.19795650146729973	0.3342613990873806	0.40297333067592134	0.2822962412365549	0.10957451119001659
0.37979333784631963	0.2801472911515743	0.40550641984041086	0.22545357652400258	0.11527621980967581
0.4506034740024766	0.11806383164420828	0.08208719879789934	0.30939328654420106	0.19706181502522857
0.40938078814768386	0.06786348077687317	0.377309841563971	0.16059032975399223	0.016622005372382193
0.2565094135448584	0.09667792718406615	0.28306877074303055	0.36596623730386146	0.23085292230211418
0.48013814833333496	0.12936239819130868	0.0897904996783628	0.17631978828888104	0.31322243721200904
0.30906939050253884	0.1300566264795929	0.4035723788031811	0.10888759752910193	0.08664366710740287
0.20074307734125196	0.4971261796007104	0.35442622107807614	0.31843260654455624	0.3386237778830536
0.12713599635449627	0.4375374732629157	0.17664483236745243	0.08016390839690736	0.3596053549630527
0.2700314853977133	0.08270332732106518	0.547182069989171	0.18484773696356765	0.07186959502495009
0.14202094786706393	0.3125366225714185	0.39485409017867584	0.0950617897935077	0.6729142164381632
0.39425378288371027	0.1731777975062212	0.26000282726767554	0.31665422188658404	0.16881457442991363
0.2535786166002728	0.12176765329584001	0.32912623822188325	0.4907738977580135	0.08840148380368214
0.0850439345993614	0.21366684631731814	0.3232973156206776	0.49066717980569496	0.28890435524774405
0.025486334470261326	0.4434861337853766	0.25768048513552266	0.01067126622842974	0.3669231728892024
0.14486009528111057	0.5166831764348908	0.3179294838324544	0.37217666851475106	0.2826528160005466
0.30094449190139816	0.14198358997054386	0.1483165555467139	0.3324776761473914	0.14592067895514946
	0.08417385257284318	0.25501393396238714	0.02575968522666571	0.19771199861908015
0.026905894440891653	0.38308776197281114	0.12688346997232394	0.2845764206735106	0.36706125664375006
0.08733500867530014	0.2841983146666079	0.33281601534057276	0.037563863120894554	0.2250049312241734
0.21824291146644953	0.3605560799156096	0.48286883069249853	0.30431392808992025	0.28075131165133604
0.2672146616375018	0.1386362686912359	0.4146066647281978	0.3182073909177621	0.17912456448892555
0.06645790938776815	0.48074122918880874	0.18456320665696235	0.5543365154662389	0.42942299285024016
0.33386126004741024	0.0997706993120994	0.19728499904238803	0.15223052130168194	0.15050391769408272
0.34890708337005877	0.27110832928368	0.18221334626602761	0.1841307219385437	0.4629257777764415
0.20910250277857984	0.2897679449571747	0.3175943801677251	0.407697957378452	0.1891684591891771
0.21923721120630743	0.17942635997271633	0.309201269476296	0.267513130611396	0.5064254143370704
0.4471504518325809	0.05945558607554547	0.07914130430817218	0.3764564547870532	0.2951798285728431
0.06257711945702983	0.3807762715814563	0.1770365454468631	0.4480297026256426	0.13118769035312552
0.15684235316202402	0.16203586973593642	0.14065209177526053	0.3389467948612164	0.17525488318754628
	0.21278230728428646	0.19536643573093293	0.24235374230603493	0.3464555035849613
	0.3724470997421364	0.21883017673602603	0.3850979058651964	0.05376065746630256
0.052580461960726126	0.2585264329736576	0.26236785998253587	0.3529429306253505	0.12382486316833516
0.6370878418674192	0.12642801991882827	0.29527451687299133	0.515405050821938	0.5099128086489957
0.274163172441937	0.04098475129047122	0.22345542141584307	0.20523523691912354	0.17808838134239507
0.09160528507293203	0.33144984285889806	0.36520734487922124	0.49738339567070894	0.032808013396377934
0.25746183086169677	0.2854006687399067	0.3029854152288272	0.26017758949248804	0.15793296331159157
0.2977766605942142	0.17802078055113862	0.14412457411553753	0.07368507585059303	0.3621491868140967
0.19414030564102486	0.551804853812906	0.22126122686075705	0.3255777351784994	0.5078761584125698
0.11942072347973412	0.2136143708411673	0.35244510220285397	0.11108007578585961	0.07989447008543245
0.044633167581964645	0.12147106428909882	0.32160669761217536	0.1826666646181272	0.5992583577882864
0.19152907486858992	0.2204650544394942	0.3209613285326261	0.21242150759572265	0.44630402469637503
0.39052196257016264	0.25188998872519003	0.12819393847062288	0.4004822163341916	0.04902379163344728
0.1807647338879052	0.15192936968446685	0.07445501982656849	0.15903533776244894	0.15412584618054645
0.34100165976584323	0.11231366448851758	0.1346819467595803	0.20465813049162618	0.368818417797778
0.13543164155399767	0.21348467245765756	0.24573160748452463	0.3333063786425238	0.21475846191097792
0.12355614337342559	0.031122827941291967	0.3024294496531074	0.20519073294556978	0.29017249339523665
0.21148754894655003	0.19199112787497918	0.19328728864937242	0.025378187655155055	0.6187611160682738
0.4827259591314664	0.4303327220398895	0.18505274567446872	0.24474203386713872	0.4343614886775932
0.4344724866761716	0.35962738811319156	0.07827933919841722	0.46489070002742516	0.32568159816345565
0.2614188790105883	0.14883911293082247	0.32165137549907435	0.18535900728493301	0.09213294658216023
0.231796796480636	0.10740042775428563	0.3169449812416602	0.39991613950516675	0.28670385699700496
0.32535137360900485	0.39168119998798023	0.1005049436282387	0.17789949458247767	0.17542225353854765
0.6126275269704984	0.29152184473694864	0.03752179489082982	0.3062844864065002	0.06234222385885317
0.4433972875682487	0.4513861775333543	0.20144172969288662	0.3335604926303343	0.15453310524534028
	0.1549256735026786	0.16615663787207494	0.4726572948341254	0.434713573476966
0.36126781168791106	0.30791953651599513	0.23213849630069397	0.3092534238758436	0.33989887466448543
0.05706437075973996	0.24733604316905336	0.211482776537159	0.34308563564297273	0.3594302795770502
0.19963891462307712	0.6484293203992552	0.35698751928811995	0.1369742453872163	0.15878574270643517
0.13678457748122622	0.22532490841977318	0.36962790071294	0.6481427938438985	0.16094600087156563
0.16812448822239617	0.09953687550998827	0.2685747256507265	0.3465094456086986	0.17395875197189095
0.05538773207583589	0.3120597198524758	0.7073604878524782	0.7451202821082272	0.0596082027269218
0.30678659229761657	0.1548186022302478	0.29299080667164473	0.20474373927821288	0.34872589201233284
0.15167918975715633	0.17376689201359358	0.33737376394954915	0.21147625532372355	0.35539759434149365
0.47121137432898735	0.19618416619259396	0.6614598076818797	0.14696130145540776	0.4359064274736649
0.3631062434398039	0.1037794427353719	0.6026539717189343	0.2034045263680262	0.3115772618155454
0.3367550110198141	0.4738249553485262	0.04001866428724416	0.33801825640426564	0.1659927686263459
0.5034430496565885	0.18660619961445157	0.41124589266995953	0.2631871501041579	0.22838660973060312
0.5254973217076588	0.17300854211472946	0.3092932543357863	0.39569334130848366	0.3730288242354161
0.6117449962877305	0.4219830796128164	0.42892113830517486	0.2794132731002664	0.24834610256112333
0.2361108246517166	0.1346122785343391	0.24705832600320454	0.13348527579925565	0.367133329472112
0.2963508152427189	0.2176388359755633	0.10867294219844051	0.08000892696198593	0.5024550121505951
0.4503312518953352	0.1532422302850191	0.1750394778778765	0.2961962959199156	0.10234018401530512
0.035542846222393926	0.20528434248872166	0.2359112490872617	0.2240381441832062	0.26735985161371023
0.361359159208807	0.07731946540986726	0.3317252754061587	0.28283456638901644	0.18579628398334028
0.2733952006330669	0.6066568653435018	0.07603755433219883	0.2827336486145204	0.5477741908389898
0.026478452893546316	0.21987621588151102	0.5043071317788002	0.37969371273678165	0.19947959247101682
0.20087005628623453	0.352830019388192	0.5446835913839846	0.10198125896480506	0.2563937364272459
0.5215366523610964	0.1484204009778743	0.09351706408543815	0.4467374354589982	0.8344897807718495
0.40538890579259473	0.33503472812670404	0.232113358790816	0.3177430573175994	0.39760798503145456
0.09542980355146358	0.16936514715671622	0.19735528030311675	0.2453855073080469	0.07196940820688837
0.436053483002032	0.5533389001303033	0.3002072302143835	0.17852917270215207	0.5236380707565598
0.029792144646211688	0.7326122770853531	0.5752973303501565	0.022965003089266058	0.3960191305824838
0.1825937611846679	0.1864061042500898	0.34725388099518506	0.30502095063640705	0.39455192607962797
0.35219638428346084	0.35441247657813096	0.22602060156803008	0.30734538928894906	0.5809969406734944
	0.5006807852620665	0.199337264423135	0.12324409928986549	0.11534724104501574
0.3553647355370102	0.1675502095097142	0.42594302592628003	0.4048182793893925	0.3016856427032691
0.5661017485068555	0.11535195150667563	0.1178755145888606	0.2410344975473503	0.2200043631165913
0.2530373759255801	0.12011400004929094	0.13100937782181327	0.23615248592605775	0.3807770906730805
0.120007560385381	0.34598310237590346	0.5627582993066893	0.190393300406238	0.38368426687895446
0.22950721789620815	0.41348458306763813	0.40675201139553097	0.39742402491620066	0.3390646744101541
0.3326999617950895	0.13059938046803715	0.1074214584354281	0.09066343909661419	0.6778538322044617
0.2791192566653726	0.2413834909335374	0.10948342081247744	0.23580147351853356	0.17579949247223625
0.23962715806803853	0.716996279568988	0.3648645012702396	0.3452637456851337	0.10398098249120075
0.2872461784788057	0.34662053860898173	0.5417990579195786	0.06433722863207765	0.47691020577925136
0.08380508728408417	0.13486854102876183	0.11600904394248847	0.06326415208771347	0.6011010234085626
0.5513656263142481	0.45648259885914233	0.4394853294006613	0.09474026770527276	0.2582451691702981
0.08276057051287755	0.4097199436201936	0.1583062810800264	0.28293903047428004	0.28897110923259217
0.22655312703483857	0.3355881814689136	0.08122164549349804	0.4470135627269051	0.21625846985977645
0.3237052759077166	0.30660114192731464	0.28758184029565476	0.3196263091736212	0.17346807242817547
0.17818289547481583	0.16423198189532184	0.45699620353672654	0.24131795735723716	0.1786473628393226
0.040680071910080405	0.3099284716406315	0.27355204253711024	0.2412265396792515	0.3339346787292508
0.6056832979946356	0.7738874899715806	0.12420871126149768	0.4284325465665619	0.15961355390573242
0.10452805256040927	0.35165915500314804	0.21372626549682416	0.04234811397935044	0.09641569988676077
0.11673463419894707	0.09527030794366828	0.47706623045699004	0.4451199981465429	0.3218187376352341
0.2002758930409723	0.35683120739562146	0.4241996802544744	0.4619556147305882	0.09426653079165324
0.16235858641878834	0.34301410423717454	0.10611127193401915	0.367299984255025	0.49159136073148696
0.03857965674200709	0.10184199876237567	0.31651569320741574	0.2309383798158141	0.05027174745931723
0.2356196647962126	0.22284795001504193	0.10975375377640578	0.20282170859005652	0.12367479626634735
	0.2868849561874279	0.22555026742461423	0.12166129319806662	0.09073077131364847
0.3318126668215244	0.7434133755507415	0.573019791650505	0.4941797397682069	0.16117333541354936
	0.31906380845578747	0.5959459328008926	0.5960975972244036	0.14676003786522004
0.3846225983761855	0.3764803841861702	0.4116751813640157	0.330981914839117	0.07297949241126815
0.2480841562010637	0.33133596181901187	0.026111951315556128	0.12398209701927455	0.6877787067220731
0.33108895687245615	0.3740899779306785	0.3504718586240795	0.46397804462967224	0.2249846762321687
	0.17110583311672475	0.15904215150131407	0.4706786060092692	0.18709739708853998
0.32640655544181846	0.33313320249070016	0.104330918426611	0.15321982049277952	0.23062361669920678
0.256830187838245	0.21818068711569377	0.479705993960081	0.28266939586779005	0.5726954828469013
0.7123876160285015	0.3933026748919488	0.43683223142117766	0.321106630171284	0.1677838529614984
0.24970735473312303	0.24607733674587576	0.13803105772703458	0.05307125152521323	0.1867060633035873
0.11484370729400203	0.09981091145655172	0.048531741458515874	0.22670236068557442	0.0947336052201899
	0.27853851000975355	0.18093151148081774	0.38645499938599737	0.06415701698814111
0.24521201140851548	0.15939004618484243	0.16028825312167397	0.1975777860982968	0.2494700997218232
0.16854559872112868	0.13390572152784805	0.589336703804897	0.074550339238917	0.034820176260977775
0.3901138601265066	0.5482499326685294	0.34483750586131673	0.42769946053228985	0.07483373498838447
0.2781785976517297	0.2867110065907209	0.3835882609234617	0.30110803448810924	0.28392553941337717
0.3577056957180522	0.32629534108045605	0.13545551734935649	0.42704773479311947	0.47367178446548297
0.09113794328358321	0.11384995558568817	0.42366306163878503	0.11407853075025677	0.26486535230550373
0.07324963254195867	0.18604782441203213	0.14441843367526566	0.31820463455656434	0.27679101811263596
0.4336069260080694	0.444506664903354	0.5227345972599583	0.5891131061568282	0.16253778202902816
0.2856613961047943	0.11433519293733779	0.0974015692510607	0.4187233638850073	0.250096719685843
0.2442995703502234	0.23888357851683673	0.39162531045878474	0.12672762230532755	0.36642621528189845
0.4073248233518638	0.24045911549541144	0.2648343950443331	0.30089426892584803	0.6851305205118812
0.6600918008545165	0.0725334652498879	0.34743148915927097	0.23820383444054968	0.029576771895038732
0.29528641605923056	0.3579548618353782	0.42164911523002546	0.4668854133919085	0.13289148084233524
0.45699346024106596	0.5331460238828901	0.36029873948101376	0.49635055158440083	0.6443636882544074
0.16657635841507185	0.10643177492160848	0.20035019144314634	0.24476387794047483	0.2210982065931706
	0.3668986386358754	0.19507369930376292	0.4271243840556688	0.06528060951078558
0.1438530519455164	0.08435209178387174	0.49225948345104875	0.06126960441864123	0.012892718850335449
0.24238222053028854	0.38162909363728176	0.3357308796817521	0.2277446480080223	0.43058661945057847
0.31917545340935244	0.5505190477192424	0.23186062720198056	0.10209664639797446	0.15581577068128985
0.3174241202632257	0.11874989424938207	0.31498963181015543	0.019852995670475035	0.34776550763643543
0.2068025072994976	0.38438692908675637	0.37205303491894814	0.5492682217436715	0.5314459669001751
0.051629007010935576	0.15886258934504854	0.30837295499862566	0.37030192132132284	0.3429874891902604
0.15739746969703655	0.3419713522974973	0.6545911310179607	0.31642265051697804	0.22626951202577308
0.0782854184560985	0.2914930322048941	0.08600535883457204	0.21603211272535988	0.23063783779318578
0.33672222468816027	0.19153054737108838	0.10189005649387217	0.19234548967522347	0.42704928722313484
0.2210293604899563	0.4073088626495419	0.6644827808083199	0.2151450954090429	0.3445887674314619
0.1806898167863902	0.4660969391027155	0.46020920697531564	0.298967114336035	0.29183137329336606
0.13791136959553843	0.2579749248197216	0.2345695787742201	0.2614112786100279	0.11348522615978318
0.22178712019248967	0.46850761283214	0.30429588403113766	0.2500778914049681	0.22596192775486176
0.18526798324416555	0.4147088322949333	0.2584946424848894	0.2851772553081702	0.06973980177077427
0.11429125607590795	0.09009853770940396	0.21450236026059752	0.36483015086216164	0.09687701474322272
0.1983748236960616	0.25124676230214465	0.26165051606032014	0.3104293028858619	0.1872979573695687
0.16574431834444683	0.24150949020491394	0.6267173557583915	0.2302152233770257	0.6786300321327785
0.2117926382952334	0.28307306362284124	0.3969236493902175	0.2162247740508101	0.5837006997188735
0.2925660742283391	0.3357877116383209	0.33036465380176877	0.621159481525218	0.4790894776368536
0.2634463707440746	0.26233707726972066	0.323401338432129	0.23492545116025895	0.13376151248049598
0.2048118867651891	0.39583641685475807	0.4615743057078992	0.2476635655660469	0.30905109422149274
0.015744006132148828	0.23166003034715546	0.16611937887123282	0.28490143144136976	0.03799743831111348
0.28260615028562996	0.29165312794329434	0.21695981701263034	0.20743702507833267	0.19548543296132456
0.25774837864154865	0.2565118393173066	0.4737728268626411	0.36268194075749594	0.20306788831784484
0.07069339894289073	0.25593473052448534	0.4673080817182706	0.5346011165891084	0.465432563086212
	0.05300263936043214	0.09545771843198593	0.1569498495947682	0.1159811156187294
0.13263361032563764	0.26777445047349635	0.11706182379544897	0.21124076984187587	0.2654833632705882
0.22645521723681156	0.5741023290972008	0.1183182138274915	0.30261174918279077	0.22741350067184368
0.43287696943959214	0.8248110095809847	0.1523076464316559	0.14198373442174242	0.43002342704708885
0.42167971669434956	0.2383077464595624	0.5742268722296394	0.31423337022703823	0.44771479257270275
0.17897324983462753	0.30358295090459936	0.20109047804909255	0.21359888548113737	0.10473038789766051
0.08021057511354607	0.18328657825183892	0.18432591032865697	0.35035477044427654	0.26947874372098585
0.3424085382219857	0.1324334219236921	0.04436594402539041	0.1947126156573248	0.16515166897787698
	0.2193906205086345	0.48051925144024366	0.18579224582038376	0.43050085098719865
0.3988235865343608	0.494192101940766	0.41663322053295926	0.31554876391154657	0.44790526320641977
0.39054781975694836	0.21614823845917855	0.13550268342531602	0.10992403028887034	0.4270297107107576
0.13570401899132628	0.47363001206991695	0.4794913121750063	0.43954858122299356	0.11841247711964578
0.10728202202123512	0.03141449450813649	0.5443235787497743	0.3596363729367399	0.09622754764287551
0.47615988942822657	0.0781395918545462	0.6693250294694066	0.24219217988054764	0.29230118385381537
0.052348344735969374	0.3110141431550922	0.21683536881051335	0.21445455489521276	0.4920607030546245
0.1796986532913303	0.13709267948842285	0.4129237478291731	0.1623737433573227	0.4379488547048177
0.5811524128434676	0.1062635363949667	0.08340103772731733	0.3321851252317833	0.10662634431931196
0.4125883088160271	0.02208215376973912	0.35537675400597457	0.2791712753109144	0.03937820762646337
	0.12345120500516028	0.17712915837978746	0.1849638111893624	0.34642396786592866
0.3826587100271981	0.1460739756662438	0.2192289555704208	0.42845809883908165	0.13822878916814504
0.510702431310198	0.5574794090359164	0.2083109945503845	0.4349043005035608	0.18114676749503203
0.3510573512779171	0.3418280040716603	0.06090540313050863	0.2801498970871468	0.4108138363301728
0.6584115870946259	0.45046582792996936	0.3502647684589696	0.5692850957180077	0.3083895117411913
0.09459277673057939	0.36390069384718826	0.2922486788344534	0.4663323943721991	0.3750498658715718
0.2275469860305035	0.20092655609825977	0.3319816174263767	0.04887903291410631	0.15984918103539278
0.5393494577307533	0.30241854533402324	0.050431385499758674	0.16238476017467382	0.6762511692837183
0.3939120078565333	0.3407359704146188	0.3481266593142137	0.13778926599785113	0.3351081303444362
0.3402084420168014	0.5128831369517698	0.19307722275577957	0.35093320638901176	0.38348783355919913
0.0884302351566284	0.22958643437923762	0.30085779198174684	0.5209866617655237	0.4439005338573322
0.3108571104225211	0.3677176535421969	0.03334948963439106	0.28335971050258557	0.2976783625005136
0.28883704728542536	0.37570210992634867	0.20395870606581643	0.15286172251877728	0.35758724690273946
0.02406179201938434	0.3624529104519569	0.2866086666115331	0.07740228489739297	0.1605803951001045
0.09954989206528209	0.39430024710593436	0.11879899547144236	0.10379130217479811	0.2563633510761351
0.22591559914842035	0.1913497051828623	0.3051220131630371	0.6010524432036056	0.3720570938554937
0.16611270084108426	0.31983916999613576	0.3206664514842738	0.5990623426483287	0.455970234051232
0.5012024092333193	0.38944054498208913	0.2799193878959588	0.3208389569572255	0.34542964074381516
	0.05028152928673122	0.4705994249202501	0.28230790640423015	0.2902507486108597
0.4828974260694496	0.3423361471690679	0.09299253459857276	0.0963766302092491	0.03496893117299354
0.27705660300664586	0.493323278068089	0.2562083812440845	0.43597975188494853	0.07019574638665245
0.4195678054961999	0.21400734568509694	0.02885299815253634	0.3513732247751838	0.04666151481646021
0.4227738025799647	0.593074344063902	0.10557402767258593	0.693114167750035	0.44701439724231384
0.3360910634741944	0.3220230301523382	0.30040607373119493	0.515687960649549	0.4503260892600636
0.30953327267309144	0.330941333929798	0.31726452106910513	0.6084787157388543	0.32714154036852594
0.4991734315396312	0.2799278189028965	0.159510506612313	0.024105233156697402	0.17620337277106046
0.35229847932626196	0.10610441004543558	0.14824371861042063	0.501014730607818	0.27921435688674395
0.17546357766461004	0.36398375151067563	0.4277404856073482	0.0533727128457612	0.4931654216464442
0.19314561745645095	0.3460763317273528	0.3426816099313378	0.39018774650752414	0.47441425976045215
0.5300122095229244	0.4590762084451119	0.044392140881973435	0.32465537227116625	0.19715344576692811
0.35141240509225974	0.1835550354060204	0.30704822958525535	0.3006187429796068	0.3608055243716828
0.2808437871859551	0.5881869497047334	0.23463466025403243	0.08298296115243764	0.22803786590545233
0.15256665489543728	0.3879002928491968	0.09389770824723864	0.08481808014751827	0.326504761699527
	0.14805572909598516	0.23839922363270372	0.0905005267668708	0.2298672368552576
0.27363124145157125	0.14442600651526946	0.4311044065488274	0.14429962271744132	0.6542597362534397
0.21190791701888187	0.11657094259008949	0.19768953097155217	0.08626402920809453	0.4059360856685194
0.22779919618594743	0.009543638591614693	0.48989202726698927	0.15176088822819497	0.32820097113589897
0.3734488289520931	0.11886460235018219	0.3422403052568919	0.5853185024253265	0.3414535664874127
0.2581853428380711	0.2519488961144348	0.24447202471207663	0.08785801633350261	0.22666059256638085
0.16781394181684428	0.2240302295637326	0.23869136845981126	0.18484340463175492	0.3352940834665496
0.11103293346320772	0.34181672886988923	0.4283805661250632	0.3506617884982133	0.0905757859592172
0.4902073770474615	0.297707880446152	0.11952650730033015	0.43250217346555425	0.14478414140914328
0.07449701797554938	0.0813195082827416	0.5127117619783683	0.1518548062819979	0.27924414224091515
0.2763063202521161	0.18118904147440215	0.10922629755723473	0.5192620932854006	0.35118532090540716
0.3299777875811927	0.18166707642182806	0.46946277782058404	0.2223587874671156	0.036900931690830106
	0.4041695776289621	0.2647667362983398	0.2825751816193076	0.2553698416215197
0.06288550843224837	0.20230556048717271	0.08104911982049337	0.45894791346598207	0.21545465172476655
0.5633731745994	0.18125141036846737	0.3530358030385554	0.2659359196297302	0.2399056836796542
0.07652955718346915	0.5924459733105847	0.2892479607257012	0.4442286045483644	0.25215538357719114
0.019607841020611645	0.15325818291847096	0.37725975805764084	0.1546855962886991	0.2814094546932942
0.1573440907722849	0.24376518819790083	0.2504362131077564	0.27613861822614555	0.45751997017179696
0.06539761711834062	0.5610950255101547	0.13574523365421565	0.21178483131117898	0.37967274137206075
0.2399231068188353	0.3402174354553228	0.2054683518503115	0.13667527879522137	0.11664064286965119
0.0954669173910398	0.40130139470441595	0.22688684693506678	0.1505020480599649	0.16622497798037758
0.3501246089639727	0.10209594070859115	0.06514407438931862	0.33064167553290036	0.23365926012648688
0.21467618162017707	0.2618225611366246	0.5675575156665288	0.24152823112181374	0.28804788107532364
0.07579373658421668	0.047153971515384724	0.09440952486589428	0.08408821563614267	0.655429702527011
0.4057492210771854	0.36464233225892734	0.25709873234453884	0.22649237027116884	0.08363203454485718
0.05810691079136157	0.3562779178993864	0.04741786939754115	0.3446799226795468	0.15186485937360006
0.3478984619936581	0.05444289371476422	0.388141163885486	0.14760597147483884	0.3047785319007567
0.3946969430208211	0.220408526476685	0.3874486600188277	0.28213632451081727	0.2838494707185951
0.06306518376294958	0.23731996693314925	0.420197303508713	0.2935328833870509	0.28526311261571347
0.11052901610015745	0.34845627721424866	0.5822230506408571	0.4241353812680514	0.5879299354397086
0.2280937115471811	0.39471875374196075	0.15187300404291296	0.5036647647935354	0.12971675982032352
0.3745350119750524	0.16030031835570066	0.5705505485677196	0.26538130454263364	0.1584617934970496
0.2325093936842083	0.23667698380423446	0.21884202149664458	0.20144746026462393	0.26930207514990145
0.14516899261453917	0.2387232534872694	0.2223768954959398	0.5398818800997408	0.19357814872858886
0.33770270621658016	0.5372230296299357	0.2834895828378071	0.4816956452486608	0.5112992847288925
0.544271101670696	0.2252028862214366	0.3847702524277615	0.07901653939324606	0.23098515003284473
0.5799394820611666	0.18722555648681055	0.5556053938515548	0.5428011784578219	0.43900880243327906
0.13848640650861826	0.16401971120249148	0.5059546081897949	0.09081821847901131	0.07363620773760651
0.13972176791540966	0.13777318954768278	0.03517475523400072	0.5281292432430794	0.11150501133956629
0.02564470461066592	0.30756681570989886	0.17836689492132754	0.26103370844238116	0.3497692245238262
0.3432520884848766	0.067031648179591	0.26035768380987045	0.3914716826232085	0.04942315382074104
0.2636454826653798	0.17098566977778393	0.5548352052800335	0.20136295538293944	0.3721318548637179
0.4917431901672496	0.1388701974964203	0.0897642067801125	0.1686029059355585	0.10199198367924103
0.03834488317001354	0.12153954982027423	0.08266935580685267	0.4199668088887149	0.30720342266909595
0.09341502324601092	0.43133076713819823	0.20571078332583628	0.34789818443822673	0.449905935032988
0.5246530643710208	0.48116739095706484	0.15507470353881217	0.14046809000632557	0.2678477829194329
0.2768912348647804	0.461176156987846	0.07825835953340385	0.08619799657544393	0.3093534394778364
0.44926840464630663	0.41426064537292484	0.11011975436557975	0.03337892017035059	0.29789042830351076
0.24785102995905614	0.14613227311569116	0.2822532698173705	0.3296395769036203	0.3719673411404069
0.43233707150667533	0.41897536119420775	0.3904949163743684	0.5418545516947644	0.07990302511330818
0.10929963696073451	0.19274217069075952	0.48463824126373045	0.33927439405774074	0.07340767633164749
0.19911167497622415	0.1489898810424403	0.17523774900198563	0.6309698365591323	0.17971712058941278
0.5510170430734259	0.1269958167376654	0.11639213766268752	0.3460370547966408	0.227856192929608
0.5245379234520107	0.31659735784434095	0.2699318595695175	0.20454041286114436	0.25388637780559964
0.0784945737989503	0.20954982853759432	0.18686487666635423	0.18331449743907519	0.4938150071709218
0.17941584953638254	0.0764497271215483	0.5189893811063855	0.17811490698708543	0.3605756067725149
0.4374002311995398	0.421082611534373	0.20399491695915048	0.39762025658112543	0.30300221063111477
0.14779188490420342	0.36960389597584203	0.13794362219865494	0.15699932121150958	0.5093660244706157
0.29042460521553165	0.19724052532581968	0.03444582893658577	0.2696828634360098	0.35522567545952044
0.03125862122365015	0.12228965612380428	0.3958499965682234	0.11886995837511294	0.41547573487591777
0.2317452078602451	0.09523699077732907	0.3604476068185174	0.23236402519655527	0.20101415808260065
0.34532648347445555	0.1512692107823213	0.4387819102144984	0.20138092523715473	0.3019010334721272
0.06662668243269647	0.22560112102629912	0.17584016679673112	0.19266622157468422	0.03958548826411228
0.029480563113269267	0.2685043395049478	0.18322248958860848	0.32071385800113206	0.2599541387026574
0.41464279381195246	0.4721904919339547	0.3385591483185393	0.1539637192732726	0.1574373800274814
0.43474569382401457	0.365945168328005	0.5681574573341222	0.31360310562081206	0.2837599505323114
0.14823896439160683	0.1824656371452563	0.03884598450618505	0.36120102539172866	0.15489960389466617
0.510352785026131	0.19952901970784492	0.3996329014614894	0.3457500091465403	0.22301949808968138
0.45083276922735305	0.2889502712583582	0.34154873119291845	0.17377624959863158	0.2892602178623123
0.40160746356781307	0.3480457192650324	0.6504740846564757	0.2825717096033317	0.4116166655949278
0.18157024134800728	0.17581728552890646	0.2500106799578166	0.11482304385620988	0.26418692324386317
	0.2113831851862997	0.25913307826560655	0.06103874738988714	0.3629600207883257
0.22715820142319576	0.4262094361431027	0.23845081000981297	0.3263490651039061	0.03449094839946613
0.37113531306524	0.19650635269164962	0.3920278282426971	0.2499750398356595	0.15580956070986396
0.34179747921212905	0.12115844137127883	0.5019836387684393	0.5214877277291755	0.39435408055521504
0.4742381015365035	0.04889264037684828	0.24427746175475826	0.6146016053539878	0.19987181623798358
0.007857263829329117	0.07282486392038266	0.02202577375373354	0.19947444319327376	0.4114326420450411
0.35993871876468553	0.2399112643746304	0.25136693943765964	0.41003781963374114	0.40603822269659084
0.16553678194691543	0.1319785456718681	0.3835993611475248	0.47445830322053245	0.2495417556777236
0.060003251087182255	0.23971352288373138	0.22358003670897802	0.09789784520785563	0.29209146816119735
0.44693332006107306	0.15690938638395124	0.5296076185835198	0.452129943019998	0.44644290165770967
0.3223846881838082	0.22887260236621845	0.3388032219331197	0.6809057616408397	0.6589956009054401
0.3856988274340467	0.7272251054638976	0.4811517715542147	0.11588536770380271	0.22700148134703632
0.5697059125621469	0.22403887222303787	0.17944112716027832	0.5536583038835033	0.28893953926598437
0.34243043705244514	0.4890723743881489	0.3031617018791744	0.3077442423559405	0.07540875296189958
0.22074215385922516	0.3821872848517737	0.2597769606482408	0.5705011574129386	0.12740328326612427
0.237376606878789	0.21869261724698816	0.2905733105876366	0.12079257664729862	0.21255926445943707
0.2525671503471172	0.06662658331548543	0.122242139370202	0.42983189646062586	0.3410887271589525
0.4050122419475704	0.23799373236001128	0.49253519424327796	0.35835260464768204	0.17510597331363892
0.38344702375257206	0.24850073634249967	0.3290232202571801	0.7799233812366181	0.31458528054785867
0.24622496124954435	0.3918110960709419	0.5364581134597953	0.18224335392445362	0.24794822383792064
0.1334981598529037	0.4876662511607081	0.35401854006433014	0.25155841767538595	0.3144463654294388
0.18501283293807197	0.060070141485778716	0.4179540565131131	0.4382376280512929	0.18331359193590224
0.32940724606309607	0.4540476181254791	0.2773740626368479	0.0899914299517086	0.6100225594897101
0.17626642679300775	0.235134912571727	0.2506334516306761	0.5540204987675033	0.23580960821470806
0.4760777015545876	0.5855914352934103	0.03985828511775272	0.2630667305253648	0.3181337888187747
0.5366771796746853	0.27483490660818954	0.07386799309858255	0.27525150586764896	0.3223353186992296
0.12991539187774237	0.2064155190791367	0.06607414087931379	0.06448497562730147	0.1916487841133352
0.3070546686273693	0.20491090599746006	0.08851742470431981	0.25618528605689284	0.48595026226883065
0.3934701567277205	0.5367195459752359	0.48937589676214754	0.330478499569518	0.2413346381679876
0.3394130631045477	0.7700051126845877	0.22598747754164455	0.17104949080015064	0.1808912922228262
0.2341777729176782	0.2569248675082991	0.22442243481049715	0.5348425127386942	0.21776328150931126
0.322334630728624	0.07249498981146686	0.36011729491601036	0.39539739594548284	0.3260948217997069
0.3514526951029045	0.2230651532284413	0.15579498311061682	0.1874555016411602	0.2727047475769681
0.06806147380859037	0.48328349958282907	0.5835513370551988	0.3278220791276039	0.30110968088802403
0.29677966089792146	0.42539400758584034	0.15547754774726122	0.07759863672924944	0.5356855465841486
0.17406830077029387	0.1846183819732794	0.23596722379159676	0.461204380816434	0.06995173402568125
0.23879906675736695	0.1131207737264292	0.497663843961351	0.25671667896469175	0.17413701658078123
0.256192788161502	0.31530181766959203	0.1391232638050868	0.24519740781085458	0.11407790733875131
	0.22962777923192146	0.017387006533803602	0.351428565216328	0.29063016629021443
0.43159584616503166	0.5130861859616219	0.22920223918212107	0.11443216030732703	0.30833632245727427
0.17997337297949692	0.36934923631696454	0.19138565117671993	0.10708307486929053	0.2457659358985992
0.10741398766837272	0.19669931131195398	0.3889321549711249	0.2923604164242234	0.07165546594911967
0.29802695270350343	0.33358442923232895	0.36211685568044544	0.20018736280709765	0.3690113767626649
	0.23999332496222078	0.1593303433013734	0.3647163667779882	0.26098245512361695
0.24482065219681073	0.5531556779364772	0.2986415204079569	0.3943417663148221	0.22568599232850473
0.1387097319937848	0.20343890602887088	0.11050144162152385	0.32889172567610675	0.6795786195510486
0.12696464267984015	0.21269433343138114	0.5165494948242338	0.41635821890788716	0.3022455112073379
0.3783060115669902	0.22568700360480437	0.3525714647060087	0.28231886764513425	0.5306934958929073
0.10086553770432077	0.31423696928774153	0.5428883510669466	0.4810821621782795	0.24275730197420842
0.06565292658231461	0.0776868503801596	0.39792579291211977	0.3995587544525579	0.09886984070766439
0.6446092843423723	0.26047434742567005	0.13718991795093985	0.6069351081590523	0.3723921234195835
0.1206053452048287	0.11683178185397945	0.30222284019406226	0.16191906790086452	0.5459954409425537
0.17808159012763297	0.4369903498599167	0.45566797679143967	0.18609586892347638	0.11790352039519213
0.37980931547148555	0.5878818690191682	0.2680068574523047	0.3001742522912637	0.15368652770879326
0.34595708487068755	0.3478267621037393	0.24975482089407433	0.0640016990426483	0.639801284275688
0.42638410972328206	0.254546667650674	0.09347513610455582	0.2643320557358088	0.14227834998222613
0.23415261346947663	0.43458177829926187	0.26762046980471826	0.4585297831239002	0.5135066734635225
0.13974570664398187	0.1446777677383254	0.3906585257366984	0.6505227616668117	0.3740073505920388
0.10949535338463506	0.31829917751164055	0.18309145999778795	0.40900814106476513	0.26782470642575656
0.4516736229599006	0.2521690907734258	0.2691781875054005	0.6197698479106534	0.43088013032012673
0.03434524270869163	0.31623209165590527	0.25338905887446284	0.20359152892065382	0.27115681867691005
0.2523640144395761	0.3423870011660402	0.4167517749647556	0.03149207351937588	0.20588949611749444
0.6436236056946176	0.40766022646057315	0.2723997960929143	0.08660264165754011	0.3176057581748384
0.30843876870892706	0.4637671478338742	0.26698737439152076	0.1761593420716346	0.2047450668195975
0.2451902477732698	0.32219329503212263	0.25136995763955144	0.2969029443571946	0.22527368511078177
0.3085560903966361	0.10058089921576716	0.21768002606822795	0.3680215701821675	0.31817864936946627
0.4668258111465812	0.32229961763843423	0.007760915380998212	0.2977306980890988	0.4111757473859167
0.1307095963887899	0.5887180675341764	0.12858057770533568	0.06397536176577862	0.22338618594752963
0.38188591889704504	0.11193560084034739	0.09457149605437988	0.28628872143783934	0.09536396932999636
0.34516077896311925	0.13356019185907242	0.1040795924298989	0.08451506544040781	0.28925518521573446
0.13017853164544094	0.25941434900938876	0.5401488537084362	0.10444534750307366	0.4181293907112507
0.1482735071357	0.6601474301171517	0.293580448205549	0.31394642320806476	0.16005799622013972
0.4283383829731671	0.3052465868068684	0.349020754876994	0.20599050395003707	0.1554301055043758
0.47184001847861656	0.43212064257550103	0.4940517498703012	0.10973929302919203	0.2922510835923356
	0.22774531458648212	0.4703019325935919	0.3425746268205147	0.15521428002543297
0.2430922712272255	0.2890932002884949	0.4026263561895426	0.6132286995445191	0.15801992998287132
0.29925830598694664	0.32929674557217786	0.18488551155115487	0.22299985706180583	0.5180954302746886
	0.3779662150241582	0.07618425572015979	0.3937326370223175	0.2569139714342279
0.019713911748116732	0.4016036864705002	0.11641566581615247	0.03322345720055914	0.14951589695294645
0.42280879171911095	0.04894136632056368	0.13016381611333003	0.3654488546490744	0.7297842501122938
0.39499495860913103	0.10862059414057261	0.44218407681725924	0.3526771892339022	0.6662073659515344
0.4131242510921925	0.33693488918567754	0.4404883137887167	0.27807484258954196	0.2869325466011663
0.16547705775626637	0.08189739703995218	0.2511275923692346	0.3626398107792715	0.4764263873361155
0.2575127709090881	0.49096326268339274	0.26207010522778945	0.12079869525739205	0.17953113128634549
0.2510239997495991	0.2183458221344025	0.26946559940514603	0.30945408091654464	0.2601575951828122
0.10486650520854632	0.2825673417904116	0.19094566863196882	0.16955667521012266	0.5198468884687394
0.1381557430071651	0.2578736926263322	0.3226020822383476	0.40213526687560813	0.2576880931994397
0.24607062154796602	0.4811066681901401	0.09336350068096855	0.2494806492517045	0.16186222918030468
0.3186277464062432	0.06777942151273608	0.2703382091555396	0.2133004124417552	0.31023534334123937
0.13143210384510826	0.2839653274388134	0.5363320905215808	0.36732021770856566	0.21489888423354755
0.17359332428191424	0.2812687545137976	0.7240128511340495	0.12344465475734076	0.17830766092784325
0.15953619046942974	0.3810477742008638	0.41112973795811947	0.23438274652495675	0.1715680213890151
0.12860187389533065	0.20151392947507926	0.2934168114267885	0.1546592908852322	0.28757596093666554
0.22134022853398005	0.18491421967113303	0.6226372485466319	0.4628308936198348	0.2656944296288092
0.6066482974817827	0.2915995697227424	0.5146660483654941	0.1205748331244676	0.2357253720183792
0.1426628258137127	0.2235093575035621	0.38037020338698607	0.28289678716297983	0.3059037258315164
0.42503337933715213	0.24080823425934494	0.09864430462818646	0.566050619501728	0.27299582433693426
0.6209044850337645	0.7560744412412326	0.28450079905789805	0.12785815185993993	0.23129952910739363
0.10792790214379394	0.21378339731574655	0.09715444097964472	0.08076385993294763	0.7783427096234877
0.294859792886212	0.234381050309688	0.1645937867156736	0.29897002318608634	0.2925429723255874
0.6776778029807525	0.31127105794518595	0.2345310494870694	0.6239662796136143	0.11069298036470498
0.320930660866833	0.23379863426177053	0.23714359532965196	0.6202911716499516	0.17353605042417447
0.05975251507603428	0.46231601660330396	0.055173713300548786	0.19716510865355302	0.3736771004198688
0.22146202578180216	0.228688497415962	0.09105215801582131	0.29028189540584304	0.6360980477388264
0.17873509184785769	0.5026168078153118	0.16913784350927902	0.1845585280087744	0.4489709193402148
0.13599288266506598	0.6029031375561739	0.50333019975016	0.20786112338749085	0.22889223875657191
	0.3017830983446239	0.4126876397553386	0.3215183244223011	0.3206173602137803
0.0934799708640749	0.28425055226349716	0.05749850573680032	0.1563467775727981	0.4426334253623491
0.5300890009113952	0.02200618105670014	0.14898296011624904	0.23301645800389437	0.10399760517999371
0.1218706984618031	0.11479060409031902	0.07293632471981097	0.5215530435132687	0.44463391635807065
0.43490062621891623	0.415865079126395	0.5761271057880148	0.5687306337764987	0.35041670279471554
0.2748634459657243	0.4879270901820819	0.27723240609878513	0.2829913016972301	0.35306960468676046
0.37599033579184055	0.4697061519878103	0.17969342672342878	0.07854929800661344	0.37152974904731656
0.16976408105466995	0.41136983200787725	0.6076862774901534	0.5093432568606949	0.07576709110650177
0.36616553691117554	0.09545852082117935	0.3616321406646366	0.3102031043422522	0.33196066310297895
0.23471834141998246	0.22168996744420114	0.43939712913386475	0.33555152898959334	0.37973804367252606
0.09448576388566615	0.15718259237694665	0.1684359862300023	0.45548233668301863	0.18928628705701517
0.31773299398550625	0.13516402881356995	0.21436197071856272	0.4321280609526511	0.412847742859952
0.47326070837911044	0.22666599802636875	0.3378241866022445	0.10333579130932113	0.4810848736216271
0.517845245758804	0.24782286891193722	0.18824349944744473	0.14257638084604946	0.07036982862673802
0.5656728863173932	0.20701987619999307	0.43046764867871723	0.23905618306296628	0.19711500780647387
0.19100876424097768	0.13584581913183252	0.3766950833641311	0.3446006964618945	0.6587180709834973
0.2448869311561207	0.14859435444743277	0.4926318964976798	0.4313083548967077	0.37415872494520275
0.22647031195667716	0.44734229006678783	0.4382376579812704	0.48975624908420384	0.7482644947701681
0.17832354096295674	0.3454923169199193	0.0749381125762239	0.6894936797003205	0.39599262006185865
0.18547209196602893	0.09373831719346062	0.2837553078198326	0.3611262123997641	0.29553850474736165
0.45015393173499124	0.1835763190899914	0.2750789370247908	0.3205066279464624	0.2253054377797584
0.1611532035754039	0.7054596216475741	0.05090402796609801	0.1118457213049	0.8095026307729093
0.3258237335781481	0.2792559931563434	0.4892495511776474	0.44254874560614355	0.25597170048469825
0.4170839898833196	0.647884061920574	0.032756052483334255	0.6728917893259234	0.3631698761883234
0.2804053987762918	0.30692438350231804	0.566628051076121	0.16641630557864387	0.0724957674775395
0.03349799769848617	0.2895609828812077	0.4253580080799033	0.2785232862094311	0.21576414748517436
0.4009144302889626	0.13587296227052179	0.13263487581744132	0.19606099811202893	0.20294450822243118
	0.20495955183870107	0.3327216412738782	0.4308870074400802	0.43798595065670487
0.18886402414175613	0.25602339577490957	0.1103682569985639	0.5565351279216714	0.37534845362429675
0.17473611424300697	0.4342018574024073	0.040860925672704385	0.13641260010458006	0.22009830819503098
0.11613383570907207	0.22302991247824613	0.3669090358274236	0.2235678797922818	0.3825019049556666
0.2420009799739561	0.4554600550232781	0.46084862131340776	0.23104220339597462	0.3352011047217114
0.1986687506305532	0.4243610270427274	0.3278329448728093	0.07633638766560619	0.6207885612947442
0.4959268067013512	0.3248318188473895	0.7384091956044816	0.25184144928227886	0.5857560800938021
0.3596638210475163	0.3414226870394625	0.47436110870503595	0.4554898638405832	0.43569703445489044
0.1584378549943389	0.3637721037425194	0.39568632259187786	0.18766108124912	0.21702314926162983
0.1476304403481722	0.11733117954028607	0.226900596362813	0.3965434535133497	0.2878881229952744
0.5050100535592873	0.34802441285942143	0.10623417112035907	0.12353768025362342	0.24325822190313215
0.17664224190663758	0.048792866152684765	0.28170039927278545	0.2818096111888944	0.23843243437914785
0.16077947942611773	0.43302821460178864	0.49091722618998396	0.1954125690872109	0.23065664250325063
0.4436855491379057	0.24965252637297178	0.2369164286406742	0.24469036476723824	0.26044756306787276
0.5075619040416433	0.14087783727541633	0.1623922077189643	0.5718083716258164	0.10608531041436813
0.5802708614258025	0.37787740370430334	0.2237002484672095	0.2676764972794645	0.11011266864435534
0.29363885339495677	0.2346002127405475	0.2745130654805599	0.21984134072639525	0.5137350162495145
0.3025480372330516	0.6603889244293302	0.41494585048648575	0.19177668459581257	0.13622573322023454
0.4785167744762082	0.26822170879988205	0.4917346871557618	0.5199157920626188	0.21943920004717665
0.03966109051578927	0.30438884198967614	0.6763673697729925	0.5399916326683841	0.19586119930243537
0.2990591670881875	0.09967158151994837	0.20915108873541455	0.3728729865419265	0.23232272888372252
0.36307027214174786	0.1557634040794945	0.5385312960996221	0.3643165317588811	0.08132162009719092
0.152571384277695	0.5723178067904414	0.43524464858755957	0.7333050261014209	0.0695086492488929
0.33879649765999764	0.25869010832593453	0.21223067770324947	0.47389678710023675	0.1326222315162388
0.34058793835791684	0.4301161740784616	0.1295864629284311	0.22764449999077094	0.21166592298580833
0.2686399029625432	0.18774588559924582	0.5711796762545117	0.3640061564549657	0.45225317476512644
0.08134479420692359	0.21948737849291866	0.5196461739630331	0.19877127914090845	0.2290679836594309
0.28460654734122925	0.30411821480363393	0.025799110612006466	0.2904776529387729	0.373214786127253
0.27428258414955403	0.34713186523358586	0.14749055584460538	0.5041404870294532	0.08070382036690593
0.30773996982901564	0.09826610197852569	0.07403771504196588	0.030822604584135323	0.2575797593554311
0.11893078712638668	0.17105194665849555	0.31332477359328215	0.3458725273858144	0.4017685007854684
0.4322202545815498	0.2522614144597398	0.13811781389447497	0.2652958735470682	0.10537179072721771
0.22928160815004073	0.4724187931886925	0.15848392293860233	0.2674789574626971	0.6060356642824906
0.37934292304524214	0.3751520086706468	0.3870615841506671	0.03154196316191394	0.2722640377436762
0.5041266681564288	0.25230173355391794	0.18275356599500964	0.05153233540451969	0.15984390683646715
0.15729991701294296	0.24203368559301353	0.2126422781522462	0.11689015781394117	0.4115568739555682
