X0	X1	X2	X3	X4
0.538730678118023	0.5516591154333537	0.09576101039533785	0.382623202197252	0.011367932527439248
0.014285115815143485	0.5404659492563587	0.5624444739898321	0.03476197075767403	0.5176572861668941
0.3053104366780826	0.4849150216135753	0.10555050563086817	1.0	0.48096031227315145
0.010349231836809858	0.031857722051785935	0.35225650323937757	0.13677770902309588	0.5658426767724098
1.0	0.20976151546388952	0.7712035411132704	0.4419003044848253	0.23874628215358348
0.10962168392887708	0.3417079499245645	0.38837458589986146	0.30290808761393095	0.22955361769165014
0.6937844913292375	0.45638251421983744	0.23575999101823186	0.27587345896799875	0.21148739236516595
0.35537582959289943	0.419119571366451	0.041772455831971735	0.3958996365345126	0.19648780538576532
0.1365392682189129	0.029673887539172647	0.5409500379638166	0.11881228405032626	0.22570769150928918
0.3076954615168709	0.26316005807540566	0.8445070631542133	0.22891293824009123	0.016574716095023517
0.5080284484557976	0.6204223719259189	0.04390718200240903	0.2683229733239545	0.062174373031211407
0.07332771936826714	0.42391074160029557	0.11308042910345252	0.37955561958365974	0.14100653962745915
0.006726103824871121	0.37948623818870214	0.8269608783027231	0.46783244238366084	0.00986941916871219
0.6391334671111503	0.09696735932340189	1.0	0.44338471563488785	0.0671115512086711
0.8859851957303039	0.38235538349302767	0.01037347332274263	0.19318246717831927	0.14462379318841656
0.34354613228504066	0.36978448846357004	1.0	0.46936218995607687	0.33734669469853823
0.8374797110723254	0.06977568032735683	0.010934171469570092	0.529240245555615	0.8607182205423535
0.46871353044214525	0.21326841780180486	0.2591459374150597	0.07557152031918564	0.06588309406865941
0.2312528210791444	0.1568255308825378	1.0	0.7280958232206074	0.018975022416147142
0.2034791964287864	0.014139565792763117	0.13063924273354866	0.14186798589778282	0.0515582369154968
0.12967063220878344	0.5567833414527895	0.9341303209255476	0.6710120995867442	0.06570147878545655
0.45502170283212	0.16868828967195904	0.11400919581699775	0.82248812721734	0.014967784244727363
0.03478884250981644	0.03586269789421194	0.1112904272947262	0.5480928390469939	0.4752535136257107
0.4551210616656349	0.033841627964766564	1.0	0.025428957117428697	1.0
0.01023332878149473	0.15939328904137917	0.6086821276663078	0.8283421335034431	0.23056015900682456
0.2372405704251253	0.03802751258808667	0.3225661127581225	0.14160281636759167	0.1737990218111226
0.13788189284662558	0.1397460795912076	0.12228198103438886	0.13525042671863968	0.6178236974601773
0.038522404087525004	0.5521373063064428	0.2747521505440536	0.08612202402544293	0.2543348088145863
0.29211663849186686	0.12258131774779457	0.37874309892451713	0.06620980537454539	0.07597102810196235
0.25733184602754133	0.19187722581927538	0.04840372041605764	0.15370068430030648	1.0
0.3805979954519888	0.7879440127050985	0.5444650137387745	0.055431630654191114	0.43906983077857087
0.31064040106248775	0.019295898269231254	0.34722542721315885	0.11599755875682921	0.13849554421242913
0.1320523459413728	0.061556782730317956	0.19265521944897293	0.3108843062654118	0.17188948243041433
0.9136906332169922	0.16498152865710275	0.3252750723528908	0.2236902492424712	0.11716846837561727
0.16139122765250882	0.9589085737856193	0.050027575216599965	0.43102121103610547	0.03682068122759419
0.32936393921391177	0.08421626042537171	0.842083427923858	0.5962510613044528	0.6306058276456913
0.329487475909517	0.42611712847679795	0.2392478077630029	0.21515155912847878	0.15710953091635046
0.47172695363887734	0.7269608589190508	0.036555652055447994	0.23868628745324602	0.8814567676775911
0.259171620793481	0.23385368898743286	0.031381297028673906	0.1489400404391175	0.052157693184588245
0.07200267920538066	0.2690375291952881	0.8219669113379223	0.043221255744648274	0.10927520260922431
0.3711673394189575	0.11798523420363341	0.3198121820424315	0.026753463512846753	1.0
1.0	0.020357444099583684	0.45582761276018313	0.8219786420196021	0.3371857156817401
0.3358713110244631	0.04585454684278864	0.14254987209649442	0.11051603653984998	0.062406501023531256
0.057994077887237934	0.053485883981249094	1.0	0.19025010490253988	0.7431943589680362
0.698165371606936	0.07394930273711542	0.10250344004220083	0.1911445746557364	0.31191527592389307
0.07442941437955813	0.09820511954021093	0.34576172288025225	0.3870259923058456	0.24583859402322966
1.0	0.4291148700080597	0.5692246583447836	0.15105258003211353	0.3244071362166097
0.9187115438909679	0.8547984929812855	0.17477974575105026	0.35476934840821933	0.8924050623274778
0.42174509769649776	0.19381522904078394	0.32425663271787686	0.06773863810155832	0.13907191796426463
0.32156217990746283	0.4561208328634481	0.9549285458291521	0.26471969854677924	0.1110472741166025
0.20119327755368643	0.28596464721371634	0.05328967062825256	0.41692809823866567	0.026663415080900556
0.30788497643658846	0.21073932565350445	0.009403627554885876	0.017199125933188706	0.07227879203140074
	0.40332423510046084	0.22437935554278804	0.30409282063433746	0.054595283421379724
0.21241158176175562	0.06397928439925132	0.5931668808052972	0.024899349443142847	0.05956523552951605
0.25944279651619545	0.4804929376540369	0.6624688653975724	0.5613860248473692	0.20902395593058873
0.048887930368887826	0.4240376188609709	0.062414892432374386	0.14446938934009856	0.08920373922491283
0.06576401040402238	0.11882956568488927	0.2168641168146102	0.09222214414194708	0.09414841127194772
0.206991698543997	0.44141808346411116	0.05515959630607611	0.08024243049484232	0.14040865150997786
0.006225923468614701	0.23892498791174172	0.08460282416153998	0.3993626264008128	0.13310994363560558
0.20076418737324012	0.08665257698667025	0.37910887722477193	0.4023682229559152	0.06208050958379133
0.2704298787114558	0.4784180886066705	0.11832815018845119	0.4062484962664559	0.6599114357750724
0.3121065009195288	0.02028787028065337	0.8345168318816244	0.009470920092522827	0.33343780037786985
0.47518736838281156	0.7828256943571159	0.0037657811502501306	0.1973031111254822	0.5359113475519193
0.247609215518985	0.3031979059309504	0.034894283191618004	0.021073365857978577	0.006126861623982819
0.03287824612913499	0.45391205006948626	0.6102811393296398	0.38986120549683884	0.16495923998171297
0.39684447335500095	0.08445477309208513	0.19663743821952734	0.02553310548937759	0.04331934895041784
0.6915342256999132	1.0	0.3785567546501145	0.6287873725883484	0.35883653184060554
0.7127335202722362	0.013240797395825734	0.17316727862949985	0.6559161505490826	0.4881154477941817
0.592874537853062	0.16417934354402353	0.41852064510599235	0.3750764788228432	0.3312441408630407
0.04887436996758552	0.06345329996207721	0.1458998948036805	0.1544839121008272	0.16045580352190186
0.4432227307010429	0.03304311259793507	0.10125571594172639	0.00046642566213401767	0.22831290078821664
0.1861803072721261	0.07323872601023006	0.051784040561307296	0.2914148829417171	0.16597748995660935
0.16220416134730473	0.05733835465873605	0.20712070700633414	0.07451045631755866	0.5760024454855632
0.2777630898560161	0.38107217583671144	0.26972944196882837	0.07760372304403303	0.15450588756152617
0.05647528733124463	0.5424175285315715	0.08184999284366017	0.24355673456409258	0.07233529742129365
0.17459533919413175	0.13939053822802394	0.12809308019071286	0.27096932207026664	0.18544770664884533
0.7526726393245383	0.18874982567861384	0.07038110934320307	0.2136767443190534	0.030740174192013622
0.2510783607150501	0.43671122109454874	0.24583489832126346	0.3769683049988688	0.07307613947925538
0.02268793633823065	0.32709793094232603	0.46359650552617715	0.0007029613613188804	0.8694721272320111
0.020568720399192598	0.7671688721520785	0.8011232680303515	0.20577435561658716	0.15600000340482245
0.27964342692772054	0.031669227380754804	0.5698469597855399	0.12815139157210415	0.18968334835289627
0.8826718256039262	0.3165671301935538	0.10942322826364492	0.19370857010208645	0.5831287518514661
0.05556257713980981	0.054824500056833876	0.5203367433881074	0.03442650503560133	0.28144844748188286
0.5245914202607771	0.20400024037684353	0.18583135938725362	0.3522276853506094	0.1963902670499937
0.22949549138331005	0.0328674580728549	0.031507934451798496	0.10537628043968213	0.20477635934469027
0.2083849364061559	0.537511342713832	0.10383003282348022	0.4717889346350814	0.3118270002015386
	0.04450552695689788	0.08563844684320752	0.5425195764945329	1.0
0.4666433624304427	0.22846440565021048	0.26113568599891307	0.21340964842211554	0.5054131863203996
0.02356629250215198	0.3972418305788407	0.039016983159558656	0.005284911196824007	0.08725086071204734
0.1170486920943378	0.0015299825252808013	0.19354469945651662	0.7364023671535943	0.20542398736214532
0.28622084750310844	0.27489057848278436	0.23708630610021497	0.1218506924106812	0.016968797273210323
0.047782717358532324	0.058110088725468426	0.02660317350675922	0.27902762411423226	0.0981867366809241
0.195484843533571	0.01784723999970509	0.22233880044119295	0.33122576807334797	0.1363108068113931
0.3706652065332654	0.0019541497230367542	0.26756071562503925	0.38764247280141567	0.1900177570430917
0.04233183035214503	0.009395978372032565	1.0	0.9523915555184599	0.5352070472693088
0.29785209587608835	0.9396531600541146	0.008062215325772166	0.05178931946614642	0.15523015303461463
0.04060658702235007	0.08994433700195309	0.6221816192148015	0.39214625221084726	0.31396333597071713
0.10480142354619158	0.005199979510825639	0.9473522027314246	0.8041808746349471	0.14711806675829125
0.1805124835351878	0.633058225562284	0.019411226048068577	0.8818622055692661	0.3186708272491124
0.14384497077958003	0.6479503724543352	0.01615203117768133	0.2210939446211635	0.41823732801076735
	0.24399344009449966	0.1573690125186013	0.10612768617573382	0.36581727215436294
0.17271274046917012	0.004586842146199967	0.02863664563928677	0.09093704634989491	0.07130525090749883
0.11512470781904469	0.9080831820793652	0.45460017389790597	0.010699646134777	0.025354874789080797
0.39728887957165077	0.007381228812233341	0.1437317194400737	0.23457209874381219	0.04594158121418308
0.15779520248973952	0.117117242336531	0.32692949526736426	0.16467975492448308	0.25623041552607956
0.06926597538005465	0.02479664558063777	0.14394268980995217	0.1108380127873916	0.3878076147544685
0.13038255200948595	0.27851105647436336	0.1806340808885473	0.3047905767994676	0.07790962687771695
0.1340025155005813	0.0439104651381217	0.3309430057455539	0.6047828787603394	1.0
0.2953208169794738	0.2831986665624268	0.11104930076458842	0.6519017894143037	0.342684476679281
0.0843407525780245	0.3212485725438578	0.08033207127060699	0.10781583972516187	0.05885488109337572
0.10396505947778824	0.13807243511822362	0.09874425536406876	0.0024032339739393587	0.3821546034272842
0.234863458674277	0.18562097386202112	0.16007345738756482	0.8343944820979493	0.01751589153012289
0.11138703145375768	0.11456899199738214	0.263707991801673	0.23561679359459653	0.057260406683009794
0.665724607898213	0.04682860596674347	0.20601444264491703	0.01780230899088313	0.5756543512184711
0.06254092293715709	0.1881535571714645	0.3375236091882815	0.013891607676058055	0.3980187979508531
0.11539120242673143	0.12469481138696412	0.035260977393237206	0.12630239082696482	0.011368506195817118
0.5104955100614453	0.2281619690517205	0.7633289534184887	0.1207283911773146	0.27832797088799444
0.007382389213616633	0.12332648982526759	0.11123121001577761	0.06433055422569534	0.05997411968436444
0.4934782699351816	0.29925218454511104	0.04455359605701642	0.2128068560139494	0.525428518398614
0.2789931024128528	0.011553321079156763	0.08560048842556475	0.31834231450900374	1.0
0.15062423029593272	0.7518753343795758	0.794409793133913	0.3807594370187445	1.0
0.18590661767104136	0.2078042112085643	0.03883703482340701	0.20804889462006773	0.09078315247375793
0.19145200106304888	0.12390412420188848	0.13937239859517603	0.11174173474544812	0.19996981999415642
0.23534534084051506	0.5749839866933788	0.4958282406599118	0.12491021859669854	0.060904110590034824
0.0030333605043949222	0.05610720072190406	0.31808573786262556	0.05811368078826049	0.07315891811541556
0.8559414006641145	0.5866882802462391	0.5696190877704145	1.0	0.06131031186958334
0.10783023623185434	0.3741668659624759	0.05579777691262689	0.06245433975697704	0.03284794426483103
0.01092679579934025	0.5618258604452326	0.29373181009179045	0.08768733743543078	0.43577860240861005
0.7235334651705477	0.034453465409574495	0.24797951100970098	1.0	0.028237925842545454
0.47682815493693637	0.3235431564685672	0.14307949835745307	0.2721060834568686	0.16996282412391095
0.32196278073143647	0.13062738170821997	0.4850391071269069	0.2883552099296819	0.04475578765430873
	0.2659569635707025	0.35810507679268083	0.018129675659501316	0.5630588173074694
0.20860714511187753	0.0035560423208366053	0.24739142745515813	0.06236709821946182	0.25222207526573276
0.0880588163498698	0.20586123239229173	1.0	0.10115158611754456	0.4051047562347424
0.01910535336946689	0.22644875974993411	0.3306556203008532	0.06980860589418306	0.08323204114340967
0.5324175648902775	0.10650905778590637	0.24963118539855367	0.1213232388618899	0.04941082661285759
0.023475667731675476	0.0012825588618476462	0.054457973775287175	0.4424322604485699	0.0662445870930824
0.5468814676430592	0.699973501135093	0.44381707596548436	1.0	0.09547771697006317
0.6880281944935613	0.05091267735919428	1.0	1.0	0.41306152253954165
0.10958058663417801	0.11519044401270895	0.12253073538959011	0.1588482060585545	0.06370442499160966
0.1071229782646174	0.19470153507513835	0.06251720650232725	0.7461457675675768	0.8282231982001352
0.02261620237493498	0.10616745434868942	0.04468467352968648	0.10720539714619302	0.46361512561427276
0.26999749769528153	0.6128026481218958	0.5444644022007323	0.3059794318080264	0.7842302765761356
0.06885894823577013	0.04323818964875671	0.0477999464983124	0.18812376795704944	0.06865109332506314
0.1465037978111728	0.06271599419029561	0.20103833440937977	0.36879741401356575	0.030259772867122104
0.16815999372480417	0.2691447749967807	0.2782111706261686	0.47244301777867226	0.1359547913656475
0.09331883940080697	0.5114462909816688	0.5893741308205235	0.2647852019671109	0.21036683255475433
0.33418620917682534	0.23058317415250199	0.016415589166592536	0.05015050690807754	0.590306595101526
0.055568265966508136	0.09552576284578412	0.6894276685791352	0.34865927204325015	0.11603743933366811
0.23889457265237096	0.3960400452198752	0.22483822267430487	0.047447509938193765	0.024189647335081364
0.42146160980059755	0.28018167783112824	0.6219506726709214	0.09745208515423066	0.23471593604733954
0.5673981871165261	0.24142703279305905	0.03901336288283305	0.05106089971992847	0.09704432644392526
0.16999449937623679	0.24483691409721672	1.0	0.28514060480481035	0.6382120376123814
0.18033017877896038	0.1615735412742603	0.44966217619398824	0.14591977181385182	0.37888711500903166
0.07463469104789655	0.3100501754757181	0.2100489168637165	0.17126005904179437	0.06382864639493664
0.09810873281686333	0.0463237822710255	0.0038389575216815405	0.4176306640214175	0.14961023642369248
0.1117237690329056	0.13217778501266392	0.15552632639788874	0.2795367511860789	0.009089316948106036
0.23266795971805976	0.5549415875534229	0.010063097431802196	0.33173052778264417	0.1463196326906951
0.18802329333825143	0.06519327830058817	0.29915292829416645	0.7618340211431446	0.3258408260993926
0.3636683116221386	0.31920457717882844	0.12682965756219353	0.048472643029427206	0.08384012053277978
0.141632750329438	0.2523842513511513	0.1420009246038295	0.18968644435540916	0.12199867687416761
0.5489823847833429	0.04295803306313495	0.2125659899763523	0.7808361293249131	0.020622876462278963
0.03599387813544214	0.22497963519853542	0.07228419445659678	0.11202248037165884	0.5062946752129243
0.5765778664548377	0.24461930859765557	0.6570870235906449	0.0568558166921055	0.09453092763642004
0.2231496346383056	0.003187553636858381	0.14991535547072574	0.529455729689985	0.028118021509369734
0.7350154632288006	0.05463346314548385	0.029581569463987004	0.07768297583089878	0.4191813341066789
0.21981433350412102	0.014709035515720132	0.5683194619398273	0.11042004359804732	0.11714568403093992
0.006254169788202123	0.14291639908592693	0.08837450867449598	0.18611107274113778	0.6755715253470925
0.5070571830873747	0.14132206210564088	0.08385984192780314	0.4989053471681357	0.11231791079137142
0.2829654815329672	0.09404409457995948	0.3898090259712784	0.14871925345349968	0.018179150777860024
0.021357305660885877	0.07947634023084109	0.30607146697930177	0.19357681550340133	0.9265786899708968
0.1433026478276744	0.04988989075509774	0.40264614825809825	0.06815306866472784	0.2897509963513951
0.5259794905614877	0.014407870826216092	0.5123394466072784	0.35429136443970743	0.03424276626781268
0.10396931824604029	0.5305781675915148	0.4790366752877251	0.019774889471403007	0.2455622521600826
0.3670443670219239	0.3808071372446085	0.032110198502442386	0.0585470180504169	0.2511678991180372
0.9726856960031449	0.3330776651687534	0.27195839478059813	0.19001661596393096	0.15356622340399317
0.4681012115009718	0.5814642295518535	0.1174516591950511	0.4471884941690019	0.41697069194229247
0.2234127082802437	0.27542736288960074	0.016663948816175715	0.1909949734860131	0.5536027960442704
0.20734122411236452	0.1492357322424157	0.13518031830207172	0.35120398667688907	0.9873883170276523
0.1271376472872207	0.19393852849933732	0.2215090136715477	0.18779581630979653	0.007451536159155392
0.2627014752988972	0.15200231457318458	0.5019247606765082	0.9365424525151307	0.6411277550540894
0.19980681985414106	0.20806598658470324	0.7311286270384317	0.4689569142216873	0.1988079533339698
0.23542378917074894	0.348788152567399	0.05035092717144299	0.10030737418483755	0.3192682446984871
0.6212735425150961	0.29598836120618827	0.15931004950729052	0.5152931488142898	0.011120552224153831
0.008212676487302274	0.04095033558333063	0.1944730177910588	0.4957317801731542	0.012641498973516416
0.7873568522885743	0.19600886438364507	0.5674646031160195	0.4057005127031145	1.0
0.5704712789382516	0.25510030902581043	0.09320815326551507	0.1839558174346149	0.0010364555766124294
0.09360947944750225	0.07298604957872211	0.11411828355177897	0.4140572447941994	0.3630090956317441
0.9280244366516196	0.06001223439017307	0.07142771795947013	0.00242257742322098	0.6466323224204263
1.0	1.0	0.3984810966944468	0.0454659836113007	0.2555137982468173
0.07160745458146378	0.36355925571537273	0.13021738900713495	0.15519062362088165	0.31217378644227817
0.08512996120290453	0.4610547183560074	0.16664379735193294	0.178372552387987	0.9907151432835042
0.6518555834957784	0.511562462285606	0.44617877670403866	0.6577396437272943	0.08836798700353811
0.036281841542997025	0.02107672832276991	0.2111260121571987	0.005877179360769665	0.12260200490520645
0.30442263938360054	0.42921256475621533	0.18369625199467296	0.17681631420595884	0.4039260172336537
0.09183520719317785	0.3006897160569451	0.6716835983484424	0.002780345442199076	0.45216851329408414
0.005064139652161257	0.2351706875173948	0.08185019752977152	0.19091354301589486	0.922746990418454
0.2934654814135881	0.3417974871674487	0.8501642414279927	0.5230808801370281	0.2392552847575103
0.6468750484232781	0.3455602427618321	0.6789808525072863	1.0	0.5558152868260376
0.2560977090185074	0.12829895324475163	0.05526696013008613	0.14372784580684955	0.9283252671029794
0.057591436221739435	0.07251816130352652	0.5256138829820707	0.042901849197433846	0.21841641437398288
0.6237988369882338	0.016038940139887613	0.011321841281198114	0.023710684564340678	0.03442773291356972
0.06313524846072593	0.08369571447229465	0.802374537256296	0.019536475997318264	0.1783672777691743
0.08783632105664879	0.09968468355167175	1.0	0.017244173869815513	0.07472895313391029
0.2175120833953514	0.21879953724240067	0.023052318251356133	0.3748400201399476	0.2633512920417768
0.3611823645064225	0.17330605205852814	0.35908745953329463	1.0	0.04671930073708004
0.14332829831478483	0.21708095335541047	0.8644471168688481	0.0656056240356118	0.4371932609398027
0.2511709064718937	0.10889253518512264	1.0	0.6313787930108222	0.5522804042385303
0.22357843960876173	0.03842287483173721	0.12022243190869202	0.09413459313641998	0.010335706232378932
0.04501192174120336	0.2129001685492295	0.622547360189856	0.058547373157841566	0.3480261130570586
0.012726732302259692	0.4841859943509815	0.2973839751071221	0.18227720286251145	0.615463958621992
0.04203837730473677	0.5512201686857661	0.35142568003882574	0.026148600733125884	0.0225373829674806
0.2165875016049394	0.23464588330244246	0.2633386151420427	0.021927929562847004	0.20598014881138121
0.15240159546944615	0.08653451965345386	0.07046148184357036	0.013823924149068542	0.8792326706433057
0.09450167964948769	0.1448346410045358	0.11266711695991682	0.7760900809544772	0.02372697360894626
0.5771723775082055	0.0007854933184808743	0.17447866122153588	0.05939502225179479	0.7762460709524986
0.029378842933425714	0.005938454646024524	0.407301170296035	0.44814975626532794	0.18280948695445817
0.05237451290831422	0.010439641503106117	0.10700188449751634	0.3581495623387847	0.3017141305845459
0.16256541674346184	0.17477076320340337	0.023822232707097244	0.5608319294397494	0.5170174921365592
0.8029632801657317	0.27673387421923373	0.13506640889068472	0.27461103127816755	0.027438773857453417
0.10795935666917367	0.0896341468284961	0.15768847905263855	0.5959057997356451	0.576081028680749
0.06923970596790513	1.0	0.0938071444346953	0.20960608502178357	0.432707098095012
0.08766265677893144	0.15277526440994457	0.22835726726291763	1.0	0.27757247409524916
0.38897465571618495	0.25425140069184415	0.058941249763679364	0.7364321374010977	0.2865690027888992
0.09798234921367514	0.5997068534763592	0.11895307886829212	0.39687017458311913	0.41585605166297895
0.8256843619162954	0.17570866166676302	0.49387080444893966	0.7009226577364861	0.7715802196087556
0.7550684390160167	0.09466282327422265	1.0	0.6070841589189814	0.11636409783355951
0.4096433709966472	0.31063190485005826	0.04491842899355034	0.024811273817499545	0.06213763867699838
0.3026759256919776	0.9613195254796583	0.5464825892622389	0.03514910964169555	0.11548689319853395
0.11925604266153897	0.07196488844907284	0.1537507274508471	0.1873745734335868	0.06046766021499271
0.35499118905840193	0.305870509052993	0.030640919991141814	0.15940127226369674	0.16799644433029662
0.37901750612678475	0.21091939187052303	0.1880584756917243	0.6016252856475084	0.38019555001123656
0.17263082979913544	0.890948038231974	0.09223540633368633	0.29369964671865456	0.11920229457479649
0.5542929246917913	0.1940513023233353	0.5257188709808709	0.2039146668345005	0.570961768675764
0.2564460485330896	0.5174245334475802	0.03797828997506247	0.32738796977548285	0.019898979915436682
0.013510799528736175	0.4825510577685156	0.06610440639526395	0.03618480739051134	0.36719302425607675
0.2917819882227858	0.014992338070742513	0.07696266425195226	0.19799443526958363	0.06425823856280878
0.03259326222684948	0.33962734595754873	0.08780012710245441	0.1283624027991392	0.5726278630999907
0.1954883222335148	0.22051274542474095	0.3954064438919878	0.46551747997751536	0.38690698728181916
0.3427009032304071	0.17428418729181466	0.23362523308753508	0.09763099193479609	0.10116620226817521
0.4059074218399615	0.5390005071840193	0.11923356500373244	0.078913071737411	0.3721746412849213
0.6514230834591056	0.6879428716129555	0.4959612184516835	0.15476513812611348	0.0058957254344463505
0.07101418504855289	0.15461346906918363	0.14650894926790586	0.014886369637735018	0.73298557129228
0.30123867118254444	0.08548258081866968	0.6179232845229559	0.46306129862961204	0.24794773232741113
0.279062720994385	0.041104273332240426	0.254018897391963	0.09634737540330564	0.06042490399990339
0.26420160324846503	0.07023230128623008	0.06294486437186135	0.06060285352732769	0.08130928978413106
0.4541740393554597	0.2789098964591345	0.08999732019886957	0.0812798479303796	0.2031395634453604
0.08237334555015967	0.15277902445793143	0.34107905291739393	0.3617030304156154	0.20815096412144826
0.07158307600331419	0.014966376528946078	0.2223735792533993	0.07668608295192934	0.41699683326569165
1.0	0.6509745225785879	0.25257925609833126	0.19011301435168607	0.004136310847924209
0.39235028920071924	0.04642295886128136	0.43799047982220163	0.02456111435045988	0.702207093992874
0.12798777747571138	0.4513288074689554	0.14327725067051475	0.14431347663116478	0.251930603127504
0.10793443701441781	0.539805798857614	0.0788704221327955	0.5805633180904938	0.06970205753453002
0.2519920949799961	0.014124285442771771	0.14834550278122846	0.46594430792639796	0.7985396700886775
0.17078301928162323	0.2775042422399884	0.05889209771575523	0.1916854455687453	0.04295577673005075
0.0018566299982651802	0.4156254002797996	1.0	0.826587423535589	0.3181825611475783
0.02463685794649727	0.27432178851305355	0.06276833758760007	0.11500124977321717	0.09966315628475302
0.0035677530296330928	0.021929505783158842	0.15782327322064393	0.6573092015243972	0.7312887474317316
0.31189040025206516	0.14591146625946555	0.49070075078036196	0.08393356398144511	0.11324616148592906
0.08786160520753945	0.1852386992806467	0.16771926609413582	0.05315283569473427	0.018901723781105533
0.05972758481132965	0.3139200189385762	0.4890310912685081	0.4083069806093775	0.009309707454158302
0.41922028557696606	0.07240043549640619	0.09969741056559751	0.2846408586053952	0.020652701541086647
0.5124404518648389	0.43324689167751185	0.3205702355184326	0.8161786950110183	0.24767139566336183
0.1860611526254978	0.1744961882216645	0.10516527610720884	0.14199611861353892	0.21904711120343812
0.17026137377902484	0.18926794880186412	0.020291982975924938	0.11662498528589431	0.14340914037964528
0.9311350410165049	0.11750226460380196	0.7411455993015615	0.06410157726863783	0.3946723858285405
0.12175335291624001	0.3065406050749051	0.016257725961033514	0.054553175923437704	0.5326488775908891
0.07187683207832862	0.08402331848633297	0.3207345272198355	0.034738362528638995	0.167413980675735
0.016829902055587265	0.11407911535252412	0.08882018433013063	0.20385185811492668	0.04105885455519919
0.9464606272800062	0.0042236912144168245	0.4943098320928751	0.3412375786009632	0.3318824700145641
0.807396005516264	0.3645797584592923	0.4130122361013896	0.2834107871518334	0.015270714840583153
0.28126239604499975	0.4512357504872809	0.11259214844454916	0.3805301201911973	0.7929495502701229
0.6577308698461203	0.21034005318882626	0.6929430643421599	0.2510397610500991	0.06873080258752128
	0.21676839422619495	0.8853524453285134	0.24256615364742395	0.007938280392929913
0.030981081353984682	0.2293282700853926	1.0	0.020764982464114422	0.7048289687343402
0.5091529410916881	0.07437483022784162	0.015092846425088527	0.29013964429397965	0.07801268691898577
0.12524568229518085	0.12399368852714511	0.332751458714267	0.14349805437363417	0.10464074605225612
0.012771409047696311	0.38735005802401695	0.3303380888019748	0.02647496769865942	0.031496254495514436
0.6289050245835752	0.7200709278279599	0.07345735775321026	0.14735596661333025	0.5010476543867559
0.2335316326732916	0.36597382735832035	0.7343189218600785	0.16469329180651782	0.05081407142786105
0.48904733279246393	0.05215499496785723	0.09619515253118384	0.2508349934878649	0.02518757144200017
0.16226460075766175	0.45205566621033877	0.0022020369644112515	0.14638013299861716	0.042968513690708095
0.21210378685805475	0.47143586481047195	0.8514836017153095	0.36714026570711317	0.5259430973098036
0.033352038363554756	0.0861513390323223	0.14480092853706758	0.0456594884983055	0.4109376898230514
	0.28684346399442134	0.2568131251194626	0.4734257381089817	0.027700046372843783
0.6710959980403303	0.14219209354046325	0.10831434398881837	0.1373711947082766	0.8777963786867701
0.28500897980657275	0.35959707677134	0.35376215800512234	1.0	0.22677357545485785
0.027205747797014554	0.2748042396465847	0.0667018741047331	0.18562453508051802	0.19841898507684005
	0.11017169163110213	0.4205105492215889	0.37438196851618694	0.04234319815924845
0.0758007849286276	0.32022304138968105	0.09232130473340294	1.0	0.29267086430364997
0.04939281897853105	0.10378721788111897	0.3580528078969808	0.14686239951230667	0.4533980248346003
0.24049378559712062	0.16802134289057827	0.04662325175030939	1.0	0.131868743531741
0.05370385050688834	0.0052573720624121455	0.36338031850240704	0.09160959452208858	0.650998685711652
0.19807578899066106	0.12586448184730453	0.1265864434257781	0.02875937288581923	0.8604616463116272
0.2268452404231696	0.4688251748818513	0.8650017700123732	0.4118021406074834	0.39795143150476403
0.36929334803112035	0.019651398008817326	1.0	0.07904185509500482	0.6398454219103554
0.02021048948147973	0.7232806139274598	0.1494240745752879	0.1863570918825819	0.10302893842501186
0.047063097680697975	0.020191749719905734	0.479990096855042	0.6573156103507826	0.23142611842694027
0.1815407628867546	0.6177375875692739	0.04496574229906194	0.5858286001762779	0.3906324649243015
0.24816304286526036	0.026332385963002376	0.08921659873456411	0.20826533024556976	0.11256518299162882
0.4613939934014034	0.26746728676525827	1.0	0.026276564254781917	0.14167966919403602
0.12845858949879652	0.061186760092379396	0.013420027040389014	0.4599234524085689	0.21734742327385306
0.5717229251950249	0.03345507315258269	0.03159454585439504	0.08188241885064632	0.2893943950507548
1.0	0.0026257898800585147	0.1733156533982834	0.04558363198544225	0.5013175121412635
0.08846933045553143	0.013702820011205706	0.11796854757394849	0.08901315505927125	0.12896465728309492
0.1457888435880734	0.6238336670674528	0.1718561070950163	0.21333884927122498	0.1463488122904007
0.07807815242547042	0.5371451442697418	0.2473239157901253	0.018940323482796274	0.16481193984868792
1.0	0.4260272815371421	0.19836488674519437	0.2707239277830318	0.07075077150400946
0.14162811200379802	0.15499919067315926	0.05479219130219697	0.7384439102401951	0.04757054427828807
0.08139123614876316	0.34308376094703913	0.031412065795996195	0.24266484011201572	0.10171610772321166
0.4583377469170128	0.8427565281797891	0.8692956056528051	0.371960311712049	0.041999052958300954
0.29368947821708025	0.2638269761698564	0.4682882871923306	0.10666206696090462	0.08392145898538665
0.06629163700475596	0.46994034232421233	0.7753644699980898	0.2325654419317935	0.24452305404710917
0.06583902792304801	0.2347999776000403	0.15359259992807334	1.0	0.21299179654827757
0.9687761057531143	0.24530754468222013	0.11763533945908931	0.6989775301542731	0.15393917475331953
0.29728247369185484	0.24854745179732046	0.36628092506513865	0.011012545566493295	0.18424884443370584
0.6184307875654721	0.6825188675230409	0.3897544527214217	0.12526761144373885	0.00959713198850007
0.1293254082252474	0.9864247925534915	0.11418267277126917	0.0183825556499782	1.0
0.07702012129373106	0.3355767496182183	0.06908925821649164	0.5808015616686536	0.192318060387516
0.10660558008593181	0.34021729003667095	0.0811465457695729	0.009054253953951048	0.030163365611988836
0.41384470552188213	0.030269884771235836	0.051286674037589006	0.31073117132877803	0.12310707488364067
0.5440332942504856	0.08490420506060503	0.5857009093124593	0.06876859084507692	0.29811904703596476
0.3476100587990555	0.16112708937882292	0.026545792018384737	0.0018440685067528818	0.01113897433586161
0.3473047599578018	0.06123927443599646	0.7066303904677397	0.9766446480581691	0.10782831764711047
0.018293341778766948	0.15453436111323504	0.19262864940638927	1.0	0.03941987970058875
0.1539839328187437	0.03679725728959618	0.0005586136330213481	0.5825332603661577	1.0
0.215960415165459	0.6105730288307063	0.28223501694102837	0.1353808511837295	0.6568493316307649
0.4400746580546771	0.34352490207415015	0.978948506123736	0.06535914889649949	0.11078160824836215
0.12823896870034193	0.42103054472843854	0.008695620400566822	0.7063666278765642	0.12784349197032782
0.11308005011661897	0.20704796922869081	0.1289276810737845	0.5666504960718451	0.5293325130644919
0.6911869983409286	0.5202978682295887	0.18415119109216993	0.01861255057058758	0.21953049341527744
0.29559320363035624	1.0	0.08681110374804595	0.14910041494921858	0.2896979037643633
0.06741538248940315	0.1739490939119486	0.02365311195042055	0.1279527109418842	1.0
0.4467979712873054	0.08417417663151877	0.22340934886748623	1.0	0.08403771555632464
0.26866641614618547	0.6495562494066258	0.0044994783610349245	0.20240441102849382	0.23782204030297271
0.6700880284281256	0.05279802994282695	0.07963572548449202	0.7942740533793152	0.3919166047812329
0.14166395106144153	0.09266094762067137	0.15317338229713884	0.4286831801824657	0.006042967501317676
0.054166707667592136	0.038244241869303586	0.18226598488066675	0.549306802865428	0.08177706391826915
0.46377878947284107	0.10864195250068014	0.26472981902672227	0.6650816968063226	0.1139233148865721
1.0	0.05072420297791388	0.4451842685101491	0.1559370571684335	0.37046731354537366
0.10675672101120676	0.026527197551292073	0.12258370734187604	1.0	0.03307255333655778
0.18765911820278794	0.09328631457030541	0.279073000820785	0.010189754009568515	0.41143157173578276
0.02238939292105739	0.05965548186615008	0.1944802462297684	0.17406076791723024	1.0
0.141769376858819	0.26600664163361254	0.2205596038615401	0.5743376689206416	0.057725214899181775
0.3210339991682359	0.08830970703373142	0.013669674324113678	0.5401898234486027	0.15755934545778025
0.345332657633707	0.017455311258574767	0.1473242163734075	0.17472551464186342	0.1534546184488945
0.1011368680637353	0.693564236321779	0.012765469194621652	0.2573824467558646	0.12019191855503586
0.0038289440164918304	0.03941625222462199	0.34492802154548974	0.054138330763156155	0.22182778167303518
0.08533922985710825	1.0	0.4069826047326277	0.7036529541266474	0.9875451437482241
0.0818663736014207	0.00216415364282612	0.10737678746483646	0.4172111151393642	0.13954821039111784
0.03262118567691256	0.41336243570027914	0.17242755035790036	0.1893689360393184	0.24287983494134097
0.013061905635973203	0.4054688246038597	0.38375930351446663	0.037464157857270725	0.48999118674223446
0.023288632398906307	0.05154229965343889	0.014915412296260935	0.07051949880450001	0.32211978548096454
0.17012065391832387	0.10139755593153688	0.17935574573767557	0.29164267565590757	0.5592370918710655
0.0813414153992014	0.7173893963463994	0.2846023347864269	0.5953944584605833	0.3876732532093943
0.1986059482971488	0.07364076897943735	0.061838852375283	0.0726782769857926	0.27876964069315974
0.05125188581322366	0.8316629367262284	0.1747248107776904	0.516658462727558	0.40233304083141624
0.04572177944492885	0.3814117409038062	0.28667920389752133	0.0570473637793139	0.19234408112835738
0.19605658336542636	0.04881454712463571	0.04299494306689591	0.15550812198984437	0.39482886380239096
0.09247386736923473	0.513025147124405	0.023278982008106405	0.18198849612487678	0.11717370627675378
0.009652264290389947	0.032909264863647106	0.6155962986734561	0.13873447061478353	0.2897286653371107
0.01770914949514688	0.0280902110222996	0.6804067116109073	0.08979346644804435	0.034829480743959064
0.047176708966558366	0.2284863294422378	0.07459712584352313	0.08910674433449085	0.0037248880745713816
1.0	0.0881633553357065	0.09710361557523835	0.3041312506507726	0.07077875647004779
0.8100589652710412	0.32773487116355	0.9018728553098889	0.04924469070775736	0.08217829158756532
1.0	0.058365456025995174	0.10963006573005778	0.141837677510826	0.6180509551316465
0.2772838302115504	0.637703082967709	0.6433568249468304	0.006185209759451293	0.24215604919172992
0.17032464538038222	0.7647877581044893	1.0	0.0476266987610154	0.6280955549554162
0.2049631256694083	0.002625076218423021	0.2082483836269485	0.2981032233139449	0.19256840341338632
	0.058792122048740236	0.3558918414188536	0.013549163287006472	0.15362874143495225
0.28740320767177957	0.7978951266400488	0.42194262789000864	8.803501361003373e-06	0.5018848890373735
0.019787467310406162	0.10190023856759789	0.012415334608897304	1.0	0.005853078513679389
0.1327350912180731	0.10537200691091674	0.3012084749180272	0.15475538229003766	0.0397113569497978
0.02380078502969157	0.11056111373899111	0.3942453443469721	0.735308373785765	0.04773642528077697
0.11892014030321127	0.029565596100087174	0.0006490213343822244	0.600974960044804	0.17780818700082648
0.15827857193709413	0.6748991710973639	0.05530535044148031	0.10578251041793547	0.8370432696031055
0.07680455322050968	0.3565815880696575	0.3079339235317114	0.021429877571506065	0.39319542691043713
0.27212590782443513	0.49788251537324224	0.23369578053418477	0.4794266698452876	0.48013769354383545
0.6425615794642019	0.11123791926589503	0.25416573106418555	0.05154690079262952	0.11717847571956042
0.052258026440233696	0.20500447441224176	0.08605392778231327	0.21434990748583896	0.6485055576256017
0.642512351049597	0.03098136788713386	0.012281420564610377	0.05556766204813932	0.07931256553727219
0.615990920618997	0.388755518631136	0.1206056769363688	0.31015077038369104	0.4010132644829505
0.05224400136979202	0.5576536302509065	0.22654330177239937	0.42520633597006	0.01901581261332566
0.24880951679647637	0.015314594893784016	0.06029542000452788	0.04158603627353389	0.3056833958826704
0.029032251088438085	1.0	0.23322524650132515	0.3491219016608313	0.3791843914248271
0.5144467614186392	0.13890651060834952	0.09521999732569793	0.23134304710588208	0.614052789495824
0.116047206502778	0.05070798136932713	0.00736190576145301	0.06530903221533603	0.045989950147628404
0.7116687522638997	0.28037327391403943	0.03809420468103551	0.47398437489707707	0.3257902543876387
0.056158063713825916	0.6011161103763389	0.23867325053444413	0.15482563198682212	0.18545428510114323
0.031612824894250185	0.18968991185740736	0.6261055255606356	0.08790496264730903	0.44940586239773983
1.0	0.3455205649900678	0.16913880193512462	0.00667665788596002	1.0
0.03686561762454061	0.715098006632143	0.11327048530835604	0.013331568690275639	0.30526148406893966
0.33943459624472905	0.19585395431813757	1.0	0.6247339070639949	0.25614792793085805
0.019536257367212633	1.0	0.3555891097182609	0.3010999519753296	0.029141724514560964
0.05100142764918077	0.4991437180121647	0.16498805422627558	1.0	0.01622757949655944
0.16011647738002802	0.017120163669972373	0.04615059584132483	0.11429918861574855	0.6339644326098214
0.40320152576999707	0.999654338179605	0.7536682340105767	0.025586493799543	0.21427104162047247
0.04593030669315277	0.5415001824525401	1.0	0.04820496574795868	0.041795939802142947
0.14086419092774163	0.10358196236462287	0.05473816613327929	0.012768052852712163	0.1493798372175562
0.38088129707517326	0.04373348074605374	0.33163004484940434	0.9237005084301616	0.07342108539915278
0.4007134581369194	0.05594998222918597	0.14232108763990786	0.49176196752846735	0.1765931566512254
0.22925325948464545	0.4688036189659783	0.09293141917642701	0.015068283165956951	0.015580912180190427
0.35522416993736655	0.1159603574628113	0.31364256708879124	0.2559644801202583	0.12866668757588307
0.6243784264553166	0.10777165964611513	0.07548307048108778	0.03162068221969407	0.7671017373804104
0.021928034666788693	0.39162560911543176	0.0026632425513952954	0.039797952102317964	0.5983481060701249
0.06305821882990262	0.11205021216598512	1.0	0.049906767702925466	0.25475699367353216
0.4659974172056007	0.16147192615128694	0.27374047570115584	0.07327099729236985	0.09457047929156419
0.30178166862884004	0.620445156213459	0.502374041851553	0.03492933937932623	0.20343827017387153
0.6743272618819679	0.6432956398997712	0.3245072777402238	0.7261619299128398	0.22740025224622806
0.3506099459173722	0.031071799075063238	1.0	0.1338138588915863	0.0154860776861548
0.08219759473536731	0.08811626651368701	0.5019183721738615	0.12125159375979778	0.5542083547320696
0.1401914821748418	0.10851842494337534	0.2827903462683656	0.058009042513293405	0.0943876120313825
0.1317618590339166	0.012870163270204949	0.09053484308962842	0.5036102440197995	0.017959498864693616
0.045391148261552786	0.5589860608808277	0.022759104357216137	0.5553682223077441	0.3559426677935767
0.7044584621540317	0.4351223048349357	0.002822626830082572	0.6672374386567873	0.005082863323228638
0.20047466503182462	0.523904855704936	0.639237861732002	0.278093253408719	0.1651183665521607
0.24130038635695006	0.42466953472002344	0.01985582367344242	0.11442536588705829	0.06563316966583436
0.052270630206360906	0.37254666254913027	1.0	0.04956615367371761	0.3790528195776614
0.038162987869327356	0.1584962070969814	0.20660286250873824	0.04014749858901008	0.052219549736940034
0.07797358475375364	0.7889323015004638	0.05566529646614739	0.7999908753355152	0.3191181815024207
0.5883774732038416	0.6578275058924165	0.02175780814244584	0.5188612265374097	0.3547475319233255
0.24216707042186988	0.20863960734481515	0.528990276346335	0.07714314184441942	0.8835837324866158
0.025465872136435082	0.21261091722184197	0.32586768150653306	0.36802069476480903	0.17763842206758734
0.20450797914174892	0.026328167588530436	0.41830396340199927	0.1000191765235445	0.09689670523120543
0.07851973238900083	0.001464551970605981	0.33508480122442924	0.014356201617448796	0.860545734281647
0.5171563993715129	0.018686267345152247	0.11274255485733863	0.24756085890388335	0.13479476103284485
0.13358951728018542	0.1361853017451036	0.4315736123273955	0.4071553092954887	0.2084424290837835
0.3169373457223705	0.1699395832943229	0.2943883975794342	0.14529994440589006	0.3129534050121435
0.128047986113904	0.568124260125919	0.03460822191091453	0.49001873079187397	0.27880417936054236
0.5254183539762611	0.15416819043364435	0.042390840347137394	0.35845577363961983	0.09994022768887992
0.33681813725948495	0.682722626615259	0.0021675931245125316	0.07124980726403982	0.05642426336075198
0.2691011416561688	0.024278086273969546	0.4544673521793726	0.10122769004799133	0.4463537241598911
0.08289773548741561	0.09785033957728899	0.7085642011435628	0.31581392377782874	0.008812983966079643
0.059763448287136	0.07536728140884828	0.9403952194279528	0.560437586326066	1.0
0.48760720672654	0.37342825940328733	0.42231431543546283	0.4457968586409517	0.40635096137942445
0.13898088959519866	0.07996154446706166	0.25198997399056283	0.11890505429601204	0.0006876714269503777
0.606000167701376	0.29177274374979434	0.20933690379222555	0.7301810203227129	0.09209637312068497
0.1133639047034696	0.29651021250945553	0.04125507517485713	0.40767410970142137	0.04640674289323098
0.4140911745504014	0.044644081155784915	0.19058294556111247	1.0	0.07900398102815351
0.07698223301513686	0.7238511035167671	0.46816260907444013	0.20735534144935586	1.0
0.18990311386109487	0.32796259021224666	0.4232150062610897	0.15497709077184976	0.02123749169806765
0.007143069050050984	0.4256322299645343	0.15079300109273686	0.27416403988032667	0.7689160263515198
0.29583652340567546	0.18460342062023455	0.015046870950600968	0.24417063967516428	0.24534847208058372
0.08400826447914864	0.2552321180497347	0.061954278046312795	0.797245872109379	0.12583852158396885
0.26659680816385384	0.8241677374400617	0.025565180738692395	0.133829949113182	0.4594670002586373
0.7278308773546963	0.10715572383125216	0.369241837659167	0.769316201196948	0.04054347063348477
0.06782421908440944	0.4551352026166852	0.1725455576850434	0.2230302677864771	0.08495952133944476
0.0557117970007792	0.417385620455096	0.7428043390209039	0.3628775957418006	0.23145177187409638
0.7239854839308396	1.0	0.1951525591810383	0.19608647292157155	0.06959915231698122
0.5093169108758328	0.6560759676890598	0.30250452635472835	1.0	0.19845626152561716
0.07806092248817577	0.09221149143701987	0.1055208440592591	0.044530795588856996	0.04305414143172291
0.011243331866128645	0.36177738257200165	1.0	0.12015064084332369	0.23889886501325003
0.006168836200121235	0.28802274440843234	0.13897820746724598	0.02490502538351547	0.4371212645048754
0.8475662486705032	0.5402345435154626	0.035752687057514596	0.13272300961682346	0.061602736439040726
0.07997127285471091	0.27029459778694787	0.06323503123228093	0.0839310886972415	0.04594317553262948
0.07562680588023334	0.969461417715481	0.3342465995948914	0.040060066905123225	0.05442327156367036
0.39226733301315714	0.15739711039721543	0.1176056358424232	0.5067685548349983	0.8010324675758346
0.3547502083760764	0.14509337810032794	0.04900247474597542	0.15076851434757385	0.18623374142020133
0.031883729160548636	0.3472425231261334	0.26115735600921175	1.0	0.15887968903794525
	0.06505786887449072	0.26032624920438974	0.4322431916459172	0.1108787666982313
0.5192037378843222	0.18907765790925773	0.22805634613108458	0.014408331910043664	0.0677426689187913
0.18851045230950123	0.10296946673744871	0.04143983170627603	0.3528231495334606	0.018298531277009297
0.15228144684480138	0.29125184514803587	1.0	0.27906593327073936	0.45789092017380706
1.0	0.2822305172970514	0.04869978562545328	0.9728986587425	0.04351454593474197
0.2344551246711381	0.04337849247212107	0.14806624779654212	0.2908709856856854	0.736259428305228
0.3398723069560416	0.1014842609764305	1.0	0.9847729066359808	0.2814337996486166
	0.35404255272209545	0.2585682786410276	0.233296539603369	0.7688687933818902
0.2238802625686971	0.025853560250486168	0.035157487849626974	0.6585432463482358	0.26331471037876886
0.6787203998955726	0.08320636676032576	0.04811174310696337	0.5739722946127932	0.003022985801087118
0.2729030482598786	0.07347134259772467	0.15523976327417194	0.17508592099948234	0.2745628223510763
0.7851679231566773	0.21629712480560292	0.17252297770701192	0.4488507427335622	0.047697034519723874
0.13689327595705744	0.08540776041927245	0.08193257744644922	0.5805925372659028	0.4661485124691501
0.11437136058455424	0.05056842120571933	0.2839126429560372	0.07530133670228426	0.04734865122495269
0.10227581145828545	0.01572592009049554	1.0	0.008946844110802958	0.14952250465047637
0.03455531960158517	0.439294947099975	0.16584554984195807	0.17267525390092234	0.377553501483533
0.7547259958658169	1.0	0.48712156073136614	0.13111417746613596	0.550139997197506
0.3676324132612388	0.06653509176483732	1.0	0.02821771758018407	0.11188830539150184
0.7204964836324976	0.33580346781890275	0.07600182555086121	0.7105527138144222	1.0
0.04731067601095956	0.36864445929895073	0.1318699728740913	0.833117091034547	0.04411561907901122
0.004791011430539037	0.034989069164837024	0.23808784916351722	0.006075593124555462	0.32130546806714383
0.039203592188191035	0.305431130822041	0.3679666678824727	0.6004987700738597	0.23873432191080646
0.15389105502287007	0.21349070614340337	0.00595808997396061	0.4834127195640501	0.032575007420343575
0.2841289135471288	0.14094500033222163	0.17423046515954507	0.7017846574848959	0.492655433567848
0.20967512779220943	0.9854924187932463	0.04425187700812815	0.27820393218443273	0.1468804436637549
0.22538760738894054	0.9140026835908446	0.6682405235180534	0.17268091002641806	0.1484519170520935
0.17605362663764393	0.43737119395203733	0.15747248511648193	0.14946935513841078	0.5758547835247394
0.007704204421517963	0.5789957045639975	0.5948470143006332	0.4057622329843664	0.29375177326770113
0.2349258886101953	0.49745858402870424	0.047371765910403076	0.3065724920467044	0.09279034685118842
0.5932334112409301	0.192273514253509	0.20340301400625052	0.6909589710337547	0.08064765320597066
0.21691755071280314	0.3431164808485059	0.11083189248562847	0.12857972369868761	0.22219810513886581
0.4251133162145069	0.2526851531169736	0.1623847873862931	0.13842085900798462	0.893252266671349
0.06855112358360094	0.43428023511946706	0.43459987742158795	0.09193539567482809	0.570358835029421
0.29285313565418675	0.10895321708523636	0.22691308031622848	0.02697990675305263	0.026526121515960552
0.22731204525356685	0.4294189926530489	0.07009625617077701	0.10443114219570045	0.8378862640268344
0.017214522187265904	0.11226446632510868	0.12005610091276676	0.2565244955004043	0.8253784152020913
0.49761565127981766	0.4069435572771233	0.15456672279674233	0.09475646410005512	0.10150581830315715
0.12286141584504535	0.04085339556909302	0.23357506123903699	0.3546790371817637	0.35314308606719125
0.005334610828531725	0.25652632445318274	0.3063242141320886	0.08849522200312568	0.20013047518155372
0.27844584880894163	0.022803473316857076	0.032057910341733574	0.13567078602075633	0.06413598337813
0.04978603738830417	0.057226481202715965	0.3692595288691224	0.745490593966241	0.024761907205067494
0.38153368742248517	0.3228875093170444	0.18945784589976636	0.027781893017662148	0.05560268030872676
0.4300173776301441	0.12764527603750317	0.4543049024629511	0.0270016018867846	0.08641003752903177
0.10598617667585833	0.06599989620389692	0.3635894303777441	0.21046218414480974	0.09532391155497132
0.015159805676346316	0.09245825349796521	0.5369138508236049	0.09820677170219173	0.08937183372005729
0.11615055455160056	0.1068786073535304	0.2586546733603038	0.12358005173745418	0.20885110737977458
0.05713423027223627	0.11149291574018512	0.07868650185051963	0.5376570068882383	0.17282058946371762
0.5068749123161008	0.04072318893254165	0.014732195424503962	0.14581743914309153	0.08792151099129986
0.5817721462683483	0.39924227451954813	1.0	0.7516160425615366	0.3767563325666528
0.22282671958935532	0.011017605019357762	0.3636261979011397	0.7274540973113784	1.0
0.5703616842002834	0.031563480352642004	0.7230697188394374	0.3734347437892072	0.2465756111739415
0.12293873914605556	0.38508604952660375	0.7575286388442072	0.07925143378674603	0.5630308932016056
0.1133643211600892	0.13391792677001424	0.3012424829558401	0.10746401214309138	0.10397227521038313
0.8815696026431498	0.11608211429391223	0.33173638700500097	0.16646006624353085	0.14734705875897075
0.09714542418237844	0.050395258155002676	0.20414761619827565	1.0	0.6697094639103159
0.12665924084029373	1.0	0.013524299894665203	0.4025197684802694	0.05397212402538136
0.13211438149592125	0.20924670479121513	0.13206079302803506	1.0	0.21162995739318421
0.32638798969849186	0.3745364448874499	0.4665099726959721	0.08929149205782223	0.23599497064259312
0.09500516978484033	0.16489498959214038	0.3181769603654609	0.11018107108882112	0.0016769261570206276
0.04572433786114493	0.23781253256768592	0.33610165588071395	0.146535991848513	0.3913631055431557
0.7054263589067205	0.16688387129444285	0.26701360748574055	0.26102782161476307	0.2178665083751836
0.3985892401118357	0.020795733955537434	0.24436064788178286	0.9602414592200516	0.06804952489240758
0.9443677339850045	0.0059428218150461955	0.1642424871671677	0.7108172685851134	0.06580526774551242
0.05772034350850559	0.2951549475177061	0.3530668076864431	0.3568586642771338	0.06912140513528221
0.2552741075182042	0.04817224433601961	0.0025742389721416774	0.05545501311464346	0.00733951122248338
0.37386516310781454	0.2951308889147969	0.21492117869055177	0.030892863856133074	0.1292298773434714
0.6944232461955708	0.23111546952607798	0.23232923685629198	0.12225361148819508	0.2615950100659615
0.39547843208107797	0.2963956947559231	0.0263110689699274	0.41617396208960267	0.5226591942370954
	0.2465973065941458	0.06823948773399974	0.14535762720007023	0.05655307816735128
0.16339098743888839	0.15142316678456322	0.06922849113003386	0.14116946341599743	0.03602011386385782
0.4236139335957942	0.3344442983543558	0.07260468688757254	0.015453955439099346	0.14672259987610234
1.0	0.0883410211036795	0.35614139076569035	0.982245667745604	0.5661884560821653
0.016274457570893897	0.43342073939793285	0.4474873809087594	0.31843117326958137	0.10409563106081705
0.9571568966798987	0.2341815447403099	0.0654386251582066	0.7865517006452243	0.05200042269054627
0.49148502481680933	0.2019687471836246	1.0	0.28501484366745794	0.04601626236883811
0.21787868875700986	0.14361130866542574	0.14783871617156466	0.06354376964095315	0.17043566857387768
0.1531321434055459	0.04922398813506439	0.9388769422743175	0.3637969542081705	0.45319958040936054
0.23836316603174992	0.0993424867586807	0.07838031804027452	0.17530722751049774	0.1908475028324491
0.12279547944835886	0.16064050094306193	0.7895421615602329	0.4580125294776413	0.31830306307529016
0.6522720395316991	0.46479820468202393	0.4725503438470575	0.32965462654404626	0.353960042547206
0.1402781035662761	0.25792058561791964	0.30817719146536365	0.0017277394883634986	0.4593965111132063
	0.14544026678891991	0.3595020753698923	0.5186502349071466	0.4173844299699993
0.5700854986199899	0.19837416795343202	0.981499653730088	1.0	0.29883543053597517
0.01877276218818391	0.04442443036954555	0.2843909553013052	0.01901466840897559	0.1050815618048953
0.022006665352389647	0.7590903512711721	0.018330096072957363	0.024010629835989023	0.08329296581045417
0.6317516689891421	0.14118583295059964	0.01796513836626966	0.0877226131425808	0.9809312294486074
0.09290354803386264	0.008387088963547892	0.005400595211375162	1.0	0.18164022843409106
0.10405214479912069	0.1851914161700373	0.35672884778429886	0.03617106537809084	0.04839759989739817
0.16339434642431477	0.5125699884001348	0.13732602577905437	0.4800606301929369	0.05504985122403669
0.14830825975746914	0.4133977401398584	1.0	0.1200688417888835	0.3115850041197155
0.038078654455972354	0.048759456023888204	0.15867828660519231	0.15411164713303696	0.32851886382003914
0.3673925028711941	0.04596961414736795	0.3367590061890797	0.6682244823476489	0.047739497065465444
0.27200599684947036	0.3442083983472204	0.05022005318496632	0.12067163311449663	0.05987032021032214
0.09084844640103022	0.046279391582257724	0.25347559861180335	0.032815240331602644	0.8893345545855792
0.6707757392480216	0.10514100400349437	0.8980135003578156	0.5267038124092449	0.30858113298910006
0.6697861272555478	0.06019859528318727	0.26654827827981803	0.1741243077947106	0.7996694408141772
1.0	0.1318427963359605	0.04839800349809648	0.07235666916484089	0.36073030590501215
0.20581876287939466	0.04795487946070586	0.35100264638395157	0.03990911167908952	0.16570138618803315
0.18547618340392644	0.1126724640844285	0.23709967211508504	0.11391645769557013	0.23552433429117337
0.7241670021639636	0.3438965494175737	0.11331966368765627	0.13899571183448783	0.10329960520470689
	0.7649361805250903	0.37480384075021006	0.11250332589624545	0.05738391067069086
0.5684098563229241	0.67908282916026	0.8057220965668357	0.08830632423316967	0.49479340925338117
0.27423921884526764	0.37364040039453567	0.26310476656443693	0.27648153058020675	0.5361034740457176
0.20723573720481564	0.0075120374469767204	0.11577353297165283	0.15505142642660943	0.057871264224528984
0.6396212538860854	0.21103534463082393	0.38233735944178	0.23276383897480046	0.12538864128574698
0.1013983028693518	0.023955168301428402	0.6889554677844791	0.44072674867607725	0.15096416400172757
0.7482230563125016	0.04072513257331765	0.11902997998142939	0.5385207159196929	0.15906739082634686
0.5569398261681463	0.3988961034178791	0.6344624880558715	1.0	0.21434528267181835
0.662685897830254	0.09261850751422619	1.0	0.36381196415268774	0.2568683481853801
0.4030116754125535	0.024582344304833522	0.34165324210750614	0.02103532934254944	0.25619049177148323
0.05181600472153021	0.2398683013789713	0.25985726466364595	0.02644076318703703	0.06489170082619074
0.11004351738644	0.2355785252091731	0.09697184129563584	0.2511439858923433	0.5690230584757204
0.9691687342528588	0.09888377744285527	0.5054723089125635	0.4805535352619767	0.5129382026926173
0.12973539843121853	0.006558572699937316	0.2616927694083361	0.11882763825021692	0.40248539234832353
0.11702152278327464	1.0	0.000796719603529796	0.05682720933112052	0.47601332506880556
0.4394991803691834	0.20768823407026207	0.004427836746298788	0.05031947202532844	0.37201282202405217
0.11937286758577835	0.9412953743399062	0.12199574878721073	0.680673241714696	0.3018534333352065
0.2511468341432322	1.0	0.03266669516542826	0.011971293550889174	0.1150758331304549
0.21952307239242705	0.041368568648289764	0.10491164702365188	0.27276703830505217	0.04751623368082083
0.06148685176093394	0.01092942459930853	0.3278997152915991	0.529107397906676	0.1034951318098064
0.3944559623297188	0.3781949314100644	0.023044995116612253	0.05021993584470573	0.0533483064101398
0.005808006831834257	0.05701906616544432	0.614516593744891	0.038035401725924074	0.4644536439845018
0.18995223054620128	0.09764223114563542	0.3715353978690889	0.5134094848040198	0.003208385051509248
0.09416232429875314	0.08967083954988593	0.015454962856597563	0.05512483881147578	0.10036739022035591
0.5333058324227267	0.009539113259739739	0.18731693638211727	0.11938377189855724	0.9541982703560415
0.7896075699109101	0.2654261568458938	0.06579294649478637	0.13658115649126887	1.0
0.025744341150735782	1.0	0.635745796192687	0.22942280414404248	0.06682685061278505
0.1588203890294078	0.036363726303913026	0.02591170560511546	0.11304641946216759	0.04285321116377176
0.15188938883266134	0.48801244078530115	0.43604960941703924	0.04123112595950964	0.6773326171024097
0.09127702638097453	0.6544948743064631	0.30990795580183567	0.1012641470197338	0.1811038401763746
0.3927046804089558	0.21940520793992316	0.05426360165762943	0.13459371963326167	0.4949945403371919
0.5212155305945452	0.17140368656586275	0.04114686132984227	0.18537920252500262	0.14142760908532875
0.07010683049467169	0.21582267330973492	0.05266058766358264	0.04714033577191496	0.6186227512807395
0.3638886875211494	0.041040823009303666	0.1291785617202886	0.13643107939270416	0.3057127150638359
0.20768075187943688	0.016281302046473198	1.0	0.0704189403608161	0.24862212465553996
0.36515418088416035	0.7031918510886295	0.4502055613927338	0.05054161680366804	0.38786060279341683
0.009275725345324493	0.01581196647034054	0.5192566084920209	0.2121603769792849	0.22256737752001512
0.2564637931947731	0.11231013137234568	0.2726768783852677	0.3222277108812531	0.021993383756140794
0.17542519106935636	0.000912124476598934	0.042441353321401955	0.3108608873924321	0.08572769593031454
0.34030942904268663	0.0856884475468369	0.5511023459761775	0.30585780518875205	0.8122374469936464
0.7374849883531421	0.04947878184683938	0.15217314247612335	0.06737257953594926	0.20774545454971477
0.09788272415106479	0.1200310138848322	0.3446598968080957	0.1499248332045585	0.48639293349496976
0.1303862070348994	0.3333684819424035	0.0971219361810086	0.023062169254943424	0.3527596529466879
0.6183532501772379	0.5779165576625174	0.16357957654348482	0.5049827238165677	0.3358713044595579
0.21629434026595507	0.5383487185598467	0.2533406433675088	0.7762843877206177	0.062009574570050296
0.023331208336705017	0.05656719303393629	0.15773528660830846	0.4287306133785575	0.19635677604464913
0.19183736425763928	0.1653073712453999	0.41855450328454874	0.020685506982340063	0.12493958769605179
0.1329595134683342	0.8122764613729375	0.07421474076629973	0.07672564589468253	0.7738814078332233
0.3458073413934725	0.13949364901339156	0.6167047886224549	0.052368946899364874	0.060111034603598346
0.4237735455191099	0.18116421495478743	0.0495154712021107	0.39146064799028646	0.09896075984287832
0.21525583265729928	0.05412632841443878	0.03054552317133757	0.2830358931030975	0.4965081994015315
0.002918012231985675	0.4821525464725137	0.4063139743971547	0.16193694417089058	0.2048852880027983
0.05693387830539419	0.08617710546309922	0.4885660349509505	0.8323424797665745	0.1905390879158364
0.28207716199498506	0.24111355225476075	0.1059011651018571	0.283074284930954	0.5210421323258573
0.25994238043070195	0.1636046666068475	0.4389493002523964	0.19739741731868432	0.10952212002216107
0.183657862242317	0.29888721195183565	1.0	0.06986634468080326	0.37859292792070276
0.9571250229129629	0.6459121901334325	0.2503986947135354	0.5604068833173883	0.3556519609161189
0.15935155969191842	0.03348088591231151	0.1014059561919381	0.6848382454399109	0.06822327879394782
0.03200187099188542	0.35014872247543555	0.04461242224005923	0.36522060090152386	0.6137895603307388
0.08821958481871242	0.2777307258987219	0.029500767367397592	0.28633931324095935	0.31700031405584744
0.3177650489828398	0.3878601231512568	0.8731562914421975	0.027069953171548648	0.05903905628212905
0.1441848914586224	0.6062103674594381	0.2745327014120282	0.3158401201386493	0.29954477729556234
0.04080512128981242	0.47528784995923146	0.0041059628559052316	0.3368655196429401	0.23617906854099077
0.5931718694698591	0.3814013986677947	0.396120562336753	0.06505332717604263	0.00543129882493377
0.11962636718964152	0.43651612867671474	0.0883963094249399	0.3552357999865558	0.21657257788612314
0.5083365084198355	0.1684108150311774	0.18006463043310392	0.4223080797012823	0.1032173000834859
	0.9725148373947488	0.4316118492072951	0.15537241739410657	0.3938041114411602
0.9663726864788477	0.2040752240957255	0.11943537284387734	0.5407926533262676	0.05184283863512186
0.14630998001221507	0.4663462897462465	0.24299347217375344	0.7527816974928081	0.013668371336144442
0.243558975673321	0.7024843189209576	0.12328165476760398	0.3558945031706165	0.8422208434816407
0.06722524461126726	0.5660146815224071	0.03421978969630734	0.17290517404284494	0.07190698722085664
0.24519383491974028	0.1371335176817895	0.17671899055151633	0.3398844745078046	0.044179940724431065
0.06269896451588196	0.026388075729525604	0.04433413283026354	0.34095281989620696	0.21606999360957488
0.29887720432122666	0.13090371460915695	0.6202729595730357	0.6374553118759605	0.358380712158294
0.08363831760743365	0.19029209065765448	0.11864160237117818	0.07175326424491822	0.09489323921938302
0.3811682897630735	0.19526269655088635	0.48195263668795957	0.05564677360149078	0.03442546376341418
1.0	1.0	0.05638430103228681	0.07712331981776265	0.5909752920939385
0.05089344614810453	0.3873843859806155	0.09765996422942991	0.9385578488177098	0.32877619756541837
0.3303296390309572	0.16771026775239736	0.5598595347497768	0.5822185261329123	0.03942868185288772
0.02002958677040564	0.5135130148809137	0.0697293877537073	0.15405336877237064	0.13086651912380515
0.06237752981299078	0.02702880751802503	0.1122501198627552	0.1264130049768823	0.14287460717045486
0.1622546552662628	0.012660666912419469	0.11859455546692957	0.5019967719595195	0.08568029873724599
0.10119340053004036	0.2525763655434059	0.04316781399631944	0.03951444573029579	1.0
0.8289025447612453	1.0	0.21607822324224413	0.08081672453475496	0.029420070790969484
0.2759581821778543	0.08227641233700779	0.05620613138018364	0.06978241190110035	0.20651812902034034
0.19017503914906844	0.08896810545770732	0.02831677333659006	0.2193364009815206	0.175508835688718
0.4006621741059439	0.06603481059034899	0.3246804345046684	0.37722331615721666	0.33290855884293696
0.016237788540625606	0.7735253620335136	0.07310937853915364	0.10867826897446191	0.11087601920677952
0.07830344201898165	0.1378504629824707	0.056239316439584554	0.2602407293055697	0.8452977549754621
0.582527172912006	0.31628069457691593	0.3746580473272607	0.1554982171823276	0.1825140079575722
0.008085880202895418	0.23031569531661608	0.08816696613561853	0.013932443320561509	0.07118660158365882
0.9672906399504163	0.7484208354787357	0.0020740405952537695	0.10894203015901781	0.27420308798830745
0.077956354054273	0.04901758297870601	0.05632888329669177	1.0	0.020951661923147923
0.969253119986277	0.3471773552749196	0.12917299086703754	0.08216968017728714	0.18668734987701205
0.7557126477027674	0.08740922193716676	0.10262569426172688	1.0	0.22427296689838874
0.21157667974310418	0.5145408198063612	0.3439346394136336	0.557845617806985	0.18514990948681118
0.1015790090668888	0.008893635282343245	0.02727059626890347	0.07336598345771998	0.37577325745445056
0.07346159892490527	0.0881046984106735	1.0	0.007869091510314162	0.23143528115910228
0.26641920864010904	0.10505647485515074	0.59862890798051	0.3143086444332872	0.4110495145436813
0.0665957955703386	0.42546377046002404	0.07061986732865064	0.07164545541508109	0.013242714462951255
0.0038562236336654914	0.25391695188493263	1.0	0.1541157672233006	0.06538276817689845
0.12210693134225449	0.7162886620013923	0.1728007133068259	0.0805848742585739	0.02774367811396091
0.9001206729806951	0.4632573592375583	0.36581082375323304	0.21913474562391502	0.07589257945047187
0.13185610700649472	0.027680233896546308	0.0659611005541853	0.6315781844899901	0.04633134973818039
0.4230213850068239	0.08249993546629802	0.2777430716884069	0.07075158567804263	0.08996071718298039
0.5827592251197142	0.992128079684051	0.20582044151082773	0.17639914734546575	0.010647853721605736
0.6012967068626585	0.05777479934595405	1.0	1.0	0.030768621511118577
0.11690205555244038	0.2825429607404257	0.16266021931337696	0.3344329686398669	0.11500553751540507
0.4936363546412625	0.05660978241315804	0.010631830072236134	0.5162300406748171	0.3494147452583256
0.07969042057203647	0.15620739101314016	0.09739286469553216	0.16533197334413477	0.5752250495928432
0.20531156665046782	0.2654356571594828	0.2257219098274887	0.28687372636950825	0.9010357982589556
1.0	0.0016906576724085923	0.04392995763257839	0.061835571693467734	1.0
0.20256353670935462	0.08311568643319468	0.136232297248778	0.2006469523047352	0.24973721637397178
0.059432986568476516	0.33272435540742856	0.03723457362861957	0.3611603897814755	0.011578933375976147
0.20270337541822214	0.6422490105914851	0.04911979062147845	0.005322978554421835	0.2735653313887445
0.12555210764347674	0.5606175244398635	0.09930308871596095	0.4665760821782225	0.17260981091470243
0.9393814673593613	0.18489223519980263	0.3370799352307307	0.03444590380245159	0.28015835853390275
0.35209828073866206	0.4604747128010851	0.22304891004256197	0.08828690139294636	0.309482986286105
0.19352754875402917	0.9845239079423341	0.23711891437529978	0.07276357075969254	0.10226766030478415
0.5249055044939818	0.06824029164534302	0.03725753928062679	0.3026430640467234	0.01569112925913859
0.49743108847049833	0.0025263057417770026	0.7106602438238127	0.38055090531113955	0.28649616238589404
0.17948080635287258	0.025016164375089356	0.19686655479580367	0.1799841362546041	0.08769736408892269
0.5222826865252596	0.01481417148979039	0.22632610388147248	0.7086734072113501	0.02888232924551333
0.2814363797677716	0.01010601853946877	0.49686580834450633	1.0	1.0
0.9720455361372473	0.34802795392702507	0.3208585410196656	1.0	0.3980055267900368
0.1343286220121763	0.28818323428942316	0.1547996710456994	0.5437284854283205	0.009115587516220618
0.898607574319774	0.12541358338976497	0.3139285307720431	0.08528628506273318	0.022068704187679138
0.5682831485494975	0.05235840460441749	1.0	0.31311658182901747	0.4088615191354176
0.16875227961378306	0.9396495133589438	0.4529131340427946	0.9528625123521386	0.009013431862195996
0.603759683424498	0.7173229293689295	0.17405472327956936	0.38870969963539975	0.000753877722703996
0.43350980161788033	0.4706760029282016	0.26324016075502643	0.34392246156697515	0.28591959975971
0.5320496902248019	0.12694316204627498	0.672175274022905	0.45627920062956145	0.37621966218883796
0.09811214881640826	0.06782188480436471	0.534857941181238	0.04622851733437924	0.2934842058343102
0.29683675176993274	0.2346174813787713	0.13035342939243003	0.3153101572536925	0.10948410334855083
0.28503792810199735	0.2953579896459306	0.5954738208177253	0.6039257410058764	0.03735974057554509
1.0	0.1982406462324567	0.08841181009906925	0.19741914834645008	0.3117880441518165
0.0916063473969448	0.21052401798966833	0.0977206234802254	0.147201627191538	0.821198442521937
0.5566407303127783	0.10927006757807613	0.5973262357432134	0.1390187080541023	0.5429267889782865
0.5754308930126906	1.0	0.040573242099545964	0.33182388590782247	0.1715446839880759
0.030078436786494953	0.17587561072124583	0.0013181149838488227	0.024765222765363422	0.015102445929038973
0.07326565487431083	0.7275114622215423	0.12889263583163618	0.26563362743829494	0.2642561043563176
0.1592578951152008	0.9080729533258943	0.039535355921234895	0.10170448306229975	0.06922004209572107
0.14468498628063464	0.13695957111234208	1.0	0.1675032672004765	0.0016817271865598258
0.15297159098520782	0.12124702199732701	0.026674843661087043	0.34585912206553765	0.06514411616038858
0.9380546238464968	0.15450701670946868	0.05230339917946108	0.6074598515967633	0.2891723579086086
0.3096494614080325	0.5842506769413436	0.02910769101290628	0.1948915381756731	0.037736985244320606
0.1934482391255888	0.09840958956788347	0.8300435900617779	0.30828936585737526	0.6128970011552992
0.7762737669909098	0.21581275832041782	0.23920013674728935	0.23856986860108192	0.33922425393315114
0.6713348534467095	0.2793698266507518	0.2377308163060463	0.2570074600899424	0.19773472798481248
0.5492094189262676	0.1627141682647925	0.3066839175010078	0.13250358511197224	0.07046493515129947
0.3014772008739851	0.2565238145520877	0.5062164885364798	0.31859917396491483	0.15680455475883037
0.25419906228591316	0.15346260502960088	0.663579969659787	0.2157709782612331	0.1246151550308698
0.2356556211932923	1.0	0.7290782802491421	1.0	0.7648332069909467
0.4825206956396662	0.15323738244546212	0.057005625126003344	0.05706405080913754	0.3041751016893531
0.6645904865883958	0.3199977466939207	0.7190584496224409	0.09914615352352403	0.27594326214922654
0.8064056108482583	0.17915423301107355	0.26396225074723456	0.3413803014850571	0.17537179230331673
0.07668054990000198	0.32305634786107684	0.19411014402104	0.44890142971319646	0.15773661254675134
0.5265227112692449	0.2707087998061274	0.23474572308603572	0.03473439787614187	0.41381007777844786
0.23811969278614756	0.832114304804747	1.0	0.203568811663028	0.33952553081076337
0.21897753577101509	0.37964305992582864	0.7407612227097784	0.6501119816404329	0.7799551669357027
0.38262269938987103	0.1795235692301728	0.7386416212280583	0.17444685085843797	0.03173079784180579
0.15370259947906723	0.044992068229201425	0.07723071605549829	0.41177627512890363	0.2728826533853606
0.2247631885575883	0.43174457547475675	0.19660497675957744	0.15905808202258268	0.1351354727386638
0.0375617606011155	0.617615608626275	0.3954740326025447	0.26672599975441474	0.20425182423468402
0.2927662544272231	1.0	0.09013699801324052	0.1737779169930796	0.07747427208356591
0.3595073983937447	0.11138710702971749	0.005284661553616107	0.3555628757371366	0.3991473176350813
0.2378440679433661	0.9951234211423156	0.013887988051007936	0.020176173602950667	0.1153239605488959
0.6454925384743078	0.4536505361136636	0.04420467731874226	0.027777590638178154	0.35515752991380384
0.4776037865575806	0.27552752836375877	0.6145923955917393	0.4006893253219815	0.3882668165521188
0.2668725384993794	0.2969492156365156	0.6608304299757665	1.0	0.5408431007206975
0.10254698830310491	0.1516562315541979	0.323287031346844	0.09847905025638154	0.1816405011655832
0.090150759275071	0.19759370292217163	0.0007330602401693023	0.326529510723338	0.9926572542319302
0.40867157239679097	0.44445627401532695	0.04061943471076321	0.10359427125136736	1.0
0.08845179238489219	1.0	0.14713692724727562	0.10138878913767226	0.3721800307166569
0.0673966625098962	0.5261917022670368	0.09294152066825775	0.08929583635301025	0.1346169210884214
0.01864929076984688	0.05589101114872528	0.8901698523009544	0.3761911025213963	0.3466364637224746
0.595594698967738	0.4892283289489354	0.3593529871095696	0.010292067851948795	1.0
0.580645087748979	0.16588507016495196	0.007013995948151029	0.02376013899526612	0.44880121307904813
0.8123424458227386	0.03928401423374806	0.6444903195829366	0.006872134944955674	0.06011318205459177
0.3057350560710268	0.5277524901046873	0.590793757452436	0.0468177292515582	0.42113104923642497
0.39056551602339823	0.1616849850370546	0.26989665180546873	0.08128838772897752	0.2023804169541096
0.14755934656568007	0.2526203059066759	0.7455809121963232	0.4087563151989761	0.05008988386708225
	0.1964081237160182	0.6205581651630276	0.3075529157519941	0.08325140304204963
0.6517830746734129	0.018561091758246308	0.3982519669863022	0.18558823040679717	0.4440038100733403
0.11606876206294789	0.13103333798231256	0.25961430343248715	0.7419226490154842	0.24511076779770716
0.7649277791848078	0.2560182157219612	0.22033517402388092	0.5748187310505826	0.642384097517109
0.5066815832385879	0.46078677019858927	0.4489386241946281	0.046640097169425666	0.1352198459486503
0.04600989790842814	0.1322499858623641	0.5916786935405813	1.0	0.6292284536496393
1.0	0.21996586134169346	0.07659201087162347	0.0434095450343144	0.4382863662432202
0.07031900227322975	0.49014512742730815	0.48135241582536203	0.739807149352299	0.4271899965456483
0.00589111315674432	0.35410626312951626	0.4868968936321413	0.47287725351066645	0.4130900250586584
0.09732348975226368	0.06600682067623503	0.22861357574410876	0.026363200316534465	0.09741724207889227
0.04419610575898112	0.060681380697956436	0.026218344713275447	0.24220691253295612	0.07217363705513839
0.748830222139086	0.10280219983850898	0.5284957799477814	0.0015268673651300062	1.0
0.08407992759137653	1.0	0.05288746019969843	0.2759789201656748	0.6304627163061844
0.08778982593339828	0.5956973176819979	0.18886971905430916	0.15608954830138172	1.0
0.24290593147867046	0.0898581638768602	0.4219874717601271	0.6690274124098339	0.10331386555869373
0.014686600448732927	0.030305262171277138	0.4149860907113863	0.0662923329615983	0.22085579259634033
1.0	0.2392901186637151	0.3671966366656339	0.33012053811067626	0.037219954165570154
0.12883672963337842	0.45962672528811027	0.24389979426597352	0.4064043731618179	0.09270227151872525
0.2236566622662124	0.4231116808349884	0.25372542905566986	1.0	0.33588972468404493
0.7636590750087996	0.020889191055800782	0.5528416129420988	0.4104146491942769	0.4395777668206884
0.012553053083781542	0.3621660368469309	0.14229830015907935	0.46212378971435536	0.027679526187006337
0.5154412639490282	0.14452286459724376	0.057623736424250685	0.43428039814230124	0.12627280478647912
0.041146710061157644	0.0288579941554545	0.33477904369236455	0.06647560445487262	0.04956662042290451
0.3211088448476485	0.841146587651817	0.23875923786637296	0.018207236822980758	0.10264663504575201
0.0531829574895511	1.0	0.5153135549346004	0.011217211940641247	0.07241503580608184
0.5813341841837116	0.1619500306732991	0.14358828744032773	0.22006799464836518	0.18419100513774048
0.011559109559917324	0.1526530677451829	0.6818317759565714	0.3339047733007004	0.12479167545868472
0.021292776614118197	0.36320797694998924	0.8406943978908767	0.5713476024848547	0.01380687198453411
0.5124614919360114	0.20835449373355017	0.19749649508110162	0.921154600307124	0.23270407724768766
0.16574776612687178	0.017471496452285296	0.5007379746967142	0.5075453832113718	0.8542718199279535
0.09016745385473542	0.43456378048026695	0.19515003797427777	0.24191268599573912	0.17768332977808857
1.0	0.5017334316861425	0.1615963782772905	0.10249363586374059	0.0767675368648186
0.6446506882869797	0.34043080383740676	0.6570323186735171	0.3854482622614643	0.1533761863905777
0.04368830893096462	0.23535626721455916	0.41550356182594056	0.3057384673077786	0.006155113390263392
0.1781962983652607	0.30990643136763824	0.2616342911134668	0.02695270755280734	0.03474981698122451
0.5171318850535725	0.05526712790270797	0.011950197036918422	0.07637570685579052	0.5418826724650266
0.22336438864315686	0.08512081053283883	0.055890838580680294	0.4841278489653873	0.12302179813857299
0.6349846099749823	0.2628792168920144	0.11516282866449205	0.10065982905338927	0.18736346604525453
0.09291576204913567	0.06492727750857528	0.00261607570021375	1.0	0.04208046796317166
0.15396487781634466	0.011560000311039667	0.39156427688505147	0.00982835297572859	0.5072197547067988
0.5240069649617711	0.12421097189805008	0.397310664401841	0.1063024916115885	0.04249904065240761
0.1820860328684042	0.11898320912147084	0.03312401020306121	0.3871351992708588	0.21129205539352916
0.277332715811602	0.5400060925917023	0.22491175464813473	0.4109110022736102	0.21485063676600608
0.16015061109474668	0.39323960815009035	0.15341360497779336	0.07356424313571322	0.34177582878283885
0.916420267619872	0.4489166331522455	0.6204798116871534	0.4162910517987358	0.19020041549969544
0.09317262916914004	0.24296770306065654	0.8358149995476494	0.19056235994594012	0.2637852421483606
	0.09647604819681856	0.050121993726873704	0.27123356040756846	0.6202778024315412
0.2928686570243502	0.19222613270855674	0.0718630313954667	0.2372369857827195	0.41741952889134415
0.01622540721130341	0.1507433922794509	0.4788448944359268	0.1475957781030763	0.26325976769455905
0.6072709451490589	0.2565493591281579	0.05288457256934747	0.07376818608648548	0.13140587193075756
0.1959856645007459	0.40582502753469707	0.5156105784896363	0.34367080136491407	0.3546286977320856
0.2990774112041712	0.8252914788607868	0.22621908001068622	0.06069898160679732	0.021418479107762543
0.29989804112904905	0.03512825289019288	0.08516146470217734	0.06498630737022498	0.11960260398384358
0.5249657074816338	0.5697254785115954	0.025547344102414073	0.22661370404956543	0.766805771124994
0.04617666892084347	0.48614284857739404	0.6461564339916533	0.21165322802619566	1.0
0.27192520651184565	0.0379364307136948	0.046123258352682966	0.522758227606801	0.012924841860693209
1.0	0.08377730824872676	1.0	0.16903268392252913	0.6224489300802424
0.3631130701556657	0.37547191706779326	0.12457411441067068	0.4237125407067188	0.44242051583782893
0.03336432803597756	0.48675454213055785	0.8885767999556936	0.16592843731981918	0.029280461986398134
0.6997500998365169	0.2427712130495204	0.03569887292209385	1.0	0.03946420476408097
0.0008043542171380869	0.06701019824545973	1.0	0.3449009471216807	0.038259634406040584
0.014944243349968233	0.005486069232408005	0.4822486545622074	0.41982715929890296	0.08881370357081815
0.010868666422208509	0.2797313255384394	0.10437629470740861	0.13491966248309778	0.4220151069335071
0.3908190113011411	0.323741883718315	0.3777710316700593	0.0766088418472271	0.05053150697589691
0.040440328536815624	0.10893620816984827	0.1192499749835353	0.40930269749591186	0.5501937639966252
0.107009000738834	0.4481582484136005	0.010121044265242853	0.08224887028468009	0.434610278551258
0.8813326347687817	0.1313669296560136	0.35941855499350617	0.13366300368122094	0.18765874342747826
0.1477332309967453	0.06781616371627613	1.0	0.5187658852789852	0.24481570148322385
0.16518564285592338	0.3047723066703824	0.26820725211995666	0.035982343019852994	0.22127885784357088
0.23696051192257434	0.5390533658340614	0.8111057255492197	0.9515314615386731	1.0
0.41619026538181664	0.37021909724350954	1.0	0.10222475360159614	0.22117459269636233
0.04998529183627376	0.06821296774516925	0.08125634610871775	0.264513498825403	0.19731865908505683
0.14702275843034493	0.1379319962084357	0.048313669679649326	0.08507361614884146	0.48078646850490764
0.5283130017759893	0.5864145660194368	0.05811397755835519	0.42712398681202707	0.17670013351836303
0.19216292376225136	0.31470569085240313	0.2642784700569217	0.6823005994407269	0.24155618026743744
1.0	0.4376682468813658	0.6548760427406604	0.18267550099660795	0.34310545274308735
0.24556074221389873	0.03145459486782787	0.1693611523761384	0.32082028065195173	0.314361008552808
0.5235804832590061	0.010795423076700682	0.10164229671180963	0.1583581234386458	0.21070557887431526
0.5350902203221377	0.20987819841964458	0.6442168531158174	0.5663956980214299	0.45129471109137065
0.19530965664737213	1.0	0.11586625626907074	0.6215671138277696	0.47219921589157293
0.3545143922301609	0.015168585286037484	1.0	0.24051684838228907	0.11212843300679794
0.08339469266762604	0.004727293735377472	0.09658621940400895	0.47344642483192473	0.011348626315146932
0.012184644890942356	0.09561243109133206	0.006905322754348199	0.06903287990577407	0.9182130507043128
0.02947700264262589	0.6821122316700698	0.2613979417761188	0.4089262292337332	0.12288723423319273
0.074332451620781	0.36056656592341924	0.5419445354589021	0.8802654052326145	0.12137897124812519
0.09986672100207057	0.03618818401805638	0.5045039727159029	0.37197087548782903	0.5656421253504239
0.10669953215499085	0.11239031434992067	0.4306308656104382	0.017615314549494256	0.28218565370279663
0.36077390035810225	0.18964974825447664	0.09212684166416475	0.19955964260630535	0.19137416376119146
	0.6527792980097453	0.2772043249287566	0.45317011345701014	0.029242195710582126
0.2931970307486297	0.04302483733885689	0.5358130533405875	0.15130042585707826	0.16459464654404923
0.47630543793997093	0.06709903769299282	0.08040055937142511	0.27837122765536965	0.2362773000184444
0.30644069707986965	0.06370060012741814	0.3211281325395304	0.16873996316968046	0.7157020113824296
0.4270284579923243	0.6520282751449809	0.15052643977954555	0.025222283012861925	0.07925376060278355
0.21920761184874535	0.6787754208420841	0.2984863780356616	0.13846958089222136	0.6174132965068381
0.05518603777958379	0.13748025367956257	0.015015120790925072	0.5677707542909877	0.07539871861085998
0.23501355020227635	0.13007108187048277	0.1607771322176466	0.3599662264391162	0.4066876535492649
0.29255689529248663	0.13068055092116757	1.0	0.15618633915671967	0.0038787514045792236
0.07004621644875254	1.0	0.20120764620623638	0.818633172322072	0.621950891002421
0.1589082948736373	1.0	0.709791144636294	0.3906795287113172	0.9058867870041905
0.22800236304864432	0.038120623275109886	0.0024772258696719195	0.621711259569725	0.4391738789028455
0.17536494972799624	0.3911162880892106	0.3399986568711371	0.18371291570540324	1.0
0.2618718453328784	0.12515113960833785	0.001655755698696518	0.30196760078184914	0.10284488812039091
1.0	0.018222367900244327	0.11322148918553039	0.03565764455901189	0.2120430418705078
0.02745205773385982	0.792184008396638	0.17907828637115736	0.33235369444328394	0.7800905371109266
0.052981706316408646	0.6301062883902305	0.48020036149803896	0.30116024392034696	0.16124241421603314
0.23995614568936388	0.5853534372301115	0.31387969592872644	1.0	0.1467169834096495
0.5818931658900868	0.19798354827347098	0.05401894087408071	0.011156887720523973	0.308368613795396
0.23084674872654962	0.23111986207079666	0.13933002150191323	0.2519294231638972	0.4290129196498493
0.184541867716349	0.3137157320472671	0.0058479090211251	0.25590155072146253	0.004460713543987236
0.035385187515378745	0.5126242490009969	0.12199079491256161	0.20774102836383343	0.5628115092757736
0.028145190898599216	0.3140966999448049	0.7834856945555898	0.20019680552269672	0.3237329376123887
0.09667767041272742	0.1087423694782544	0.004878688320037784	0.5526078107434761	0.2569088532243729
0.3489446629131272	0.06403929129697288	0.353864514639394	0.08583123342536644	0.34260666027574976
0.06550655242601026	0.4808385379253497	0.09398658591048033	0.03372228851135745	0.7009822191873262
0.1222239355119783	0.10366808087829278	0.3247428978126278	0.11430367953944216	0.5023412552611295
0.035272691544400936	0.5046085392574586	0.10094629899383743	0.044225882208703424	0.27769166114021865
0.12331510430918699	0.14788437381183667	0.024370156432804723	0.6205091969947872	0.0371652802046358
0.4999819216163002	0.14210889233850668	0.16364642355047512	0.47592573437012414	0.17300142518163172
0.15048316103720402	0.822640328041584	0.03425458601713833	0.28843151056329785	0.18684484270109528
0.16200631385138367	0.2347646562528089	0.3692707547435854	0.12411225399529868	0.45991998665231265
0.21463162482073755	0.30502169970239307	1.0	0.4819483598219872	0.07662840833970806
0.41723965586616524	0.18922367930242107	0.5580367622781794	0.01897103060882918	0.060976564738695255
0.2805808144719619	0.24945928824677088	0.7751188141576032	1.0	0.007024246769701089
0.5048638446276141	0.3603146911761612	0.01100708413565281	0.4500741178224181	0.012879643611068341
0.5302153428410048	0.043499097679070745	0.2572146377512937	0.05442852948012523	0.08075466103685883
0.5951883466452086	0.22026126355866957	0.15593571658513966	0.17758647832021446	0.0015556560196449065
0.27319510372314854	0.07088563187419952	0.6436875739563923	0.3989401973093138	0.25505297319130954
0.39462837389246813	0.10217084274480433	0.2958093626804007	0.131246087397071	0.06302334243385559
0.42988053682196115	0.9215207052730755	0.5060199239331359	0.5563207254098765	0.17131857765923011
0.07339488087141363	0.04166120876566257	0.3412774679698726	0.1644380587229021	0.1385656021934652
0.010803819746501336	0.039509629767591065	0.11467145330752311	0.031109322006191525	0.2693420590891833
0.25348694639955627	0.3034035897931882	0.20701808044260397	0.2315031708348666	0.27843146668779223
0.3805035932817738	0.07860581551809634	0.019729394920075756	0.3744427633921438	0.48509370552972336
0.11015570982434804	0.32892630812234064	0.0874184069441099	0.1904439196597387	0.9429992560288327
0.9338948947945208	0.003452401096683082	1.0	0.023939720476717285	0.08075847812034731
1.0	0.4260419349843332	0.48040612542103656	0.05621765210899538	0.0002462135915849322
0.2667640566834763	0.04000183632725778	0.06998025850750754	0.1237858395320848	0.7292229410326914
0.8468888372971847	0.24026726034387752	0.27906106922095186	0.616576201012652	0.37395167311283123
0.33434197747969757	0.62170871463731	0.04823633120699335	0.07365176990944575	0.5413273387577981
0.15966405619886478	0.6589946964875127	0.981519223414796	1.0	0.36408185360453243
0.13279016082059739	0.03333623406026112	0.08778367103214746	0.06742027070254066	0.429866965237147
0.3859363424333532	0.5294679796714716	0.037465924426730655	0.3949246334141333	1.0
1.0	0.4139640212622297	0.036122654131633784	0.1890458591868652	0.5894343544496095
0.3279495279431202	1.0	0.07642273065327662	0.1488283509214197	0.8121236021117285
0.1588174609102197	0.2071871135429406	0.00991448002554973	0.07739543326342783	0.049299379354311564
1.0	0.0028185321341938074	0.33188805463974497	0.2111677511495095	0.032297369157809376
0.1564381800837738	0.1293792431507701	0.2532966233398627	0.15021405209767807	0.3856724371291324
0.27261523189869763	0.038402295152173034	1.0	0.04112656275999327	0.03886633166071522
0.051002523115528185	0.2811651697634223	0.26417831588951757	0.3275983842893436	0.04582989825099759
0.38785908060558233	0.2042764118874902	0.6229102812326293	0.22256220700991977	0.1260292670142286
0.08165256981312106	0.2924902169640616	0.3640029577819479	0.09634063987167683	0.10163172465301616
0.12736001064392843	0.013904362685681192	1.0	0.041658865742452054	0.35967548190010007
0.7917824786194985	0.32720084060790516	0.17662758234317122	0.8671634515926334	0.4261570966657397
0.08847633545462498	0.08915648965312765	0.2794626181341835	1.0	0.13938488680660627
0.4118859872312394	0.2352871982780956	0.11057650860982525	0.22361099916429794	1.0
0.2058164214445277	0.453779158406468	0.2627100591421872	0.1830290190022005	1.0
0.06418245423635441	0.0068815939339975755	0.062190024196981226	0.3309840812877454	0.023264699030018484
0.20181257849622394	0.9546257017547735	0.410990227657782	0.0546104718296156	0.47594752366147963
0.29189648103802907	0.5022388967651678	0.9244544317749521	0.5057516976471554	0.24279534868020333
0.026469562601550433	0.01672476689357273	0.15107458836343504	0.0026189482116639427	0.5605203189281281
0.2149874669721608	0.029927182464420526	0.14664598400624487	0.43304319022033655	0.02102030355757057
0.7489941317595248	0.05474702524831361	1.0	0.14280470034124162	0.3949638747799942
0.7774201597114525	0.13216836046407654	0.03360864268697062	0.45504478971066525	0.710361593823452
0.01286212851141368	0.07703185233702864	0.20634444363730212	0.013547741626911943	0.6261712541814471
0.13502255249636874	0.27173705108087487	0.03920703213622582	0.45232880805986514	0.045116214478611714
0.0013897143402818676	0.42157610776649834	0.03927528441063311	0.2555809135724249	0.0742191159880304
0.04080094553432698	0.1400466500266733	0.09470019163806817	0.3650202383175021	0.5490528067746895
0.0010189020877543796	0.0827154680509784	0.051563567724544596	0.0754662345488881	0.24490991373597182
0.671888226582927	0.3597241557809508	0.31620659667086565	0.012036698592062155	0.23370290161493928
0.27713418224855624	0.45523652352400823	0.26346722229712455	0.16511696954628893	0.09476032058590003
0.010747217246559752	0.38219896651270396	0.28154012769815784	0.26803829820301717	0.11326210901511571
0.6557650840431263	0.651290569670577	0.2970048345884778	0.7971897730181834	0.6457864720465303
0.04009432117952972	0.011456742293922568	0.1916798137984959	0.1421320279169823	1.0
	0.20668056989131278	0.7317218506828465	0.08319163165355173	0.24315510382537836
0.08060075040703187	0.12648675863986225	0.03641404085625909	0.012673363195984376	1.0
0.7675890061272818	1.0	0.11746161626312937	0.1663721793715456	0.1555534537125223
0.04941415874850074	0.3109724782955766	0.22101011539795273	0.06319059978900372	0.08286151153152259
0.244097283899052	0.034310074696077296	0.06088017002726162	0.3719634788267778	0.3690361646070458
0.0598782597517556	0.4190810718071986	0.17516178970603802	0.270010470977378	0.291556373969929
0.27858850284362763	0.09778981093115327	0.9067105901954515	0.14065658876225234	0.36282943671456286
0.28256824345315945	0.6055192163698054	0.008904533974601695	0.35112875101546204	0.02482972814455848
0.7627123018921281	0.06192412840661011	0.3789438521878145	0.40695872238871195	0.150245557034369
1.0	0.006378367324912989	0.3172076494297605	1.0	0.9240625791456557
0.02317528027748101	0.3047824518372345	0.005194274135653755	0.46389080840083363	0.06379632003981281
0.6234819904972339	0.2442975367696295	0.24846726604006134	0.17389577191648972	0.47782949238821765
0.09686576669321866	0.3994110759908138	0.16764023903125605	0.4243951665918629	0.24274878825952334
0.651896181993607	0.4146037488665599	0.3609402855658132	0.17741961864870542	0.09040793058581859
0.03792222135549163	0.8775658939827115	0.525859946563716	0.09986137382396136	0.39437962169900254
1.0	0.05599096283869858	0.42911326378193326	0.1408924460911308	0.33771983346769935
0.10785361929161937	0.2181053146742329	0.23409400379873055	0.26756484413553727	0.7406441994900457
0.11047485126780694	0.07786118715199584	0.6480852063323855	0.09610514036537363	0.07122974271452717
0.39477112408761567	1.0	0.32366076312180025	0.24000127966383697	0.021797705015641967
0.1397738078792348	0.16405979090344322	0.5212676348309914	0.07332102282647504	0.015510626664655467
0.46946591281241257	0.03202148724171228	0.2885487364106216	0.06364413286781691	0.11820994256240541
0.4042730159946163	0.033161154163205434	0.26225278391660434	0.10094405145689171	0.05678220106037005
0.0836611371372017	0.2724663684765473	0.39952249906311954	0.5822757997360365	0.09637943185973034
0.3234103622831366	0.15213490266855748	0.053848251835159226	0.03281813231436675	0.043680628792907586
0.24785804814766785	0.16480966933520783	0.701422651211867	0.2773888904280095	0.008214341168088031
0.15126827858142397	0.0917669088597162	0.6210921691264121	0.17703793857976122	0.879903623277965
0.08679043016035987	0.2506701718444559	0.284983716583562	0.19952800376253763	0.8510145812364877
0.04424901599396276	0.47531848331455273	0.03811125284927695	0.3242965212259299	0.6129424834033602
0.22687422247299674	0.0388083995099476	0.46510562024588586	0.17325167277758044	0.08794280109515565
0.37132899268137215	0.031235236873731684	0.4508253926689797	0.131517242480688	1.0
0.11550967146218338	0.6509800524084283	0.6445145857337929	0.7356206274213563	0.29503854347306896
0.5967938930318648	0.021634256563795674	0.01846209951404911	0.2271347336536415	0.00766858051732347
0.11022068740225027	0.11539103486957596	0.23794324542743592	0.23248893874113485	0.5849474316685764
0.07100897936488043	0.27704404118176557	0.02787237368269956	0.09733336731875583	0.15767637833277778
0.5209129104985534	0.076994747681494	0.12001879602387315	0.9290690713917434	0.7044551247389784
0.08028176685217242	0.1873743556445889	0.1932795556479199	1.0	0.05280982013934007
0.5343950977030819	0.0556165716618421	0.17149127803023165	0.7805575315982329	0.023824178845163056
0.6835960372815905	0.6637127374337976	0.5174885636064908	0.004526545740541648	0.17578784234032271
0.28273698677657727	0.36452124597856767	0.20143365761788662	0.18499296843610039	0.1778434061760725
0.239813349166925	0.08518626751263124	1.0	0.050460659875834896	0.3415113760071268
0.2504217927123789	0.0939308606393648	0.22468346923743718	0.2716679110407339	0.026888988267947136
0.29235771255014514	0.3670741466316255	0.34854674461333873	0.09505568298606624	0.058204640171470146
1.0	0.2812647286473507	0.07877646384104416	0.447333158768707	0.07454535926747805
0.5367371940368892	0.08152499974652003	0.38326316046761405	0.05601100012189513	0.08944733318944041
0.08853997578953628	0.03220661075558769	0.06094753871612341	0.08111807530718336	0.4678174012213443
0.45636447630233445	0.8535788116984265	0.7488138607760737	0.1183033737938736	0.3880227751529805
0.026524997491683907	0.2620978263901115	0.30046480078223387	0.007262848355569655	0.46323383597917756
0.07664810867397512	0.10517489978039216	0.9026507958306796	0.29158683802016283	0.08576257525127066
0.5371281688397674	0.03592616651997205	0.04505730796233145	0.07088638596613668	0.7021648813041899
0.025659429988945607	0.1200737153029412	0.5529180854993561	0.06705326068495047	0.01655404735644969
0.7776667755279855	0.6002028074322717	0.526146221257142	0.1815706562182733	0.10718629211192525
0.15533460763706003	0.1089020842878003	0.08473202316822573	0.4321435460865261	0.008050421142281895
0.1386854550839991	0.15504781562365053	0.20961606950664863	0.07844612529375611	0.5039399054025882
0.10304605928256096	0.1902806939392783	0.19487820012146587	0.11256961823746009	0.2686692085274496
1.0	1.0	0.12465479263386078	0.04819942597114848	0.06049144195022231
0.09384193931974247	0.13726642967160996	0.17800496227092008	0.3258840496324518	0.6382003239292536
0.2278518356406028	0.4050025100666363	0.36407962950545536	0.018578436549951356	0.7116318206139148
0.36258209549342046	0.26766642826086445	0.19171580912242345	0.322647671953337	0.2561006684938248
0.01281050324667868	0.6276596826616981	0.05591128557651687	0.0074278210498626325	0.3824796290929808
0.17147027612213844	0.12235100678102045	0.10040088037694295	0.316018968961705	0.7477378166173468
0.06875263676394586	0.5005517418927382	0.10938410960396729	0.5305721545813511	0.2165552647286187
0.31677815927498615	0.04036871065299564	0.3704920199462115	0.05846834999107463	0.4761228809863224
0.38171477102545376	0.13228730081840168	0.15014103815777427	0.6851930749070394	0.17644479588176307
0.3483266673112952	0.03169101031478712	0.012444241509994675	0.08877068643154219	0.02027663904920498
0.09547306358677697	0.24481077973805623	0.4732652268978106	0.03930529774479811	0.5187141399605355
0.10009411760231225	0.4603633882517279	0.3511526270326917	0.10110887860103081	0.3354042870697454
0.0872772763589592	0.07978102920217334	0.07409312515058357	0.19585715903802464	0.0363358782655972
0.957695414897096	0.06718735873729838	0.31567649922322666	0.04211745187571345	0.20795970868208183
0.5942634539403197	0.21789256147962704	0.024484415945943083	0.21363468151820575	0.07324112866901407
0.1159046966343955	0.08204214580278951	0.0028117762627852725	0.3539085345705557	0.2598586092672213
0.3536838916505491	0.07076637295101071	0.1737980518674144	0.8781681455844502	0.7823889399318132
0.5591309763253604	0.2782418689408582	0.13176922974710853	0.003198895697225695	0.1827343447290645
0.9507625873186939	0.4289412663870353	1.0	0.7510599855656356	0.7360729906677973
0.001560902297079082	0.4005253516645143	0.30909157651093694	0.1656523868321467	0.8187215187830129
0.7372241930047544	0.019685049077411147	0.0018724835194998237	0.42122568421059137	0.32414426226108134
0.4115663626867885	0.01009979961557702	0.10584808345724	0.0853563862349174	0.26328378893619686
0.1250304198994197	0.1433498380893314	1.0	0.6306357810335564	0.07450676115979689
0.397161236953362	0.08672041110973035	1.0	0.04036317991469806	0.41264982827521907
0.6317353251358236	0.4218303965667146	0.4887890373233014	0.05129240914541867	0.07628684193341602
0.3007045917316009	0.07170876672877484	0.3417292808105942	0.1011137444837196	0.2234548314477198
0.3608706474412388	0.23383886310426968	0.08364649576676868	0.6360333451979896	0.2725033021513951
0.43036496386536666	1.0	0.39789503143995136	0.003946349035783106	0.32482410984707843
0.04119758718946401	0.03746688074232245	0.7577346441295751	0.4970595880620659	0.17274665833128378
0.9985422760639218	0.049390522993475405	0.5998220680477566	0.1649916111322387	0.5566083472576989
0.28312216176031996	0.014407031375280148	0.03671630495398089	0.27908890500350914	0.07467797020792061
0.00992311397475843	0.2743413502679504	0.011799518411687578	0.10177772910262778	0.30778827174715484
