X0	X1	X2	X3	X4
0.8595432942325445	1.0	0.070430104207836	0.00519691565590696	0.3533094749953637
0.34832576287910477	0.026359167523638583	0.07876681793483263	0.11797756515980966	0.6193270793088931
0.0610057855042634	0.04087222819456594	0.03507507193206645	0.7036803767844293	0.08327627866550863
0.8423238323602691	0.09600353410564566	0.5226991345690887	0.0596165843801711	0.18587465640088394
	1.0	0.20902912494245698	0.11305231000703081	0.013891778481988177
0.08455470114953842	0.22536415061796308	0.11006176959963854	0.19260875656548512	0.14803348580222597
0.17308977159798475	0.25768897370524385	0.2754898080409237	0.394752136866602	0.34889245088163257
0.5007502490518708	0.11085488247706801	0.08308015437774231	0.13693774136495518	0.06566896221142761
0.2300715263071218	0.3733201317784701	0.08762925705418252	0.04261558544495895	0.032205428281176195
0.14400322918172773	0.330525624475328	0.4903143810014713	0.3984774074622269	0.11013148249162615
0.4813841090708749	0.03982849910718283	0.26121094136148426	0.1008848366947587	0.18385065845438697
0.07593753063656701	1.0	0.05611060829165523	0.3476611057966637	0.04020661768837623
0.11210574843648005	0.4934749887209819	0.23481327629669832	0.23047724470987396	0.28917275779748286
0.17633118136428588	0.1721254548698881	0.022395001286779178	0.31987734922451044	0.45014967843038245
0.10431868085184343	0.05484546991393453	0.3665409774061738	0.6804353336275776	0.6725861113008816
0.052981193693673746	0.40282431838992167	0.07842288017721223	0.0019638027057205555	0.005348130163540572
0.42529071150891057	0.128485956071222	0.34026477481302037	0.3161843588413753	0.08068965959194695
0.0463192078774526	0.2811022615281591	0.0219007281276864	0.46415626822113987	0.46421955109481916
0.049320330226457626	0.3553392289564218	0.04345032192205899	0.3356173172882331	0.08265908801045044
0.012369448877523191	0.43665784778121786	0.12578269052117136	0.0014123309543101169	0.03670415928308546
0.08260282363045204	0.09812163675170019	0.20883054687842545	0.3011232911470068	0.6669974787992152
0.3105183273751754	0.14632575918123544	0.26753014292038974	0.24340606826533995	0.0907500236331988
0.42439023368090156	0.4565937190143286	0.11513414383669805	0.6686838619546701	0.6728685195987929
0.20961516268631158	0.3075440669525472	0.3562063105082897	0.029281583281335996	0.16328900474202376
0.667012303758436	0.2014817509978055	0.45944265471891543	0.03689102192975509	0.3220214671315558
0.11555194566665458	0.23982346194824133	0.36047962258444477	0.207129474633825	0.2947242515767166
0.14353732803840885	0.07969391402208675	0.283050554064469	0.6215534141767668	0.15909168744875013
0.20897258922152626	1.0	0.0549662719109563	0.3440859130198767	0.20410560926350785
0.10595870820778792	0.3204837811929277	0.2356946893731529	0.02455211032336083	0.265330578893897
0.36504179161694444	0.026935337761878935	0.22460400400855848	0.06613410141035918	0.08925596781931257
0.20644876497633594	0.19916186939475497	0.29780688749483514	0.06817445343342379	0.15491009991677765
0.08839209029695204	0.31905361616994315	0.2509098336069266	0.04335176765491098	0.4569245598795232
0.032320307840590236	0.056890871089060734	0.006337527538472928	0.2782640956052553	0.11260409786373264
0.24744013257147066	0.047687346292790374	0.15644662610713697	0.39510868873761756	0.13613646967096135
0.18422732475683898	0.22759331800473367	0.5695526922425042	0.057968352879694415	0.14556751802832257
0.3642283694341805	0.19031138596283317	1.0	1.0	0.17739510411723833
0.10391934270527572	0.16054292773572626	0.012893318665529731	0.06276282151199677	0.040900371827457815
0.14428554276457983	0.36592435232317067	0.01827422662009355	0.12550186526156404	0.3184926310604934
0.3033254494049993	0.1620008358258083	0.20685430904709856	0.18759154130135855	0.6064487551196894
0.10891481950583924	0.18097001246186054	0.6973450842998813	0.7663723417226435	0.7155276210483258
0.57274995936093	0.19523051170267813	0.4406236834524986	0.03690032831772005	0.1992738334635341
0.023699647981629185	0.13955104929875425	0.13095787881993454	0.0828674581722502	0.22517789445799583
0.08981581038883518	0.034098425495832224	0.48538546697445956	1.0	0.03224625430544027
0.8916548800385202	1.0	0.2844553679140387	0.0009560319394656165	1.0
0.7285834158175349	0.11354548132813522	0.5664086706560233	0.17169855195027067	0.3657394922086867
0.5711072869981039	0.23411100552656078	0.04827736649453721	0.1114845575739865	0.16813738866284428
0.1895996668222944	0.2862609740333368	0.03660083997806911	1.0	0.34411768051315333
0.36569361521533633	0.6504995077141225	0.19416924823379308	0.24146195577930585	0.1153278024551855
0.43147094703527783	0.5759170966203332	0.05867814545947844	0.6236639642139756	0.09367188851211168
	0.06498473234180735	0.5803036420083046	0.19106007709284217	0.6063847967434388
0.34148281404113595	0.4152462351276467	0.1063856389859942	0.03933345527999168	0.023153833740354464
0.011338024596725066	0.05895181551065671	0.17455969234391394	0.10780704585339737	0.2851774876470216
0.1665617780126702	0.2363099161600524	0.46486339999678167	0.15027168124001242	0.3992594074815534
0.5209062169663673	0.1062460448941181	1.0	0.7392702917747204	0.40613299135705333
0.07231469277660503	0.5988594452852815	0.18383071453605546	0.22051220598744636	0.0028196997904061266
0.35942120983496045	0.21460166185159324	0.06890389295757297	0.04895953607005571	0.030201103192313464
0.09295648073400291	0.026627955428745298	0.08070105533377876	0.09561744200613129	0.18678175520954568
0.1874625052149732	0.24712060543692302	0.42429255642125	0.18583996462593216	0.6030637484840727
0.5218133717855851	0.33233880605657523	0.36404081106358654	0.13783161012537595	0.08818290025590211
0.041339227790358916	0.12412178342456259	0.47775949106687715	0.192685298738992	1.0
0.7894425589394318	0.2581530576069716	0.7316729614874731	0.23079616041904455	0.056670517832343975
0.21578994770702953	0.014419333419577175	0.039764937828340036	0.36571271244191556	0.09709407508782134
0.13411680540526527	0.5825770343536195	0.08407869305104572	0.220862468955408	0.04459572768147036
0.9789768969534378	0.35303211695299547	0.3663035118775266	0.20228716591575802	0.12325996360904976
0.6276270158139138	0.13992858324482282	0.04607167949016312	0.1624817194889709	0.12233463687951317
0.6152000207735737	0.3026411876216802	0.06757374622374132	0.4962530125726441	0.12151745191753777
0.0749081485635164	0.1715220601762369	0.12168362422023993	0.6770857178932541	0.3952703753492922
0.396841300936248	0.5153067242666697	0.19479466173822	0.0032643138139837303	0.9117178842661242
0.41642219606526987	0.023212527359576483	0.2659968527943657	0.7277275339068789	0.38072707740402184
0.1579367682293721	0.07823029870840918	0.23744055058422633	1.0	0.16045848007015073
0.09862260650236315	0.2873598157872488	0.9737793647009	0.671008211127691	0.8901551518251473
0.05452860318291706	0.04809796135555489	0.09751333008206046	0.18329984946890887	0.17708367132005917
0.10324598151781206	0.08054939633632444	0.07601989109182976	0.08506981667342578	0.003634250707584442
0.34757139812574167	0.02827533191960409	0.0362794017881848	0.9749383092457491	0.3172073729494348
0.4537966853058177	0.9811643773967071	0.29800859166570765	0.009952961318929157	0.2227475375523548
0.10089708170213338	0.8121988515510215	0.4335731359706578	0.020039684862645003	0.39188688155534807
0.0043188563903157175	0.1075444650675123	0.7378805149401984	0.1172926578837718	0.25561640398545304
0.4922345886190938	0.1011365098779174	0.23079809952238484	0.05649073595431299	1.0
0.12378316022480382	0.06342247889652694	0.19145929521557536	0.1910521388283231	0.1880865509992967
0.54084837444595	0.4110859838021291	0.16255257222340272	0.11820958937342696	0.255400103466072
0.37002366676345794	0.338570309375062	0.23155661498169716	0.07592999809494408	0.4820969219371641
0.13323751969137695	0.6537717075270074	0.09983872054925196	0.22596504194973632	0.5627444342202959
0.6961198869615574	0.007213019943329329	0.026888210578455033	0.10155011755893974	0.012669920535880308
0.287260425580823	0.45305032326821637	0.7504856970975624	0.27118237694258207	0.4040656652798234
0.32990296958458126	0.00844940797702324	0.023725089149637727	0.5402710013172936	0.35640439221702896
0.11799348193630933	0.15293223023813066	0.5697898238030766	0.7106697802928147	0.15012070605565067
0.13927327286501295	0.7810305587486231	0.22632476710375163	0.16596828518545448	0.5771426976216476
0.16099296970323532	0.1988982643134212	0.29630826262359256	0.6938170082967804	0.48487309042006177
0.03897811170332948	1.0	0.6979647979413596	0.11168985454715027	0.4615425836040852
0.190820014733083	0.473230843091367	0.6524690560433211	0.05276679522983525	0.31139012917408215
0.29004892761131	1.0	0.9667784522528868	0.10796882835439466	0.3139963596977548
0.01901275436675065	1.0	0.22980446428074616	0.2792991718903294	0.6187091268393548
0.6190868176566776	0.4912130875365701	0.09799854584437431	0.12353617837140095	1.0
0.02464254611319169	0.41186567543075	0.08424119961862168	0.24717087093301182	0.13711538324508082
0.47623987734550005	0.5366822291213973	0.2638536589061656	0.0009003290592282106	0.47656085664733766
0.03914665155031395	0.28302209628984976	0.5491237440743456	0.1807848188929631	0.3869881836306807
0.4832510397383915	0.15698909001756872	0.32050604053814663	0.36213457016133566	0.010606905400218046
0.5087399671966897	0.34912679562633164	0.08034256948958228	0.7196320703134712	0.20606766560122272
0.4088319064202424	0.06766375189069611	0.23652470222554892	0.4532339584212354	0.9176492234260063
0.27401453254946545	0.0847197324609896	0.23505904559728705	0.10894008921036313	0.1375825460396806
0.7034291106178249	0.3166139144957857	0.2211762262885167	0.8592794334250521	0.4553944614772545
	0.26388137755347923	0.031318958843444294	0.1936158875361913	0.11797507275710709
0.11177776154611833	0.26414995099717703	0.060429943491111915	0.13289420225496318	1.0
0.1323547571224915	0.28042216130876285	0.0657566653464665	0.20803567871220538	0.12138879191307965
	0.09820041075270465	0.1604681147524521	0.4926958513603279	1.0
0.09603875867865629	0.6233369797602185	0.11111060954339053	1.0	0.1395808813587239
0.5776653806958696	0.19877143627346613	0.10451426589090086	0.17471823144453735	0.05285285494711333
0.4788004552755813	0.11177344307342658	0.6684168084578639	0.4492172365431287	0.31048767432765406
0.14157375922655152	0.0705501823607424	0.14657963947515998	0.01722406449293608	0.330121971059713
0.025387750605940763	0.095597501906366	0.4613879403296396	0.17747330443417958	0.011665614203898335
0.00252652195613956	0.17356897728816167	0.043929439540236606	0.060741431773975646	0.2581121210371746
0.2960767166130247	0.3858314221997733	0.002553636983936422	0.20189394806490174	0.1044422208624747
0.7367568832339408	0.09943944492199024	0.29416603512753653	0.1604622827005832	0.11852030499883623
0.7311696782615021	0.4979167938831204	0.16859693996517153	0.6166549972019234	0.107635916096235
0.4438984712446969	1.0	0.6370422122499103	0.08194543073472595	0.07354533525568849
0.29801196220677817	0.3756802940157398	0.11989156170436864	1.0	0.14258958884092732
0.5569195851561275	0.9137561799886453	0.16253903233971728	0.06845630605217318	0.10708822233487694
0.3504078984406906	0.3356860460272614	0.38077209514995913	0.2469003517213575	0.6013076752840288
0.3596633521308035	0.4484133263508772	0.018447548321421106	0.0836850020971212	0.8014287476796151
0.250331187549646	0.07952826616384198	0.24530084960354742	0.0036035671344455383	0.12631310370021476
0.020118714619627078	0.027925414611555465	0.28599231188386287	0.04105396473489408	0.5798333271550944
0.3017626700747739	0.7109018955231171	0.648084025489695	0.05484629764633913	0.12494752580758148
0.5704566029189101	0.6327459598937586	0.02321978421221621	0.6338761947442054	0.035516659854852
0.0387377500220859	0.14223617718593304	0.007151378778771205	0.37686562075618113	0.43383187906479254
0.3212224114118412	0.4592246371516363	0.3576433708844935	0.4875735474026165	0.09638423507483798
0.009045497293127714	0.03331358057234584	0.9389815637584031	0.24291926909310896	0.10098121735095157
0.011138824069476135	0.10395760846332895	0.5417680785134502	0.6819709620938478	0.1460754125723809
0.0403873238247095	0.24147051949809448	0.2790878902735251	0.1834896182316664	0.16881173988480677
0.027125256008699708	0.015097977890867876	0.4660151811845006	0.039576093633778175	0.5908985126350192
0.7628299013457656	0.30999970741466654	0.45283463545156566	0.21585294686507406	0.5498407532663102
0.6748314887440526	0.3839361754430424	0.010845183882303653	0.2154015730359329	0.3229209575459791
0.03054307583504715	0.10932798106212846	0.5556020407575949	0.04299172417526863	0.28318116885757033
0.7270643065167691	1.0	0.004012711274159843	0.2594029873917847	0.4259369998867205
0.020760098207837505	0.05617969502709643	0.431375012106145	0.06845785786734021	0.08210219173098206
0.06165466515166157	0.17160440707796767	0.09349634967118715	0.10588934183265138	0.015796642826798175
0.674041052351361	0.21770628190680158	0.1009169557646234	0.02291208184827606	0.13165713552957162
0.0945306823597404	0.30139573371819106	0.40881068761356193	0.5849018820254706	0.2736580423106794
0.23384498257746889	0.05415542759743785	0.26174189756478855	0.03436574657338971	0.021736254810558773
0.43414075278915576	0.14785844887029131	0.22370291048272342	0.004098100416974946	0.14725574544547715
0.038031542349433685	0.8638531465980815	0.3492499815965652	0.8505021001099803	0.1451710508379725
0.12748077398698598	0.13779849915506961	0.07838618659360497	0.5375290169951618	0.0635012470165123
0.005788522129945696	0.35253304589995177	0.14920970833487598	0.04615385963258417	0.14692752101683582
0.6417995458109509	0.45964276476836985	0.15406376015868256	0.21723510034261848	0.19963941339597108
0.2309677772015225	0.06853283632306126	1.0	0.021908634755978224	0.08943739536075156
0.12290211825639985	0.1383806640239753	0.057722026040801365	1.0	0.47427968034051293
0.5606521338094919	0.3051062018895131	0.02222350513162776	0.9009398357924211	0.046063811252635575
0.17528727946206732	1.0	0.8678679019672638	0.2112441332773	0.11662013183558774
0.10967239670419539	0.1360800028684754	0.1455008210984757	0.044856890939887095	0.18959518149103446
0.30082227790654154	0.0732140165001342	0.42179746880185104	0.07070797110513008	0.16670731384705584
0.004909275834286522	0.0751838105679498	0.1424283065713219	0.33881346273283247	0.08278460594070099
0.36146241129997353	0.4675285627415046	0.2940512293162124	0.3839864511128098	0.14570479022926733
0.9322355173459745	1.0	0.6822051791260654	0.32460580052973587	0.25039648105256596
0.07828558026379594	0.21016502980405188	0.14146589457075157	0.5840368804381909	0.27121163057531983
0.2372612076287828	0.06835294062275214	0.09445620111749899	0.16098702774492152	0.06132150094691749
0.07133414553149306	0.45756844979013256	0.35366586636012826	0.5293516506585119	0.11024965238172173
0.05800690983452194	0.19008491181887127	0.34002289468976626	1.0	0.5785661798159156
0.40554578560919946	0.8323289620338916	0.0409469848620991	0.023506553329171165	0.11664809150683726
0.37414949777833956	0.015416831796918	0.06760452342733594	0.014160709975488073	0.5024899833870436
0.0838524696764464	0.11940360730240421	0.06358024185027138	0.02700390975858463	0.3826284379314993
0.6503840349696318	0.03786349291851986	0.599906666689843	1.0	0.49379999758213355
0.08612548352672976	0.053584986519599136	0.05751130331729325	0.6012729900655028	0.14213043746736415
0.2222935976322496	0.5302428442080215	0.12407006732015728	0.16972782029115016	0.020787031773399245
0.4626077162554342	0.5678420316150895	0.3041994197625785	0.0496957380364373	0.16734359196398046
0.48549006515055115	0.30166680946941543	0.283652842322087	0.05012833032241512	0.2181661996931866
0.14829074562898123	0.07033456423338723	0.3942860559840054	0.07249778928029812	1.0
0.387804314922985	0.009523247467746342	0.04622790151873601	0.7080272685441368	0.15471749307204186
0.25921864545347995	0.21329429065055142	0.05412912877209044	0.12737378776790845	0.16628911185776551
0.3225477098672243	0.5532399467773619	0.026339013204785964	0.29821536876441	0.12624734794601097
	0.06029383772177961	0.0486819378878094	0.8273401892906286	0.1345485429258777
0.4425467490698775	0.0037603997298806375	0.17744139143251314	0.14789497083507347	0.5461459618075986
0.31473116306227705	0.07917840382128044	0.18120402762653456	3.162524748780522e-05	0.20865108720339678
0.13393295878783587	0.09533304509036891	0.09667433704178612	0.2995374937835763	0.6026323165576282
0.3836067757774465	0.16013836071254234	0.08201934769397015	0.22329992801075318	1.0
0.010807035039622074	0.27902201805018273	0.06750485327028746	0.048746312012761736	0.7384746761401155
0.3286535725636631	0.3023906343299979	0.6391290196149945	0.048998377974316346	0.23005707326810576
0.07173824192288873	0.35887941529767525	0.06388827428183687	0.11951323932964894	0.16588353464844718
0.3646214234334429	0.7165857908245696	0.18745949481394458	0.0955979773397097	0.34354297579411586
0.060082808828900214	0.31882134397149314	0.41830770847567816	0.5627926646029678	0.05478741086778498
0.06541526453717267	0.30994640007717017	0.10385698033441067	0.2060667282018514	0.44321725192224054
0.023490364621614773	0.15107912869182435	0.15324251410011847	0.6290086544448236	0.18608196214107497
0.021714126914225224	0.19275109408325714	0.2214794267905561	0.011286377049293323	0.23362090611969089
0.0750694246196604	0.41029171089422867	0.0063674931785232146	0.056592016789469506	0.37701124573741546
0.31355590572013364	0.21024351040423925	0.19874616788345922	0.19020868330747684	0.41516057759467423
0.007253504404144289	0.5832102661083675	0.031209827237724024	0.3874743738271184	0.16474359960990873
0.02236386100355284	0.2277448273014631	0.05948040229281976	0.14871965190295583	0.5658401723083868
0.13200759517226496	0.22012547237150623	0.07477696864014245	0.2837734942458354	0.13764928497108644
0.05766199542391351	0.5266994447535627	0.039909144265234286	0.03282463897811043	0.5534057566974532
0.18706766499637398	0.6842885593506941	1.0	0.5428681301537357	0.1287538034764057
0.8912375189384079	0.18606093428834491	0.07818554159654388	0.03720272751208533	0.2275033849076687
0.7698748773491981	0.5850080376465798	0.06225011600207297	1.0	0.20251418574045188
0.026390240649132667	0.09936400339082978	0.011042534027094575	0.23926859725243027	0.06431047822229818
0.5242814969613152	0.4367200433724636	0.21139599082672947	0.0446821518429012	0.08821326099375998
0.6457720662940353	0.12402842692740229	0.3116585087723258	0.5702522992907852	0.06450314526682405
0.5088506590507821	0.05866045080682372	0.06649729265807403	0.09080291888788931	0.6103138832360736
0.05181460666091105	0.9139397560618476	0.3975449145496248	0.11556750127443531	0.3156462228335932
0.4933930851076923	0.2606469998693953	0.01983519981721012	0.43572041286087737	0.5290036028800935
0.229342567340753	0.7528006542798888	0.37448085044216256	0.24025580348442047	0.5035434417233319
0.5512160362647377	0.08930999269375128	0.5342677596424901	0.06695347067413436	1.0
0.12028631506744537	0.12169962985271496	0.15004710430743107	0.10600663230889616	0.12139963612143122
0.011665857528404487	0.28309856989764887	0.04972522458248222	0.5289422641230577	0.9964031664601524
0.016170211180727923	0.4954183593149614	0.5327459896517897	0.3717755746849795	0.03141116412726342
0.22838683088333125	0.24467415521215596	1.0	0.19529899457026464	0.12354443012654223
0.11872673248585808	0.3003097067435026	0.42356503077149393	0.21058810119592677	0.16562577552219152
0.15124487870214523	0.39749869981211483	0.5072961191855929	0.11659106395238578	0.040979274537366585
0.0734470116206899	0.3201454910577613	0.16209723485096447	0.043465880697819294	0.46313543953221237
0.2455390349159742	0.345018034548019	0.18414070378811426	0.10221129234656175	0.35822219687187856
0.050906615130379085	0.1637633689881622	0.2391702818303277	0.10828414978287679	0.9223947932445326
0.3523832025489773	0.42920476305271993	0.04420101604977815	0.06483920101925711	0.08670114304009396
0.165273419635925	0.7605595373896737	0.5074518440484213	0.11535376701151859	0.17419340170583383
0.3448213592888194	0.43645702367993233	0.02651382945061482	0.02748483297754061	0.4052256721519346
0.5030598911451639	1.0	0.14624514963318944	0.061083802525974826	0.12291693636978576
0.8993539927964873	0.21785109837750719	0.20361772254567675	0.4356844541856595	0.11625502524019425
0.1416745525392541	1.0	0.3834225178021634	0.0003045105513618725	1.0
0.5246311070720393	0.11723874807045881	0.16404072285367102	0.5679724227534453	0.19629651648511748
0.05328779051336669	0.11511779503484941	0.612458144704487	0.3376543689368376	0.17081250967986647
0.13672496295749595	0.10483825765363687	0.33486144772468623	0.09938008124740613	0.12994622915593285
0.29412265361325723	0.3033235976193225	0.1528203007143532	0.6500905630727717	0.3827318083200462
0.06691003681246582	0.059352746063023994	0.11530775340258918	0.44113932010318824	0.08373084981706576
0.9096391030318679	0.1713165709706416	0.638764338593676	0.0978792416891354	0.4975055370776306
0.14638851059570665	0.6783105054150528	0.03450156478461593	0.5950305113072335	0.28502176762478065
0.07449850931676481	0.43063330323962756	0.013944357744087123	0.17362312985791617	0.511658600455186
0.04401217211726057	0.006961846411899221	0.5934105025569517	0.021159912090299254	0.2386836139119537
0.9993709805114318	0.3290757030922971	0.04947102832483405	0.11547866719695984	0.5328324206043811
0.3114846127262606	0.031759739478322016	0.25385297881468094	0.8142800988680321	0.2840102132230547
0.5127288001874825	0.35699084216153404	0.40309744168200845	0.28479642141683154	0.16949792401746203
0.15981151552609674	0.012751308506656992	0.054124247979090365	0.48583837162536364	0.11337820704294993
0.016058553002006575	0.25066269926869944	0.045145911771084055	0.02405161855198192	0.14156963541803297
0.04750668169807922	0.0122309568258915	0.09525597098096607	0.004980149307724956	0.006861187095228003
0.18762336900209928	0.5814777775309237	0.06860989189254539	0.05323893460174349	0.14122114736445313
0.29954801888421506	0.15670840211707035	0.2880903350869615	0.3220307296878826	1.0
0.139352466205215	0.003662290324001893	0.5506776084786819	0.05454840022766897	0.20572885980494357
0.03646945504096776	0.586939082312805	0.023105594473107654	0.054051735348711695	0.22468128193434758
0.07215192926469116	0.00439490167891859	0.42149264765819633	0.11737198116899544	0.702997970149923
0.03712347893474555	0.15070526706645118	0.10178211973793753	0.05005441974987319	0.1900094111537625
0.2279503112509394	0.029287733231623463	0.09437293200848365	0.18877809322137304	0.7486114751477638
0.12226607549257906	0.29189544552704205	0.06842894456951525	0.345646713030395	0.17970400560373592
0.009596667056138318	0.10593434421819499	0.5171374841872346	0.17121961828151433	0.36966131468071434
0.09611439869396186	0.8177714025459013	0.6270765426676379	0.22432546242110316	0.10919798580177974
0.011341573523172907	1.0	0.06471715848079256	0.24615960541495108	0.6290214986654729
0.08498266375348715	0.2172655833752731	0.20006925576598822	0.19364222242784865	0.3124333154532801
0.17911491388338505	0.4898473333951216	0.3702027061172201	0.19322159406978734	0.04420157842395422
0.24226489155140532	0.2920172582651183	0.3441078120162094	1.0	0.5936245516025465
0.4255477065653535	0.3249004526058961	0.9065887466068671	0.3027088514324711	0.4890784206559881
0.05438360639092676	0.04299281063323311	0.14666464201828683	1.0	0.1284530753645019
0.05531641136801142	0.065817437576166	0.1880682379680134	0.3362533617194612	0.10927005659241593
0.07197677556357074	0.659572008126183	0.7224335909536844	0.1061472562151426	0.6261878907004927
0.03063258502854214	0.10890139174795178	0.5558269995851163	0.015796466751742715	0.3690509902903772
0.28603050982408673	0.05952419368912455	0.02026146144318368	0.19204552658105922	0.2064157191588602
0.015677810700400176	1.0	0.2451782199084921	0.20743670364516717	1.0
0.1888261684011028	0.3170778076686342	0.398450210774543	0.4302565064180254	0.20753796406533406
0.22515946526495328	0.08493324627707098	0.1323621955262999	0.013548374262643189	0.7330733085355311
0.6420387507116702	0.5457220757545821	0.326683582842034	0.11020137072542693	0.08692104401660404
0.08029669487880059	0.4899022436314324	0.04781376742152201	0.020540474682416692	0.2839627361373659
0.13815364098716293	0.3567407508528815	0.13101158294366913	0.4739269714384119	0.12119997114651075
0.006463486578423261	0.010176899620296508	0.3627627406540141	1.0	0.361644195121452
0.1991614056275233	0.04948632266791278	0.0940680939341855	0.09218315774084654	0.14811360246892644
	0.005905734464817352	0.372794676818061	0.2754665020565904	0.04458354248629509
0.19083128134636898	0.10698240269064326	0.4952570275920215	0.3103262626381103	0.007793341040854151
0.44444332042325513	0.3452976597267049	0.08409921612402305	0.2317284848908629	0.12634334027098695
0.12997477118207165	0.06409928601170549	0.17785179502577775	0.10722416321936805	0.32976830288261144
0.21196032703942255	0.18950021488246763	0.032622287147079126	0.19449609675772034	0.21958554079585635
0.21603569772610764	0.12494653362126827	0.4592656851093642	0.03989060028622139	0.039852446831527846
0.15662195855204017	0.2382547587317816	0.32434207431195683	0.07500901211321143	0.15670753490023756
1.0	0.13696248461122512	0.07285072846691441	0.012011023120791628	0.4192133050394697
0.32031574526889145	0.1880142461718783	0.6062588194424133	0.026154900797597764	0.01952937225469024
0.07285040089720952	0.37824680768199437	0.29588133340279554	0.16254485054761889	0.10136952109721818
0.21911250627606524	0.26476076776227875	0.34751830638348447	0.1170672072281819	0.05488703694890373
0.08718692014569107	0.016127505732884205	0.2208568741799443	0.10220035977291662	0.23292659266318286
0.07246740279014041	0.8232231246188983	0.0973201145818323	0.1658182668017416	0.09826618799962021
0.5759218583005008	0.8164430474081203	0.34273525744283956	0.6276148310391462	0.6866129478468117
0.09874533025159042	0.7258893601117783	0.31749754984401307	0.360409070445496	0.10054767458017154
0.2732007605168102	0.2655460287703646	0.4419337421475678	0.013108452699643754	0.2464615281139896
0.6823390399223107	0.1661901990489563	0.07369839215161948	0.24222480227855916	0.07686460315439952
0.2274387460068763	0.35935870921743224	0.15805556725770495	0.07645234820170647	0.18441908842807594
0.4127199521264348	0.32895867061537143	0.8154634023356212	0.40460226035081365	0.04843185564247868
0.8082868910243926	0.19336254555020455	0.20034352167998898	0.3421409107948317	1.0
0.03237960973553518	0.16719661625265222	0.024505915433452433	0.19240675727755072	0.062012215045642416
0.9615378358296858	0.11622775389814546	0.17927824144268714	1.0	0.08971322597694197
0.4205755902154748	0.9951103521456092	0.10257683227508813	0.012644371426697621	0.05637310143119731
0.030835008990574765	0.8753014796364564	0.10700455014897897	0.008305477883144006	0.2141562579927076
0.24151636347936128	0.38490995234493675	0.27576326268996604	0.2244810849973429	1.0
0.2628082738724296	0.15728936813143637	0.12847918180035217	0.40019334715656013	0.3209901678817768
0.659463787367431	0.4080309565869657	0.44595023740077905	0.5523966906920802	0.011957744645001692
0.01012949298293835	0.42466331541611585	0.21979933127765666	0.028134223138907597	0.35750238894307146
0.33793475227269215	0.2633073222162954	0.033938441797903604	0.41705932499364373	0.11919249955673472
0.395925087496093	0.2097826357985996	0.4434117094537857	0.37488613937392046	0.232142519165397
0.2653828465732124	0.23313074248924642	0.3051312284091001	0.4514825929721	0.08475988379344242
0.5588224052349995	0.44729166114745683	1.0	0.2871128103790497	0.202969920523545
0.008658826710793405	0.3795365813916228	0.31495208225500065	0.0027331391588158445	0.7565607474212446
0.2585306236591925	0.29093927694217314	0.15558266060282816	0.044367373183807506	0.07953710835780327
0.04953066290892546	0.838545837804553	0.07586487195034676	0.008519486924998687	0.17818460940729794
0.04210179248649184	0.10120334271759948	0.1934895198846407	0.17008337936438875	0.1365262795124901
0.8683012651885605	0.055358387763216575	0.20019873847141903	0.18227402387972028	0.04187564864473218
0.15027975427160667	0.4860563897179134	0.02282764435111215	0.0032092327699184894	0.8488136403275526
0.06396870789837646	0.22611129189608253	0.5217979501018198	1.0	0.45283317406661083
0.09079384402604755	0.026181691599620503	0.1019694062514934	0.46613930011117943	0.11366859153239212
0.013827195960641324	0.22177024747452503	0.04250662549781111	0.1282636024019605	0.31735239652004005
0.2888975902133255	0.2735988139130279	0.5178543006898352	0.09088359448899433	0.5557524563732987
0.2757691656904701	0.382548739689664	0.0009472847882613372	0.09179212168840128	0.06128464427588228
0.18491726094659186	0.24321891093119113	0.8720964248014841	1.0	0.11710273936278238
0.10138616664990614	0.36020897656029705	0.028460613084403643	0.021818591045431303	1.0
1.0	0.3461248632264149	0.039906266041805076	0.42835429761903143	0.556606237817721
0.45668434195767305	0.4424307588139672	0.9448844976243385	0.1508063869019675	0.03611301797470725
0.09922603277732249	0.0707254943697041	0.025129037280564245	0.6574890519137714	0.30862154976117945
0.0963279543093872	0.5647488115293924	0.3675064001503215	0.25971309553320715	0.34827283666394593
0.7933836011841522	0.3038984593218506	0.45960251382626605	0.014898728825630978	0.01823374108276046
0.5652549245636336	0.017985171630788842	0.031529241552198335	0.07416624280023275	0.1464143061145486
0.10973513502081875	0.17654069248149984	0.24340343598019487	0.34640200632720847	0.16310629465741114
0.03513987296883989	0.14066335860750573	0.21445232863520738	0.20591265858745514	0.1651760377441558
0.06124580948355309	0.380117718106343	0.01984608665506978	0.09581071441022976	0.1479189769333631
0.34349420995896535	0.12796382288038158	0.0952655905544815	0.050060862186697794	0.006639066702368254
0.06873972921669198	0.47116794779789295	0.04805242759001608	0.7980871917859337	0.06682863410901763
0.30936971325888984	0.18028370400261987	0.033927238065214124	0.009229699002398017	0.007576787693899604
0.2702076603602856	0.6985377248152177	0.12850559818845078	0.0702437967910111	0.7949891715388667
0.016821445243469766	0.2380540763082228	0.5569351457424548	0.07314955065396461	0.522036416609613
0.23984552868846226	0.08745853404873642	0.07314107327728908	0.10785896719777277	0.4563762125807451
0.2924262125395935	0.3773431304658164	0.09511270081767476	0.5780256208526728	0.23110779514172214
0.15864549935145342	0.026438327250453527	0.027700751052920757	1.0	0.43378719703461777
0.03762027297110787	0.20171479124578828	0.3957137141599495	0.0070887489253894966	0.21247234670981588
0.7659798226706366	0.1342558485607416	0.010204613326959088	0.1297037899982009	0.15474350690756014
0.26065075903273327	0.21409902137071612	0.09687735177846915	0.08245449581795812	0.752499718594662
0.08180136614461075	0.021061751937969952	0.15988730600827808	0.9807862895401149	0.30541364263596643
0.08065879596539265	0.2581778783625783	0.058943507727860084	0.13093188661675073	0.4244392921626315
0.034688518244757514	0.6374727130824875	0.04377000212255736	0.8028048071641555	0.3976549451337607
0.19312594637661443	0.8743839161009236	0.06377350801651188	0.050361314660669614	0.7453627596857801
0.3786936929353695	0.39760404248884856	0.38638573868150056	0.2722270006040551	0.028434190807032664
0.28122708085232623	0.0740462562500527	0.08377919381293546	0.010713338553282863	0.26701291443485997
0.17153475713938737	0.8461455988138464	0.179727800222878	0.016356528909866854	0.06821537914767058
0.0011154426954360103	0.005084660255710489	0.030899116626972898	0.27476599460807116	0.008598792456235549
0.6154061118420686	0.08236048743851895	0.2713023650113959	0.5472197906355467	0.04787006385892572
0.29662124164600734	0.25926776490820114	0.07656620144046737	0.018973790286283567	0.027600096619543397
0.29176597688813133	0.11278881153314271	0.11327343319006408	0.31230191787429973	0.485528621497894
0.26802852042636444	0.5459848935672259	0.23975116440020267	0.3006459682108783	0.04840403024721487
0.3291128170642848	0.278954378915345	0.06346331278860629	0.4696024509090071	0.22264283426967071
0.26910724978580436	0.12144995439159453	0.026980360230720944	0.21534526248689936	0.08092697777914856
0.027677360636356264	0.7326321455167323	0.4423777811701026	0.08617823227269454	0.6408784739134231
0.4201350958085745	0.5592079435011389	0.18530663956197868	0.8906163523433935	0.1626848432991131
0.9031396538472637	0.03785454372400401	0.16576261300169512	0.06968890384506306	0.2698776830660371
0.24965249935354397	0.2879537573207106	0.06023165691054846	0.29089914506429554	0.4494897680540894
0.1393169884942548	0.10427331777274833	0.1429355881006024	0.5956415001035883	0.1343579863916342
0.024203519081300518	0.09010767266771129	0.4856692151626297	0.25015037477734753	0.14048403624724734
0.29204227712540476	0.09428749052567136	0.6483769208951661	0.07627005430708582	0.1999184178540541
0.20778749267809024	1.0	0.07509213776881657	0.013684690178952292	0.6605523662687184
0.6025949446161395	0.4417548430376407	0.01653154822717177	0.12125834393177229	0.26239966251356844
0.3505158153127699	0.023937991882034926	0.0830467406126384	0.6348110115780741	0.10711298464345938
0.21857780998008983	0.4140123716476897	0.5952013845087831	0.7888352709424961	0.8765117732652433
0.07164122238175118	0.10070565624273367	0.08980372266133449	0.0641400176477179	0.10810531410714869
0.09754671514559483	0.02020092109957169	0.7248005674255769	0.6753168910798463	0.48456362293055244
0.22634519280523074	0.17871726914972438	0.2683966150947566	0.029214585731336493	0.33822093009484405
0.7621290987178676	0.02500179220017251	0.8904475936517089	0.13085582159863182	0.2745217430140654
0.3200877129073332	0.04088039413597673	0.22354032939459556	0.2514594153042761	0.6359470500908554
0.09256947000463649	0.9780353858452953	0.46354145009158343	0.4349076781759609	0.04285097104031641
0.04742078476616485	0.6525004995918673	0.09196747365082165	0.19818321791424895	0.35515574293633145
0.05949510389813319	0.03897440173437958	0.4021821659766985	0.027087010907727926	0.36926495121768416
0.48486283740477226	0.19889578362384094	0.494571668315152	0.1502721915386058	0.7447401204368187
0.0039812503003538195	0.42153940635120385	0.401825191197643	0.1950069854819173	0.01187981841112501
0.3188866673157655	0.2530076945859748	0.36699666396512837	0.01106440586215525	0.026081234220664766
0.11238965862498372	0.31233034693703227	0.9080690264510387	0.1165105668574718	0.23663773529209514
1.0	0.026146053214943687	0.013627654278775696	0.5588075219819075	0.8780276077365518
0.13542526695209434	0.46237633916368903	0.33841344235202697	0.2773546526719153	0.05084082661147818
0.021580540900552052	0.040725812865578005	0.16626717192571946	0.9834259269739757	0.35990341167707696
0.2274737361119799	0.5930205418448811	0.1806684997655925	0.35184904846553267	0.6735394985975759
0.042451620271733305	0.6171161791203416	0.4413205900622583	0.2354724884649547	0.5217328802505454
0.4743266039363138	1.0	0.47734950081798716	0.8163251348145782	0.06420609549189689
0.05894999690158461	0.015301391959352246	0.3936246883964052	0.34732039337491494	0.05629850597069508
0.33770797193174595	0.16707909859380968	0.003980276729418424	0.8849695646609289	1.0
0.0684387069860101	0.31571467041218876	0.23599160696875093	0.7567949977898378	0.22268745052626016
0.8674898475848846	0.1420602326584115	1.0	0.13584564315203837	0.20115527925731067
0.47735036509615236	0.9015997522328931	0.18509799647567146	0.2230886710155107	0.14378025239821063
0.008384085397020529	0.4989226020655106	0.020565902446602852	0.05502008433773978	0.1940045511924036
0.16378455126791272	0.19385153121150006	0.2737348700225349	0.06443593478004107	1.0
0.2755530404235505	0.35513078528771425	0.03398525858653971	0.009867031023332242	0.11190580283954629
0.01609713201855959	0.21940537367334234	0.40219245811945087	0.569388647384271	0.274734382559561
0.0201216657150031	1.0	0.6585739186529409	0.11063110483906968	0.004694219660365027
0.15368865348624464	0.02620687818817863	0.8042004517098238	0.16911796665319215	0.2547741658555157
0.01656698813472378	0.3050837426929201	0.09722615096151041	0.3951178630446723	0.342378235039237
0.16507022149044775	0.581732962129211	0.14757948829349718	0.2979403552277256	0.0055164902860890125
0.4318499894302839	0.033254812879857036	0.009216495931749374	0.7371223014994714	0.1219947804647463
0.06498501521768699	0.19720690903321134	0.2401355163828589	0.5483464416344668	0.34223136347238176
0.26171076340052746	0.7308438463658515	0.21867822382777802	0.07283202769608078	0.7917418686014308
0.08277026688214888	0.5537649888112741	0.3694357928496925	0.5678421298067011	0.4974777667763345
0.08020965857311288	0.08633513570314431	0.37109112889041146	0.7857283521648747	0.7208812445401646
0.4768649102821861	0.9911812483432322	0.7433643895509622	0.40862523295457326	0.2719483478684978
0.009731936627757839	0.08609934153667868	0.03041783579795224	0.03932895666825763	0.2753662311888322
0.3865057716044514	0.6124766859774955	0.20453651289846161	0.739292797175206	0.3786094701935329
0.3481412561214337	0.33259593565556417	0.07906783902349633	0.22053453666404557	0.8157585605054108
0.294167687897615	0.05888738735957512	0.09884167680853483	0.31958535003666266	0.0876378789012137
0.17508407917671734	0.3124138863141253	0.536143470511986	0.13836708020197597	0.15444701343435205
0.23849141742220342	0.0695418047281081	0.37535174043052394	0.42049166987887904	0.22027427681310752
0.2815010244863302	0.7100627642903787	1.0	0.1124419193196914	0.8334080592608275
0.12091449558330283	0.43461976191673507	0.024756076220936892	0.0410754265678528	0.03819115425446493
0.18315981755875727	0.027527015587218772	0.6933751966400438	0.1873610395429631	0.08637676707915727
0.38337894008621853	0.14902617509507868	0.6315897058072797	0.23502430230206178	0.3543936551695473
0.11182867150055079	0.23687756514781091	0.05198743893053789	0.10154279455437275	0.5956129535036743
0.5376644382816883	0.2700573577894598	0.3052036655025247	0.19065812572136162	0.31196626827958207
0.32593439238346467	0.27226162973902446	0.22156430744961536	0.029121628114951323	0.24845893154497645
0.3808436914956587	0.07188229485857839	0.33465941347388845	0.5315883537042242	0.25700782673185507
0.283835067747351	0.7874908976194791	0.38253302466658884	0.10314067159854672	0.4327284591038047
0.30312273101290516	0.10695887155373678	0.15242952873062288	0.15785007877449816	0.32793159833319824
0.2608115669493432	0.07031787696453748	0.7238753457551699	0.01746443732368629	0.14146140160204693
0.1178559983434012	0.16389445790851284	0.20711311412803418	0.14033688059204524	0.8606175961232235
0.31489975655401997	0.6472436425518064	0.5690390863611715	0.8814155018620117	0.25836050176005654
0.990988164500598	0.024432958839905542	0.07367125233052636	0.2941904986775639	0.021165796651954016
0.12575814831968518	0.38175163544867585	0.1858068451193651	0.5660165575235573	0.1103287107638281
0.22937411578146452	0.4069315845461758	0.6380614469624134	0.8292716051075325	0.019879751061074157
0.5174286440824576	0.1806015580233446	1.0	0.09798967832587989	1.0
0.5029630220514433	0.02562826558042267	1.0	0.29302117501282726	0.02676173706845041
0.26594689003495275	0.22546184681953013	0.28676194284992135	1.0	0.41217201569341594
0.015325601037871244	0.8322685908066251	0.49682846678046877	0.05279613393710533	0.11407201357020584
0.7824269088078489	0.5528451050503628	0.0900148987968727	1.0	0.013282916597875427
0.4166046240234231	0.31963660092570545	0.005946539972756081	0.014741197956325043	0.5519816653432046
0.36000384670980795	0.5916649677337867	0.11048498483058758	0.6047011546765606	0.23372928839521112
0.4088524091778765	0.16388744947733103	0.29666577373658454	0.07482013084186198	0.24272231720607435
0.2928248072058582	0.21447991664350216	0.4094168007950524	0.4202501328429547	0.278437093822603
0.7718694160181306	0.3450249312851876	0.032358798941215496	0.45869326498952584	0.05262156073879418
0.36543426798711715	0.13783818684644103	0.5255774468134052	0.7007563218827556	0.3261264623578866
0.7815608802852145	0.2674515499205975	0.036375624722649325	0.04570864469024283	0.076103018934267
0.10499190173624424	1.0	0.30260012266110364	0.07288042517323334	0.6226301176934612
0.1140714456644546	0.018604640072639508	0.24172164745967212	0.021094046287081458	0.09237169678164084
0.6377954860493205	0.5140843788768875	0.0762540020542746	0.03732352579526737	0.16437599463483626
0.15968767970683895	0.30873733896773303	0.29598636673631806	0.16305071493610354	0.2916138951021166
0.03751786281901236	0.1750280443900028	0.003743741129494916	0.24570161596636741	0.34197713895657067
0.5124053960692726	0.2398106467439548	0.057214953295709456	0.25364430261829035	0.950116104037337
0.11630306405767438	0.09120560113248118	0.032204642420360266	0.11482006769447177	0.33301720609544244
0.2268067710875024	0.05941496716630384	0.10308663665946184	0.06986055022388823	0.34914781669205075
0.18061721836821706	0.08734523624944286	0.07874899925477064	0.4046359588299541	0.03997632718621748
0.31634025157188056	0.07217433199794511	0.6892433301487991	0.33271239960076565	1.0
0.4284612430488958	1.0	0.029175081040149514	0.37296364617906225	0.19087857078677378
0.34237665204914336	0.03952254745156636	0.3276973817318972	0.16506537942372307	0.1442632792927987
0.3234001057861307	0.6175221039577141	0.5842402905028695	0.5188511807645629	0.29605336897491386
0.81071454140449	0.29274804800963583	0.0558887161285926	0.05595844994581557	0.16437926501174563
0.21863692862281492	0.0673211979110238	0.0051621510201402	0.10304924492555124	0.3087735729365748
0.33803024906877505	0.04043043830512926	0.5088144198250008	0.12927661916916638	0.20829019759270842
0.2719138205456338	0.04457400062805104	0.5502918138650355	0.07475003216419335	1.0
	0.18587453829862755	0.05404742309411233	0.0838585826039122	0.1436075704833701
0.32180945158085855	0.07743473921908657	0.0444180718120254	0.00919113105535108	0.29826176595799364
0.002954215971547675	0.0647965348720982	0.098496711944271	0.5789793682808523	0.32904843709598347
0.683654965457395	0.9936443827559766	0.5681999968307427	0.1741685993995259	0.018945844319605068
0.7511604639282957	0.23855765362092435	0.030752520111071935	0.7672731628588313	0.18994414102477156
0.24639583266558895	1.0	0.29383484998225323	0.03224356365254766	0.14554780789127666
0.5068313509332922	0.2630579353776939	0.23702995724833995	0.07960760271062145	0.05853697568350839
0.11319406404747223	0.00121089614424665	0.14089655583125585	0.415076568165099	0.31486947698915757
0.31290819790312535	0.3358195761689368	0.2925825025775951	0.29332260986979025	0.01596061795716148
0.5213429974662867	0.334122287185191	0.13464714975201209	1.0	0.1168104769962474
0.0314975482721322	0.4130044627211611	1.0	0.04804871303589388	0.28772736872436155
0.6303751234427186	0.1929613731198523	0.007383160887899762	0.8584611489642197	1.0
0.04740869417424048	0.8501722373603904	0.19038519900049625	0.07281923355377119	0.7574398202019347
0.5707466957797933	0.4284128877317945	0.003076282757445654	0.33066943590343684	0.07979001819081043
0.037552018043956845	0.1374107691354662	0.42213315270442114	0.547906344041479	0.2990296945425909
	0.35601215820304893	0.015302386111242058	0.03484809378030201	0.04545916836845019
0.0953931382911579	0.1684586236808089	0.1348636936073768	0.036943924741354016	1.0
0.146408496700839	0.7309548325935887	0.36651217696365035	0.3169210068502349	0.07350687114884594
0.054558894043961546	0.3841491116675431	0.6564239038648928	0.05682815911133294	0.0841050627380757
0.07179231581539633	0.014075292261391726	0.1442071860159427	0.08963247680459745	0.3534012108791731
0.04140546894324687	0.37222159642571656	0.0653574257214822	0.07786916205642315	0.1954976830841396
0.16128690211956	0.9856259970124802	0.1642043742327819	0.24502745961785224	0.45378007283550953
0.18623577403404395	0.17650262213660758	0.061512560216889084	0.40271486795253436	0.5446650459726039
0.21478072718448996	0.013895991422644171	0.4717893039605848	0.06881356909263024	0.05913635830274967
0.2984674867188818	0.21676779191240184	0.38194784834637935	0.9755812996404624	0.6416756030043351
0.5380651064709331	0.07864583360521926	0.049592186307304546	0.1997751116665958	0.031415600700443774
0.502109278155664	0.010056373992696335	0.04181664551716275	0.20304096685728898	0.20368300348167445
0.45739872298407613	0.08483164895768493	0.0011294830373227637	0.6744857263972183	0.05434885956185254
0.054322672131649534	0.7979388132528143	0.033413567529803116	0.8102101414637817	0.20238014983518773
0.12302906907755813	0.3356049214212307	0.025657461611427297	0.15962088923286397	0.3183614574674363
0.05067940197376733	0.223276930080298	0.10008755985800397	0.49712266845644454	0.14974236767898935
0.4429825910384616	0.04352116192635435	0.1302133183200958	0.006371842728261821	0.0150905024270796
0.19489428580094476	0.5950047981709659	0.44503173247457295	0.565015360206683	0.04400942252880737
0.3300064004959209	0.2401531417340278	0.7107883467767406	0.014219345661731227	0.013406992958356026
0.07068736135292321	0.13235658688756902	0.03063055371256114	0.3163778955456289	0.13075049613337247
0.43637657866497187	0.23580620347948966	0.29279709499339657	0.151114406868228	0.12241628364660875
0.3882504346124565	0.30432548741335397	0.1765972962687099	0.049123106926301695	0.1285831894595541
0.8538555761325388	0.5373538348585497	0.12339530755370998	0.16543420337503958	0.1468430100902436
0.03622595493725397	0.12153247741022111	0.26927194192670234	0.8001396277726066	0.704846597458927
0.31952676260977203	0.15030058705262467	0.39096920021723264	0.1383084270818183	0.10288047627070067
0.026338567564671875	1.0	0.2086400921410679	0.11784016389841413	0.24588989562394592
0.32195115561453	0.1231660590667402	0.9035916957576854	0.1579624811884352	0.16743464520086687
0.020830503535950066	0.24590731288199727	0.01690192816535609	0.25870612682558347	0.3898422646628364
0.06007099483769879	0.40472958534180575	0.3448720653786227	0.566221030831522	0.6695862535610256
0.07245527998694072	0.4096386219025077	0.47378334668842187	0.04828522506467852	0.30777161461353214
0.12740802123113734	0.18191407650335853	0.013599676821816861	0.33314714951614044	0.5139144461867162
0.2027310899690617	0.9218571727274716	0.1515302164766337	0.05397700822468869	1.0
0.5081790324713222	0.21456265740993957	0.11926640591759546	0.19714431977817207	0.11819824825736164
0.24880852773296463	0.30586153407918215	0.08667831117541587	0.6694455829852356	0.3808381949324608
0.17010765916288575	0.24413753057936213	0.8738414640208584	0.13794853711536637	0.09505432339416538
0.0820796333166886	0.42884557346574725	0.12331037338980226	0.2221718379788695	0.003434744752963024
0.47855886962430644	0.01200617298250512	0.46397225498859307	0.06653568192123646	0.03405462252197937
0.13887371468856377	0.7033356444325715	0.008642907288431626	0.6035149717381223	0.1159567426710241
0.2802474338665608	0.11440332457269083	0.03812799760204544	0.2579723735697982	0.4675806777772842
0.21319813871177187	0.2038186996133054	0.005052482607912661	0.04792021669870067	0.13649339487196083
0.47351461983287957	0.10321178899873305	0.5720460553874646	0.07945523663920442	0.08298110091955911
0.28767579834016993	0.9869066772634195	0.3017807186033063	0.3365821863292442	0.5606045099883415
0.0743525757398296	0.2635971990577851	0.047935713959439685	0.13943618317090567	0.47474030898574393
0.18633203817388508	0.45351159250533835	0.027036030505459035	0.499022667271704	0.2150284602407271
0.6317142423996583	0.0908055432984426	1.0	0.34387901120135206	0.0858491173236335
0.07920586530104423	0.2539973147922322	0.13513091062837332	0.06352728931900214	0.6340374003877745
0.16672342660371403	0.047734841000195545	0.18055449614497102	0.2568387033653483	0.09107591547210053
0.4711347510818814	0.6417220758507562	0.10406482147866535	0.19490091359744585	0.16206322169642967
0.16870764930508408	0.25414814704401195	0.8622177117403335	0.2553869239011913	0.009806407279656553
0.17205648316338532	0.289254062326052	0.8089644412899359	0.04658199248017667	0.13487643880930256
0.0024663308964911626	0.38911505548266917	0.8973777221759964	0.7692249423293912	0.049839497972182054
0.20446279865229397	0.07899780250830378	0.0768105865833656	0.592936861657775	0.4451996239583525
0.1983172271859909	0.4290338063772117	0.3416829954551359	0.601802029591292	0.0055297199528200865
0.3035680541469075	0.0107417501781091	0.4507479812337632	0.12150904972243065	0.0153988303129654
0.14650072425420693	0.06444386616171856	0.532721829765971	0.11969335475529434	0.18385918800907552
0.19059180777095422	0.31611736415657904	0.1968981859290118	0.0028955699723572713	0.00369006663101887
0.21364489547176319	0.14084481789897452	0.736084076924634	0.06701009220513496	0.5738482159031599
0.5099345916533721	0.3804477084307309	0.0743912647285874	0.9378946650771328	0.07943264711248761
0.39507424312714606	1.0	0.819879710687747	0.17650507740313864	0.272498672319508
0.013128940175724873	0.19056820502970429	0.019547771449976825	0.15910377114033472	0.03128853365041366
0.03572424551403442	0.6651297517650923	0.027306448582639704	0.7890960147352722	0.2805551890684273
0.006803720811513486	0.4141559819817449	0.1301827130417749	0.08556786869243656	0.075696773223959
0.3182434781817228	0.16613687112114336	0.06415547253088656	0.2658355059250821	0.0584215650652056
0.4997680445044614	0.004937217481783028	0.004745589023465	0.09579835616947997	0.09026799312035748
0.520597334879517	0.5164215828953094	0.0013465836364382614	0.0928526714690377	0.18930075126009566
0.011433094159733046	0.039604687871854644	0.7044263560298684	0.015931423540064455	0.02990610916617719
0.09883020133181511	0.6287030439383247	0.7345658164449026	0.23197290068638135	0.2722173352028165
0.06370411240977847	0.21483241739420073	0.6751622171683612	0.22238050498297504	0.44348968440107683
0.324060261844442	0.9739386380803534	0.054023251833270634	0.3329422814045974	0.7975954683357076
0.5173732925662163	0.509246882832932	0.08182615066843486	0.2970370533594875	1.0
0.3741335144166415	0.12257923683021354	0.5645541247604715	0.04900644700948913	0.13392412229712042
0.8245300328864991	0.17818807730105476	0.14472658003512293	0.46173833987996726	0.028960133331126056
0.11559532645205423	0.49987373326125534	0.2965530608636344	0.03540941401544403	0.18980593846273897
0.16902024138732344	0.10707204781147954	0.11161010967783448	0.1542426485079917	0.530727309188747
0.009275819741713247	0.8636059077212758	0.003437602755570555	0.22524804619894429	0.038425817006410797
0.01783146932414923	0.3505166044986584	0.18507394591221937	0.30722707334144184	0.4268537682409792
0.06503568186567536	0.961542561270117	0.13741243936281985	0.4023756738171796	0.3891592186007021
0.01799468203453424	0.261875783843127	0.18097519984025082	0.26387510165355177	0.27210206637988416
0.2392930368657697	0.32805812082829006	0.1277054890212733	0.001304093542546498	0.00011191449277659565
0.22152583380325885	0.2662819389592631	0.4396429291327217	0.26737476016060213	0.009526231290018223
0.8346704344544239	0.22567309827283288	0.056558762010111854	0.7595573783231256	0.08740574388323792
0.7424463659167211	0.8447492969314545	0.023600374745089962	0.35606654906414126	0.3269349712751578
0.19312227040706045	0.0857089420609012	0.655701170699819	0.48798729912637495	0.4832040789078347
0.03319402114785144	0.19453388235183844	1.0	0.009061925025986385	0.16412265838049062
0.740246672683819	0.045971521910372536	0.07121007044444057	0.2935926130354434	0.7918531834571549
0.24402033843510007	0.06045805310703389	0.04606561530498511	0.8322699721511222	0.13570511543831731
0.6968060508556398	0.30765746664026355	0.06081462129760311	0.26160363173983947	0.43449618078494673
0.21973450212525966	0.8238853265031699	0.029857169271468375	0.47348534661930075	0.26373609479375376
0.0928690526431447	0.2968628906137405	0.05293050794288905	1.0	0.35721394241497617
0.19605505814652135	0.2501927492697379	1.0	0.06854099100167198	0.12515069132996512
0.5520946193637816	0.6182310868965909	0.45298940074013144	0.09720422955883123	0.20867908675623684
0.3754324028124297	0.3255002438931513	0.5369298275826122	0.4777880546940736	0.33731692438013094
0.07489609813852749	1.0	0.3868156439797104	1.0	0.2508898431881188
0.06953970864811669	0.34895805961788456	0.1037648038708795	0.48235871164637023	0.47469203725475717
0.41054289671449573	0.06368142189187341	0.7120456645858645	1.0	0.33853934797895757
1.0	0.16128812471805667	0.028649810074027376	0.26902806105443144	0.14928041393992816
0.16696322511197706	0.21922122147543785	0.2073500473434696	0.7400295465806592	0.01220262981549438
0.2561921651448396	0.07636490758538059	0.13049015311528434	0.45144255077745543	0.13832670165944677
0.5010788347129348	0.2807439974824316	0.09387825762946328	0.443844340091539	0.21124338229604547
0.3539962855694473	0.12101167397150589	0.9345817887556659	0.22785198679437832	0.36962077059489434
0.616271958827408	0.14814578788172733	0.17989804245306545	0.020679849085958702	0.28020577798276514
0.15116518363321738	0.024019119903007684	0.21975259641984413	0.005490577210007476	0.15392609153351158
0.4095135470237919	0.5197914669708508	0.04421652694112531	0.32462011049907225	0.41795247727534895
0.12731648009309904	0.16064762156169202	0.3424365198646031	0.6884070524204093	0.6535010004457836
0.5099605355158492	0.9029538159290785	0.17149231402240672	0.17866898243918014	0.12216251525085596
0.22975954955822606	0.05118704715730764	0.6784870236327359	0.07062491033280034	0.22436127830345645
0.2523634623528963	0.30480898163918724	0.5054202117016859	1.0	0.16979897864988946
0.09671467293938076	0.03031273819723722	0.07389917907985295	0.04042195128832305	0.5894292089710466
0.6828930476852644	0.3887808522259589	0.09266100858377695	0.48650302400732703	0.14621646514347908
0.6297219372412088	0.2367379630637873	0.5793184521045762	0.04255439116115996	0.4725512227796228
0.20654470221340782	0.07683279853224492	0.11472858018899917	0.2466796846965414	0.9506967605442336
0.09809381485179186	0.5797009469475092	0.12593203691877175	0.17964844512939185	0.16053464901507675
0.01087335967524772	0.30551681620416443	0.2725963849693934	0.4674241592269407	0.10850308895098755
0.16721167887205493	0.21692873925851597	0.7262538924094438	0.2986722416827339	0.50613353244095
0.01963570343364152	0.1883036975366505	0.5279292326724062	0.11192940107916163	0.037533421278545774
0.00496968292899889	0.49115313110198566	0.17142130030829852	0.02987609396808723	0.7282900937525686
0.1432760784052615	0.40317971862523744	0.12101956861550035	0.2587965819973378	0.02916379182818407
0.6191429829821726	0.667343635873104	0.5739427708612529	0.5444007368154234	0.05440445274347338
0.08358983229420763	0.18225949076183873	0.04820041868219861	0.4163331769025492	0.6894485814708157
0.11715829530770577	0.34549395021478296	0.06784725007417008	0.5289982961787858	0.001464427697196961
0.29076439718393454	0.12402981435216263	0.38935288795299	0.26961527801071605	0.010898990760003186
0.11535489427912078	0.3111773084688076	0.2587451362174209	0.4187143992829921	0.8077908020010224
0.8492713245250048	0.07668596087314757	0.2185690760424231	0.15979030557597465	0.1885965368969226
0.08194725967268959	0.08442007828153768	0.1536444881390229	0.40097751297858164	0.8314196555072711
0.0031239739865636935	0.07557672561835763	0.3128042424215497	0.030450125095472326	0.6193038645110003
0.41875543350263106	0.06667808092409652	0.37002667982071474	0.075619185023773	0.8022388473073533
0.842117513329942	0.4104788389522825	0.44639529404043604	0.02713028603200761	0.032488509576704544
0.14072012717682789	0.30771228173065196	0.6037434994060633	0.38908795080503344	0.07328057579484751
0.08266141420400701	0.4818039518591919	0.3287011220759609	0.36751685122141314	0.19134684016000306
0.24569571975500223	0.016500748092444506	0.5380299134396547	0.07553848191758485	0.4760201325252351
0.34908812701215874	0.16563280615013254	0.24853827560864186	0.020984443851321203	0.27610444348929536
0.35717887319733194	0.0821741707200744	0.5281185388094692	0.37486967957767975	0.16263311711133482
0.05387811544166391	0.22349922659224256	0.1951390842534645	0.07910918063168255	0.15747811205281684
0.20672621746755224	0.039838020364788534	0.5953741318879772	0.48220989750013404	0.0587663931977733
0.2940710989188225	0.20431036572785202	0.0006088581608684491	0.050310648413689055	0.9131398869395164
0.30444215988302714	0.4696748074362328	0.10179398345639079	0.4424651357968599	0.2074869711148837
1.0	0.10499752501228851	0.01618968789542562	0.07182543192969588	0.14294079967271492
0.17654357928093148	0.27731355639664074	0.49632747532161103	0.31334264867347467	0.0630174305737339
0.0013346200498199777	0.3371134003920439	0.4694603516380478	0.34775215376631924	0.6690917491166656
0.06635638191011177	0.36649401151410854	0.16775297828920765	0.23601844272114808	0.09309173305017222
0.027971426117543063	0.08871298983097009	0.047785874942256445	0.1440263712814519	0.16974908475299014
0.03453258624380515	0.18673875170618612	0.08431608559720814	0.019107625549631788	0.9981029940132671
0.061947213710323065	0.16975711453295994	0.23822584163928887	1.0	0.11296437201588219
0.18291080444256616	0.06816944434293909	0.7864080597737441	0.10006911191965577	0.162903167376559
0.0841053312001593	0.1014584782702526	0.02346228850235875	0.33567942128949885	0.7341439473548442
0.25219718722448065	0.03561624461051469	0.1494691731556872	0.6995375950480106	0.19628769938931
0.068978063725261	0.010804399978304055	0.4593685941901198	0.32675750649495255	0.32087554162896864
0.40260759698728216	0.022189081621829	0.6451014819177361	0.26476126711322123	0.5132925178748412
0.13245406858116213	0.04159088266288863	0.21241454635629667	0.11207054461333771	0.3064322599079939
0.2019838245406094	0.34984959435528756	0.008590639921668431	0.2105686538407028	0.2985121612407778
0.3202973762629627	0.4720600301794658	0.18071438163459844	0.04934504263032554	0.39381576993170603
0.10293149573177704	0.08823471581931486	0.541896071371577	0.03181087413101916	0.07853959420340478
0.20368850638058666	0.0771505718808271	0.10261204357122071	0.1428880340157838	0.16196643117110457
0.22367982753102852	0.04082929990528013	0.03671759058130296	0.13133190310476675	0.6431754944368757
0.1707859054477917	0.014256338987746236	0.44299476673120897	0.8787448769412661	0.07869454746217
0.1174190628836263	1.0	0.3896820967505367	0.1693429757210502	0.06681531926369681
0.14453575104428149	0.47071005369128577	0.026029066890151928	0.46275801902063024	0.04859586858678383
0.3443979355284867	0.17933824951635413	0.04452830548088586	0.39049977689213555	0.43027019446619785
0.02230229918590641	0.10852213739302079	0.3450947277828036	0.04654554839447404	0.2790930968139925
1.0	0.14393398968013668	0.018928941756831973	0.14888075879182494	0.3589959319707508
0.20956350245206598	0.21193620720629786	0.7720754731957007	0.0014036705353191025	0.07747010505979125
0.06840192500507666	0.26687330087421857	0.5355581642010898	0.05607440387983646	0.3479183638176509
0.14542669108329964	0.31906177479618136	0.12490183508867977	0.1641750011868512	0.26329701157486146
1.0	0.3399889485741908	0.3512557810750964	0.13054888598249814	0.062082322798562524
0.16722965078008953	0.11857558348036405	0.2894598548750401	0.04455974513595593	0.20056692751247293
0.02661983957857824	0.4529583103061495	0.2766288646062165	0.37780498247576044	0.2870808959129168
0.3828566946410335	0.615973796113969	0.42447520422450213	0.14898793555278997	0.1649700403105702
0.34998513018206007	0.045390546839639244	0.13218718642724978	0.022054266004053375	0.4253177217250576
1.0	0.10292044464366962	1.0	0.060589032375989345	0.012659567672177281
0.07108690253756278	0.2126586164145959	0.09561660527301193	0.004749674924037378	0.772816596441851
0.09388869951859898	0.45586329055280045	0.03053511830825603	0.30060988736452443	0.15690349015912128
0.6848333985291372	0.3805522586607982	0.48054236337511624	0.09649529239123449	0.23645436988211363
0.13302796625628352	0.2341105195161766	0.24082827524955863	0.02944243332984907	0.05420327780101773
0.2556528427939762	0.0716090940495221	0.8069445483212598	0.7062979340946063	0.2561185273051109
0.10308001136375647	0.2005353824962159	0.2211043647954512	0.16343102940140478	1.0
0.2093464453631191	0.2856731446138606	0.06582145883615086	0.08639542540195332	0.18697524500047402
0.018836916728759267	0.38904697055617293	0.39734773662617523	0.6295875327932127	0.4142954015230219
0.5362505028346247	0.01901462047519169	0.09265697887586558	0.09012680689678805	0.21625592080616338
0.0014225789096509252	0.009739412608208342	0.01259436262078534	0.11723192760610018	0.20939640570529203
0.15649104965130461	0.05313009760163256	0.14799874665689744	0.3319842444179322	0.25845611569629484
0.537619329127216	0.021945295814772288	0.1075448435283146	0.12299944858898068	0.009875124044677773
0.23935298209042022	0.02595259882834351	0.20266416858703992	0.2401670971911115	0.3426547300225637
0.05096842915832679	0.4319629056217371	0.0006432765893497056	0.10832118519781253	0.018230671067166714
0.19936036344096314	0.18016016873328652	0.20278964531238672	0.0905608763037989	0.2549059091270796
0.16653319727348348	0.2200848837668242	0.4916186270954911	0.0651369561238582	0.741866736724146
0.07524032424868912	0.5686870357458872	1.0	0.0371574770360611	0.007356275800896974
0.11487289313134208	0.017173946435808198	0.4895978751695475	0.19227379275778259	0.24485816517395884
0.14982501947277238	0.12234211633916706	0.3005654714708863	0.009528998662553292	0.22835456705939666
0.13317836129185498	0.3155030559080639	0.1972648503847792	0.18503690030187722	0.43772747300824294
0.17952884433116692	0.06203264780343351	0.14470769622162255	0.4289891135312436	0.059297051903869163
0.0701881651921016	0.3160592268080727	0.08713023467183263	0.2395188820253627	0.18154120901020193
0.1197652011021466	0.5497167962955319	0.3844681290337995	0.1935524797987349	0.20333727666298837
0.4153454100189864	0.5185426139733972	0.2009113563529795	0.3457091334143607	0.38184518926249655
0.25122043127536053	0.11208131998628557	0.03941504953393208	0.15690827582568587	0.03977279004590327
0.06747282307254548	0.038771845862816144	0.24408567808689416	0.10615081454855625	0.14815464453213745
0.41037910806083816	1.0	0.3931958539619494	0.3805937857444663	0.7385089007073937
0.060862262278411836	0.015696229807373577	0.19278604439496785	0.9106583105777849	0.39989877138334246
0.022493267615495367	0.2739138345348416	0.008131490039396895	0.1051568317979948	0.3475328709180073
0.04243985692793035	0.10495891509667792	0.5467732378136906	0.02871593712803926	0.14248464650844084
0.16328667100803207	0.08065939846466798	0.025793845716068686	0.03591702939254705	0.7212279409188045
0.6162089984770008	0.5829540750837515	0.13917788269712641	0.9873621152045281	0.016816229017868736
0.19189636732060986	0.362503337873408	0.22617159078780888	0.08512557044643783	0.19449462462851344
0.1622745535990642	0.04367499412956432	1.0	0.017921890084160858	0.675968525198878
0.044840125778063046	0.07993756375436294	0.10836277790773281	0.5594717734157973	0.5233534273437278
0.8559091270023701	0.7099157927283231	0.22153381555715587	0.7654389196592767	0.009868651898046756
0.06286007889307312	0.1087682650204853	0.4282564930036137	0.06409393876940091	0.09503344032287088
0.3325256365547418	0.23766596481029129	0.28614790447253946	0.17116592411455014	0.09334494374932285
0.10471646445115453	0.7033137443954384	0.055324145222539235	0.449525941995358	0.5809310085659535
0.16595850094568507	0.7460429907644688	0.2606598279355478	0.8044636709425504	0.2992433296230595
0.03161980456637474	0.1545391608390753	0.4241063929275763	0.1091011859186697	0.10092869631390251
0.21629608364828046	0.7876848236396988	0.13935316746695217	0.46396711308100647	0.20813205543236962
0.1614384591366431	0.0327629331327929	0.05802436854112914	0.38243925976567356	0.21299871577267204
0.8854922813554995	0.10221233410961526	0.30341246100479896	0.11151684995178984	0.2204326584756053
0.4236315703977022	1.0	0.06370054765257147	0.1913127894882423	0.5466239204651425
0.994066822187839	0.29795465468786475	0.6837348995172629	0.4764133538028854	0.23201867822168093
0.6743964850732532	0.042025434852673335	0.5130902314215503	0.7794792571051976	0.01113932874738403
0.05413933203748563	0.04785306579390855	0.12190243535169468	0.06275159706520586	1.0
0.2808922828540174	0.2617070452391159	0.07030929868275997	0.564130427169518	0.13028056664301085
0.08329067203656627	0.16959275400763982	0.11509939813680713	0.06390178472779016	0.09921326385454826
1.0	0.10013869845936246	0.17367014335929773	0.3604977898534125	0.6380031391173208
	0.13274748338690934	0.348393571610885	1.0	0.07670554177081895
0.03469087869337743	0.9831545163122802	0.07996812573650702	0.0017894021147734384	0.18507736430930682
0.1988178599920923	0.3669167691203525	0.20125055589379623	0.1185851803087516	0.0021887458272415016
0.18137121711543114	0.49844047693645344	0.17394188071964217	1.0	0.19247402168873887
0.15011304534950257	0.4269538116601244	0.007627465399442346	0.320641650480246	1.0
0.0899944954227108	0.044174498418748175	0.3425752933591927	0.04624632277789871	0.31281420843186186
0.6389257497221602	0.3954840966302889	0.1274616933743555	0.44993673986219535	0.09996885324122205
0.010342417352047386	0.21549822381111192	0.15399973943278455	0.2548051651961718	0.1110194608880679
0.3339427356465366	0.1899814552009377	0.20565443316372092	0.13948951812756863	0.911568794530204
0.20064488332140032	0.4448573835437987	0.021924739856530366	0.6092655570709112	0.003882537384145973
0.2991913323731054	0.16350063545573665	0.010395640457926066	0.6065765718597955	0.2557776513369073
0.22823920641274445	1.0	0.005847372703035592	0.09540606066811096	0.002877834527334262
0.2824082562519531	1.0	0.3536338164962927	0.0304785803518107	0.018863569392845343
0.40274034781940016	0.3827739518278293	0.06192053490335738	0.06299156565960502	0.05070335604686959
0.05336475349091686	0.007937405353946563	0.6764374454793912	0.23803558538874656	0.10277197850734814
0.203357162536305	0.21713363466510954	0.1504224245772261	0.5861345117326263	0.19298523230901718
0.019439581344978352	0.004028068373525616	0.040339041404081726	0.11145571405869371	0.1799770144624601
0.02275049006692532	0.16536474561302286	1.0	0.17100846039280035	0.20438604742364522
0.4229747286602179	0.5283265447092517	0.1527810842277979	0.7642479544774228	0.6589577140528865
0.039337480050655314	0.15347724107547928	0.08019327858564725	0.09064684065254447	0.01913601052496341
0.14489373162319064	0.11864550127133928	0.27063260457592225	0.04272248745763583	0.5012562661282813
0.04726143995764144	0.11664956039623468	0.24997319142700047	0.5932727220475768	0.05875209818618965
0.31599012650630914	0.15580266368982507	0.18668788156970084	0.11974758382167824	0.05869503713732463
0.04991422740110907	0.7661719047028549	0.7188815262431624	0.35812590252043386	0.7383211307598605
0.36994201333807986	0.11751412790279504	0.0893524770379138	0.1551330468612036	0.31926253793377546
0.0662083217875276	0.4865740396187096	0.26636286552362226	0.23361691172254445	0.010209377277743138
0.1249085389984568	0.05667823440065803	0.43875414984431493	0.13384198850143042	0.8094289709613174
0.12985460483261418	0.01948823944100218	0.009071937573387184	0.6538209233589127	0.25055589658290545
0.0789863082915504	0.13901562832110134	0.031978149034465546	0.06997448746563387	0.5918754455126903
0.240075641252314	0.0680446632494006	0.27962621691028805	0.3110240036493359	0.42779505914136506
0.8291202500488447	0.22490767362903458	0.025331072534775782	0.7260421668974957	0.19200682780062206
0.16642555581119073	0.3582710989611028	0.10315459765319222	0.30474556460601704	0.016364532223486956
0.4043405966020805	0.3739103451273089	0.08591585610509199	0.32676655525034576	0.21498809682528608
0.5041067309730444	0.17493155036581812	0.16551013076000634	0.022002539246822515	0.2650585268458326
0.17394213360953956	0.02375828261471605	0.12873745279070054	0.387600024939779	0.35275534380202406
0.18039005554643006	0.020996804330818932	0.04977730743918787	0.17905392614541102	0.1946481280984873
0.07018017823279202	0.7586286872731124	0.2600530036769367	0.3662468928231778	0.2769496429706798
0.10708638495792831	0.09831932499801857	1.0	0.503393705431082	0.501356419704871
0.4082609460596323	0.3237960511805659	0.34525705905021176	0.11106928388158584	0.5864807002477531
0.1061969715201012	0.2389057777137362	0.035378224531648746	0.08131532850964741	0.24379960009003285
0.019681538288260032	0.2909965128704734	1.0	0.09212203583201636	0.8370330292307105
0.40132322679170485	0.22594090028760633	0.15847083119841332	0.06740615477528931	0.3300906280609468
0.09874129544601679	0.641875154395577	0.0748476612907041	0.628368944751089	0.009014481491155607
0.1107423044171427	0.46360957963538063	0.15103152644793025	0.16149136493150215	0.1979699282037649
0.0233489937124134	0.09412279803330734	1.0	0.23113767608307334	0.009701526115617335
0.047952709493321755	1.0	0.1703724019639301	0.371355685150311	1.0
0.46057921476083497	0.20647890578249775	0.36655213699982764	0.2989335767880326	0.2919923332267408
0.20898028208261613	0.8146702958396431	0.7780527095896155	1.0	0.8270389712611533
0.13457020740459513	1.0	0.580883824055835	0.16467181467647704	0.07621904985561065
0.22121546727722446	0.5000343077637863	0.7997324506192939	0.0833345339317655	0.04477857000328674
0.10448532347192886	0.3481904705212228	0.3468211525966904	0.058742842617549834	0.44161288406377647
0.5755115792483733	0.5255111151651592	0.014985481129730829	0.5083709389418181	0.8938886083599542
0.025674019124018805	0.07330143367710203	1.0	0.5317131661064611	0.2589803196515788
0.11744360901437595	0.0512583559238743	0.018808898909404542	0.18059676020664323	0.08768748281860896
0.035813235602214874	0.12367053659654767	0.257784785126391	0.7126707103014666	0.0779331725270003
0.5307249240888002	0.2478755029764783	0.04427116817930266	0.586120232760241	0.3934974837283585
0.10166315565119458	0.05616968713300194	0.36142600357824434	0.5864145952815417	0.0820654041495953
0.17803733589989365	0.09322916558163769	0.20779671969833546	0.03531260325593511	0.3653846709658145
0.26917641447182605	0.063845213075443	0.0026641402051599244	0.2898739698454884	0.01380602146253786
0.04105738647357957	0.23403070486659933	0.03470292133406816	0.009533521900233039	0.8452247494262974
0.042178765269251295	0.02856231920144179	0.9810858789416175	0.005207665865194623	0.761477778983764
0.2265428168149405	0.06807699235960749	0.11713114600204567	0.3379218829187568	0.04690925350939767
0.09096628433341501	0.04268733558872645	0.3291284091837845	0.28448428037142304	0.2528649630630915
0.005311573836078561	0.46982898815547075	0.8728260130101922	0.9218472814231886	0.31894089836964373
0.1048491129428543	0.073517713845916	0.13955324972548683	0.08749228352169723	0.05429981337931648
0.21558451220482713	0.38017785483587213	0.04627579897624862	0.029736180354233085	0.38882034687359274
0.18051633938593178	0.10275461913078353	1.0	0.038851792665633704	0.022618590891244007
0.2425647206513644	0.079687016104967	1.0	0.08579137914466199	0.27169237888939574
0.24961101989244364	0.04945588188905107	0.3025173667942303	0.42119397814826537	0.12722787662711488
0.2331879911693951	0.38058935178886794	0.5250062047703562	0.10300629945743434	0.3168638366489011
0.2309214920439395	0.04117151275324816	0.46908695883394425	0.17888854294487233	0.7147996283784094
0.610382786406304	0.0725208584044611	0.14376967369448082	0.22793959102562522	0.8315659435506132
0.5562460228536528	0.4522734363037046	0.8842881614620945	0.09891724659172917	0.48437308851563865
0.6555474090737056	0.35733117552098076	0.40645945401310835	0.24353548737295697	1.0
0.3643666912619313	0.20882264762750208	0.6355551389105601	0.2542246276942841	1.0
0.05902382050392269	0.34828133210479223	0.12616949377767533	0.22163617939320304	0.9681065368590823
0.3991027289997653	0.1778058128102227	0.24358572461103148	0.19506947479470377	0.13537154522147393
0.2382881814701665	0.08874954233839293	0.14518537060402292	1.0	0.1615775740118919
0.11122047059131475	0.13342504859168225	0.05236353339061224	1.0	0.4956875149521187
0.23170860499879706	1.0	0.3279975115694442	0.25131130454105255	0.19745083413581904
0.39188358134895834	0.18917884725955117	0.43390501554158106	0.10048960255543667	0.4307168453338598
0.08312726190209967	0.3655969156079812	0.15053740163664794	1.0	0.042313986784143276
0.04268511542281591	0.38167363210869004	0.8809358240737698	0.09480051762696907	0.23789829847949998
0.04397212806535382	0.23962658381369914	0.6376355977387984	0.14640158112031793	0.34653436089785367
0.34802143105259403	0.045281106334479335	0.6247796682938883	0.20009774118449816	0.250565464138344
0.39218946131908344	0.24386202896290315	0.10161567051778113	0.1404351028833731	0.09499304293307739
0.017110831615650014	0.10534997834026959	0.5908774265836932	0.31249508054492803	0.2638087575775482
1.0	0.14029341286024502	0.504511334002857	0.15268284264804946	0.4261086987750396
0.577570281255257	0.2643961389486723	0.14015502817316486	0.08661965818847984	0.01599649334372227
0.14332041593198475	0.037503278262788195	0.024853694820782177	0.019582805808507114	0.1698287098884851
0.14501072082616828	0.19763520805005494	0.03759043150108087	0.07230643249715671	0.234669304594273
0.10817422762802764	0.2558048597652092	0.03379383528250581	0.03574233050838056	1.0
0.03137179153550192	0.27428923415423145	0.113298007885093	0.051516303878457376	0.6857398646148809
0.19589054114421234	0.41366468818725854	0.533128469995133	0.025704451381862458	0.3769820433867205
0.1621652226356828	0.18143606832177034	0.3899544042103447	0.005484955237218266	0.0010555562544216775
0.0279950464171652	0.13733584380710592	0.1065666522958358	0.03114483301681033	0.03826239356731611
0.09782134044203701	0.36742461761835404	0.032452192740679425	0.5851775600071902	0.1034197974481618
0.09924001726574878	0.24916240521961236	0.1155969825674297	0.0983545665296446	0.029188997683145035
0.28410108883125196	0.6124352208167526	0.08229851090091093	0.04276341209584093	0.275623825587122
0.16580402853574763	0.058101864193585144	0.02233001450126255	0.37304911022478077	0.006700705553029956
0.21453926704744972	0.46164608761293247	0.07102030003227248	0.16179866052761638	0.7159010334633312
1.0	0.536755994578281	0.033314101226032886	0.2907112668192297	0.20744265399608156
0.17634004892139749	0.20412110486351223	0.0784339053064004	0.0039002442382546987	0.4663918905220188
0.9038658142721376	0.2818505338049626	0.4703429766852062	0.12147008851364167	0.02069646280666217
0.08127336840943226	0.22073399311792222	0.13418545709652724	0.497387726327317	0.09620694889733149
0.290944456517686	0.11534232594209427	0.28580863560740316	0.10586643457949405	0.015078594126733165
0.2111764910978248	0.1660699751667925	0.22539990286629366	0.040849108540350954	1.0
0.014402044637425898	0.1359370466449577	0.051490849038841525	0.018538080344786382	0.9295671902309496
0.09848893108561697	0.4945441567811627	0.40180757160107566	0.23984044538899607	0.20467968454483468
0.12401910244609005	0.17053404782550358	0.24016636623002752	0.18588238327323053	0.46518352562849197
0.27248259434930305	0.646823966152389	0.09945477442686325	0.16472581252005	0.1431555765588523
0.15485525361720823	0.2561292575436194	0.034372302237812	0.7236690166858032	0.05295123867879465
0.215667738204868	0.04365914808107831	0.032402812071540034	0.07995972749305003	0.18584696547003138
0.12231410519700303	0.03557157090810709	0.27846069485037844	0.7384010847280064	0.5442158666465962
0.023902917188955083	0.10915872653689157	0.08136122155502151	0.2902924220164182	0.13445857555069513
0.41129130263722846	0.2800788983616155	0.12699408325682132	0.5360153822580959	0.0312936458710999
0.24674901118652204	0.3168906452380859	0.03262286091849918	0.05691696765579485	0.16704852172873466
0.324982806646936	0.031595905446677605	0.21527186525941056	0.028272896223952584	0.038745150602464785
0.1166764553677861	0.025996255534852842	0.2057907645501909	0.8156810991908658	0.12638827864426155
0.013578977600608902	0.25249404441847273	0.059773502492407135	0.002660319170409369	0.13824821810643825
0.3698307559993517	0.24481856303155003	0.18553605670983633	0.26173641519147056	0.13341165512167097
0.035191848642795336	0.10653333684683898	0.35983585840198135	0.022104468178675608	0.0364283748216415
0.18200342280810686	0.25977496539233313	0.17670928497735747	0.007617264371860681	0.2082039841246424
0.07111464617769704	0.09670417459915821	0.26488886078334306	0.6890183062694825	0.3652957813531507
0.007270376647171705	0.3648677307962385	0.1695032241187976	0.2797700091793695	0.05599676718314999
0.12679278383643514	0.24704188051444265	0.3900357091420436	0.15106696333003097	0.10065474097615028
0.12773415290797285	0.0470643188044842	0.0494250155005746	0.11351373808491994	0.4612843839253012
1.0	0.3294502014402783	0.2995068201333534	0.07602093003070853	0.05610739732560845
0.053311986577042114	0.24045730576036076	0.6233569907263553	0.0826910817941418	0.22842332302195295
0.46122239694589245	0.4740795668076127	0.5126828309678937	0.16800432862938988	0.6339954110817974
0.12750950373282854	0.49000238535203605	0.03361241254186129	0.5700784868615258	0.12724242320564505
0.7112798529778014	0.4281310628164062	0.6510400148433239	0.4007927755006588	0.37254956636637276
0.30171262508873953	0.27517673648150487	0.35737778497326855	0.5787346867436459	0.0286220586620569
0.12805850055512313	0.34900074491526073	0.1499557224638302	0.666551445557383	0.12742979667411233
0.03577395375309914	0.033399952612165947	0.13143541881885765	0.20579181499762664	0.22203580277147328
0.5087652902152932	0.7183027051957148	0.2848110027843525	0.03285149569815042	0.3546328460207543
0.34398311369063767	0.26993823279618173	0.037422056052194674	0.8113926234629686	1.0
1.0	0.3790166630743316	0.4892690360815235	0.27829605135188196	0.1750760468576131
0.2588959590736741	1.0	0.07490727540218309	0.19261596249766424	0.1723925557957177
0.2825699051069098	0.0028423734168659467	0.2654890350931343	0.1477602799702205	0.014012931512440928
0.06897642207498596	0.329997413102095	1.0	0.6067585812080255	0.9306534200968068
0.44261113808157904	0.8100554109894075	0.05935777853965329	0.5917220215128086	0.038212030653677315
0.7728683271039981	0.934611270349686	1.0	0.24380017241110424	0.24100523365363724
0.25853938049164166	0.4196204867294862	0.2594792257740317	0.17457953629897185	0.08188970389259739
0.027796381245789207	0.11095325831572769	1.0	0.030622786584935537	0.09070954657169136
0.06846650101933244	0.04247392425928564	0.04576509885819249	0.17197687782556492	0.1415921859905215
0.5750763966442447	0.2572681740109305	1.0	0.9552448568725441	0.06344691693352758
0.5780778245261533	0.1030529842020257	0.22412577970822103	0.12527105258219712	0.848447025204086
0.11182711032880616	0.333409542101651	0.09015964951191456	0.23190562345619387	0.0953029917499018
0.4201472011898248	0.5399133977476951	0.877669472131662	0.049443619311126445	0.005650204772617711
0.6369861325322276	0.034724440482779485	0.02240227260606625	0.030566737977707224	0.21453626508786028
0.1315676380155156	0.3443227486612671	0.5266918796393023	0.06664592435590125	0.11518009945595739
1.0	0.13163547785569432	0.24579282102981911	0.4567202333190591	0.03965573835881627
0.17425084828967594	0.03837225411150365	0.3815163300010258	0.08457423226103336	0.6084036590470565
0.05694936264422229	0.20924721785370565	0.336518765540749	0.2068652154621621	0.23740661988245162
1.0	0.014300701288567533	0.11992836481822008	0.5234997234634845	0.5320108560077175
0.21316624238361423	0.954617118647109	0.12877814018397238	0.13626103835923228	0.06663310649560905
0.05884531506432639	0.07108579203844348	0.09326444544180602	0.0645313059729474	0.16041745460543616
0.4698728366784712	0.5408004443764419	0.15058320695545618	0.1562906498865092	0.005304641838959834
0.2632209352967569	0.6634038791602312	0.1739569524923319	0.014398480194755394	1.0
0.46578312318368437	0.023967282730193815	0.1584988257037646	0.0624020919229864	0.2031919790535742
0.01954388159773378	0.009426541258898484	0.3800918863684673	0.7968681123901589	0.17728505311129777
0.1424746552447427	0.29792217001668886	0.2284420891395638	0.40996764478188574	0.022510750116840273
0.2692928357662848	0.1565047729078154	0.3777330959414111	0.43862222529924333	0.012981628552200546
0.1944845334447879	0.8289905102993274	0.07561323869773419	0.01612157034032247	0.6511779029694118
0.05852640985013059	0.7675746933623836	0.03971521649199539	0.08724637942307199	0.3293630065812297
0.3771557607139449	0.21585238530785866	0.1225064760253087	0.04953612703140886	0.036163130239045375
0.4590652576241355	0.1819737257641415	0.08218478693788159	0.12485144382167418	0.5769378458592315
0.3423647715016881	0.7238062579774108	0.10785305481099555	0.13746040490237169	0.5095674870491105
0.03209472427285598	1.0	0.28084814708721756	0.32378348439923677	0.3587969712690859
0.4127425711577652	0.23329458363813438	0.6921263523509178	0.37130424089539354	0.5976288949034704
0.1483796534621849	0.027034125922424542	0.09043064739974882	0.028452579258965244	0.1723736875540969
0.6775994178938216	0.471278042908743	0.04170464814984626	0.6991570510366348	0.12774137251570689
0.5781641640249336	0.012890291742222507	0.4248720058315575	0.072236042790415	0.42883409833919045
0.5328765690925459	0.060834630060387675	0.1369420994857354	0.0028104326149887425	0.8352125624840104
0.38129146996609614	0.08753783372756375	0.09974646820625599	0.009627961317848419	1.0
0.16006194218375458	1.0	0.7059094597915906	0.025469956273326422	0.2637407408149725
0.11765273116822145	0.7451750637079037	0.8513470348321078	0.016423453424860346	0.03733143774061278
0.1962748497946466	0.21677848864431956	0.4834735161725105	0.07998897574722655	0.13572441857012638
0.5839203659149906	0.1390550151355867	0.3316927025543138	0.8792771181290184	0.08637895445518383
0.06012146148473759	0.2014391283542044	0.22664951265099764	0.34221737797311746	0.053158499714350174
0.5471640269755091	0.17950027699227558	0.10458322114298901	0.24711738903292144	0.02793097926405025
0.01981434357256825	0.26936772559995376	0.2555353365987726	0.02281968326712209	0.2102523113527923
0.12016838055666079	0.03981597293976969	0.20754707518693488	0.12200166066411777	0.18358353797598786
0.12129895345850567	0.1137876094977716	0.1546363432872027	0.43961521394750336	0.04854305528556138
0.056483994301040195	0.43676581957165733	0.7928426107246047	0.7610962193210599	1.0
0.6991910038338596	0.07185161426906028	0.11921522296007533	0.39089153111435543	0.15648075921431717
0.06552955215793486	0.24735644335505044	0.024489590724600878	0.1027692814712503	0.9395289634267023
0.22657853421941831	0.27396005636979787	0.6023177225199174	0.22557711946764522	0.5635707809492732
1.0	0.2136195711615289	0.2964741126067179	0.526266331595476	0.21514915854570757
0.032746731948136126	0.06383207564916409	0.03887584690792904	0.31803028704596753	0.23663202731268546
0.4808411300269188	0.0973859504884284	0.46150333587650827	0.015459430844724415	0.32918735759113343
0.2466778298473618	0.21957221160290946	0.7042309761541621	0.027791137700917935	0.19010230497468913
0.09738306018345406	0.039442180532113465	0.027273629621564106	0.1097329311750435	0.29417379737918353
0.7325069188191721	0.4138328854212093	0.08486597605419796	0.11748884415189369	0.06335048715055953
1.0	0.4891818156911864	0.21271424940526668	0.07213335726910679	0.30410124877180944
0.6851420922701075	0.32862521614768303	0.961225076993775	0.15445881875730452	0.194124932358299
0.11840461997456009	0.28873695748784634	0.11558779875821577	0.42756581978552577	0.3708300857080218
0.8125320693846965	0.05991624586595999	0.3013708947097955	0.03407352102977164	0.10780723061031752
0.07816219162498676	0.1594911139848373	0.21425870266149663	0.3628603924258166	0.18619642871255923
0.48170757072845694	0.38894931526380266	0.6047794281993358	0.13632071261735287	0.004443787922418125
0.03991509208067262	0.004743871131664831	0.1799122945277487	0.5762972497923119	0.2857258244835119
0.08764290297501481	0.4050274680344008	0.30400020936965044	0.9696992958670916	0.31040941646358144
0.006952971819576321	0.06179471905325063	0.09282551897111181	0.30281911869168576	0.12119068880561763
0.07712856503351963	0.03949414756161287	0.13009102823300198	0.23744411929308323	0.8973328398451796
0.005333271192799679	0.9937650296867342	0.5290543456193267	0.12137318666629511	0.9653421387544978
0.5161245637383316	0.2484895821031197	0.19225526756711073	0.22933093059736526	0.3868532279258867
0.01301436071822341	0.9573990599967406	0.0023346605516230347	0.10599840362729779	0.04904927863754222
0.25549342381851126	0.021865677679553486	0.01686522750237939	0.4915230635895178	0.17955447124124352
1.0	0.08916385266477311	0.0554832587673258	0.026653377291911924	0.18064557605904707
0.057195948521871307	0.2363065767193227	0.0334106269545292	0.15055732656669088	0.19982664413705506
0.19832374694517566	0.6669993523167571	0.07789926316186752	0.13281034593640814	0.46927292906607815
1.0	0.25931804063363034	0.17817077553079466	0.04159916786678825	0.2224247709570178
0.36511225306677264	0.012709482179239343	0.2285876563766866	0.5722533817737478	0.07343543982814545
0.0015913166706307922	0.20951675369450126	0.034549164602754014	1.0	0.25996592768974075
0.32815476278267747	0.5048680479119998	0.1083249821038281	0.13561005988309738	0.5159968388218915
0.18211672599322307	0.015694744871598235	0.5910778628083737	0.0390021591573121	0.035019233696961076
0.21331620927728406	0.027737714869130806	0.5542118778105399	0.22768419282102542	0.1365626575199861
0.1902664502930045	0.09825858593269116	1.0	0.24680545568465323	0.6956369440672443
0.1512679444538972	0.10950177631668818	0.08876137754598452	0.10511164086212767	0.1687656016086011
0.06763695836095295	0.3110458443299123	0.14147992626417	0.19491195124195998	0.08100661513396729
0.4815551330013388	0.6419577958770274	0.014087218291506462	0.25104807791361766	0.06357482030604707
0.7461032724719882	0.2485069439108718	0.06327806037435017	0.10813770304387758	0.21783691082777557
0.09863060520433779	0.28645909194307945	0.8202696072328634	0.17938712548325444	0.05692529809707701
0.4002739431601744	0.0038346811419868766	0.046137275330508834	0.04000532776281249	0.7059061818251361
0.011123032345991744	0.44058292526565535	0.6307309062340272	0.10427924222888572	0.3095054282514385
0.005458452760120264	0.9063665797613364	0.013854358466396934	0.6409911832713271	0.26288157168409976
0.9172402371709254	0.9871730231087205	0.3540415497844247	0.47991661664756075	0.27000998238469026
0.00955114155297414	0.0052321494316880665	0.1438656269691437	0.011197930837612528	0.00633024424846898
0.05436717934680018	0.027321530133266304	0.15681727039375068	0.6626343057176546	0.19231701899678805
0.08534132269443412	0.01699922114289606	0.5502655829339131	0.2436151146902388	0.026177117647533842
0.34822397552324547	0.09161947491806134	0.050367093541110144	0.00424324580672711	0.4053626022045484
0.2384576367687756	0.11760140362548784	0.5186191378131352	0.1423821077723315	0.07010593929642943
0.2519534058347823	0.18865261835824984	0.8998214219900408	0.04820939215802331	0.02498663126170182
0.2511853306427379	0.01897371586105964	0.8514704918423401	0.6562575418430788	0.0021316333894399434
0.1120038690633447	0.037884960368343316	0.2713411271980611	0.12907673573156625	0.22950294969751894
0.04553793854996192	0.4887011891761658	0.8203062106908897	0.03236761505520374	0.7076744684854976
0.5138768390604468	0.5178435525840619	0.8698416287417765	0.39401231411977256	0.13049961083729053
1.0	0.29736877069717677	0.6238525765896471	0.43741149617385666	0.15250497541708002
0.10193199670086786	6.0358442391992295e-05	0.32441425516277245	0.24034663099067227	0.5210042870669742
0.6332645838568107	0.0585573304684629	0.6241288375755797	0.5009075595825461	0.3335472798240459
0.8250303504775492	0.4536034180844998	0.06314784189465052	0.006061382176636763	0.6301526192809398
0.020384321435881817	0.0196895277494235	0.060045279733999334	0.31029558855148304	0.1390349216281807
0.07336804631839508	0.2576966937521368	0.05243248721838076	0.004422369845224379	0.07826593308948036
0.05386227022914135	0.1948127099169783	0.07970979559545985	0.4094584500627754	0.013756918882422814
0.059577887561173194	0.5857030743936184	0.7560244787665997	0.43890875377272426	1.0
0.42220769007655334	0.11762523361898691	0.8623337179085115	0.02835694787354238	0.6287908110795695
0.23881220337430992	0.2606859315617952	0.9873987072570116	0.13248064226275452	0.1091203810380393
0.06134087302977074	0.35605603282724585	0.612143269820496	0.027183671494109135	0.06275186229386044
0.02847271324841817	0.6381718729906142	0.4621378802338354	0.08609750478858053	0.324847143110302
0.26828741440825615	0.34200640452576414	0.4006314863057597	0.23626200952260534	0.12855391178211809
0.09332819526872625	0.7717149885454265	0.30332226927192885	0.4769134243653399	0.32015758764593455
0.16087520905919336	0.4580736354274305	0.15878177865277676	0.21236489139450584	0.547728607388434
0.16929994052064598	0.19142908754938254	0.013603274305256341	0.5217273104143881	0.0638463942680176
0.0995521911961105	0.5624789945361461	0.8522827380112897	0.2442435209087618	0.04063510697411492
0.09902307155120012	0.6861182184167505	0.24696458108841224	0.18086534567247053	0.6434897016895625
0.4222067391291133	0.7732679570341995	0.09658972843512029	0.14853935418113148	0.05687523133670075
0.28456279486970215	0.060826337547848205	0.383773507199119	0.196178155080184	0.052402819649742534
0.022561322592001914	0.02953040105335837	0.02171659238482798	0.26294501972518775	0.12168523665873082
0.5769479388314397	0.5860440379661869	0.19410163090695465	0.005069723482140453	0.006749172409863359
0.17384974989110755	0.22786057617748906	0.3428447591825052	0.4167679296387774	0.3296770789355517
0.4317625800384924	0.03615117435748161	0.28441056668718506	1.0	0.0622877022799659
0.6138616319299168	0.4035507069400523	0.00892656212511955	0.08583786155871903	0.04069278259896066
0.012535159856903889	0.5739536482921421	0.25691612013348236	0.18194041025752816	0.3548959392080169
0.058645439123781964	0.33112743970612596	0.2717748825936683	0.23874163137211676	0.35354047218815166
0.06718999801397493	0.049147169104563806	0.5137418599024066	0.08595128542402385	0.5851144657782706
0.39575855809746907	0.021122024456639365	0.11287943529132285	0.03328516933076129	0.7627884237911313
0.34869237138762027	0.16163011646643657	0.1192890862902278	1.0	0.17110183803310636
0.3484851503315369	1.0	0.08793133598983764	0.21717002311984437	0.561217366350677
0.029375189206973778	0.20739506605129085	0.49596782606097645	1.0	0.45997110889386666
0.4983278072228893	0.21810223812843593	0.5383582203188444	0.23254305429573582	0.14610271113108078
0.606046418021425	0.26365522612117426	0.12887065319420457	0.5990912501077954	0.12215765044430266
0.05377245125314908	0.2384151350932893	1.0	0.23505727838313434	0.6680126930756729
1.0	0.42876272734951554	0.07730512087478049	0.7204165272789333	0.3367459185106538
0.42491975555178724	0.12078364069488554	0.26146344314600123	0.8484003564719907	0.04812950195474783
0.23765032761685062	0.4488526194589603	0.42580123274705584	0.05667663060174133	0.03092849887723931
0.28242958046372935	0.15253074878503722	0.3303775558517387	0.133713762927793	0.33536323602836277
0.2402684348263404	0.27861650722128833	0.20609474960702803	0.19582135021183192	0.18969369278907605
0.3031808608701656	0.32993963695723866	0.30097107554633995	0.3702501397003242	0.2338515749614552
0.26510456270288846	0.13883785034420135	0.11475684354859404	0.982826128711211	0.18666443060571383
0.06445696638547342	0.6767173953343079	0.9895724752426956	0.4081973705879431	0.14515761065596772
0.49825333751686895	0.21593675262312673	0.03442963326603359	0.017396574337091616	0.3860950413795472
0.08028778205002715	0.0245251900062559	0.5199957337880124	0.6293136802320412	0.10249471401763778
0.32573640988959485	0.24806742585488858	0.08619177050205802	0.38536616875552926	0.2675734790533188
0.568888139809701	0.07727657961424338	0.48354867821637665	0.052854016123533465	0.2957198310087837
0.7904850275173493	0.29290477185073227	1.0	0.06936499442039296	0.27460300068673305
0.4477594505010068	0.24990966219212257	0.2479375738027441	0.05437839083561547	0.07504478369443693
0.024878967476176524	0.028531918880685764	0.12446498333950633	0.06035450865487806	0.40879532255481943
0.7421995481962778	0.1678428370736983	0.09834287186129896	0.11800940054607123	0.13450735645388406
0.8919804597612135	0.48143719043274624	0.7727898478885767	0.8196404566808374	0.2827285196069613
0.2483292176430431	0.08707948777885596	1.0	0.039396737404804184	0.06889684128594013
0.1913983853144109	0.32775040765631186	0.08185714924371164	0.4418031739577011	0.08701760435420973
0.07636139602128443	1.0	0.42596956203566716	0.4862412150082997	0.1073673406039541
0.1545071868492652	0.35450063274606164	0.22181585369269	0.028179781343699178	0.3145829927459756
0.3086264263421357	0.0933429057312289	1.0	0.26578503333043607	0.05432835788518363
0.22143566275038448	0.12434939553268162	0.21559361437746266	0.03141707471162819	0.4943300770016568
0.0009822823342069303	0.02789481040381968	0.6658222088568041	0.3264485996734706	0.8969031844353359
0.6665212647839116	0.18225699380791305	0.04653563518285672	0.011585578170577584	0.05603576948612154
0.5373436474415645	0.06478525690764271	0.17569416277370772	0.0857409343464756	0.3164228244926058
0.4530524812076982	0.9975998298103194	0.2850419676203754	0.15992928722207328	0.4205059486471705
0.3252221722578976	0.14645618047392797	0.5467218899060154	1.0	0.2178752569309767
0.26253034302647	0.08624767475054772	0.08788804964149857	0.396719834662168	0.02514896182715745
0.047886806779690864	0.07720521177313974	0.04291366423453417	0.6582646195398774	0.05083141583058693
0.2934180990434467	0.18262922229724773	0.27812218425832413	0.15593845467043815	0.2512769065480113
	0.29099545122887527	0.08200842111100486	0.12327509112573926	0.6142837046411556
0.35859900931137795	0.20437377612266697	0.0055858619915252206	0.06644253126771442	0.19076658985601647
0.1801939761831508	0.9440195322236793	0.5168401868024433	0.03343006713180482	0.10529817674291184
0.786341409403162	0.03735288876491497	0.038316251391846065	0.3062516902171989	0.8332150539479766
0.0508204575306879	0.07286498406868737	0.18512821760389434	0.2007997641875836	0.40472263505228984
0.0635531973697255	0.06229662891580205	0.013970978925294744	0.2864758020700296	0.3668033792479104
0.4630180910392528	0.08633060436649241	0.796131616809882	0.01709853960739247	0.296420804883687
0.971489050410886	0.19541162086703628	0.034272231265525366	0.012323218820565618	0.36596736530485885
0.5742783986935036	0.31262015824957395	0.3776995610959784	0.022896733205994106	0.07962792250245829
0.24289631189694344	0.024036858998323307	0.21068416736392964	0.48082429879754346	0.15313347293518476
0.4238227629998774	0.9036682463912298	0.16423689644939155	0.2905442577580004	0.10652197068634896
0.005604307222981054	0.012325661746736053	0.1635136601584114	0.20703582323811365	0.2439544938800737
0.08314039548970024	0.4249238618155274	0.2737336456227137	0.13352031881706747	0.25319253803587555
0.5247204622936986	0.14400475913200778	0.17008304025756604	0.6163621976749875	0.15049606140515773
0.04927224852626081	0.013009542046405394	0.6898126655636886	0.09656220721603608	0.2094529858841595
0.05185318236672915	0.07404872771194645	0.0036730813315280497	0.39795477807690244	0.4591869467740873
0.09025027212152045	0.34357596913423755	0.759259142186106	0.2523201460076629	1.0
0.2950725526225158	0.24167475427549615	1.0	0.16230672957975245	0.26369050536725386
0.49809229469262445	0.07290728281532685	0.3880229732941226	0.13433104709323826	0.4737441943939457
0.44735656361936305	0.027616189597810373	0.5620364073118955	0.4659311343059366	0.31812259036733137
0.3229416676153883	0.08833051534363076	0.2289399282584562	0.9359555258584956	0.2878485654439388
0.054548080873134286	0.6819860094285375	0.2438675176699565	0.7248315991556126	0.5054476878960985
0.43568933196797655	0.8272500654201406	0.23854029159925522	0.3353083202636717	0.27298918391841837
0.2686340451480288	0.46022273341660735	0.7661411484781327	0.10344751547275659	0.31700342301540324
0.31268600817718684	0.4902935259645682	0.7238636241998169	0.007200604249079288	0.3975762475279116
0.01836286860487303	0.13346309949112178	0.7177928833722153	0.9604560410357809	0.0035579891352257504
0.8520422379920314	0.20896064214549437	0.46770856453401066	0.2537186435915067	0.9706765965846993
