X0	X1	X2	X3	X4
0.1932832471051925	0.11415469107700492	0.3478896319276766	0.12701659262221068	0.69053881199289
0.3432999226682164	0.039032074045156066	0.07900004133769037	0.16968467132089737	0.4065502158807327
0.10833463773546499	0.6798205861315186	0.553894740497344	0.7274909644567382	0.30124999929930296
0.07710301431099074	0.4951310714133463	0.10706914269003971	0.160312302914389	0.25584138043205074
0.12083103711769319	0.5263939802197569	0.5077454004614562	0.4063749258791172	0.2591410893674529
0.49677531888975995	0.20334481245632285	0.11633191570067726	0.04550837881988892	0.36311742951871984
0.3191035131533219	0.1230197803853473	0.2604458946394591	0.31831365137341544	0.3380663657188025
0.32050873743524133	0.20385232934376507	0.39810089406609006	0.3531518602612129	0.20007889540411408
0.42301375558889315	0.02798293402136722	0.3537693834600226	0.12671544531665357	0.011732535473834686
0.32809295896307217	0.47683025127560885	0.23248137206001596	0.26082742373906187	0.23449249798695343
0.25389872802875313	0.44324538989561774	0.05002854074028925	0.12993537019956267	0.23461256305364883
0.20888139567990438	0.2747999233166883	0.3648307614963489	0.1761060942155526	0.40019520870534275
0.44678834809797185	0.2687099416847668	0.11722986420709232	0.2867478845457573	0.32960391956981977
0.013209239774134143	0.3325315014569229	0.3940240001695085	0.10212954364548808	0.6712302084965424
0.5717397662636228	0.1909235226245559	0.12930694364179227	0.06984678490891126	0.19801933586893247
0.4102739223097277	0.27130365429656494	0.6402378562700473	0.17654381462832835	0.08634069498457779
0.1454355727755858	0.19423165654607563	0.025507342013908127	0.19274658760590235	0.10317224225329409
0.6752572084392472	0.17089282181092774	0.280325521691346	0.38654397401461016	0.5785741226829308
0.05068561741483657	0.2961103330731931	0.6362933271175971	0.20095046794531873	0.3447644220486121
0.2670948921605755	0.3584538012062698	0.6005181602138937	0.24837430085492515	0.17975924814404945
0.21839826271049004	0.25515113149571816	0.2966679255545026	0.15152858468683716	0.18379479814845173
0.3443949031291433	0.05977913445960321	0.26792818186245027	0.5353200778489426	0.11962671161537705
0.35570469507015035	0.1427034399216212	0.24121153119037136	0.3263586193359804	0.4617593516776042
0.4904157765820839	0.026181709500633595	0.1906562841136824	0.359376050481091	0.13878991638811797
0.3402297596701973	0.3616238446894986	0.16187909679458287	0.2605119547804894	0.19734044510463916
0.22828180086305352	0.24125423499197593	0.06079080614004801	0.12702091439172442	0.0827715083375538
0.21670804046973957	0.08366230982232574	0.4505669904518821	0.548081448981242	0.35479186518936845
0.5982421202972815	0.32315774374989537	0.4819827488867645	0.3292538628717638	0.45533697401861584
0.2936001356918755	0.503800746125266	0.4138566831468935	0.1598240478794009	0.20745262566786082
0.11267742094471563	0.12664359674338618	0.6046237883570124	0.1650907402489357	0.38495559828128983
0.49421266009179476	0.25621585323591584	0.1202230918286319	0.4137133323718955	0.40499328929343326
0.3312280667795463	0.28418774898377086	0.19857691308431472	0.5137503714511913	0.571329092241088
0.40919943858994606	0.04463263278941696	0.049176755162840716	0.2863454982937339	0.15433032354175663
0.44391025629647	0.4058704480783101	0.47431501596209696	0.2740871870028219	0.3435936962984491
0.30827925156719593	0.5030855358123429	0.2745078920436876	0.13785152217422272	0.3707466416132857
0.2554411083462467	0.42699429576309794	0.5092573181161978	0.480187503772418	0.4104221052335778
0.3684658381280001	0.5436438049701395	0.5975650392460335	0.3849781798968245	0.09856349964936706
0.4378188876503913	0.19988494320120964	0.5545462807608157	0.11068503141545467	0.31481377609454214
0.1795349862698853	0.5493104799320898	0.20269850672491915	0.7726853370501245	0.5760488737973891
0.06692026376931695	0.4469299917990706	0.2880347855871641	0.22380852747566887	0.5908191072683663
0.31449950155548473	0.13227488580695335	0.39766485283235875	0.19229432364897203	0.29715048419355866
0.27920214307020286	0.35564202279142715	0.17558444939764642	0.46030098314666196	0.2555090113646894
0.5738812568029501	0.23598322691145707	0.14804139384372006	0.32117317350255553	0.478564426844283
0.47565389841597483	0.015465945558759516	0.2648863356963277	0.4604075078448637	0.48690544892610194
0.13084093636998798	0.36426518895550597	0.3023316739491316	0.5352989358574255	0.34749452437091977
0.2858622803401891	0.2869702191355265	0.20070005789196327	0.36079964231102746	0.3036188716994705
0.2140836232520068	0.321367917422867	0.09139599304548468	0.2076939283558412	0.24207326830909254
0.29117436468168273	0.1017656728164924	0.22047625306286373	0.05738163121968568	0.3090804786028817
0.2897438170356118	0.32476698687555433	0.33943478509150293	0.3074460140160564	0.460522866093168
0.07578395666484224	0.15807459728689724	0.043672096372632044	0.2806037989343668	0.464731457441504
0.3500695457789554	0.18189741471674495	0.27289772036867255	0.2930814085706351	0.39963819715491866
0.04929576386027653	0.386691139348061	0.21502324262554445	0.4240289881953525	0.1619784807488558
0.6318437119312504	0.329848053408709	0.5285857946382457	0.48413646817566036	0.39116054095965114
0.13136336391742118	0.16367949408883126	0.7241865612978932	0.3965959209362	0.6358838464033006
0.26893728599298955	0.3144897610218434	0.24439243339492953	0.44219036664418804	0.06913312179256272
0.1864095009597825	0.5692660985461647	0.33130866819080423	0.21971889354366422	0.1731547254477611
0.08457425706749769	0.314087629952223	0.4537450000465127	0.6150748527553724	0.0864126333481327
0.29616993627495103	0.24730246834676084	0.11379697532824258	0.17516814600653882	0.36170325243858864
0.37255215083936255	0.06051847849736212	0.29368215708636225	0.24920686276278886	0.3355107573645079
0.28661213387777	0.6239248447730463	0.44938552506757173	0.1381678882557119	0.5060307950905226
0.36403842258845187	0.2592608430705411	0.5042734947900116	0.3706297710489165	0.1416532492872306
0.030022911504025872	0.21219926724883262	0.5974250906972779	0.12842515861987874	0.20650100612536473
0.07162833153914168	0.3247438130935669	0.11378423781494744	0.37625562964341885	0.14285039713748116
0.559559339004583	0.21994976115780654	0.3108451500838318	0.10127790200547884	0.39334453420263255
0.3624792164597484	0.10752982772860797	0.21053751164649664	0.05723066293662451	0.315898949849766
0.11885393527513781	0.08767850857493813	0.10937237311082311	0.25820444832786493	0.5702204488261252
0.31824753036536485	0.1854602503572866	0.17506190730929583	0.3788877151250355	0.22543738752407053
0.4157107335174034	0.10393751994724529	0.06118458847099664	0.5502627824119932	0.3687908506600806
0.17655929472973625	0.07529608961803706	0.5963897847790769	0.18944913568000946	0.2395631366749489
0.2831917535823351	0.31855357107030885	0.27690086131991276	0.42107346534544454	0.3999237312009192
0.2244798532687028	0.4112664833440924	0.6316705825201603	0.17616248694945902	0.2531208748145907
0.49176906030423506	0.38576903743841146	0.4942395492642031	0.47022044181069406	0.2686970099522627
0.1735158173352616	0.2849818181997838	0.25893306596516646	0.25220522540031043	0.1617076945154456
0.1201224683538812	0.20974223614517107	0.25270035606259655	0.26157599809462495	0.5424260641072458
0.07146795683600592	0.08605041542774194	0.09354605706176551	0.757130214573251	0.5309723140788849
0.048867665148234464	0.4256474232778128	0.43188389125562154	0.48002885961544584	0.27367303712774793
0.046273100369315145	0.2402882679409548	0.43028159186699916	0.2057637813248439	0.2513215397860408
0.5199632364588903	0.08724462974149277	0.2924670976466971	0.7004584018275906	0.11037175269777015
0.05560296523309221	0.3043661499410493	0.03748791142225999	0.6620770123404959	0.5196459693439192
0.04396519381626788	0.3944907252980689	0.5792360438186798	0.3279895669590938	0.47774573878682025
	0.11759643090253036	0.41837054520386113	0.5508761275113077	0.3424988123952371
0.47131606790541153	0.5406011254918501	0.3299407001493287	0.05946949142185773	0.45447142225121084
	0.33517856676090474	0.5198294448339936	0.3213875399836568	0.5928677859865034
0.45336007158246555	0.433700372950629	0.19039477101639576	0.2783624999524296	0.06294512765974764
0.27924692111331695	0.11128274764809487	0.16694107112937778	0.36102949294685327	0.23783478931901703
0.38153030939167554	0.1648561132580802	0.20522726525054327	0.1545325682763791	0.31200248048829593
0.11745036075766042	0.2683735832905663	0.5132072124626186	0.2704774773187786	0.23868616989179642
0.42159187515993624	0.06130610255811145	0.758507473825418	0.17909890570106235	0.29637104353735166
0.21615226481770425	0.5794889449312141	0.14177511550051072	0.3615800925873359	0.2279372370198827
0.13042957640822572	0.23564277772137693	0.2564868161415142	0.23328266985555549	0.19085185915515504
0.43407125941565144	0.3459065923558746	0.20748226552047946	0.4211640875440545	0.09130215614405149
0.4670755766463769	0.16001214324833382	0.28852959091594665	0.04295189801935694	0.19142839960337446
0.09795091118991138	0.32880166190498306	0.09484957248788574	0.288007274300725	0.30109895343424653
0.5034285468837643	0.22671066104609566	0.3883833139810853	0.18323590408383658	0.27380678887343873
0.17323017521797454	0.2863286448808742	0.13369424889131415	0.46616620037800105	0.18625714173766944
0.5813730211032647	0.6005692069425502	0.26466113544886	0.3929212883771893	0.4679953652463023
0.2567286904166531	0.2578833771445474	0.27900654336680314	0.09388664790089081	0.23068389556984809
0.08471769086697642	0.21934976368797998	0.4848464551866696	0.2947165381779612	0.4694507771358512
0.33604351881367794	0.24154495598860037	0.14910983071498335	0.5137963590650068	0.23524563558850098
0.3850510584676378	0.30582569000893306	0.4429924146310033	0.32582975220812627	0.4007580191251703
0.5077136413094224	0.19611523974417006	0.4924864366039317	0.27344431551758636	0.08999401271724967
0.3580207858848246	0.4873565354321193	0.1938401367742471	0.20525861723707606	0.1296596463412631
0.2829564490879616	0.19789200963019468	0.33452225540724595	0.1949250975445793	0.3049627568915199
0.2749812358376055	0.36255090750408236	0.7207577019472925	0.2115497001707984	0.2540045846745321
0.2709079051507526	0.30296674596949896	0.5249408792457924	0.48420972241420446	0.35110540467423323
0.3988980796906554	0.22061356755427078	0.2696919672668982	0.2573894391920308	0.35467923435102683
0.20530638367774712	0.1730741645771209	0.5248331928417513	0.22514346357447637	0.01633953658940888
0.14499930229389316	0.07402550774068284	0.35872225676452746	0.28546341759817484	0.20998846000828011
0.3762322687485694	0.02993971398604722	0.11919333437924651	0.2679401550357582	0.2788565624629805
0.6331285268362523	0.28664073320795336	0.371801946368913	0.32137870756681003	0.022071150640251235
0.44426539951010113	0.14421732358598882	0.09091065711826603	0.270809839499658	0.5502919526569595
0.6934215237627104	0.20607198433804155	0.07192822175979546	0.27785973391934143	0.4390222466177628
0.28795571938401127	0.058941537453949686	0.33498540539845406	0.04132528695164057	0.55809093224027
0.3082288491826891	0.2527357548078582	0.3764320637613974	0.25786247278296953	0.09994007622408003
0.39893746864687596	0.36804111842562764	0.23950358237513142	0.30273266128229276	0.6506917848467434
0.2699657849632541	0.28268850646347327	0.21221481674154055	0.3780946798026043	0.11761101577162326
0.15571084636910565	0.32007876538947516	0.22510229920560829	0.28155789760199884	0.2331000042551716
0.6355350222069069	0.04762078867845468	0.7191311517447646	0.34219667746168514	0.30441861649877144
	0.48950633354971557	0.12985992062578966	0.055307530496119466	0.09412050048317507
0.19259071035704933	0.3788379834334062	0.17100416959322856	0.32714830388073834	0.6010532853296449
0.2976944832575977	0.1699959965208813	0.13100578551882375	0.38482361550981836	0.281602819408082
0.17717481498104537	0.03091632078575737	0.20798482998034623	0.4654643218035752	0.23654069845923015
0.275676138874441	0.17516870979200508	0.14789289004233241	0.226837644151398	0.6121548961755082
0.22180259223540683	0.23688547258254078	0.13208442462863054	0.4595587015778012	0.2837628783309538
0.11131750966277836	0.10694320374265104	0.24045640729084217	0.027106752841322874	0.2930176491191599
0.023434393290050065	0.713351318814146	0.6286297920413813	0.012104357745077768	0.1691355361139617
0.38595804682039403	0.2127687667817945	0.40431699368833923	0.2525684128244307	0.10863232374465988
0.27239548786795914	0.19144252549934804	0.2559206003898997	0.32114150370357647	0.357401572884265
0.4680912579349638	0.28542909055611704	0.1393275499689354	0.5849827343326308	0.10215280047211245
0.5620455681577428	0.4996377579507831	0.0761297680106534	0.026648573239083394	0.4049551036900244
0.48550758540602135	0.24377655173646914	0.5699039970244154	0.36061060685108226	0.35236191821302393
0.1371306999805996	0.3222094503541085	0.5502537207206938	0.6689307013597248	0.3484232120418975
0.5214736835715328	0.21900309325550282	0.24396379172436533	0.40670374161983713	0.32764530090247945
0.09775646328620428	0.1793931754719101	0.2823639970606043	0.23066981024881633	0.14262642191184885
0.09588985991016748	0.10520962476138422	0.07169984625556515	0.2880324391836885	0.30254479321601807
0.4217848529123708	0.3333382767752859	0.22805122370133046	0.4373439357471879	0.20530585470291332
0.32762100820511514	0.1617372463896807	0.024238172482709795	0.10558458440190546	0.2945949081600714
0.274521714653387	0.683960099147757	0.3546944670551303	0.1680723236214555	0.02632074556219635
0.1808181125226964	0.10648883377712295	0.23200927414947645	0.2309186461363664	0.3075109364831517
0.5243313496483015	0.5688359402488846	0.16809103947681442	0.4092031839668112	0.3050735866164884
0.22095666976512696	0.3075402794860406	0.005602377487029383	0.14903573763503214	0.07844573261760776
0.05876249980899352	0.28429575360467707	0.4113771207792362	0.4165747098695913	0.19296574692144647
0.2379591484092967	0.42106082895310204	0.1473575319294856	0.2898231579675207	0.22186453930724764
0.10011828605497912	0.23887715885483338	0.4832402355089812	0.10919052650587614	0.5075008275088133
0.12719491828560409	0.21539148012859105	0.034797565983332016	0.36475080681907257	0.20240297476567934
0.15636837075311183	0.43692906308624213	0.045320932020513384	0.2882157472121753	0.5494762367068107
0.4606317045494086	0.5003170576558003	0.37896664986580936	0.3925951112802842	0.4238632990587935
0.3277942455832494	0.059732545221823086	0.4012284519555253	0.22115775440746235	0.4236921488830183
0.2224902999196406	0.18613022133244048	0.05641475406641005	0.4058113562628123	0.4296718125504022
0.10088716064364964	0.33035104986747194	0.2744217355233766	0.18006260423877105	0.29833003278856995
0.31809655021326516	0.31926977039018617	0.3088975987834972	0.1307759355237384	0.09214581154962911
0.17330116932788714	0.3466529668342553	0.27396325504465463	0.14059137579551018	0.09906173807713779
0.1475706709356293	0.25503689880662683	0.16791784319676434	0.39073774287400376	0.27389780894496085
0.4486485267584701	0.3407874739280193	0.3665664693391507	0.25144796609167125	0.02562442442545945
0.20141100122593183	0.16495713877848694	0.18484507891351246	0.22182918280996058	0.6859912943401363
0.14890880210210422	0.2530106005101167	0.17174197957461207	0.31399964892040955	0.6962103309481136
0.47455674436951023	0.06111072212428416	0.23729678307832985	0.06408939243066489	0.09599712666773712
0.24532525117948073	0.41034124649736486	0.0699695656185356	0.08227901696788377	0.16972682596993285
0.3698582434545099	0.012150526102866538	0.23734758381964918	0.09981830999664765	0.20097047308918228
0.260952137376466	0.25049847550798665	0.1778771718880267	0.42606829299463084	0.32917079707068975
0.4521836386978369	0.5466147854015753	0.04820624337651244	0.14460337818442723	0.525077123556008
0.12165269990908409	0.1878729537754537	0.5957629950046996	0.09649231457396992	0.2152728599934634
0.37319378765152583	0.34585693723063493	0.1049446628185512	0.23920218551321035	0.17240823492769147
0.2982392750627699	0.4278721734939294	0.40112326951740723	0.32340789296457795	0.03564030421705463
0.6134754277872184	0.04273690657186938	0.13777858994439846	0.14969979434606095	0.3313212281436484
0.19055226592419663	0.0911392439440228	0.11051565602168421	0.21854511726492795	0.45135171678119074
0.26701321251409577	0.07035623319341616	0.32186821958380124	0.28310081787525176	0.28863808378402667
0.29848027327762466	0.06073914833754024	0.16686688350566245	0.1868534279809677	0.13239653875853144
0.09650644098567165	0.027473746682351582	0.05670011412674626	0.03710986115837068	0.5087508367686713
0.33007547095223444	0.1629290321864976	0.2880837779189455	0.2926288168344383	0.3157662945984774
0.19766652579664185	0.2647467789976399	0.29076651552129873	0.43033119486392074	0.31537121773126275
0.4882629266659333	0.17848533544358447	0.313794354251017	0.2433077926713538	0.09864929888010551
0.07901110636886034	0.14371417685939844	0.7048815247377186	0.5287833045572047	0.03367396906466555
0.23186067301644311	0.40687449537313364	0.2552392611352209	0.3633876951745488	0.18417880977737294
0.048359492999788596	0.5048098974500024	0.5858989165687957	0.0902474543725108	0.6555265353575149
0.06369883747819982	0.37718199681066356	0.27314422786755804	0.32500522102979945	0.07746695275405382
0.20756498572019236	0.5491882713881386	0.2911599561084544	0.019969540207392045	0.4271006101058114
0.6434294008546252	0.34006731034446086	0.08591377731485916	0.04926809969557853	0.4157708993336496
0.7021584870192242	0.38325252253024555	0.49060996725547346	0.35139239515459825	0.5232691859415314
0.1325744229800852	0.34534836719651923	0.06771172482092787	0.06411760780560301	0.3024863589499164
0.21200463555752583	0.31246137877265623	0.5335920215531204	0.2961088896199519	0.4687185905503545
0.14661339316257155	0.13704112461939685	0.1276810899500635	0.17791901416215344	0.055470845842480715
0.4229681671472734	0.20757879556189204	0.1357372651820857	0.14155768145008585	0.07422307130825416
0.0938688511058074	0.2707837713753345	0.20813390909890847	0.07921969243330863	0.3501668553905997
0.12878731558109063	0.03114059843244531	0.2292989171807383	0.5870251672497242	0.4263416091541553
0.3303448352755043	0.22184990360303727	0.18757066253379054	0.2704560755445661	0.08092555049255043
0.1548480393834068	0.14330146638724128	0.07773619398231647	0.06657416443471019	0.1011028782326374
0.10024065445147244	0.4475939911247367	0.02595290706803869	0.1437932145572554	0.1508035578260093
0.1904025893271263	0.12831168319323083	0.30314078715880216	0.5667952407679853	0.148676295048647
0.25425638642705917	0.0701199345226791	0.14824166967432195	0.04559778246680176	0.023317083233386323
0.18757133294108677	0.2009541457451469	0.24050128035741594	0.06819300516697666	0.5874001958814329
0.3538939307659076	0.34426530015539075	0.11731961999528193	0.07616430775480187	0.0444569605421934
0.3509752097915754	0.08385501891514424	0.18738607131162835	0.1390879008427002	0.18291430138312645
0.3190239707908104	0.36840679114104563	0.41435694615108776	0.2530932073342178	0.16726901734299918
0.301490702497278	0.10370868084744125	0.31471331768233485	0.41042732983442964	0.3958067215455306
0.41576683468317505	0.19188782828736245	0.09164690390992368	0.11388784988374662	0.21501674684570787
0.2795539701582752	0.3148419915873955	0.43612825489488133	0.45172092970848593	0.12597680175630288
0.22953946129538066	0.396804895570931	0.7963332544209263	0.3097703454103604	0.09278461325687597
0.4256927632120987	0.12916233662020674	0.19007293206557932	0.2277711792827307	0.12598403827516458
0.10856436545108643	0.3546335864222058	0.08486754140593682	0.20548689842187018	0.2573999483756393
	0.13582114278942178	0.2678529776110054	0.10813768415905296	0.24707298804116604
0.21102597807506057	0.20884427609706915	0.20087520293066455	0.2202847113082003	0.47725867474847977
0.282132419108563	0.27385763657428297	0.4035769047154513	0.17786791028723492	0.4385937156932174
0.17584453484168286	0.2399077068909627	0.13608747681578684	0.5800967258057038	0.09712334539207625
0.24433673960238955	0.26234957641888784	0.18848851352515925	0.21866499524547747	0.14510371788609092
0.09153755667303327	0.2922937878973657	0.5155648732235565	0.2977926162892434	0.1801769900990264
0.17238519203155542	0.5593731811627931	0.530567801980847	0.1341186856864514	0.40998320466904353
0.22605985727693328	0.032789895474086485	0.35359833167916555	0.3394310520644038	0.07385097883482636
0.5207477921701604	0.42359442742476316	0.28646369709278585	0.15727281449947433	0.07519422443011395
0.24077835952681315	0.2328276802662408	0.11907524181552966	0.27206647935056155	0.40119288455640306
0.18612915725126825	0.06718695826810477	0.6208093858118805	0.1710484052926196	0.13334691382274094
0.09697286090092545	0.25183434159155227	0.10301265678844186	0.21920126678375243	0.30011528088711825
0.32342813350690097	0.43672081836858584	0.5041784662719742	0.25486280680348367	0.14368595425057
0.390744233442835	0.11300191930332637	0.13684078716311587	0.36312940702652224	0.35506678325771135
0.3123027755168354	0.294037881082221	0.21340206572058812	0.26790164839790875	0.46764697618370804
0.23362008388293332	0.0940453698261955	0.4582375286944691	0.06386560158210096	0.6040379239603599
0.15427367333838965	0.37612359058480743	0.3114571662433434	0.28852143000399577	0.02673528018114229
0.5244378107441161	0.19750605134897936	0.29160266539390856	0.34540854842799035	0.05810520803372675
0.1216622028986591	0.4238163567427823	0.4083908236717372	0.08649068519731652	0.35633008317135806
0.0892357258339022	0.43366959647053643	0.5370937565121855	0.4072703383134011	0.23175108997608632
0.1898689543959932	0.3229035356248546	0.3194678067246128	0.31770063034439133	0.25062392390071847
0.3745927080353937	0.3815338279330155	0.4704344457659419	0.3907187433385643	0.39431415645620216
0.194462311150542	0.20388285087236158	0.4642042674138091	0.4699501019186018	0.7080336739900029
0.15679697925291325	0.1565522894726775	0.13752264701350111	0.030865162298946938	0.28681790317355293
0.40544790985267337	0.28989967322514903	0.07019021396908395	0.5914378850500619	0.2768187404081411
0.07327774520422049	0.22354283065967556	0.3259592783035839	0.3740576380702347	0.18928579052697755
0.40827072286757826	0.40094720924751437	0.5151546531941883	0.31377196308688393	0.3676015008175021
0.039769934560597846	0.15405966240665847	0.1704890902976847	0.18054946428918245	0.35663205963503186
0.2844804874038528	0.6744287124798505	0.39494498965127883	0.03561611195349969	0.1371296074948773
0.19400760319900093	0.12780394409155243	0.02022259216385718	0.4311500690853193	0.20430908552567942
0.3653920336746272	0.09108474572087824	0.1131145073292284	0.3318701591615244	0.13178293805404656
0.07141747396846274	0.6472277650685806	0.2157430664615574	0.3388249246953148	0.09840442247546762
0.3458971190546731	0.23767963697366015	0.22973486698954082	0.5441976198372721	0.25441126954057
0.07415441165351007	0.207578364139769	0.6058807945932765	0.26254994670956266	0.3520447640004168
0.3565997348084893	0.42285862976662614	0.48704590115867175	0.36123606443462364	0.4488697375061734
0.6765653769279973	0.4000560293046363	0.10635459797816242	0.104756397145866	0.0996925717937914
0.2480261190698399	0.2388303266657815	0.34373867115463275	0.28854305255064955	0.22425529271186756
0.2346947729661776	0.07380065120685694	0.1894927617914302	0.527613796075123	0.14588046894607234
0.4552475373916329	0.023553409442352034	0.3399611100479557	0.21636066404004126	0.1507859516394324
0.17251545604952667	0.4446607930268304	0.4287653301826665	0.22972857487103343	0.337834206169044
0.3826919724480432	0.04809982051801243	0.4318663229666165	0.23079451001918702	0.22782226147260162
0.36831998572889546	0.2531819290470403	0.27815872128938046	0.2807894621143787	0.1448227707270025
0.08061040382930869	0.16709120585549922	0.2178032011709917	0.1957879528781724	0.3877720155000702
0.32212752476913925	0.1406446018707382	0.04641967615045797	0.3515182601568888	0.35503114336524694
0.3104833253781963	0.5365691139195196	0.34405325449885554	0.26967172612246454	0.6349596350430714
0.676193632143832	0.43368371479506096	0.3622483200258811	0.13280083310091	0.09310297650171982
0.4420124393257596	0.19709004530889623	0.6380239369565008	0.31667807754356786	0.22815353232374685
0.18870818521041255	0.07266545465270081	0.307381368891518	0.12218442060944365	0.1461508799554215
0.2681474028726989	0.09560051885223059	0.10857813592430078	0.19041350518394834	0.21418861337914694
0.1960197440066502	0.13878779508357617	0.1579002721566395	0.3815001488121583	0.3475074108346405
0.17418615550822097	0.6100452685464276	0.4408263723640285	0.4327203859386188	0.22748555418668917
0.48855058904845927	0.17604363028706513	0.2427302443666729	0.593294843811419	0.2604488391639539
0.29656653989086035	0.5405979134558211	0.2961238452111193	0.3118205227222814	0.44520794770000294
0.039237651912769726	0.4302307045263872	0.37593068927870416	0.20741908252045618	0.12234938971613449
0.14089540666847877	0.3349178860067986	0.2568554855947079	0.2221281171247843	0.19542555114209592
0.30892572482169434	0.5607377903140887	0.37829244270480084	0.3626473524277909	0.6086538135198457
0.45481411384331083	0.08057018908587174	0.12405428645974394	0.17588060218236568	0.34961021511093204
0.22106618425212227	0.35514081865501956	0.1024051527032699	0.42816082470871863	0.17165374087284807
0.5042184957933488	0.014712132002335895	0.39454745892489085	0.22847979086591816	0.4992327891096508
0.46827519794671163	0.2684740629563305	0.06680305269537995	0.6560800628722078	0.16061901793700023
0.3816062953783144	0.24610800554719775	0.09315136040196818	0.13353141930551327	0.5951179716463745
0.19270903125793576	0.2421995415955207	0.3712023926301575	0.20027377448768402	0.14821169119540487
0.31133756548263336	0.10614822895875932	0.06220716730539888	0.15782099526954238	0.20403554357767942
0.0853203102899557	0.05493280142028853	0.12452485433526032	0.13248082209169582	0.5651809699711166
0.03798684173113343	0.5011147379519185	0.37335224393235605	0.3502297399542977	0.14485534802717806
0.05638915844853655	0.33429487139339015	0.2090487298136853	0.2798749608479977	0.08066797806126849
0.23113550528500246	0.618199323179564	0.08715059285501664	0.7433408102665133	0.1708271017423169
0.03682099054460991	0.3390961657425554	0.16589384524498868	0.02326971212680749	0.12664134499763194
0.19123649668515835	0.08021866698530893	0.31694096316236825	0.48443973400239404	0.0536817898599563
0.26144217837068423	0.2073481604083924	0.19466603961290785	0.478919944465444	0.12987063043915387
0.5899042803618708	0.247125051716477	0.21078651651181632	0.03923917475163179	0.5035879646317412
0.060421893776882965	0.42632615628269926	0.3219452376018025	0.2300472070831959	0.14181493884704963
0.5611513355932007	0.6324137881977868	0.24212685355449556	0.2394505670637924	0.040990415962433864
0.2921597650129353	0.1405007793467834	0.3106123948005141	0.5655893789360432	0.285983297655724
0.31470964442418226	0.2871738236128546	0.23985399424706325	0.13223722271668306	0.3122087672516542
0.5197577077285395	0.257818812651651	0.13613761741371477	0.1972835274838023	0.31651492588878627
0.22345118920652662	0.5104543430676391	0.43151262280620917	0.12828692903011893	0.2707213343350733
0.05647561502922893	0.28032268926791937	0.17409277044092528	0.5765657395930038	0.18616858598076744
0.3951492830151623	0.08106777338359505	0.3613787633381582	0.21878551718443667	0.3680948878848546
0.17555510532881896	0.3312975937061311	0.23668594711741858	0.43876300699863335	0.2913797464647934
0.20066396603277017	0.3319668267684529	0.08434184989970302	0.3702530371584546	0.27491378628795377
0.10501181152708895	0.23828533283404954	0.2744567134185135	0.2703816783784767	0.16673838632635787
0.33523479217908436	0.44023100239053037	0.6390059367345552	0.08382294651022157	0.22731218028702943
0.21031403681589272	0.2773989869595382	0.28196257857217055	0.489898721735567	0.17737286357331628
0.34461590393676483	0.24308619568545606	0.24174638329463585	0.5030264111733781	0.09921007313085839
0.16755976081332424	0.1413063487399229	0.5571207852149762	0.49588158892789413	0.08632218169145406
0.3981855352243792	0.5105378134214817	0.16369130136810572	0.37477071566351944	0.5944698483223129
0.058927276537265004	0.2612027903398399	0.03529564156228668	0.17505530428075172	0.08670627738256215
0.12361588008968259	0.1541017237749766	0.47688037344885364	0.34777315547904963	0.3956440626872173
0.2624433077164849	0.48464375018999917	0.37681491270776185	0.2624143508837409	0.675733015473674
0.3953189635825972	0.14636765184694595	0.12710114748822765	0.6047524573921278	0.10414498666495861
0.4688814517339734	0.2765017916498418	0.3128246937607082	0.46592682415178405	0.3691254608083228
0.11352394319354361	0.2039909585348532	0.0706565235118478	0.12067677650331055	0.3756219557374624
0.5825792348716393	0.1612540641136535	0.3975900391290237	0.5555056208794965	0.43102490510581637
0.26937579053263205	0.5105821226604971	0.3990004506632222	0.11137141443886167	0.18738930305524296
0.43563779219249854	0.20424046504001372	0.362612911929043	0.16393280631860332	0.07203560474537929
0.01980124792421102	0.47584018397322037	0.615452775126588	0.0984893530499539	0.2980315446034859
0.413294975011811	0.40108245056050706	0.10829898262158268	0.12223607898198652	0.5670685309358228
0.2677191896506055	0.2742465474967068	0.4120365484704947	0.3478444453501154	0.11495052902063808
0.4264223989036723	0.24453068487853555	0.027026306882971016	0.16310147897113486	0.14567352361481262
0.04078137114454133	0.18092031103615114	0.12151262671901203	0.2845829908222363	0.2948525497024356
0.5257376597257035	0.358399613655821	0.2933171385969405	0.3099733568049724	0.2978706467994122
0.046243900429764846	0.2084581924366438	0.5918339802345745	0.3250808332945045	0.5134663593486771
0.26768989823585687	0.14619242237404523	0.11362360451651746	0.17270437648316234	0.5045942674156251
0.4356015512648964	0.2538259693669391	0.5740323667792054	0.06227823340087946	0.3623439614659168
0.41463662182234207	0.355715252985359	0.19219944997621496	0.3811097725665993	0.34321788460541863
0.2529980643230346	0.19361353302013992	0.29213512464756863	0.2920206786266327	0.5374370737924059
0.526689181160975	0.34465318832758335	0.32452705671607807	0.3886575547443763	0.5508955657544178
0.1251076278182824	0.5020804614445982	0.1758938361908315	0.376204603950895	0.22994069034442255
0.17387018135242283	0.38136088354826964	0.3241171071411306	0.27677903881710697	0.05537450608732874
0.09920285620830166	0.11342363898261668	0.191378334623399	0.4671903747729857	0.32936440336551853
0.40289196316701864	0.3448823464386152	0.17279694087911637	0.25953690137651503	0.2045919870559171
0.49071911501110776	0.6415954229380623	0.7188451191505434	0.5059735500306681	0.609048135795847
0.332157845128296	0.10499291201790246	0.41337629335497783	0.08591634668211794	0.32053720236412353
0.040101601785137504	0.37722216428948663	0.36083679323654755	0.36391201417636126	0.49165706232275136
0.18788633744779157	0.08344545555533243	0.17400112617064717	0.1642957239191816	0.3335279121707674
0.7372115453006153	0.5455336442581241	0.22496717348686546	0.27130163508541094	0.2560811031780576
0.36902171250281185	0.12111403755961166	0.18749459125788207	0.2145039805929092	0.3136125685509871
0.18792775395241096	0.18894506008511738	0.670500460760019	0.36419253522957856	0.10577894851076934
0.49580548885885917	0.42138998336460115	0.39900565385696957	0.07758811132117373	0.5207535364833318
0.4251923484423357	0.2324223304073528	0.4708410078533783	0.12356673936841508	0.22354915811805393
0.46818191061402736	0.1057863541233488	0.3662086912627791	0.36969778942103476	0.20670147966649716
0.4079217039317332	0.11437351321665384	0.1530521081960643	0.358310441712804	0.3090559908691918
0.13109439820814064	0.37228586074024705	0.5026618199261759	0.49454540464494967	0.3961149624135038
0.29178688264989205	0.20704237787882168	0.1615699192901988	0.8415084473232755	0.6801586712083298
0.27186636952538884	0.12968631026900773	0.23993126378337518	0.15001077959510745	0.19972845052049318
0.1428805511511169	0.1328197546999053	0.12321970300156791	0.17201251862510358	0.4618792772742503
0.0584197823165429	0.18777577508609414	0.26436031318819353	0.23205132102079631	0.45673177814995264
0.37541660801109145	0.0954937121317582	0.24844494473823847	0.12171030231789777	0.6806485910513855
0.36048177274608234	0.29315758490913796	0.40080935331422257	0.07940848055759535	0.19820366999025327
0.13550841375699213	0.20738749676751408	0.012904488457033158	0.47983843775403673	0.3982615916742614
0.04997065539784935	0.6559444998975253	0.15405844057843227	0.45593515056889633	0.136612341596998
0.07581317662806963	0.18810331771733863	0.3498995197815518	0.5632334473930316	0.212063521415676
0.46456840950890754	0.24420025010286073	0.16994479213657465	0.19814577712381687	0.06653287621939465
0.27847987202409147	0.25501385745519495	0.144163673424428	0.16287183271396413	0.4753913841802004
0.15684329852725487	0.10466663437198989	0.25042762040866456	0.2144805694109783	0.09337659289929666
0.08446967009560148	0.1286676985730326	0.28047024328730735	0.31608400402760933	0.062380658920957385
0.14293142272110448	0.36015329195817425	0.25301492232676476	0.374575813348837	0.17720002959025663
0.12290422081873234	0.18248457211081695	0.36224769113627897	0.019893463981686257	0.17445189046327064
0.28403090389886004	0.11042248268335769	0.3331487099019877	0.20247407616111984	0.6821794687527749
0.24537708471593364	0.3334124684009392	0.2099056135823064	0.2381171094833868	0.13483572025847163
0.10991347047830065	0.49816027154224735	0.1298774006430893	0.35799310877750656	0.32319142754174207
0.24614828908480704	0.265072958635107	0.43803342743999435	0.18070735615024514	0.4090157778545706
0.4011966870378115	0.5674173757996839	0.17611598447946591	0.25626471709729304	0.07873082979441147
0.0895829742917677	0.48304205686752705	0.44042197600658106	0.49158300010813033	0.25120331385595873
0.0581218082994013	0.5678896922703545	0.09247911613157535	0.34677960263829855	0.27109517704567776
0.36708365300303125	0.17345597582984262	0.3642053565810941	0.3183467595448671	0.18217776666215657
0.3661491750547104	0.11191584830476264	0.1996649887960055	0.05802183979306455	0.31723186368399636
0.3633024762002268	0.0178663439228883	0.2775198249646402	0.2575687362668859	0.18091675150084635
0.13377001430118327	0.6122676819497567	0.21165602011318255	0.228325637098161	0.43693025451740747
0.3976154695364271	0.293007724264897	0.47662402214874394	0.39807665271834297	0.21392799965236753
0.4087773994126052	0.08064142665220406	0.11674484061502335	0.2847429172578517	0.2693219374283022
0.2673286031218188	0.2719742484098976	0.20676328343856407	0.09322718452729252	0.09890541683991874
0.3259214955930898	0.4910367600347387	0.1947605243423863	0.29626081539022797	0.2640502263932234
0.14337137655563792	0.6044595169419941	0.11326571361002927	0.2054851605441379	0.34084530449944345
0.21203032551406403	0.1530241023372431	0.21354368610937485	0.2737594175848526	0.31841776908145075
0.03830363675517418	0.16885445363277954	0.25134380927991995	0.18625361635696325	0.1615042228411163
0.19389345528222993	0.07540816890735236	0.4475542712492463	0.15834287384583037	0.4139422581339538
0.2843771532349073	0.23494601146810665	0.48724328331601024	0.20482908454718757	0.12750605102931092
0.37449827875154473	0.1684944277894787	0.4619864820421765	0.09244015208596272	0.3206636113131018
0.3039900897032338	0.27847527097898855	0.0807434714614981	0.20899971732954528	0.17023333490452558
0.24668253298819534	0.331821290037184	0.3246918414692598	0.43015342628268805	0.28886455716461235
0.49656015163449463	0.10698283218360742	0.30388427301108584	0.08207342406774072	0.31470009253724224
0.43481272996600756	0.09252898464760673	0.26129877290115966	0.42758301910007823	0.6025695821988061
0.3001393300676583	0.3826291812503624	0.41404046758682295	0.271858156828802	0.3722683478895188
0.4568075434346858	0.4579489421176895	0.14602527433106083	0.03741378170520291	0.05768770511178597
0.17549357366559565	0.04161842436169066	0.3975928911831884	0.36766968833722147	0.4525201801414116
0.38641004596402406	0.04503840182916585	0.22822189191607148	0.3119919754468572	0.2319664045679202
0.1885949608527556	0.18823970421844363	0.2344602413161748	0.31560214559913186	0.4220104139245764
0.06163766922830794	0.5422842154700913	0.3401233723026435	0.3230752386914352	0.2703718183390467
0.3581506777611431	0.24720835481118306	0.6762744510025889	0.25302726289729655	0.1939470360619847
0.24019270373757126	0.18546672575657194	0.3083855937286303	0.4454501770019645	0.4355416812884446
0.17049897525557242	0.1547775496088507	0.09853802364100692	0.1904192877796412	0.3946200714841371
0.20913161878194986	0.13738409172546043	0.21401990008597088	0.445769188692858	0.17363653643273722
0.38239987701636563	0.29043355449340824	0.36633037816448744	0.5502479858333129	0.1770176185768321
0.23227985705833015	0.0510642361073094	0.2962190126624129	0.4865164991960374	0.6300726481318173
0.2132026385222025	0.1635480883584901	0.12969560953240464	0.194777137451342	0.2748059553781437
0.5038708999822078	0.22523381290394986	0.17034853824200308	0.6714736756163283	0.4198296042853003
0.05996234633605255	0.36032633927763696	0.5344849677133768	0.04682858878478452	0.07139357896849656
0.2243185503260157	0.3614133996444601	0.4094974999243678	0.21600619015306133	0.20820160862870013
0.36599004846783223	0.38951537698828664	0.4242721363096624	0.11543800119030741	0.1406594583365003
0.2852100182543339	0.2090801647490385	0.15045840838173083	0.5980974910268255	0.47748557404266334
	0.09687025959950522	0.3408007524931658	0.4935596483811496	0.38664603849049156
0.2332804026936733	0.2413458848834411	0.3548229475915331	0.274719906643131	0.5028519262001253
0.552320923648291	0.2878541386624794	0.25586773948588964	0.12375075147946271	0.1945157460518173
0.19001833070830562	0.35893929426994137	0.10954568189730532	0.19583163083934	0.2612034440420028
0.22161459622616841	0.11680352589106989	0.5664803627712262	0.47213831575472637	0.10564126562324098
0.12990320379064652	0.16634272031994243	0.5731390806639794	0.1297958376459131	0.5745309925118885
0.23820984002378484	0.3472560502283024	0.10052631970289867	0.39015054961959306	0.2907422951283466
0.2204775204721191	0.49071618376061094	0.4433948466323371	0.23495344001468216	0.22723033834068043
0.07691956711219602	0.12973177408290798	0.1256569733817126	0.06120746399022261	0.48351196632834076
0.1544520462026935	0.30268187144220005	0.09678208535413783	0.3145864652506178	0.1357505667126919
0.021719894313404556	0.2918176848983318	0.8063666894421264	0.30275152205243894	0.3366835941520525
0.191052778314589	0.2249896691888343	0.5150938628676589	0.37305538379610453	0.30267875076462064
0.20774440538475306	0.23504902973885586	0.19366953492626585	0.08733470285248982	0.38022328996456123
0.07338516615315442	0.5856909785897149	0.16919125072117253	0.2672990331087541	0.4136107575475927
0.05593168008908827	0.26574211205605563	0.15193253253238434	0.1969877429179427	0.07292314927644537
0.2594761019575058	0.18766419363259024	0.22682081663892253	0.0044776099224823635	0.36168441730724604
0.2598834031806992	0.5351491641511419	0.41244796017517615	0.17554931228868104	0.5375331205023494
0.22341970237721762	0.4821868815988455	0.16427961252468268	0.5162948455122598	0.33589297943149404
0.14429127314630433	0.20366988973843295	0.13670323351013508	0.5011071499875972	0.08483343593258416
0.21005461073384127	0.3764094798351952	0.07653845231331997	0.19220059876462395	0.3362232643748083
0.20698279712124612	0.4410844844819742	0.22955111851356264	0.14108041499039364	0.016189184588574462
0.05079194779370272	0.06436911335841039	0.4958535152518034	0.07718558977564878	0.38069129136150465
0.3070835461048576	0.6187408931103032	0.061018648924359424	0.2570326385969562	0.6700420729441874
0.2166202991234825	0.4212996174839383	0.4847248265136621	0.356525434368766	0.5886037887064292
0.3430247540380859	0.08735131151353122	0.4924848980800643	0.38666833773093834	0.3681113757098466
0.0997231669993793	0.37473721301495533	0.3627362128851473	0.21705885302731218	0.13140185483716202
0.04877453665766523	0.5373735676007725	0.18656618435568872	0.2753594597125124	0.25733335837784643
0.09759786830819404	0.3587213055173891	0.16282453684281956	0.7193392824139503	0.2767352911388714
0.3762590731669597	0.0980132415890258	0.08978501793201733	0.3464287624287832	0.041935899424607695
0.34551976378268046	0.11594441036475771	0.27328755289920736	0.21127611610402136	0.38660543480159154
0.19590739261996967	0.3684066158433806	0.40838320959740065	0.051224338317735145	0.554875690986874
0.21087343846751375	0.6275908054932362	0.27763581136111115	0.15088920329554212	0.12064067965505615
0.5303815551198611	0.5670254677626065	0.20390820774924392	0.10828006215321083	0.17846713812840717
0.4358243307133216	0.3807219654294698	0.2893379968478382	0.18888602885048983	0.10823278420827125
0.25453931572404787	0.5132341935724687	0.6223716686469865	0.3349182035475761	0.20839192352637764
0.20618825229235543	0.26980597372592985	0.12802169996206425	0.3430323330724304	0.20365831819142344
0.23576102596014137	0.10327803777933504	0.3879995430678825	0.4607613960167305	0.4852483913686485
0.518422196071412	0.04494659999793543	0.5307406385357637	0.3403535020149711	0.1733453424258558
0.25405521737322817	0.2714509984028854	0.09398940593864862	0.25286801870777426	0.12229619811873382
0.2859116736662276	0.2510462798133785	0.5207953005567624	0.5983123058212214	0.2371889944267397
0.12967760054598168	0.12478145399692919	0.20680178599007698	0.3155936448506588	0.044334952368887674
0.21819476605424398	0.23059312735924298	0.45341085785187457	0.2629681951216404	0.5050594487934654
0.3047054296135402	0.44055008629540326	0.07125400529113796	0.5833249779240659	0.27919289762174493
0.20766013059576063	0.06201792332661304	0.16386990656330627	0.1837620362369521	0.48525650955453453
0.33104530555283684	0.49883817578228207	0.4172900745727337	0.40573749464740133	0.25354967766761066
0.125320926421567	0.2054523494042892	0.22649293315201097	0.1374481058649304	0.34275259829347077
0.25740839368912594	0.5294340263789101	0.5793062924454452	0.18960802523907222	0.22759971615255994
0.19811883045309903	0.368123269564116	0.37051054140083745	0.46896793807165055	0.2387933156341852
0.05936854367256577	0.4093047708297803	0.19426537731097007	0.27436122002012947	0.3295201140322047
0.2682115863331117	0.1282115219495215	0.18177786674546043	0.10953283680784495	0.16459805962009713
0.12460157453709185	0.37477877107053964	0.13261034741710642	0.3109621981205054	0.27679430856068543
0.05471605051165636	0.2972271487347028	0.1710081966127234	0.24710901083032968	0.3785653085311059
0.04620951348334209	0.3870337437053045	0.2537413900718938	0.21468472772042124	0.13569192925624132
0.2928601407377343	0.43987799062779814	0.40676530915424475	0.23157170804982616	0.41318620206941825
0.2673218783958578	0.07914797020181258	0.03613737104189165	0.5347024618791479	0.42044181038651113
0.30940091202520614	0.5425435231261516	0.09295296913716913	0.36351738232793124	0.18223194073474905
0.459389013837396	0.5975373113062895	0.1277234845211384	0.36020006735417903	0.20929897942434267
0.018728659194993665	0.05173064411132714	0.15467823188182933	0.2520145499402559	0.20539850462040496
0.1792011950404847	0.3000393387053363	0.37144413761813805	0.28327642598706937	0.17136811661563647
0.5511925138468925	0.4308304620753826	0.06416287066013902	0.4667041303100844	0.3399517954222733
0.10537941396848226	0.0649127023206819	0.5337339070133571	0.5489229118996374	0.4011732164803207
0.36255450188075705	0.3641848502033886	0.18056534061469506	0.20863613875658782	0.10607483244289959
0.29830030576586314	0.36211860536488827	0.4937796294611264	0.16375245644412928	0.4275476517230236
0.3378989547246021	0.4912332782012903	0.16065100997876255	0.4269518476505617	0.20308128133460074
0.22052572491684472	0.327783195758814	0.4248378711132817	0.32854134126091045	0.4081218924948205
0.2751114887380306	0.1339110234595268	0.11578246258963808	0.2551374666615029	0.6097907890991378
0.24380315760816637	0.30794185683339115	0.3534509907859626	0.45732203886700884	0.21028789702165734
0.29929818340417935	0.49695363773610535	0.06781130189992829	0.5629814080046797	0.2883795082742714
0.05063239028847785	0.5778204155467498	0.33721553876651145	0.40336012619860406	0.25999362116039687
0.4353193945699867	0.3708328433807514	0.13308984021871514	0.18013121285280279	0.22806742048497072
0.13162953947376993	0.22417778145061737	0.23108073410723406	0.456454668878993	0.6740633534056464
0.48587763078338314	0.08056969372114392	0.2353247275002107	0.3087770334286335	0.26164002205331616
0.023336484187396984	0.11367888901003009	0.3625181888683818	0.05608632893932705	0.5929430002691765
0.21128348890023674	0.14059426825145563	0.26728222339772983	0.3607450497508979	0.3039733886330706
0.45315493768258935	0.23812346446284333	0.30084381269846955	0.3862126048894429	0.09340810738659885
0.4887610803578759	0.37184284137821816	0.1093130299341707	0.7746594335441896	0.1967922359298943
0.19533853030282558	0.27461376234965473	0.10664296851141536	0.24915100229244977	0.4401621543374029
0.18063262386210233	0.4651950805023774	0.12115762927907801	0.31123390314088667	0.32909057449989493
0.07152814970770706	0.39233405237113583	0.47892160582984983	0.13900717170013704	0.35071477592868994
0.395408135748098	0.527144315211815	0.19460721012271978	0.8222906963536201	0.1885803468181606
0.2639094161758527	0.3489848557894683	0.17963561303068645	0.21151521311189142	0.035795581534450734
0.33140520583297334	0.26009709083745	0.042656184370642045	0.5188922858108096	0.12645276965547161
0.14900007284902494	0.1566630245905056	0.2263374619926567	0.43695015053268865	0.5398710441741721
0.2465917164974798	0.27227882258694375	0.4112318660325299	0.19346279590725607	0.2864733293503794
0.5773595267649165	0.34176010473284335	0.2150104106805244	0.26052110070792217	0.6348720482927018
0.1723517255204474	0.13283012392000812	0.5341338304810214	0.4517140538512773	0.4342562315165617
0.06915555834103604	0.25099528812126276	0.2567619553402577	0.2865100025999407	0.20497990015153475
0.40666745931121095	0.3034746812352712	0.49506171371417407	0.3393743099952585	0.21034944377995393
0.17790608640893688	0.12499846070106634	0.1722784242852459	0.34308735212475394	0.47087548451368094
0.20120797153001668	0.23639987979262778	0.4561238596183848	0.26425532114923017	0.19556562276821932
0.08624615881097841	0.14413319404872954	0.18834873381993808	0.21392901612108928	0.034994465433308634
0.35992237392389104	0.2699226916751919	0.12198206274532784	0.26712206009704736	0.37208281670659304
0.4730900388846062	0.2938339423787067	0.25866161420134226	0.2864835915813511	0.32592877073060167
0.31747345765477286	0.2515207985038604	0.23582625156448228	0.2689603264510247	0.33233813944255286
0.04826649982534734	0.12945659090932068	0.05534881736888328	0.05952834459127181	0.158791912617787
	0.08094752069954989	0.22105534999602455	0.08635800074168978	0.10446238608772712
0.4783544351531068	0.01944981182973531	0.3642054294443741	0.6886193931218463	0.36522396218590353
0.13244113012729483	0.37876147625396367	0.4326324629620925	0.5386268481359647	0.12126134222653968
0.47390228530218337	0.2532808066242698	0.014598269919263282	0.6155885709650823	0.44056708731859806
0.22283290940726896	0.2023353320244622	0.34559709105052905	0.12576914875599357	0.04094979148989654
0.08866453382233276	0.5175752461000243	0.32963001495774835	0.3190462782109521	0.38384358268294105
0.5778903907809246	0.498662892129413	0.15321457506203487	0.3222859258210509	0.18199226258194082
0.2730929436769828	0.6251673580166599	0.27709789696542847	0.3030774225276338	0.5775257378917249
0.20987481018557594	0.5612723914405201	0.2733444958846659	0.5426216879396081	0.6081130840439787
0.18194057176580195	0.25331379224562534	0.16990983965953105	0.09066135868169098	0.25279620310253487
0.23822569086725354	0.24386673344609244	0.2540748101245049	0.2996538259959203	0.08605024621411413
0.40713736304922515	0.3877372552312899	0.07760844590106988	0.35212992077117805	0.47102485002603023
0.1906231343802994	0.2926914423604287	0.15825861525537696	0.4826148325598736	0.32608906055184456
0.45697418395243283	0.41892119670281497	0.20061537740240057	0.3553369971100412	0.020168751311289975
0.5185381077043184	0.20754768150734224	0.3403444010261779	0.2522345993318025	0.3183815290373821
0.06390519374820275	0.21190671990186796	0.0674035755714516	0.47148323471898523	0.18929069647093216
0.04796413445196015	0.47001874888656126	0.21097074737992538	0.17850738537548905	0.49705151691686844
0.27755024471131956	0.11360822396033601	0.10225891691480378	0.2137422504219527	0.4147250938437405
0.049895430540483725	0.3675918113757104	0.16565427488004592	0.2911531448090983	0.23753595299970995
0.13376363810446848	0.28012936147293194	0.1940457698240507	0.19545133369483758	0.11879999999796226
0.2414033666452198	0.7552006940124035	0.13382866738010837	0.29614686160997866	0.35724381256752313
0.043093912154821126	0.21716766618447753	0.2660813054429728	0.23790737904615616	0.11655674363686165
0.4542612549728552	0.329651855257223	0.5139235282487792	0.38837739910678665	0.3486895333703678
	0.0941002043730149	0.2377426633286456	0.2616478244501269	0.2584260196627712
0.19393362093788824	0.25534557041834105	0.23162704515702265	0.556975614554924	0.03627034833130958
0.29837813084349324	0.4841657488797201	0.2905943086393558	0.6591996315293617	0.35070820055364665
0.3296921278022785	0.3770135925332156	0.16617706021995204	0.14139992841915974	0.120582625824088
0.30305493505438375	0.47401356021170515	0.10169136984550235	0.40548401617852736	0.19975210230048593
0.33073543420829815	0.31496480072364647	0.5153793016296572	0.16415270254240508	0.11721642992669118
0.5264221494754648	0.2977601975236712	0.17115274125962418	0.7210856380385223	0.4999654996721695
0.11024028810565277	0.20617248405509048	0.08554285090400723	0.1962545683495467	0.08409288599733619
0.2120003950560222	0.4013046304003726	0.4220821586091273	0.4588470462407889	0.41312748325554977
0.27887218736336494	0.393506646833974	0.2674112200340138	0.5400861574616144	0.09446574799783522
0.08363160908673782	0.16762092747300472	0.38428642218967474	0.5508275539598186	0.337346554112322
0.4377473476144292	0.2582347532301335	0.12150274552407163	0.32528070064760367	0.24806959044300544
0.3592828780886998	0.41779503176972027	0.20350206184454736	0.17543214139211016	0.16829794965835077
0.44738944580245765	0.20257439850979878	0.09519153865066635	0.21982587649502083	0.3580687715508021
0.3195332376984023	0.4019877801222273	0.5379150464655291	0.1024988343899855	0.09560724749289892
0.21993945753649635	0.31115824715080737	0.2780842200569124	0.47245934830643466	0.42840964472454224
0.27436374108251205	0.44074161378043036	0.07929772292877506	0.31490521907092067	0.6569169764168125
0.26017199969671667	0.12250474560466137	0.44313488960405845	0.2540591559551625	0.36933249722670164
0.13820078384131854	0.30999400722683756	0.3609984049185082	0.2175506292514994	0.19046765610493038
0.32873244364039395	0.28319499071838783	0.22731645419029625	0.21669548697958546	0.3520533547921878
0.18343297495595612	0.0974075637881434	0.4797657430538896	0.2701292717773451	0.29590322982463296
0.6208546114747526	0.10799412847866326	0.5924457636456666	0.38773345482137644	0.611489761237503
0.20751048594352414	0.16635089283294197	0.21237512236841133	0.22706215659272258	0.17418513841226857
0.09155359787631781	0.17122040722467377	0.4163054327417125	0.13457719421085657	0.5193195737967075
0.4851570405583304	0.07424134895049694	0.16376741891486105	0.01923941229062304	0.16049433212267192
0.23785103435435928	0.1932717813750073	0.08595500206106281	0.660656526527265	0.2576447358313794
0.07773886079704143	0.12880287806687687	0.289203019389274	0.16373114553854087	0.13975548072415483
0.32038486917134074	0.3275388499566827	0.07042323966238583	0.1648814752576338	0.050881825082769276
0.49751640755051085	0.3358197172580371	0.3152171377563931	0.07309845552049535	0.2565705947974952
0.24454656968413502	0.2625243102031511	0.2331150804563215	0.3959471805164675	0.3765328703448164
0.32044036237709655	0.12775484691482275	0.3029512829504698	0.5864394126445557	0.13938370783555878
0.26243570825043244	0.5151731720870285	0.19101118577215884	0.3040476002544733	0.4837229867310712
0.14746526489516462	0.08866652162590023	0.10157383062168496	0.1323658143219491	0.456680809224459
0.28960954857449234	0.12659594211147718	0.388519124354693	0.4642851453197028	0.11175638540468959
0.22380054607686634	0.25702261617563904	0.11319650369300303	0.308533881668352	0.29922296507527313
0.44272268924439884	0.29228517494189366	0.017797429597237097	0.23607361499686333	0.36535278516965347
0.4010027959276089	0.33983801292014576	0.08995101675463905	0.343065421803484	0.3613377616220184
0.5052561839391712	0.5517325361680615	0.42610516229459194	0.17237509990011218	0.3259103961774001
0.4050556676116562	0.12445770411355928	0.4592997564596583	0.2295837398384989	0.17949435713712297
0.10522596346523659	0.49400139370831286	0.23280565908753734	0.28391031734985867	0.07887145289955765
0.3191828654277825	0.3977767431275889	0.3926115927911944	0.009354775251088132	0.200850189095386
0.22865247660004026	0.042985005706881955	0.1770841949251692	0.5555859556740846	0.188362841244197
0.48583877982050283	0.43580972331891094	0.71019407934604	0.2691650115781935	0.19358156476067293
0.04683703139940103	0.36124913061616726	0.410134825226158	0.5539553888645282	0.239320657398909
0.21017160499296336	0.39385249142905177	0.24978481827363344	0.06537892034770805	0.28747109132124654
0.08301041490884964	0.2632151673843899	0.4597493640976914	0.46617466154265486	0.3489892665186241
0.30385931659289694	0.058134510310657014	0.14796135059027932	0.3216364377677357	0.5244698413244745
0.20377140040614322	0.1611549007952145	0.09081364670402876	0.3325584757823879	0.21855805968926334
0.2582242253824865	0.4740991813332907	0.18563414719601717	0.061642797442762645	0.08351383223935827
0.19021897937890575	0.13511532019762348	0.42432965615038476	0.4822920212705478	0.32277685702716247
0.3878072030624974	0.371619000036338	0.22652732946779217	0.4388255902984112	0.23578377756038746
0.18604936909274014	0.2823749761779367	0.507092539538152	0.22311600428994874	0.33896999709464853
0.18811542152552688	0.6515335394636689	0.4388221382384511	0.43149480600372814	0.15758230611123056
0.43344562519723157	0.4759483580898638	0.31066067301403527	0.5363989845534868	0.2640704914422223
0.38828330890647955	0.5260647865875939	0.12118944613653934	0.09105043276571453	0.314876371077324
0.21117870853778845	0.45833964777405445	0.4191376020346481	0.4168576576728297	0.37390597993152064
0.04685024752188116	0.5003803691934086	0.5387635017442647	0.23462069701471633	0.34547499195225395
0.2507071262250183	0.29593278240663085	0.49688141221336074	0.37007303436639644	0.2735419822646759
0.43571968299538044	0.2222521287816661	0.20728529180954056	0.23564970551072376	0.47319737675571355
0.4820817255274597	0.49777049083635777	0.37851833947628977	0.36152688335616484	0.19527175252216336
0.20657903822873516	0.16018074163499554	0.4281497167935799	0.24845672210574823	0.20747431304518554
0.216017066106425	0.27835857262148717	0.0731618929428423	0.14884442824692032	0.07009751657717253
0.40660683073639436	0.4650035160582687	0.19698256261768854	0.620938685573505	0.34041225543296616
0.2491393001600653	0.3333528733594958	0.27176877695218243	0.3614172428215178	0.4863545951813904
0.5640818572332061	0.15285786915503508	0.3683235332712059	0.31377093503965864	0.4766973493554376
0.3170656650734576	0.6925832075832445	0.2703531824218621	0.3540074325946812	0.1465867471478607
0.20674676904183892	0.39300875472993113	0.19792847679942194	0.3350334424410846	0.2955672285219974
0.5705285854209967	0.26063501318971527	0.36619439605584386	0.22472979795189083	0.02911460498680786
0.17145188642087988	0.20122221712574948	0.38623047084684214	0.29914280626015494	0.11885513911375707
0.5178411992473462	0.5304614480257775	0.3197782778705641	0.037481729834021434	0.2722812703922778
0.08178042158595605	0.44760618071275055	0.5831335160814554	0.21110934917466168	0.4287040364872618
0.14485117344135628	0.6332644946076174	0.4566146988164992	0.35269051710554894	0.16357549499028481
0.33977256355068214	0.14045233334272436	0.20098512863676438	0.13294210637736384	0.07558139943861548
0.4837625008391206	0.42179827919247614	0.10555558079006933	0.6215302054638604	0.3151102339707797
0.13335997090385618	0.4151586643783859	0.4846800801440981	0.08753624664212892	0.43573247012227545
0.0555588691619892	0.06430563905392628	0.17422174021230522	0.3222109491297317	0.10030330082015902
0.17121599275960633	0.6148794229450284	0.4777433410348348	0.15916352296109026	0.5690160795268292
0.3910217965327048	0.33994661076813065	0.38022887979296166	0.30367758690447777	0.3752839001225612
0.29179072491692226	0.5184255223902717	0.06363133394960482	0.5631259580908605	0.1503443097570191
0.14046174668353043	0.28437372825916485	0.23180749354240326	0.2877188403793212	0.6154721645926805
0.1959222082974517	0.18243031567448925	0.08861777139329051	0.057555453833845825	0.3768503764921595
0.472826523337054	0.45846953835218823	0.16897968571095054	0.305803299250385	0.08424247633078379
0.12175923835581971	0.21760721802135516	0.37364429147213923	0.3449251951787176	0.3700999834109775
0.15429263929289155	0.5633224143682019	0.36870187526122167	0.5091472366256716	0.36244508195246683
0.12406556061100475	0.1945016743073501	0.33009525830330727	0.3163575507100556	0.47632986195783406
0.2999787526594521	0.39261405978006075	0.558926384048361	0.27444046017963597	0.030140537839135166
0.029212344864176835	0.5765995201065613	0.16158154228845856	0.08572924271757716	0.3910407528316902
0.07022860788605527	0.8751978726709592	0.19487479867090704	0.3574475028407936	0.3323964857887313
0.12406204369189258	0.32849392130384614	0.2811595234319977	0.19186579581075788	0.2546445603426712
0.0943812377321139	0.3809477677323847	0.16046555527257791	0.07848909837665291	0.41842388056935503
0.4889953991497457	0.17661257686335838	0.2821694001981368	0.39594639591705943	0.32524889754188985
0.4125447132648372	0.15462645445161743	0.27765256541205585	0.39408876690261757	0.4448877455218313
0.27680836242858803	0.06189097367717654	0.08485421490775655	0.23734366529811685	0.22621889397220854
0.3834491948175309	0.24867166777946179	0.07249323369594295	0.14677353932377502	0.27759230577046784
0.37794233726602455	0.07851180547810295	0.5774641466396325	0.14341839191541644	0.33322168391961
0.46119370664749026	0.5175534816930026	0.4820346336825282	0.46235859074072866	0.3662689069362667
0.29753249161007866	0.3504225821082982	0.17378798810052734	0.4578121904149822	0.05672741144639917
0.32881620101958275	0.6488988973921676	0.4175072239782705	0.4918330922386009	0.19663290104776773
0.40895346258768156	0.16899005823773602	0.639673998066154	0.07241372790423438	0.1641267981351451
0.09507225893740222	0.2682459784562112	0.24964767278044203	0.201353160348705	0.2770976224850664
0.20943222213218676	0.582320658292812	0.3615234099942839	0.25478359819002033	0.39316031715538746
0.2522090182701798	0.07978006390031234	0.11056215793322474	0.03479639082423273	0.11381169786875274
0.2954548414116334	0.422295807309516	0.10132416553323603	0.592172976168123	0.06973525748607898
0.14315002649916903	0.3417834642409344	0.34048332929282077	0.08792847222941602	0.18989243452901
0.6389705060233625	0.23840625880754812	0.09859646229942715	0.3016483064526473	0.29886585786888725
0.10944420251058415	0.35250240005803984	0.5263631100857165	0.30556177068833573	0.08538488687540567
	0.46929238812530966	0.29907640762119686	0.3808086775611439	0.023193983538630406
0.3153466300169742	0.4558499662352529	0.5262887900203895	0.495105126349236	0.24457215119046846
0.3225646434508416	0.2765953638969287	0.5573672313740462	0.4627952134952524	0.5546425236678382
0.27546392654986274	0.15357734067610718	0.02220396576700333	0.1395000047953726	0.2521448923856484
0.4278636046526474	0.4585105799836967	0.301479720531709	0.24693176606199616	0.09782553487846678
0.2882959039647998	0.45511672973745754	0.1393810577783728	0.20225965522523928	0.1980318930553539
0.579382594003746	0.1433531162873721	0.19257423579188915	0.30656259375325157	0.44637448737689756
0.1712238623174738	0.1736103347539148	0.25223453530533263	0.14452830348984722	0.33750779329130504
0.3109462200571142	0.5068322843061436	0.4762061464116202	0.5301360828007445	0.24322084669353505
0.19467600764573323	0.21518362235405158	0.2417801052448479	0.35834632048197607	0.55664343203556
0.4104646046137097	0.1478338948208515	0.2900546779323136	0.4638521872798399	0.11143718657196547
0.143475600289531	0.14693551155390222	0.2362143166888437	0.18870185993319635	0.34606000448069824
0.1453568461193332	0.18166864444480188	0.44529369097626315	0.28077175707969887	0.2611712476064549
0.12954101345845678	0.04750119692568432	0.15987890811258557	0.4885377688105154	0.3213497467447153
0.48578754515549916	0.6062485945523015	0.5638468098532707	0.20759952134593837	0.038553921580255474
0.3418455613901017	0.06891247759199363	0.5727016947680922	0.31083234445068697	0.14491751287400864
0.3943510334041492	0.1643819592644592	0.28249205360332325	0.6000743243504251	0.39926519213746614
0.1685382347425214	0.35748594690468716	0.33755517841239374	0.13706188678922074	0.4715268413146982
0.14095003956172283	0.14148006353614076	0.2381237616313476	0.28236384707795353	0.32692963240391576
0.4638049258203327	0.18216390530795967	0.4770329567857952	0.16747432068050924	0.32864483125366284
0.2813347152787651	0.5744470361188528	0.11709482208466171	0.46624950306332896	0.4388270203132585
0.13829033051291953	0.3711681150846333	0.26199739509377784	0.3108414818471678	0.21067043587030299
0.40647889294486483	0.23941657378727627	0.18587720003113437	0.49252971397477474	0.44555056035055085
0.11711384839715296	0.2916150922646498	0.4861601101296462	0.4035032102433333	0.20311386813609203
0.3027040305344476	0.397862597347405	0.18260970846815933	0.345491763422797	0.31290798437682543
0.4801294406830861	0.2651172566475105	0.29401346200064593	0.20435461765514465	0.028238513631941905
0.2019552909163108	0.07910265945863598	0.3210858743446054	0.3166531686184852	0.16127814122080586
	0.16046024875434425	0.24519281057554107	0.14750967490542932	0.45571194169463136
0.24371826800074575	0.2738689693062779	0.2390766365613123	0.408914748788482	0.2269022391158098
0.2853376056011081	0.5152236599660419	0.1146832463638045	0.3797988069746307	0.45863792979263734
0.36303214132364053	0.3457792573626965	0.3803710774463034	0.4537435728575039	0.18172000916538497
0.34474779812810225	0.1628233822602153	0.4249456214309151	0.44063788037789176	0.06934591923779679
0.35083041701953743	0.3153014300390826	0.2518530180373055	0.4482768241301868	0.34259874420101133
0.3523195733477669	0.4067809883229918	0.22236755548529474	0.24039734667674462	0.3712469423090889
0.10887699960075177	0.29726226147491175	0.1063158271727086	0.019096132058033025	0.2090821285438587
0.28666013029847737	0.25845505066479973	0.10125636941352523	0.29524793162762425	0.2700074620491316
0.181229258675981	0.22318219452809968	0.5037066497869106	0.37133985377261486	0.4218375550466674
0.2074459778393899	0.7108825189282884	0.44600865702202713	0.34603432324167954	0.16398685964168327
0.4618157005565677	0.06143518471947262	0.4026100831556361	0.19403175662885178	0.17613547005775995
0.37217843742747386	0.20193096428431298	0.35743652580395446	0.27298573517070973	0.4101386101429869
0.1638945115782677	0.08570422634666708	0.07193018925380569	0.4579757509436943	0.19495668802725435
0.2767199397480598	0.5068447395192313	0.15544056979789486	0.5600181184368993	0.18358385271569597
0.04706559936616373	0.1786433422139586	0.5249577348451474	0.6427423494518637	0.11688259539868091
0.07044654812255183	0.12234171689004898	0.4228676324710986	0.32012503722481617	0.41898171045488836
0.5105111207617812	0.25327414173755897	0.7437319616609649	0.4665479139441998	0.26029828818206885
0.3842984337981728	0.5192642441187679	0.1913709283231078	0.2312414051301718	0.041701999591950846
0.5411628500815032	0.16075123171044636	0.4952507723331725	0.14136730820418755	0.24618510979802455
0.5220367604769454	0.2178021844763301	0.1646868020091999	0.4090942235685661	0.17156030392139254
0.17492059615521235	0.613119488275058	0.5379367520497249	0.08689960243913093	0.5413531887980073
0.13568509827083003	0.12196545417981826	0.2529359122440744	0.07232476711593251	0.4462453200724567
0.31268365658221076	0.2507072718529073	0.46047189038957825	0.3699549601324686	0.4838816423941366
0.47115973407268585	0.2183700175022958	0.27368902658524236	0.4272151926795094	0.34617896751580657
0.3432263278788017	0.07302188664954967	0.2877724847343438	0.2787101120870517	0.33195276070989194
0.16080566362553894	0.2580721802093966	0.5250989999590386	0.3559681464963579	0.1348729672650621
0.20962175530747437	0.24697455104075358	0.19109911591025855	0.3015475165307048	0.15203818576250716
0.1536293289450062	0.08021529811791125	0.31697548522335817	0.4002923224092837	0.3744331839055868
0.29973731509589924	0.18844636175670548	0.2972359899153625	0.45578290683334743	0.3356537674115697
0.07830593771063327	0.24021038328195873	0.17397835065177877	0.5246638339540151	0.24413633839532842
0.14447969446085213	0.32731257293627253	0.3891985260275407	0.21573587087452642	0.16812166597993944
0.22579427988164766	0.0582229128844834	0.050631956171999455	0.2542262743024434	0.17544483997900828
0.21887704806250463	0.7253752628811337	0.740347210143283	0.27630715508776515	0.2679015626181958
0.31714782057099383	0.30269950669568696	0.22891801522485195	0.10065989612426374	0.18225955649488784
0.2851230066039635	0.20135910683363112	0.37027194004993697	0.27965427072631316	0.33291388293979196
0.056555754091978314	0.42523729717022996	0.5932616060731511	0.5396148374297334	0.19481762585300127
0.28321739391473844	0.5831605091410503	0.19046546460697245	0.4627390250264106	0.1780191580383717
0.20909423714594583	0.31486754046262844	0.26516673449522254	0.12147277266007964	0.6781563296084181
0.3126429249447941	0.38448203819051957	0.17928491394317866	0.15514334758363926	0.18442118675023375
0.49240731532522275	0.47087989892388166	0.53087503639705	0.21498128127755212	0.0302125335433094
0.3099716414441973	0.22904858772864778	0.3116226667727545	0.4202180137636238	0.23894789753076873
0.20110393060920997	0.28358982322834886	0.2591395087671524	0.028789599467000795	0.33952750853482433
0.1913566664401289	0.2963119819532529	0.27701078595971745	0.058134393642978524	0.28602203004951604
0.2866167611145465	0.5763621369962649	0.08338110347685898	0.09501699422920104	0.41102933422642063
0.16199688921192	0.11552821699879119	0.16278223745690995	0.4076073181952555	0.4357222310863823
0.2384861569943666	0.16426362915667447	0.1652795206609689	0.4082010434521804	0.5365429668527129
0.3244279278044883	0.21840348453735162	0.36136356760331295	0.17800973073777476	0.3592096869141114
0.16839596297815826	0.2982990389750448	0.3079035664119713	0.09569331416188823	0.2565023566012178
	0.24294892015556857	0.22603822040847038	0.14017298965272906	0.11425595655566124
0.2859817807490963	0.20517008529145794	0.26667189364496735	0.4961130551183361	0.12155473454745827
0.49967188885539915	0.4094372800983706	0.6799539179610065	0.438736266585197	0.291902227031623
0.3136120798377403	0.1597778969649774	0.20568232295885877	0.32262185097783674	0.15360444806736057
0.18449300779301353	0.032216547463094984	0.2112866222832131	0.31626979511598324	0.2138064878286911
0.4369631542869713	0.03281067136428999	0.384762697219905	0.20798869579763685	0.25143499286955834
0.22691021553416277	0.7207895577780218	0.4261185082233018	0.4302974365904521	0.20461667644037868
0.5743049637198826	0.38752569877475807	0.2569262443304951	0.7047347559612426	0.1252846099449992
0.32186214023910004	0.3122863396087053	0.34646367145510093	0.15760709961485106	0.47804647777173825
0.2658968508471314	0.5157320002353035	0.04825285105502764	0.15295345810438282	0.3283371167326012
0.15637206594717126	0.475287821626049	0.6391817453899474	0.3151039206455812	0.5389632454343058
0.49256177160501613	0.1407523501537882	0.3791171321450723	0.1937911818306003	0.2836993024385479
0.16139858977314678	0.5390149409179533	0.059104330501754614	0.13758550525467517	0.16044515463144174
0.22418963990637522	0.2428379084413476	0.2416807381241982	0.1519711184849339	0.25113645817539293
0.13558947647352593	0.21578417279465537	0.3123989068335474	0.09065820858088543	0.49404499153293957
0.1581640382481928	0.2992785352651608	0.32796967371411406	0.31725470694993946	0.18069224894119387
0.4986370039105011	0.1950328780382306	0.24655622680896186	0.10995903989462089	0.2579903946767236
0.3599685354973447	0.38888167720086975	0.04983602147967476	0.18563402331441253	0.4148452631116451
0.20106072258789648	0.4269891846004007	0.5214531827125555	0.3526995797667048	0.4912886597489505
0.23779557298881895	0.040496373118820414	0.22829646867619777	0.046477751771802425	0.2919263151918473
0.6258736756105984	0.07775274588575752	0.21633256812263107	0.5384484642965682	0.3234410225204099
0.26535630077880584	0.11161221638944463	0.4580923296482501	0.5564369404094969	0.3587817373462844
	0.2499473698246376	0.38201695516278045	0.25922182429054436	0.19772633652297902
0.1303836072299545	0.18489910871039889	0.6023619902761856	0.6286395851223969	0.20340428875514124
0.2031798605134108	0.3947988519973236	0.06967642899086003	0.041184025491058686	0.013213999963609245
0.06838103456014019	0.21521123714509754	0.7191629633244228	0.33767172671423673	0.45861423880728436
0.4671927318272545	0.09629700830971777	0.12866974623567698	0.31116365689276276	0.0632865945075234
0.2931191321473945	0.12928867013128495	0.5093512496209684	0.19854481632175985	0.07884246735448078
0.1349444244100325	0.24664512038858785	0.34726873305041356	0.30028579540327194	0.17469316189043174
0.3185472795687429	0.04629332176097195	0.5164704834250237	0.17217968665292557	0.3850550324106924
0.2758497826871125	0.12571559257119852	0.3013802311881521	0.14955571887252592	0.12729089477244696
0.17414112197245565	0.5458215395255388	0.36841595627218277	0.6839571642847487	0.32443898438086216
0.1269455113895696	0.4809399142562275	0.3412652244519543	0.49303088469380285	0.3039940973510861
0.07536039798913445	0.3118343347161285	0.3463123498201377	0.30127126355315625	0.10567993849643498
0.1604385727168408	0.3919673148571246	0.41302568945718793	0.32874716819538036	0.09924303319597126
0.2801616909585544	0.47555435592603457	0.06751841898402933	0.3047941356102578	0.22671478192120775
0.2845590559463251	0.4460727818343239	0.24134973868254064	0.43076391717484036	0.461050825043058
0.36960303648457016	0.1780158498053285	0.5034017709082146	0.42181422663374846	0.3039478785315121
0.2066687071167173	0.12939825751686165	0.3631566358723139	0.4264603505375837	0.5334200096207162
0.08158751859108124	0.14879151360743526	0.4572362085082762	0.6907060715901401	0.2126264354485125
0.1747956658801785	0.42465985601440126	0.024452375500212658	0.18017415190750893	0.2744990105338506
0.2241422877395207	0.3769039808600767	0.26949333031419975	0.47429173222611043	0.6061553151172662
0.32101649272039723	0.21269208653052327	0.45956704971128604	0.38568066678533225	0.47122860299717767
0.45143932354949845	0.38305838172573864	0.14736686355306652	0.47365540429387826	0.1840470843591933
0.13094471250673637	0.17716362134251817	0.374703569397943	0.3954449105299558	0.1101024990383017
0.07978815881282195	0.3226238432022517	0.3799822736590734	0.40885474218991946	0.13616118979532546
0.1728937388437931	0.5041634536434252	0.1284501356810912	0.19612972913216048	0.29143380497598903
0.12994106862105412	0.6031675092214801	0.2774779093930731	0.2786335789243694	0.40749039965212464
	0.05317377069642207	0.21621720936691305	0.20825695074176045	0.3972499822668497
0.34236531997701	0.09763465033296473	0.274053763437068	0.2716001875476255	0.21007474535287668
0.030784214290231218	0.30927104242171244	0.19320319351764048	0.2038624620769764	0.20126391451940193
0.22901625765735487	0.28378558371247986	0.11567591729959799	0.18336822003068137	0.4886117860934062
0.32829875110250384	0.32539691892832917	0.5024039845971879	0.2354796701846274	0.18613638949280475
0.2501545694191561	0.09249911476453765	0.1257819825046259	0.14249888767247215	0.3443776487169593
	0.3097554383315373	0.15637237192174572	0.06056440949611617	0.10444953502841801
0.09018605214101422	0.2203106406840084	0.5878456742404173	0.36433200565237017	0.4585647468559685
0.4143997963322421	0.1560910304592461	0.36477978636093317	0.6859317330854855	0.07270474769624634
0.27973660938993056	0.08601007840474528	0.08937617086527064	0.17596044842179717	0.048780925361557086
0.2258896171742213	0.029144691341882543	0.40229747276006195	0.44417845550175855	0.30314028738753723
0.6299832010202174	0.16355158897967448	0.23219628031866882	0.2061744004821918	0.17551022379681055
0.2823642534064838	0.08436612936212474	0.23839742405860434	0.2183782703981423	0.23032309046746707
0.09478633307957876	0.19467659719866326	0.4057082210221391	0.11606988659859027	0.3181698278056782
0.3168896776697851	0.07241355344649561	0.14075260900290937	0.11822377628527829	0.2497832418453757
0.3640667463009617	0.19874223366815588	0.30933237518880363	0.24451431843765267	0.493472696681575
0.20354558332849518	0.4636448671932195	0.3685071030519992	0.2573280716960307	0.4363909351786321
0.14696665538862586	0.206178956527739	0.24385524136718684	0.2238115430446429	0.2873814765166721
0.11038671974088216	0.39014213037531514	0.22770704977003692	0.15256944075212686	0.19307099635517122
0.05769458867915916	0.03705080635870565	0.24532759005239954	0.35346975761545857	0.3797790295895543
0.5085981648993314	0.15394256666739142	0.045994310075740154	0.3617272958541748	0.12150175293637731
0.5149017222134094	0.12187423607440896	0.17659165201746005	0.2519769272116584	0.5112228489675738
0.3287590279951377	0.1828305675552326	0.037060377669969474	0.4004264502950945	0.757749500528244
	0.2683419216807643	0.45174934190225585	0.5239343569948273	0.526292984953963
0.3597036692067113	0.5624992658363619	0.1917918126232915	0.3780768355307017	0.24545892538346353
0.11160853288462942	0.3765741834808485	0.024517390049228236	0.30998905298362195	0.20748085454205453
0.14283659351995986	0.23037427338161065	0.33474885834089174	0.1204791441969252	0.00788201698550947
0.07305876478891062	0.3322151021686525	0.31787927058748183	0.3750031016843449	0.2030995623360921
0.6033570671535515	0.3508160384383677	0.10868691465736643	0.1761410060867652	0.2169090367440833
0.6559967152962433	0.09042380235000366	0.6056040579131353	0.5663553396659025	0.19615608548048583
0.3640214785352297	0.23271405816503377	0.4454520501907487	0.1420966978469731	0.14922835996493142
0.10904720956603674	0.20050149816148236	0.2567978951492746	0.3807081305579742	0.4575394065788701
0.17723647135631634	0.212261117159492	0.5404480277268178	0.12052490701508008	0.2959369767982288
0.470403410256431	0.04655516934321847	0.13696916674478515	0.25982207942566826	0.4071435262827316
0.276622100909869	0.12411215549317188	0.30532092003043193	0.10837090817138689	0.6072827724703167
0.2595077316781803	0.2224673527851635	0.17841860443598623	0.45443962434049817	0.26711232515045497
0.29219469693683836	0.37331679556729647	0.24376406628963737	0.21172097753653396	0.28948813436104676
0.28254505113920686	0.5019646687855164	0.41489354394184197	0.2818161119811342	0.08872158917850878
0.4407343100727385	0.2567140852352102	0.08896078486059611	0.18342899724677023	0.3338181995157766
0.18182552010714387	0.10499494958174742	0.42922354780953637	0.19732960686471104	0.09614579166799939
0.3352479871781158	0.1988136519899631	0.25149144754322517	0.0739045948747082	0.2931587077867981
0.0701618438292883	0.33528268074182027	0.18102786515090488	0.18364128305419425	0.35891158474975543
0.1361675736930469	0.20519409699803448	0.3036933597949423	0.04512751836667356	0.25414111278303475
0.09193868693778251	0.34626512737800724	0.302513982030193	0.23977128864619543	0.5835174020487928
0.11455642938073174	0.09669264927863422	0.62378459121178	0.44895215581616743	0.09142500047713183
0.32454033837556967	0.19376118598156095	0.355319865822361	0.4247252155992459	0.08297132835535043
0.07538788296268989	0.6670750423697449	0.5306360783300894	0.4576097448492186	0.13797625559534943
0.5783394988960507	0.08992356064253683	0.1425998777146413	0.34310902628032286	0.08769948011116147
0.20394532326229928	0.20428472712321588	0.2624091710357154	0.31211373832305334	0.41961213810759124
0.45224845847198286	0.2498541676225124	0.10121605179537913	0.02601889377441159	0.28291412190309245
0.2023739474922065	0.340979418123347	0.1919005773093704	0.05554969858766001	0.23814694516440116
0.1733211991213418	0.3254609423803798	0.2917797186507215	0.13999794431611315	0.3545665491196559
0.29224118425408285	0.21203994941987261	0.1534554567232471	0.3984999441923126	0.2539588652932911
0.053020605886197586	0.4374458938061442	0.47858368165173093	0.210235218772999	0.2740996416153746
0.3571226308405582	0.25963577601536664	0.19747192942455857	0.20919924398180212	0.33094821498822036
0.27117213555376496	0.18344833410168945	0.2468718152635192	0.083227941168422	0.36332231110325985
0.3934984787608793	0.39435926251111575	0.11942334291351134	0.3435576669149646	0.7030299380950401
0.34907777148414265	0.47258910622229194	0.25144201235679076	0.27377854899485166	0.22054564808051416
0.19290356097049016	0.22143064942085763	0.0658230039903207	0.15490977006621354	0.1406390343813675
0.11208508102050577	0.21946589316047985	0.24546272084661053	0.6445984529457081	0.3206507539637962
0.34762205203998425	0.2322503777264555	0.1752269995103073	0.09861121124017633	0.3272787421386251
0.3456092759846727	0.07950418828151944	0.36318046263985	0.2779396847272152	0.5670509447728457
0.12078466133265925	0.276623858096266	0.2652813273035193	0.031834186576980686	0.38674955073151446
0.3448234460442731	0.08792334090719257	0.27817896007661375	0.7248443965893666	0.16636705519790582
0.603566088831074	0.10364448847172313	0.5203067501998815	0.3063354390070939	0.1838865012045026
0.44656509026124613	0.1566505361708271	0.42129102531599144	0.28531366471889424	0.4050157974362022
0.25637407894654735	0.37018748466480317	0.45083471087469856	0.540323444327726	0.5598840908414301
0.12792642254283587	0.34784485768417145	0.22161362871817425	0.46284774051077454	0.24801242059562034
0.10478050040681663	0.31102386888218986	0.3162171846424243	0.13753238064491397	0.22903075395122813
0.2930916110253867	0.22827008247515315	0.2502469821726171	0.39898349727610194	0.7096915774937217
0.24508285054439644	0.499257587426874	0.20418774999766448	0.1543259159870819	0.056580820984834544
0.15610919109193225	0.4955335930013912	0.5532199925386184	0.7106963290341952	0.23908751057796174
0.2012771421081026	0.09674132549511817	0.5381693810625529	0.20877181361829172	0.2033448593764099
0.620154064596132	0.3159629510564361	0.13988895755921146	0.3258372544152746	0.25905331263320774
0.16933584999462187	0.45695274785585566	0.105870540083054	0.0666039870340371	0.7339086147354044
0.25330471430554846	0.1752680720523746	0.3472210084735104	0.6236966512884952	0.1402699230889161
0.07216579954861994	0.21052259870613474	0.19880255011555248	0.08914420341584904	0.36751263791344785
0.2831688948177192	0.18186984815692667	0.6427475235232155	0.5435914682908355	0.38740962692658715
0.25563705171021367	0.13638584254265562	0.43230777283509364	0.3785059147879417	0.05041554645804729
0.3200345939782427	0.18454574520670192	0.39087927844943976	0.17812384735174008	0.33310518592280336
0.22913434057564852	0.6147114305238843	0.5121763847008914	0.24726169140956833	0.29908576606784354
0.45368038257244114	0.11295158170318581	0.34020662233948845	0.09485645199596623	0.3337289830687631
0.36541767050013907	0.2832823281555334	0.5442426933543936	0.25635981233571936	0.4608424113124381
0.07685377766565052	0.005579763033179972	0.21004257087325653	0.20386901419733486	0.23107294628739544
0.30777175071513724	0.2902144229713017	0.15620654967474304	0.5536436294603185	0.0977414668048617
0.08805094038604588	0.19626930693354133	0.16782820469300253	0.6077953240731804	0.18897943265162498
0.2009656059500033	0.07627521944582956	0.326325179549322	0.3475043499971412	0.16607836513883864
0.23616555529935973	0.1405708979315791	0.09926444213116445	0.17945610891389452	0.23606025318695456
0.592103338077063	0.2934111329733915	0.12388205742673901	0.30908916941084985	0.1993612284710208
0.1721252558886155	0.29461447525156575	0.23787783416221664	0.5568512803921402	0.2149695383440825
0.2094318032530339	0.312257138726988	0.7211023824539258	0.23924633768609568	0.10817280199121534
0.15577305098282643	0.0635019002774138	0.278457955850092	0.2876028252383963	0.3265507387231752
0.3105462170738715	0.3679254528504118	0.10598502547424	0.43020119909548526	0.5320028600974445
0.2942706401514624	0.11233422761061901	0.1820383573711894	0.4407832358427283	0.2141739860357031
0.5207333648190194	0.20886431138555783	0.07748315665776671	0.1428909371408917	0.1320639879950394
0.40993809518460006	0.2920854252006397	0.12525594704757084	0.4712700665773081	0.2470347159224883
0.04459039979524842	0.39588205856200703	0.26217015236616814	0.17435908847756418	0.16661269241147839
0.2588022112360061	0.30037255386669115	0.5909942114444895	0.12898674507966326	0.23913831616969886
0.29143337652078616	0.5245303313677548	0.2413102460659224	0.06240774257471248	0.07857346683051811
0.09360537565057483	0.16872612088790112	0.20005264397437833	0.3166755081082215	0.14304141074022375
0.6929365841061128	0.43923829561847094	0.24469216068835686	0.06867248732390266	0.6193316107927718
0.30523371835935725	0.34933428811867573	0.12449533932296093	0.2904630631486044	0.04394295038821846
0.3900017026498178	0.3916603613177997	0.2718764051905816	0.6342799334112461	0.20530530629197608
0.16321102615698457	0.1368218443251785	0.5194154159831221	0.19081302983221385	0.19155522900481786
0.5947250776852048	0.43244960654167447	0.25440727545148656	0.2890466745894878	0.42979417780733564
0.4899140908940091	0.18208789586876242	0.280900932003975	0.34804735359031547	0.16432654446412556
0.3721692483974888	0.47161104470915943	0.3406827135714505	0.03325171519342347	0.2750288443298886
0.29655982839641176	0.33243631188179673	0.15072633249112052	0.24879680984340818	0.08673530167999784
0.06838405216486153	0.3040878397651397	0.2738142933122795	0.30978389090268166	0.11859959656310534
0.37548334864784516	0.33396046986378003	0.3183933139887524	0.4162803404387771	0.027079614783814977
0.2057162188128804	0.3036063557586546	0.7280333326041156	0.2514555580754833	0.0891634029249638
0.06351398157611694	0.34989567574111113	0.19930283539047253	0.527273701850439	0.23233827926895798
0.3765593653443598	0.21519368011661302	0.051801603917710194	0.4148659794595489	0.06422957291222613
0.4882781103299708	0.1423211324548899	0.45942258737482405	0.4145890689392415	0.5481250586080906
0.20752741317659026	0.24379862157157148	0.500524645626816	0.016312019374226792	0.18994238821157328
0.21824175176855143	0.08252247258006626	0.777789795523311	0.16340549908537633	0.5317531356347497
0.43554718705513495	0.04743605674875131	0.10274934536641156	0.5445821155642063	0.18910408011849678
0.4361091994960869	0.04006126583775316	0.2470841555094382	0.5332132211045787	0.3101123781876326
0.39586019564550345	0.23443993515219114	0.48026053429754373	0.1476490415287845	0.35094480043343446
0.05058815897863068	0.5413436715616269	0.1108939245821088	0.3203653668688225	0.4431317411366877
0.6726989368344295	0.28905140784179645	0.29312058955526327	0.045862491899567044	0.11173184957270998
0.17451418548818481	0.36420900028976666	0.3181374227519353	0.43469957504556256	0.0723657119469536
0.11248408935418899	0.5019368381622723	0.07500915752715809	0.27979956536807193	0.4471665456739395
0.30739498804559784	0.3527820450169697	0.42720578556661576	0.31030880565887387	0.15977833200661956
0.21742999342712857	0.5664967402809341	0.12008745851141997	0.4528145611148328	0.13761929154456634
0.5061783025648676	0.3061505584053882	0.18032627592853906	0.22277816580329107	0.08698231274980374
0.3843685233953419	0.10219946994887444	0.15597803410043784	0.25442590544124966	0.3133539566741302
0.501186349648011	0.5477466639169943	0.586806554164142	0.13200682759550658	0.08432663234853569
0.31077149866207954	0.6922142903161992	0.3597923947643713	0.46742989435044435	0.18067657668296083
0.1422586754184682	0.18167064981931816	0.4662626356780264	0.6331778246842042	0.2856114007085024
0.4656517715740658	0.023804303861330967	0.11221054856132533	0.21861688839999366	0.22309992204055154
0.19880589036083765	0.29365683996966396	0.1453011805660578	0.08639361747083746	0.21631945792103152
	0.6858020261199061	0.37091418998841214	0.2927027487251054	0.2224971411221149
0.2628706737374707	0.30014945078238214	0.14199566252518755	0.1932631810640616	0.5498188069341973
0.1971787254595442	0.08046531440915698	0.24065311381549243	0.15490956015027993	0.24492841503107962
0.331670596166135	0.5877037060200826	0.07249546705396791	0.21829624430610697	0.662148862142175
0.09623797763033204	0.1364393900432261	0.34317899725625933	0.5450407631143509	0.32575028891888397
0.1900407325418104	0.16301734846657095	0.1254830067835059	0.29206468956390136	0.07060153706192507
0.1371356126928576	0.0913703545178634	0.26893454803996625	0.4159736035116182	0.22833164850298698
0.2715321893336655	0.09927647346911377	0.27937200888925995	0.14063703959864318	0.22597258317117822
0.1689424633760436	0.3158940751427314	0.31158653502919825	0.5593178865029076	0.3314964209330289
0.1338229610052003	0.49280118471055606	0.2440464425200728	0.07359974347399599	0.2789585741117638
0.6082322271435877	0.16988502487792906	0.19071731762640245	0.43654211986669583	0.23723294411741996
	0.1073690952917388	0.015436170437908334	0.21312097264860583	0.10842214557131706
0.5004207051060444	0.39725072447874543	0.2218410526637145	0.1608613430138578	0.3949708539246244
0.16605560361663954	0.16528023359445204	0.13461442057180953	0.09018613748608949	0.09908089431647688
0.6559354899843917	0.37037017872677674	0.0650859291260564	0.2454406604403805	0.41672625897222026
0.3241757624819102	0.1997587519413581	0.36888366192699085	0.1745273465419977	0.3305285402452002
0.41449269402055594	0.36290108592387355	0.11506616336954359	0.3839852471127396	0.5248502230712141
0.32682406742411496	0.48146311677061665	0.02530484632064777	0.6558011989189293	0.3834935627398021
0.24854895808528632	0.09351166762677764	0.2138434447378996	0.7798760947001404	0.07963375927880702
0.26216894879647895	0.4322219703489078	0.3287517127608538	0.3841976316446303	0.053191575845012086
0.4202453588696614	0.30516947941690215	0.37238341538442976	0.32558467337264474	0.4218006446284334
0.08805544229024534	0.31791842400385045	0.23582964174127205	0.021305399526964884	0.3610037342082891
0.12949609045105798	0.4978982558812571	0.2671700433016526	0.2533273873112482	0.20590432753352347
0.24129095894125774	0.5007090787704521	0.42835043849607446	0.25857509565003484	0.16870573805779546
0.1483507812613885	0.3308193242269021	0.08170601549743846	0.3593276352456092	0.42654412984884044
0.0717013046858021	0.4534995848362222	0.20501320697498304	0.29576965000308303	0.11905220218457808
0.17573358499243613	0.321653426024793	0.3540439930572129	0.03905905158302514	0.06714589090840092
0.2235341735717246	0.14180907504166293	0.4748942496928825	0.23773231930225813	0.1980838031289937
0.22038824093273668	0.05729132162195543	0.4384347959914818	0.11866299269020636	0.5913935242377604
0.4478851885330316	0.41711978853514925	0.08559146769423019	0.08829317870730909	0.35697734493750566
0.1605979548590343	0.43084963535009047	0.12284243594979063	0.19961409337476232	0.055889741390579506
0.004424357513538298	0.4923374434780867	0.3725494017102825	0.3653346905260064	0.13776317787843934
0.49767634816398965	0.26238629181270257	0.2747588676924793	0.12880322448658574	0.045910969073678726
0.23206500443885383	0.3206942248324573	0.28361472984254316	0.3356928704785885	0.47340582660387587
0.2989611856409027	0.35643772794233985	0.2517972112481681	0.3406842117625123	0.45487624925599324
0.16874295615725546	0.3776247703263102	0.14019667790373505	0.39934783696596043	0.19182119465857173
0.41849962017058734	0.4624686629414864	0.4075233098847233	0.02237127287450898	0.20969708231784334
0.12333069578828562	0.537701332268018	0.35265968045850377	0.1885404976397361	0.34540859143312197
0.06653628534101041	0.38981086129929826	0.4285005291503536	0.16221032041616537	0.460590842855046
0.4133247809561608	0.6466385852859518	0.20635873875022998	0.11472941281447867	0.26929822736710013
0.44961551364755425	0.21274742574780048	0.1577891990846746	0.16065465439335228	0.3961126634245208
0.7019259881727403	0.07266740653325852	0.1277924032081327	0.5339190550195146	0.30974373483911044
0.16493502675216393	0.06188491788334783	0.23896430117100695	0.38663875976884116	0.5391466415198647
0.611156589561441	0.3027633599943971	0.15381924885974768	0.1989998255445818	0.03301169622894468
0.2979420724276681	0.5961797044111654	0.3467026737455589	0.29459715748693743	0.4250670891351946
0.433534652328308	0.4388277585398703	0.004654553309666532	0.1724285155956522	0.2232563339419784
0.16972477853644677	0.08629557670213514	0.07323183006788381	0.23522957473552633	0.152756887029435
0.3665814038812798	0.6302645977669762	0.1214434922129173	0.10011635043614926	0.06052665171329245
0.5186368002580831	0.4685372044217194	0.540009503592078	0.08780554143469448	0.48589934930923995
0.3975422785978092	0.3660231779992801	0.12305287664212464	0.18732159865473788	0.377739728967283
0.09853641486638345	0.16562090118649497	0.30034807336686453	0.40239611766062683	0.38311309919411146
0.4360946253101196	0.10320768809458512	0.07571747664401793	0.24419732029738797	0.5982971282874039
0.24899853888636606	0.30051084275638984	0.22956793301922104	0.09885846317394333	0.5915795314905986
0.09951984442296252	0.35093850652934994	0.2000175229509409	0.37974600581328954	0.10062022801180096
0.2913852109268864	0.26885695258750314	0.31228386993870616	0.6675801465473385	0.5742040197671304
0.2643305160411723	0.2890583012230461	0.031470708686355396	0.20700206902530804	0.27035571722615104
0.3686189793309163	0.37768027971342183	0.20952696473140026	0.46873521697164366	0.25714223568735395
0.4031113716807863	0.10160903277887055	0.11930801806787959	0.4122294250953132	0.10963259052954474
0.40595952275686414	0.15572228526608134	0.30489054078046135	0.1582367384032205	0.1121499444344381
0.49003373501291975	0.26923492451056685	0.3169741719283769	0.31538465924829256	0.23144564473830012
0.15797797607113662	0.36481004921133964	0.23850118574296045	0.4109804216828027	0.11122334768765936
0.25010539346047134	0.22302953348081875	0.45733876351886427	0.23461919595185537	0.7470873851928016
0.39621311259304715	0.11493163895625452	0.07634878716314294	0.12593769079009434	0.47800999815160317
0.2069323741180223	0.4345438632044298	0.18335776700261416	0.18432451197643204	0.13729159817860592
0.4102078954156279	0.23383706964467327	0.4014898672153371	0.3735890999937756	0.12752784884969787
0.05432957305256935	0.13628075792681799	0.10357464048941512	0.34737544166607676	0.21611643393186214
0.6250944413032258	0.3373226608272302	0.03232217321403099	0.39188664322069927	0.2768245911915395
0.22598011184047515	0.2259109576114556	0.15322547848517926	0.09641479119783967	0.32995826924574
0.3316556066224766	0.16847050894185286	0.23576510548488316	0.26453116641564894	0.6355591112023717
0.2448056008682628	0.18782622122801074	0.4179404629188489	0.07864501133075748	0.1000774574156384
0.16013544736174629	0.4128219267442032	0.21908012300937574	0.6198544870450707	0.29770978531948095
0.174546057098697	0.40855785498319225	0.11389379199668305	0.28598234126860905	0.31007578420301646
0.20308593233532357	0.1366275822659819	0.15645575025741457	0.13329600464910135	0.14382182106086816
0.1304529943933745	0.4524917108127965	0.14920137107647388	0.39274061809241223	0.19375495571663656
0.11953123977428104	0.01787449404647953	0.21711925589172487	0.16954682887538916	0.03138961376722279
0.34876506162011134	0.22580745534456825	0.5597205864406011	0.03090609260512467	0.04950056263580211
0.08515399922218551	0.1537180223068461	0.10592009401359685	0.33610669294328804	0.2591332170313876
0.34205199348076987	0.32175956166283265	0.303074806271331	0.362525358857082	0.20859564600983577
0.30875590683836035	0.14827022384490787	0.4451282287674242	0.5198558859597205	0.41425710321691106
0.26482272871091955	0.49176675400805997	0.15680210150361676	0.3053676962233736	0.1456869395288575
0.040639425629032784	0.1982332460932646	0.47382205384485093	0.14544162591862422	0.2195060529598447
0.2596569844646945	0.31087551136948927	0.17928262141280998	0.27437549778332904	0.28450671575112485
0.31277114182274884	0.36733587590878924	0.30365154301239483	0.5607695957468362	0.21664297408434374
0.25433056377023416	0.19111898468247554	0.5043580615598824	0.3149543326604012	0.0898011675850771
0.19991827446803298	0.2377202222131215	0.4264842216742972	0.4162833181439239	0.12344471023723662
0.05295923503459673	0.5860151834683618	0.18962853497379475	0.09612619437929766	0.46715422503659737
0.45173041732332897	0.1016717715290587	0.4122301513888196	0.17649901007916852	0.19914690761674889
0.649716393315351	0.2731782082637863	0.29754669547509793	0.3386980133511447	0.0895682479370403
0.238192835961446	0.5065492402588067	0.240506865244493	0.06550663933889264	0.6016621033754312
0.11375517160623153	0.037579211419576	0.16353401646917595	0.08720328440050389	0.4406761313735054
0.42650692102537197	0.21562405939261933	0.161155572488872	0.3398528398377689	0.44241759198219954
0.3782117879512982	0.43611556390391887	0.06254132366821262	0.18155413001925816	0.5448833399041274
0.3684817099897621	0.4070469086073816	0.6099158159691966	0.40705154621872164	0.06955285357982763
0.3201955199817489	0.5654456797633383	0.2833633501326794	0.1877159661710352	0.1624019326776671
0.3896319613837394	0.41049513074372124	0.06118993786593638	0.18841556705361184	0.4989690860269788
	0.3320070022272784	0.25443939126296033	0.21480939840121885	0.11335115866952301
0.373545805160259	0.2382486163891675	0.3094966645396792	0.3035478140967855	0.1497759703393528
0.43428454031229674	0.30068141497375095	0.11994018712994083	0.09478934474066446	0.04944175006394742
0.5120434550586348	0.572729647117866	0.7085584594535148	0.3612205614745622	0.5151699846764015
0.1901192328286132	0.47474394052018054	0.2856095671135678	0.5585609558845425	0.3414645170188206
0.1474912842318256	0.43924041247207135	0.5631736811796709	0.5963662581784882	0.294270077343796
0.12734086726103114	0.3214868520886609	0.46359882472213737	0.23620552316354088	0.17189714777938486
0.29315661478276417	0.3481228769676609	0.3304728820150058	0.08438092175352031	0.23688912015129437
0.324336804273526	0.0953329626061479	0.10190491583548258	0.33584035011347124	0.8048139930963264
0.39528339614000674	0.6173571941088581	0.245662029704095	0.498515938791146	0.20931883539114676
0.3738160654312936	0.5110734732576566	0.18710071720961077	0.40322115012904003	0.15473083191312073
0.39195110495615393	0.17759738556817548	0.23030498255207776	0.1052852840211286	0.549840257756935
0.0897345064565576	0.09695826600163028	0.4668392099794384	0.1134044956623901	0.12148216368438476
0.633070874487269	0.09726922649323361	0.25759276991250246	0.26381594779008904	0.35742682665914804
0.21370547551144772	0.28369897880854017	0.6172800520857764	0.6394980722125088	0.42152433645545756
0.11745009774709594	0.22024722736405528	0.08531010260180841	0.25389556276857006	0.34397005311765533
0.46692369662850963	0.6793641849501246	0.09509584604266813	0.27244692888692934	0.23717840162458936
0.16232116455251094	0.22257047168862903	0.09250833983990542	0.25955373935396914	0.0970782508223033
0.04628877237940849	0.09499694336659147	0.08604305316242017	0.06940055684937416	0.1857345543580577
0.11530267589802164	0.28460193042138615	0.5729829958990733	0.3289910179423422	0.5297404297435574
	0.42208278443433245	0.21499854339263372	0.17500282002426223	0.28260475046394395
0.3560422996116245	0.5597102485028055	0.12960867105461946	0.23263626236261245	0.18067219690606412
0.3138509007507911	0.2525251185126799	0.34551979600261096	0.19247060399672627	0.1219331113979782
0.16907133918959397	0.6802889292793832	0.24481791919688367	0.6374801958208496	0.6213872313161024
0.513071517977424	0.2103420593279514	0.4382740356724068	0.16531152431542218	0.29827601945073096
0.6844285256955926	0.621183310402508	0.255047133144687	0.022346161880647995	0.16412294583610706
0.28936573914229063	0.3238168984170446	0.22575797038531573	0.5174791093840324	0.42510213269960345
0.5139130081945493	0.11306953939837816	0.40120931154651546	0.3409160451570586	0.601643355280076
0.17647140607417755	0.48353988435956374	0.06128464339401031	0.36254137675763864	0.3973024394984105
0.11498821495291495	0.32579722084936974	0.42730204849333553	0.4645557220607513	0.5914783392239021
0.19861179003201207	0.31642597652961885	0.16111204610817537	0.3837063823418662	0.09070602085385598
0.4707181474255149	0.4326881557856604	0.1670148131917084	0.6639240079216623	0.19666645547533315
0.4666895480294939	0.21787508809417255	0.1296983571947815	0.1327889915165118	0.363803096439023
0.5792989173508042	0.30890723969978345	0.41276321046026676	0.49355936129592987	0.32510387181525463
0.35798842971001565	0.20461013326607058	0.4693535825594038	0.35887522878421146	0.22179518490549774
	0.33014107687384425	0.15076951720419182	0.26694965900405326	0.4103399658759061
0.2281010334919493	0.3961405837226601	0.28419555106885314	0.29815497349438386	0.4427464411125619
0.10285283791657868	0.4472276283959483	0.2385832883309038	0.5568137888533985	0.28536112977753114
0.2454683154362849	0.117268675910758	0.5592512065404294	0.41615968856902835	0.15893638533288248
0.24161407304630148	0.60897616399928	0.38049893164434867	0.3659919786201507	0.33663673701402586
0.3888971298922206	0.12881086256879626	0.5872808076006203	0.4343478105589636	0.15020319285104794
0.26562312598794835	0.044137215388299046	0.17928431943839843	0.10465205694183466	0.27020173747443754
0.25541686897754007	0.07498644675014639	0.1367172116656153	0.16109535147640114	0.3230016737858656
