X0	X1	X2	X3	X4
0.8765704014593357	0.1943133323434811	0.10914666047066957	0.01635671290620879	0.20086874867741927
0.04627715025861244	1.0	0.041011553166649055	0.04460056899150592	0.8250522930672097
0.04283264411996859	0.08056908833029576	0.24408399295875322	0.3155208436078031	0.16153961407813971
0.11641765097919851	0.2934709466478055	0.20002673931370987	0.5540476671820838	0.13610868843540735
0.39890867733794527	0.8034703761939939	0.4251891722873778	0.10316393912322108	0.28253486637239333
0.37698742005118413	0.3247502693143524	0.07550081272853518	0.5605353295959052	0.1591804574529739
0.9414533730331703	0.6101663794587372	0.6979457789503462	0.156042613548216	0.5155934447156454
0.8104416914316497	0.27369934221436787	0.20728666993206865	0.14643978810668545	0.05939428675641063
0.07360097484309805	0.08987054177525226	0.18312505930181586	0.16631910081629223	0.3595302579918096
0.4768219716390425	1.0	0.02556058538186406	0.1950808258384741	0.47834625118216867
0.010992627321461291	0.1861392344840285	1.0	1.0	0.15537045882439104
0.13638189098810943	0.3140572294747233	0.14426757828636974	0.2047543431032494	0.590826909200904
0.6056697138145307	0.03365848245862017	0.5020190452103347	0.023138968363487767	0.6919526993643843
0.06308104310931924	0.4335720844305367	0.1468753883365394	0.13909509862199246	0.1387794500078249
0.13908352421647294	0.5486567756316975	0.0409844041339626	0.025669407156620912	0.1459797832567932
0.12620665466135464	0.006085397364802346	0.022969573479575327	0.25286837678082513	0.00968514880430389
0.8502264267602411	0.4486772721618072	0.28058259791679324	0.12852001760673268	0.07355701060457587
0.2949127391235781	0.3095725498021004	0.0016759735983682012	0.48620068213552353	0.11460480151508859
0.43201896470271395	0.2025199348820561	0.0426092582686064	0.9384817454985851	0.44329607056471415
0.0874687446650295	0.46481870381069473	0.27471856981534337	0.09679022162351139	0.03222934249275567
0.371138565953739	0.037151945161847014	0.7039828259638979	0.006208022260570667	0.3231908731965514
0.07914759804051859	0.4199292649772833	0.10258207905078609	0.8781822040475394	0.40021377747768777
0.0861471742628494	0.11715180990276793	0.012072636027614547	0.2074220955800568	0.002197456008523023
0.24043332265913497	0.39752020593009635	0.670667425302521	0.3665140231231234	0.05507148956061347
0.6051753914204473	0.04801690919989141	0.059727310864974945	0.35399968303505175	0.9566462071533584
0.18740179957899888	0.06986240280286969	0.704382241076393	0.04994802008056848	0.08141891446680609
0.66291663744289	0.23798682930597637	0.1515090732363747	0.5110202879065997	0.07300066209143335
	0.46603136839099446	0.18256325764422507	0.36991168987674755	0.07327332163970914
0.03057967637284975	0.37449047131518065	0.03285264574572729	0.12007080776077628	0.8009660831173926
0.49434751547937394	0.1606314474342052	0.3634332076958228	0.20808235915739243	0.08500541745153242
0.5386956684200987	0.21542569231732642	0.8101547014181617	0.21109874372699716	0.04696797319508488
0.04321156293531327	0.05415024212882349	0.0066547702997918155	0.1690865750956714	0.11938320913698791
0.06894940431748732	0.9933995879303763	0.30673399541548424	0.42718279741792425	0.09654879761617063
0.28642822812475993	0.3860081928610297	0.46895300468334267	0.23257051285310648	0.6337118313404102
0.34533677527731205	0.6461799131945255	0.00995590241404185	0.7574375880832694	0.011580547086493193
0.023749098302691216	0.2616569043031425	0.31264659191264726	0.6079929043821103	0.11154291708910262
0.11708486978565287	0.4149852699660753	0.04169601171086656	0.03911554537212909	0.18141751566035105
0.8009268198698006	0.2672300935135507	0.18360819342905282	0.5843384373133131	0.0023433876266704804
0.12402782614047006	0.01442542700894955	0.33037475112094816	0.5284034095423242	0.7001967073413744
0.279169202566651	0.4297725124679114	0.07383739233159725	0.24951003811380223	0.9210939674371039
0.28680938155899394	0.3474122792384657	0.22362098144521642	0.09942824218032816	0.39321410534836015
0.6796083347855405	0.1988046543620207	0.2610623080585895	0.3417457649037812	0.35145457379147377
0.04973970738302692	0.4058412618076903	0.21606348673174494	0.0712849383522446	0.35159247141442324
0.4926724404560571	0.5481052403940175	0.45395777122799474	0.4783509010467003	0.8294851903820375
0.6220038813120289	0.2809954551829287	0.2985975944803427	0.5447861239818581	0.14798664998447422
0.2296443022100715	0.05851316989680442	0.12408361955315286	0.7877858060127544	0.2760652340975485
0.7818919328533118	0.30535326739383795	0.6354592531290529	0.36610166974593145	0.051870396900255585
0.7829956865235653	0.412655822774422	0.47590731393410396	0.08301057460639133	0.17776270182297696
0.4990858059373959	0.21343545743002681	0.014700047257823045	0.2323092254639163	0.18224875760390272
0.060877714648726974	0.1480464943854564	0.5127214579028443	0.0528007919310157	0.08263825810224289
0.3760067245408036	0.14231632408907177	0.11698833341399398	0.2352802368559011	0.18323048260750016
	0.6085757780226793	0.18905703586477013	0.34502375110962696	0.4405706708938225
0.010700129691485904	0.07281216404664283	0.5040388949463258	0.017631127143648756	0.12752238581311923
0.47061274516308155	0.11859638614540777	0.03402318864658453	0.44100441894573034	0.13870946327539885
	0.114932102683441	0.9237027201408452	0.08512433338014326	0.5033988135528134
0.10737700925768093	0.10976428932666425	0.241265817410861	0.44274995203030315	0.07542770994787575
0.08207135450158513	0.668851314970227	0.389744174174619	0.5174179254975099	0.10569108454377037
0.13431680506691113	1.0	0.06515096327400344	0.014571193884526348	0.4845888815761077
0.05721637687803786	0.23741337385178768	0.05028275403704755	0.09514365593757597	0.1914050390665745
0.3218786432228046	0.13353903560238375	0.15073360432860702	0.17607275978276604	0.21747355884873817
0.10099962646351529	0.37958654338647235	0.5617047143843097	0.1916457201055965	0.003757320937767523
0.5077627496797563	0.11409196751082357	0.6453289309958218	0.04581345534623737	0.23285646596821763
	0.05756871435614966	0.37938838285258386	0.23416517911045914	0.42886271133574155
0.2001505296798155	0.17745278193318867	0.0030695246852005874	0.29554771523861395	0.40213185711364324
0.5085031700781592	0.29034055280662097	0.5328779448284314	0.48573349931922755	0.01087070586972043
0.021376142095242332	0.0489872881779754	0.07400334844681111	0.10584785710289617	0.6694375885643921
0.0009064553412125012	0.2311228661569591	0.5880372547706589	0.3058410706858495	0.8839928359380489
0.5949366459613301	0.08715234535585899	0.5319871886568572	0.5228797621731464	0.10700915383601646
0.05292193958081207	0.39570943897048694	1.0	0.4941332909350936	0.30107233749447393
0.10754902293966605	0.07796443880212885	0.7681063003182851	0.22272917866890166	0.858444707900915
0.002226482942184825	0.16081992562950279	0.5790525472554127	0.027585140551853328	0.42908268211581385
0.15048601088129673	0.19266844226200952	0.7514643129457304	0.49850021963657776	0.1413252367401045
0.0848752368292428	0.21751396325216418	0.28492205287153544	0.33133974418059153	0.04322610528190967
0.022950647756807857	0.4094881059997934	0.4739556239024046	0.023835351372346967	0.7360496297162231
0.38607015504975395	0.011707299251609519	0.3778677619970159	0.6153683929647739	0.12514001557825663
0.5748597436482998	1.0	0.3897273312542074	0.19420174441079777	0.24716386670371687
	0.6836582635002783	0.5712716241505676	0.8964355943964847	0.0981377681051279
0.13198094581895503	0.0945275889464151	0.4700110364770407	0.2451462239861041	0.08884571591759548
0.09937483261808243	0.024853993756029417	0.1967007776107613	0.04362167373553971	0.07843407853880235
0.4422853680279007	0.07731627350063487	1.0	0.5857885977965184	0.032609629782281116
0.4859001125255009	0.6343231624059574	0.028805216623115804	0.06092772964782716	0.6083535754611278
0.12371930504336898	0.3299533537130897	0.03456829896534743	0.5876825933495755	0.1860082305496226
0.3089282103424541	0.14114570332038756	0.2891862790221239	0.20696374340040927	0.2018557664902196
0.10091125024075583	0.04171752589159252	0.7550725653197314	0.20130607394965802	0.2898591022426356
0.07521392590253738	0.3065646104434207	0.2543382132559315	0.2579522925757052	0.0826391266644997
0.3522317917766666	0.12646102332493397	0.2458468637506566	0.8426121865117072	0.025454571618764955
0.15655868684487897	0.5689256594453534	0.4801231990135908	0.808779133253619	0.09782168810268385
0.44539904053216045	0.00671173037617992	0.0838128249690858	0.021352467635915345	0.1946694214284748
0.055311184666818926	0.03532968659049499	0.17460213236948977	0.39483032162400794	0.13645400355230372
0.4854391802850345	0.013232663287476487	0.25715286554823347	0.1012666937532521	0.5316639351144901
0.48992394067937417	0.04465057042498375	0.05063036505645199	0.13883049203649175	0.409838669280814
1.0	0.1961252983962326	0.30767617150327964	0.15694064584437398	0.18129409396855065
0.4367708627534367	0.019657884545288162	0.37474528591151063	0.420544629414265	0.40849103418389343
0.7509808484568913	1.0	0.1643316638933076	0.5271812287752019	0.10173270810159665
0.18601963664122348	0.389817769748652	0.005060244784193399	0.41321381888901565	0.5113371283729367
0.2022345450432675	0.004636233276615572	0.1428740977130359	0.0053736304362473775	0.001663973024566901
0.09487417656602046	0.19532782858362122	0.15231496523090934	0.7398200320651763	0.9163552020091684
0.051627955915542596	0.02473828172484978	0.18664749796061592	0.2973030226914016	0.10204866558406361
0.32872233039167525	0.2206396331557464	0.03394791824815514	0.1722103158575576	0.30855701904372
0.25393085932859033	0.3823891355137978	0.1583387522314513	0.20734011690993046	0.17554112189270157
0.1939458885487342	0.27684858208360164	0.09277317784498831	0.04321516435472231	0.4948266484832359
0.21738390195361104	0.3571764048003575	0.2647842234778851	0.35242848768024104	0.18300715455544284
0.31325523398328	0.043757928362250106	0.5159993553714995	0.4655326459028659	0.8499972146201219
0.14518849573505607	0.015966204390322623	0.03877538068499959	0.10467183638739581	0.03986132148162142
0.5891530172426714	0.13151328693047157	0.10785972102665028	0.04918881095296723	0.9144534007678745
0.11457278305874571	0.41593786344598266	0.31549994201249576	0.047319625289809764	0.1838304250307796
0.17701938525799069	0.07768937311440703	0.05116284748567359	0.30018027753332516	0.32371268038132606
	0.12375868118012497	0.5974449053269669	0.4154680067806797	0.029092120146095142
0.16250289822866312	0.20041203518078685	0.1618852319298952	0.268227439059395	0.0777691544823631
0.11937981141536434	0.011421413259162969	0.23227881767520947	0.15103999477009317	0.9418502094567095
0.21809340487753923	0.39026649484368353	0.31716645819004563	0.09248178997580252	0.13274111582327391
0.013859772533838676	0.7969850729907617	0.6812316195049494	0.018167737530786578	0.011196240539870873
0.026018648265905598	0.3614224148283485	0.5071297433330035	0.38973005306598346	0.3395400553757488
0.023971898217787488	0.12675304948220212	0.11166113585877589	0.0002382204415318776	0.025576975410527135
0.0780314977691649	0.8917668865847214	0.3564746732263455	0.5171324811174823	0.5198572074696242
0.2544317376707016	0.22398690168160115	0.32695371658637434	0.3326552596510141	0.35124584619628146
0.013163804031687343	0.06789586899725701	0.8566205610368401	0.0017624380294260957	0.44136488898018206
0.725435236189212	0.05681851222003512	0.10406781402201733	0.330482197858892	0.2473726014871495
0.1261510937248069	0.20638811484459924	0.13054416895172577	0.9677788458016218	0.26013240566177326
0.07542798360048146	0.1967404306998848	0.1799146261848343	1.0	0.3841879763239422
0.3293146122764149	0.03765540121051171	0.15242435208720648	0.16427256474681226	0.17459869546410783
	0.13746390904382763	0.3520258991280049	0.3373808002182564	0.02154161981377827
0.11081100631857259	0.2831814106989117	0.45807110509654964	0.0008863340733076414	0.3335121389626907
0.536445448887387	0.14222619441046383	0.118686237369985	0.03449977174115455	0.4418363505625573
0.0024055963997367496	0.3426266828304481	0.15742935889840007	0.243756139513477	0.251201133748511
0.49805688635073214	0.11523807257296294	0.471561836459505	0.3838249749440589	0.2787416239296994
0.07755905418598648	0.5212009897259815	0.34693746051222796	0.06634351463100216	0.012251743389922003
	0.2166622620090906	0.027954215504436834	1.0	0.3910390521998515
0.5795389622939527	0.5358300073664654	0.5812371007569281	0.18614323562983862	0.17004483200897588
0.0464230626651013	0.8137028230936814	0.041848586562450184	0.8045586121583265	0.16617364423525088
0.7603517669943921	0.056789713780824286	0.025919352741953845	0.10243280264462748	0.49518850798433633
0.5324807978269189	0.309108321512886	0.7278316544167734	0.09732191623576049	0.25344738805942907
0.19480131037337448	0.0074459660852897805	0.052648129894984956	0.13115756442960586	1.0
0.16361261597553456	0.12044857513941332	0.03273952853883189	0.24138725145915965	0.5428110820509239
0.1315346408243468	0.9361486926213279	0.24161654859048876	0.27700194270315015	0.1076485800843006
0.0946716403849604	0.060089212023790466	0.10793076468345336	0.13873641684067833	0.18693654368433665
0.19295252485676495	0.08459971742534132	0.060104956410732824	0.003976723392168933	0.5799890072162337
0.17957910739853938	0.032833324809822685	0.3148950415351639	0.16242622974418272	0.1943423636075058
0.7364005629545585	0.03557966592539415	0.13575062832353033	0.3260012058260051	0.1792703784587689
0.956934683183669	0.5170854563668791	0.12153724692238918	0.13417691719690364	0.29170630174093565
0.25248725024352137	0.19581523529076889	0.11903522448854705	0.13316414699448967	0.545119989744784
0.0729945267133419	0.45975425650798446	0.2069650487381828	0.38548949973042734	0.6651579890584226
0.20047158057909237	0.00554829415326192	0.04428176370720777	0.001710618990171388	0.2422731911599992
0.08995823517514144	0.19894559026391292	0.24955203763144682	0.2981288958759408	0.1577904961427458
0.2297092606250054	0.3370948295067193	0.0026037515540983896	0.20771152097574772	0.07447401071429922
0.25977139648718744	0.5501311774057455	0.01892822283407041	0.5693102969760157	0.13879455576684302
0.8002403228220512	0.010618645007435838	0.3935499445573239	0.7052277654627361	0.1476646571526344
0.14400056713411344	1.0	0.8750956097908902	0.7473079469462349	0.08193527094093067
0.7366842165831226	0.3993861322174804	0.14547357539280056	0.019574416179351895	0.1696616332923816
0.2295283745972995	0.3387324893900844	0.24247070012598942	0.2775482012142075	0.6819234912409274
0.1731798838630268	0.16629946093986633	0.05079824598846986	0.32363790436912293	0.545152213483977
0.3236965082994087	0.08290406198462193	0.02615132910275248	0.23891950983837154	0.0579377632752356
0.14156332934489466	0.15765746833007913	0.1726299854435755	0.24118376978359826	0.03351441955177359
0.05992491714885176	0.9727027750126892	0.041971376849210144	0.16056540417750287	0.08903382590543106
0.4992070191817862	0.6840880732397904	0.020287963884063828	0.445093809469494	0.20806282136667206
0.38823910005144946	0.6176936864344811	0.1934690080571726	0.03608379249303682	0.001299356615050572
0.24411698195077744	0.023807804795860293	0.21734898830424276	0.7752682969801927	0.21212629762731638
0.27761296933432794	0.08281614172319264	0.07649026321644979	0.14562588769362989	0.10951269770338419
1.0	0.619597281527706	0.36534369283646306	0.09910344512623727	0.15034742202716625
0.018995742971853403	0.8655263894880927	0.2270980797703055	0.4686052025850861	0.06678044714423488
0.12135553506557535	0.27621473153337966	0.3601954664275242	0.12679710564265748	0.15750233647751793
0.012586051043244149	0.17035403340623081	1.0	0.15122065585772249	0.3529375780466323
0.0013064118569084899	0.06674129537624451	0.07998780358359986	0.15024996086492795	0.23600302152778274
0.7575846376430766	0.06442213394216459	0.2811962827483907	0.967442503191689	0.34360276091676584
0.8812556366137518	0.003756438576805139	0.05119466247619281	0.2649515297496701	0.04744952187645062
0.07601444071458736	0.011540738603497495	0.167736289098026	0.011836439344757815	0.17416599878384367
0.146719798297943	0.035297845656756886	0.44820357297102603	0.5695382123674747	0.27786010523188326
0.1265203657722805	0.12686276656097167	0.7150525887265475	0.2939431596461592	0.0016459988712201367
0.22643653063398417	0.35089023866317076	0.04443992503402267	0.3932088409424566	0.7599271032682029
0.039738868497189786	0.19909683983561138	0.06173864980890802	0.2159009001378765	0.8898232931123641
0.05921668981131783	0.5094320429495648	0.09628919593541035	0.6499682770885652	0.39798689648800945
0.015929763072783088	0.04933490328506879	0.0007775008593498921	0.3639149716518976	0.06321438611466484
0.34308828864672297	0.5810883698096871	0.4904450967154749	0.6822422875587995	0.10450123377661834
	0.633141579582419	0.1513256592388891	0.9583410863151692	0.23875387370715268
0.11873338301888749	0.24875354402203453	0.26577994067929434	0.9407979768290591	0.22081366628170337
0.026121208491881386	0.07337886732241834	0.00445081912878747	0.5392173072277755	0.001312373409968285
0.07602591066700272	0.06826302616558454	0.018909954716281152	0.642959293474093	0.01787315550926383
0.06799358560435406	0.2238433317584735	0.0607802937714259	0.10323011860595481	0.07143143552651744
0.20199235451577077	0.24752947213917756	0.16165126805078142	0.764966259233667	0.07192542387463965
0.31613508343865465	0.47840943887934445	0.025094810306942873	0.23120463253878915	0.06054884295448938
0.23185504698033638	0.08212567645878838	0.04465214840612379	0.1718239591244846	0.4633216219647634
3.200682260462849e-05	0.07198370922383043	0.01749145467939202	0.006100956722452854	0.13291246864938214
1.0	0.12810060433228077	0.5153766084506207	0.049549796702334024	0.20237993202650215
0.07293478134863372	0.1110837393194688	0.12816401418667323	0.18146786178816862	0.0060401849095266785
0.03848378014334977	0.24562134696469295	0.01273839347952341	0.7023155592103574	0.5504383414921704
0.6872328373615741	0.4929000922228317	0.07813300282481372	0.12928461313758283	0.3605527167513211
0.08489718909544756	0.19444389878910753	0.18785098218970028	0.431156412094051	0.22904874010666415
0.4881586644777952	0.20992609354549427	0.012951514735858554	0.3458659289322805	0.5192778229489244
0.009354579392629278	0.07917350607128622	0.5242464220349012	0.15578551427881573	0.9563169456483035
0.03127275353484042	0.0737942865180279	0.06012421024852604	0.6240242534779313	0.12157363553599375
0.1863170380367928	0.13798847652331866	0.007684563225584601	0.18121815081502038	0.6598962084299388
0.8685245089978983	0.0032486987117693743	0.15452717532109825	0.1880511350601918	0.12126517946536794
0.06378676005321292	0.5131257690024581	0.030367416843928345	0.07238219114232466	0.28475789885042635
	0.33381571670726135	0.8580210995300768	0.1802063353869719	0.050590526513892405
0.054851569575057206	0.05842359531133443	0.6737757612697749	0.22908482060182223	0.017752883541344872
0.12223169153919525	0.27591652620586904	0.019440015893646072	0.578281019408178	0.3188260160529856
0.04890344318909676	0.7567384157322897	0.008132425152039048	0.2115792675256063	0.09400588897196226
0.435339024746477	0.7789316531995276	0.1752446487733148	0.017724254545507263	0.285685564467876
0.04319525848209069	0.18338090874893667	1.0	0.024419584932883494	0.7371020340438429
0.18357297410847748	0.05997997669708137	0.49101080013674137	0.2064533390804388	0.3366642681815815
0.46361893498538237	0.03409579478069669	0.10199159944561063	0.059892338342704854	1.0
0.17677387141043238	0.13606636592568566	0.05636761034364489	0.0772165545322239	0.4103516702075871
	0.041771517858293285	0.8180505830476303	0.4397319410492729	0.07016919216973297
0.22751853603080846	0.9852776276804864	0.3187679502972938	0.05567545806442785	0.10449013154469665
0.018946136697876283	0.631638425874382	0.22717577036286415	0.16630913950029724	0.9175499462710636
0.09418733297682315	1.0	0.2353296950796873	0.0371809884428569	0.5586653822481209
0.6141119836270278	0.014684990155476816	0.04278449956446317	0.15947558167816522	0.01156818853959359
0.27505397206955345	0.38480654333088354	0.39882857797211385	0.06328975617077622	0.12217178913101089
0.35776262373124507	0.050315503325557086	0.07537204072871474	0.8475907735701634	0.23813949134421855
0.3464698966199404	0.03146920033368143	0.10154866782095617	0.4251207387239324	0.054927230566402384
0.2960724934095701	0.020650348215529933	0.37048777579789843	0.19626610375149653	0.8581501071046683
0.5966271844802409	0.9438755448008825	0.19441688355327222	0.07565772080371144	0.24358711738267347
0.06985238625151655	0.619713170267015	0.3238102759738601	0.47779508617242533	0.18992545794894838
0.45511887708961773	0.8437916511749923	0.2774754775585294	0.0764610335762221	0.5929062354620304
0.16819067703959412	0.31126638513060617	0.4555287969278528	0.5991668927539229	0.29955943105917826
0.05448590864074008	0.03961278433253612	0.27053940501632523	0.6006171484224467	0.2995583100023714
0.7512616959889654	0.5083875101278642	0.08846300136951012	0.11065683878171971	0.10255311196015902
0.13010798484184322	0.09270030275030895	0.036046832051540655	0.03490225254678007	0.45686406878650065
0.19620504593706958	0.5682383548384402	0.1666037960482616	0.2700956502077807	0.1721277045710658
0.044654103635362395	0.06551075971530652	0.2948901130020955	0.18069592401065526	0.12265891254171127
0.38833660641794826	0.32569264922811364	0.06783381556268962	0.3958304552114004	0.06065817243644972
0.22088607602743407	0.05905610224959638	0.015332714462043267	0.03085048054729366	0.46048940829402174
	0.5625918457017769	0.19618797861133672	0.07016998776420237	0.5466656754451583
0.7435473544569003	0.47866041710095675	0.1027660011199766	0.0073556588475768335	0.619037227648433
0.19901223384961256	0.10949777169663384	0.022351590066516793	0.12869816612840254	0.2627983795898007
0.0397163868320555	0.00973218530216273	0.44921798238183225	0.5726191722891084	0.4973644943066041
	0.019269989884207514	0.3445512582070424	0.16884533551336245	0.6556332837199599
0.20937889057618284	0.3952976230036512	0.5878506166978207	0.4014386989261758	0.5999017045142437
0.11534938212000026	1.0	0.4259840585405546	0.1430694594112983	0.0995352302180006
0.561453829064341	0.18111854462921728	0.40088166469092595	0.049157306265690384	0.21757255713444776
1.0	0.11770486873063031	0.35231307287265057	0.3266655508110683	0.25191489283357715
0.5221027060777214	0.13594939493103328	0.245807214031051	0.127867156663378	0.5681252013683514
0.21276214070149635	0.043798857716919264	0.8376017296705145	0.19280971869172503	0.24235866579576038
0.13129544947181798	0.9963275207007662	0.3323280934343807	0.00432056142833853	0.016786980294975766
0.09400677952050865	0.12527930735281997	0.0143458191280014	0.5608865867453887	0.15090043794340807
0.060146850240992755	0.18394022449238773	0.00248153286478332	0.03754326934923607	0.1057337281181942
0.5912384739765986	0.15447366428116344	0.6003459768322159	0.44754640200125373	0.41398253957878817
0.22804336926095028	0.2251248328901208	0.03719009584462261	0.24502804753210483	0.43847261998592635
0.12010238291864776	1.0	0.13785366969376453	0.052026442085129534	0.10161771813571234
	0.49088897128556086	0.2894676372500573	0.022174354758692536	0.44095393010462824
0.18276355033203665	0.43644370869291055	0.18137577174382086	0.6825860888113177	0.09726996104347195
0.18310483107799053	0.19468777142150748	0.21487004981343685	0.6827687200798573	0.1263240864261272
0.06322108555808822	0.03568833111742853	0.00808046676612418	0.1203484809608477	0.42230638858944125
0.051437988631136605	0.24996184246787717	0.27704716958557507	0.2272169842930925	0.5052288636751793
0.32479799206151644	0.12466074341193577	0.09783395862674651	0.3289182229637727	0.3561657909974765
	0.1498994147564441	1.0	0.3717283745702869	0.30907732484460443
0.01693941124313401	0.16816773073383184	0.25083475488029533	0.2128112993895116	0.13309285574580823
0.28718865410271166	0.10692165257396086	0.98051982063835	0.026231718766568744	0.1952030138439959
0.7930572235233188	0.38026936653026705	0.7085996043401127	0.44018888011200347	0.5981706350105344
0.9399846359814831	0.14126754179399767	0.16622384139876498	0.5407613168482945	0.5944506523820969
0.3243492830156841	0.04502918261789159	0.00552689477510705	0.3917647712328325	0.6086284384409434
0.174525122045039	0.6754657849395113	0.602053374059611	0.023496976739777405	0.37311544509478173
0.6237348962272518	0.5763507470864445	0.26010840172482486	0.41038890084647617	0.11319033903448845
0.4246590790150647	0.040871786529635294	0.0971742694780516	0.3059951705431701	0.6706522995668588
0.021016972402868213	0.08064456505447302	0.1985572738335838	0.08392650736827595	0.7978119494221311
0.34295329864428387	0.6587304897456132	1.0	0.277111403446057	0.939400377259336
0.3740867689351059	0.1918628128374638	0.10048053452477201	0.33329846764118437	0.34278654769699285
0.17007545692037593	0.0014464755138287454	0.02721118955869535	0.1854072292685747	0.362485507877453
0.31272311516614676	0.12454581273105732	0.36455242942533184	0.45258207453218285	0.06605154204347585
0.013654038182501221	1.0	0.17382029602220947	0.01948660332622876	0.863639299098239
0.05414289939820812	0.47108552830979156	0.1503136771834011	0.011389599230162644	0.14491481262521266
0.27622878466023026	0.40159059347344084	0.4388358228155215	0.5325624745091206	0.6698373305004044
0.3832146078086989	0.19176949478060293	0.5794546962053316	0.22596550837195944	0.1586527703139421
0.3445014065384259	0.36638543540763274	0.04983902651832438	0.2618767037018618	0.18954037879078087
0.03142050788715625	0.1758535927651728	0.004871548763638216	1.0	0.2714002064543981
0.7861331041935411	0.38428770694509046	0.3556237902255323	0.4232061967376833	0.4063789521161361
0.12102754361630808	0.06403395512972757	0.24651455037946862	0.3260589482218396	0.22218791802855226
0.0012482188812236365	0.13031671885729953	0.3843208739086439	0.2214336953417656	0.34145232966794836
0.11627628839899218	0.6674145394063915	0.1497821776069938	0.06568654578645258	0.03997706447025761
	0.07286151833453575	0.7391808233061504	0.5280174966027379	0.6487636295546959
0.19755739288466176	0.2072982808215584	0.04137019410800875	0.003937097799302768	0.08522190987601316
0.6849599053128836	0.3250744549763001	0.06962869314651343	0.05270592561699775	0.16980461915017428
0.21191736374666836	0.01865144193595169	1.0	0.2635760458868425	0.6919487561128937
	0.11760958622842978	0.5746971429257469	0.20935396803815173	0.40126480112346813
0.04700908342007521	0.6154312011712538	0.06769905703261968	0.2912733678070621	0.0014649281509015386
0.5441808714925402	1.0	0.17327815954247122	0.5247156766390604	0.05286334344976432
0.1709122803695538	0.28352078758063654	0.17247439781053556	0.270563229954723	1.0
0.07700161678095771	0.25616593181119146	0.07328190842802444	0.003983038363236556	0.036962583227167514
0.042865225889110375	0.059455472040514004	0.3615761132295981	0.4775001150565402	0.373752185501871
0.3266712804670964	0.1680497908377465	0.6382777608041514	0.1360460594157794	0.17451410662090402
0.19194971531001923	0.013643369747869815	0.15280068864726293	0.11558041720491519	0.013681515412323217
0.30378208710300386	1.0	0.2557410677112624	0.020712514658271695	0.46636964678171544
0.19795182447952672	0.613274705441732	0.1139371415233727	0.13323593471500736	0.5193607735865281
	0.22564641494951687	0.19155334333952903	0.038013219022935835	0.13121569306365874
0.17472115143653186	0.006930228635710618	0.08576111612821173	0.08574554051344387	0.0402173416657681
0.16630830712913677	0.012566177338293065	1.0	0.30538120068596136	0.745772478214157
0.46190946500004737	0.018630548854815833	0.01024691351304389	0.22232639139221527	0.21288025671116562
0.4426732216535027	0.40235415876248676	0.2483441099045765	0.18103398463137765	0.15562467683472694
0.2573530708737752	0.3300907633782496	0.21198314112597205	0.5593295216713032	0.077663027030393
0.10172471733038643	0.5849028639982319	0.3009496537732932	0.03617275211013991	0.15480160255066502
0.4216557815107706	0.3586816771437856	0.13267466644675083	0.642603821743687	0.23438116580293247
0.014256652624084055	0.5581195422740621	0.20477258518551344	0.07366545126240852	0.7441089493334353
0.38513306705400213	0.7040933910954641	0.5799620236419359	0.037074463423921386	0.4016690596497025
0.24313186466792985	0.6893120988796577	0.5995496281382884	0.38480025852969635	0.08163889365704297
0.06984224025232215	1.0	0.1247445089283685	0.18532873446127063	0.8244645134097709
0.037569676785080344	0.11009237985638913	0.12353589197399736	0.15281233824855042	0.015225292560837307
0.014087056706209328	0.1201692035350365	0.16811441344410955	0.865252676234068	0.06981380019052326
0.25222840250091483	0.08580491000323487	0.011957587070096426	0.006688372490125541	0.399456579195633
0.0010049207202862725	0.08033534445936043	0.01916558594801799	0.31996012633999255	0.13011307154418725
0.654028328430739	0.45006351531773015	0.5274295253699527	0.7841104208214775	0.0429504817974781
0.09417240639068167	0.1720301050413347	0.038581399722107786	0.3782838006804706	0.29930353100045287
0.5261135153590942	0.21410328793030942	0.07985885191313136	0.45611079998812243	0.1632801704364901
0.39273526270663317	0.3989454182508186	0.20410160764294352	0.2392657146270055	0.39018487677129066
0.23755515932609622	0.016246922811247767	0.20535528259008495	0.35145198617208434	1.0
0.3345237287973531	1.0	0.6377613915632131	0.4513152174486128	0.1665274157381593
0.13599663978096266	0.22277872276206656	0.03137114476018681	0.8284144620287046	0.47167326129369264
0.8936287344816162	0.014330715194808571	0.23794530176826528	0.1440545542274211	0.03193338259091324
	0.02063345836767477	0.009329975027086988	0.5727699393455918	0.0032256658133249915
0.25774108810772	0.15500369629779193	0.036052964973962015	0.09200895453201412	0.21096545933184746
0.09643262335661874	0.7005512029864616	0.10290545569066885	0.3982278060421442	1.0
0.4242909520099104	0.13241632433969736	0.19796549233987473	0.07839870763170655	0.18945580720786523
0.78302859165706	0.038944397826328504	0.2966387333908053	0.07774648962878482	1.0
0.27982355328270286	0.02017516109581079	0.3966081222448693	0.4538259043442415	0.24637574367868906
0.03846348686440105	0.21267155190722545	0.2297018141581133	0.5147331216672454	0.027928136426144893
0.5628835673225677	0.18463832075702025	0.5256642992024887	0.6020367496534974	0.07896585899807433
0.704143430772212	0.19495305129873255	0.19075878399201193	0.5007623675140049	1.0
0.4392803048322182	0.12212395541694168	0.22863549485440537	0.07372150502872968	0.19663460205305203
0.43342364839684544	0.29655692896776153	0.25184399531552526	0.4308649646909187	0.3426911503574324
0.6644743522451907	0.33852918606539795	0.03136046570878679	0.0881651667547113	0.027777617428328856
0.03215426257227042	0.058442285737035186	0.1579571367845716	0.42916976589435674	1.0
1.0	0.019141918056710304	0.37436346608020893	0.020815474107274554	0.19189448912916598
0.27451828252567134	0.37562741049102466	0.028281766418490152	0.05524200398462325	0.7030683055522488
0.43802202529919454	0.22040676432234435	0.09514871728774442	0.14096613496609678	0.4836235865941246
0.22098408012441353	0.08491948102842402	0.15175735707082133	0.12463238493728002	0.18222751283668445
0.2491206188681116	0.06436543532026691	0.24159435778338614	0.045147509315559414	0.12900352051453856
0.014721717909345271	0.04761583101422865	0.009947903575496313	0.14549458970931875	0.014304205575615197
0.6587884176341187	0.865131701215273	0.10975535450255317	0.049316944124898406	0.13468087036419296
0.4922128419213574	1.0	0.5719219423387971	0.48198059060235765	0.2725316172500792
0.11366600283513575	0.09401558840934303	0.34065526683214814	0.340859998285999	0.12295587371808596
0.25309094185920145	0.026124672583228703	0.05752347774010961	0.04051672412465308	0.23817966154994188
	0.09204925657753688	0.0018468414121671488	0.016527017020852592	0.5474456368234135
0.1554387644829405	0.1924780166034532	0.46601225161743576	0.24446886998977868	0.05992084872064402
0.17590966929750643	0.08741561976229895	0.38284434934689554	0.41723216307811867	0.3728591124981914
0.16933818836453066	0.49699318984017554	0.050587864137883916	0.10776731079044014	0.5052197411562913
0.3843358960914957	0.06986110442005489	0.9122709632390849	0.17432973198765514	0.1923529127770954
0.7772240516802741	0.1618743874952121	0.5637011559808375	0.019216090065790142	0.6336432693213835
0.33021829506990497	0.10052861493315857	0.15940902824454814	0.3058233173325536	0.1987004195267312
0.2084941274981238	0.09409339500948426	0.7662742529978711	0.01601514649364957	0.00148740587339944
0.41842467644603404	0.010296782705706078	0.5665333261935959	0.648929606643372	0.01046969007331183
0.07045381076060375	0.052981124343434445	0.061885983533750855	0.3449487043425077	0.1188800966102247
0.771076780024604	0.4477385094113748	0.13890394059461628	0.1959165624080714	0.9657766306736013
0.03069680121994059	0.21889412241738465	0.22149919977992158	0.34251094157364276	0.13536717653982916
0.19131535890764786	0.17975955301146282	0.2304594330903225	0.11730304563864187	0.1670475460589407
1.0	0.13921598887752734	0.08781321625680538	0.030970864708592803	0.3365568306879416
1.0	0.26821040500765375	0.06979190599148678	0.3249416808512044	0.3045704975415195
0.48658717251558403	0.3282710837806611	0.08969335048099332	0.25390412221221487	0.446623159264574
0.48291489839619656	0.5802846073775494	0.12268888120052698	0.021711497048590874	0.04872150695079035
0.17801172885657837	0.13169789985823965	0.14261870032351096	0.3823350502933267	0.10517196341777524
1.0	0.5446320736611812	0.5427162035972591	0.0734054193403762	0.10726834054952053
0.7055264128160625	0.12605707769736327	0.016541225503074016	0.2332726590068239	0.12458468221640603
0.1977835234513222	0.03804154633753009	0.1376847137749856	0.093318392740356	0.027514961125520244
0.019408812942983952	0.3673125551543351	0.043295783114246	0.40794637456703337	0.04073651361037094
0.31183058658696133	0.5873779521251588	0.11685388265225942	0.1875203052144135	0.7903653757537245
	0.5727395424248672	0.046681916314003306	0.812507640572314	0.06471212709107281
0.2399261627179906	0.6872279385730021	0.034576499372615525	0.13437332844229768	0.08024429018449307
0.229891245724989	0.7572566216507938	0.16134252892037731	1.0	0.042016310921206425
0.1150185332631561	0.38274276798064727	0.05886613139043623	0.6090377095180959	0.0084497803165753
0.06377326351382598	0.4873095925824725	1.0	0.061174144067220694	0.019254141829258078
0.17992563046116913	0.13299525461354844	0.36163378729136747	0.46542317253875204	0.7278920951419551
0.4259547796759486	0.765843473993498	0.008924104169528935	0.34983991807260145	0.3623213146752316
0.07980624393911447	0.17860637846100907	0.28954838551734813	0.15093015058514347	0.10274238701311735
0.37561520248970975	0.20757586332377728	0.24708275382481798	0.5662837465774138	0.6948198170687343
0.07233856814896317	0.10554741998927833	0.741381017546151	0.0005885248280790061	0.10298143439998039
0.05007915804525735	0.07508236299101682	0.2529681951208696	0.30569348847849837	0.10651259758989967
0.010894974630270886	0.08430848489040102	0.275524493332385	0.11487720397727319	0.9966723661918255
0.7553725363369502	0.2603980580094248	0.02988987344770173	0.029824903429488014	0.5297986555841521
0.6147324122167774	0.03145378428034108	0.14635194837380672	0.04564673041978513	1.0
0.07175253242200534	0.3188722579108418	0.1704301960376104	0.24032736803146193	0.8833348780413793
0.1606694382847791	0.22195855965604513	1.0	0.3778992317690352	0.10146116796212126
0.08825249642825059	0.6089667095277148	0.9403680583998153	0.6449284416450286	0.21346074288254202
0.1617965880671509	0.5708617302925572	0.6319687201280737	0.00015185613821840356	0.16899705106357785
0.17855332780530297	0.0732336113205493	0.5009419488839006	0.18892276137540762	0.25100086066260047
0.10171303583892598	0.2272813999006399	0.03934397387370875	0.09348252138098924	0.24636960101055883
0.31788526345314166	0.20992347790839383	0.0823431131913559	0.16500456153355353	0.3597901656480277
0.07438966642518649	0.5135684168023825	0.276000777253622	0.2853813603260364	0.05409734307065231
0.06800817404012771	0.5692307734172306	0.006043118759024164	0.8089347277010291	0.1211590614926473
0.015782046250442622	0.9525726694065855	1.0	1.0	0.13410787810009955
0.04219250605399533	0.19357640529348297	0.1040567040734017	0.05418249499834423	0.006995723364152035
0.539500158071897	0.031160461776880234	0.30669062471248165	0.1531333994388358	0.7844779457546582
0.0014076450571069022	0.23860298614298453	0.4298270401534969	0.3501600595064533	0.001761187821860178
0.12515287612343612	0.10084682391431214	0.6367992287989529	0.018566653575260147	0.3868661751255007
0.3532577860150278	0.5672330044200841	0.12796132361280488	0.4439181683899546	0.014916573704687682
0.006012932104524711	0.06567871102254694	0.13860834547797757	0.9987518072348504	0.10103594461784554
	0.04514979110197283	0.28176973533080696	0.030251007828471288	0.004851613876913352
0.3396296091982049	0.2626013523193499	0.5141709311277793	0.13082661682682603	0.000358246791945107
0.7381035259395325	0.5006754755265808	0.43849166841101894	0.3009323828093334	0.8460403973295689
0.36997847417642127	0.872716625633855	0.4009919592563738	0.4497299817655585	0.09872403477075341
0.784851437014532	0.04881783944712373	0.20843852591247833	0.614243966338677	0.1546047947552568
0.10326924612869305	0.008805389020704829	0.16381213162052702	0.3690529585298749	0.7231598204117777
0.46056996149864843	0.17238553194312084	0.253092117938562	0.0867899807047781	0.6319514160561837
0.1712803796307495	0.6494363810808292	1.0	0.21332825444797135	0.46967349111032836
0.09421008025953174	0.17314018704800796	0.43794522622224547	0.3646137757560811	0.5665927060975025
0.5060865845775758	0.5224882704050807	0.15914376739584005	0.02753114513640327	0.37572573207932025
0.3953589657948687	0.15858437019547458	0.6954028919917165	0.4427462406940153	0.16142164585917596
0.1847418679228322	0.010670197332959328	0.0226663356039386	0.23191551443078537	0.2522657540148634
0.03158553884346826	0.33597009257050153	0.0101265287711665	0.04802223294287007	0.20678632940869196
0.19504210492923607	0.0020139886797206252	0.025146734722353837	0.3189082109193539	0.32057301123058135
	0.08302495300455509	0.1668132684055526	0.21525609105056853	0.04188300980712952
	0.7188074580695922	0.3907290306308152	0.32406822512395234	0.3919592578948407
0.07601869267155655	0.28203816468700194	0.6792581653640694	0.16778913603807658	0.26080888129973373
0.4983399795017697	0.35765703641220453	0.16392211861400516	0.0041560911476838545	0.13817136414781145
0.13024691201584998	0.034635926608319156	0.5031484667881994	0.15315510878214708	0.5778607974910771
0.015127327051897455	0.09764243414967548	0.0030780851786726213	0.6104764350859134	0.17536852850492965
0.20389446847490475	0.13109526748741798	0.3209755042181758	0.2847462184154411	0.3980113034246711
0.20352488492533818	0.47055371500828724	0.6112145150679015	0.15414412990231663	0.3940864897251893
0.3506943987087199	0.06268465082008091	0.29858539089172453	0.13258115260365302	0.13949617376678602
0.06188188141044364	0.01721747747981095	1.0	0.05990060251593802	0.1140578562968164
0.19245448864420095	0.4165040378993455	0.1799545075570666	1.0	0.8382532922133609
0.30348423740718733	0.003950183789861779	0.3146693391117084	0.08490674168654812	0.0777403929170221
0.0008558230654030351	0.3197397629210265	0.149466003100229	0.1282815669012375	0.2675998378949757
0.00013622944381175983	0.15149273174205877	0.19079718447025396	0.05885970475883982	0.30504581739242337
0.25691396881111694	0.20602430590934215	0.17986919953231847	0.3397825140564827	0.02739354204242609
0.3088151193040367	1.0	0.1952362450841968	0.30084768209586127	0.1389552355045183
0.5106626198489862	0.19248654732329468	0.04020917524248876	0.12305529422068034	0.08285104920202323
0.003815570691026489	0.04789708062165503	0.3373986444343977	0.16381597715262605	0.36538559485826727
0.07581464343886558	0.10183266605551829	0.1516503654485492	0.07306706924507088	0.558750812214628
0.047871852082123065	0.5384999004934201	0.05272090783709067	0.6205795964865018	0.25517017585663687
0.2340784522137008	0.3058600222707054	0.08006823724052718	0.1927822761894892	0.15855538031672284
0.6684440331838488	0.20098706121300472	0.07817699591439038	0.6961617196764601	0.40677568826938315
0.0935825823926895	0.04580078337064702	0.3912528867256435	0.3448382880487845	0.2529356897024011
1.0	0.01213836731490972	0.22027354559419313	0.5412945343328979	1.0
0.01790598867040306	0.6240730039213825	0.6147094810462735	0.3724173076286355	0.6625329130057217
0.27640481372249465	0.5401862925861953	0.044338534627642714	0.2516126737860244	0.035323556275967324
0.25638786600403934	0.08925118710264887	0.418594118564541	0.1565092640181118	0.45072768507574007
0.30333897207139404	0.2203530978898755	0.11498681575766732	0.39721668840375174	0.10746898288745221
0.23020369569270752	0.8408274525979158	0.06098098391578571	0.12631098380738862	0.35950544013470226
0.11730770292297149	0.08267852821699705	0.11954584244226683	0.019732671661970586	0.2815809952443317
0.35003829362501476	0.11737325666659076	0.1700017699843382	0.6072142980605512	0.013322342755723311
0.08752324400352444	0.08581429111453608	0.11748242556671426	0.39475327077525185	0.15469476036890037
0.1282990140046452	0.0011269578325093668	0.0417733297755587	0.004156836182070182	0.012605601508952576
0.23241109612835276	1.0	0.022226639756576433	0.5460192368692741	0.1996414281265851
0.017983992597930428	0.011601974685403712	1.0	0.6520050620359749	1.0
0.9819287997888496	0.2574949008711303	0.9053941655758019	0.5410208593979073	0.25557788712110724
0.15941675816600406	0.23733112655670863	0.4590265301372812	0.1661598275380015	0.04047453527024192
0.1325733176110629	0.6652122946796565	0.5476728362179138	0.4796565245156401	0.33998591825198293
1.0	0.21429747279057165	1.0	0.1621409401891192	0.08080617160156488
0.5558560915352991	0.05438180725631179	0.4989852118323054	0.20343451081766656	0.2982635471664367
0.4644764208914642	0.10133644366927647	0.24244125800883815	0.3371593189985873	0.00040288679941125803
0.35472005000992296	0.00810906434989503	0.5556705493645999	0.08113486283602968	0.3058936438443814
0.18850876296936167	0.2314578463764345	0.09620480299059889	0.35206910519619367	0.006641948107910787
0.04848939935569268	0.20889231971352304	0.07161564190429281	0.06907740527042956	0.016177153511893867
0.011377597569118316	0.20576506023503413	0.4569169786245576	0.08268935937493174	0.18858165611235456
0.2926118200907094	0.13540280427568874	0.1470223961016434	0.4611017992478569	0.3407426133310417
0.04503645325976723	0.3002000918266449	0.21600278144045665	0.2284450777064788	0.08891866083995476
0.26892362453449536	0.11628228962505462	0.21326699886219233	0.2053264530908053	0.028647186526605486
0.7954388421020947	0.06750512353573357	0.4939017531757926	0.03498563244444053	0.4533536665738561
0.35496627236309236	0.36492709862101375	0.0128814118219267	0.17043896505972989	0.5439190823007358
0.31439052979173693	0.3449630529541242	0.280212586984211	0.1373863446170932	0.033908726356662325
0.04191558360303496	0.528610668208489	0.15150594167889161	0.10016812544867602	0.040597904987285736
0.14905888160347808	0.984086132000654	0.051652432155407296	0.8194007765222018	0.09960840160724209
1.0	0.19639346661122667	0.3216516581733742	0.23138947800243848	0.08923864955196495
0.044658151267186884	0.3933408030821984	0.7409051900014153	0.4187398210326983	0.11786651878792163
0.05496026472391777	0.07116223069969545	0.19672032397009373	0.37609062867368265	0.09452105657709546
0.5205774618783006	0.017993802651828563	0.4310000118098746	0.09034279415403965	1.0
	0.9233160721672181	0.46811665681141934	0.5202519494439846	0.020071047660318565
0.5289332942802478	0.3853956530342352	0.10787454748260196	0.5821194142737378	0.36408144034310963
0.051465045585680255	0.27782615434350033	0.20094070144950515	0.3163973612356336	0.34699082679936616
0.45982957187923834	0.045540490120924794	0.08432989859933729	0.417314901829204	0.3500682521461225
0.2425560372162165	0.033619456469341134	0.04340801637830397	0.5124528766335562	0.06270764041772459
0.07407830848238105	0.06117085915163737	0.04056040133323913	0.5379453551914787	0.2941322720467301
0.05226032734556275	0.8897241369415606	0.010687905468022386	0.09202169260903154	0.26108167015205724
0.05950662961097395	0.5242451093157582	1.0	0.06152590184094044	0.6551733016388893
0.6179454008696471	0.4037841919311092	0.02245503214255391	0.046377236443877846	0.16677747243057572
0.2071078444907303	0.3144711127847281	0.13769830544700198	0.014544765483133536	0.3982203495293051
0.6738892106796908	0.25841571152078097	0.1686824189361717	0.2790526610720346	1.0
0.09049289211283641	1.0	0.1866289817069912	0.4657116273042089	0.04382852466486462
0.03467756785933946	0.5559028005866602	0.07035214370452983	0.10262538116363569	0.02749939183375481
0.69916966411965	0.19943911279877327	0.443407738841104	0.8474234379552518	0.517984412701891
0.3171546443348227	0.4806734196215362	0.11998426143159244	0.2252728775270124	0.16645397641115903
	1.0	0.5740276100982471	0.1432213475971365	0.42915336135203325
0.10283483850585119	1.0	0.14573320424335276	0.11587647487637762	0.8710048739418504
0.10048469024628333	0.09265106719379136	0.44010342294233845	0.13650685938125523	0.25193305762285034
0.5427711212270705	0.003599190865615443	1.0	0.0846120536948703	0.05054705821653802
0.337551661605138	0.15673667642766237	0.02807244512095468	0.31933905880179136	0.028086041976408717
0.31104671564421804	0.045740061829163736	0.021837350796674582	0.10195140270697634	0.09996255780439203
0.1722416102918066	0.40874915011191104	0.6878015317241944	0.3456273959023962	0.24370296046912704
0.26830588898303137	0.14968311560516978	0.5220200574669847	0.18876860030719575	0.07178074596790511
0.28803362442173613	0.2197399187372819	0.121207469408703	1.0	0.5486254843343923
0.12430798754157585	0.39345488715548443	0.4086778093023172	0.11573442661433653	0.7238014974197298
0.04852017095925359	0.16514975290846823	0.3787982927865281	0.04256513471368996	0.6551675068912449
0.19877046264108283	0.22488421234765235	0.1369246170348274	0.9514619537198677	0.22433302186437487
0.02304785750318361	0.03805075579406462	0.08512974431584132	0.03356932259790662	0.07723067510881347
0.01916141738061125	0.08275580193496816	0.06424452693113948	0.7531881636822166	1.0
0.824530560017919	0.22485421933912386	0.4100814735789169	0.007113218751413911	0.09078445976739098
0.2078748815662736	0.12599324295946912	1.0	0.03073819383989893	0.41419287503210384
0.7098564236895536	0.22936989630420848	0.12586236776979684	0.23608221598318602	0.056342278589591704
0.002946057675000869	0.13923102298560638	0.07332254140418586	0.5226598818271344	0.2665395940983031
0.164781140388813	0.09144315826662015	0.2828429164303399	0.0612208969854284	0.15505727210978584
0.04925872025748309	0.136044205958225	0.5733743173383243	0.4428517287699681	0.018597858389636387
0.8716140624129559	0.20791079149420869	0.18530079055335916	0.20897987567567486	0.203134475883564
0.04393747075717334	0.6425556309757426	0.1296789056995463	0.5403115263808229	0.001323987539098556
0.13941332672101286	0.14043904019030942	0.46229839660957245	0.8367947299659269	0.41628765742788115
0.18092510776905196	0.08844073028609144	0.7916138691224198	0.4687142439196149	0.47796317649976183
0.08895093334365585	0.017317670978804427	0.42702376410178083	0.2166827661949464	0.4889504573731288
0.10818316169255209	0.1504390007190853	0.02043245512484432	0.18589911390763061	0.1600869441164729
0.17814458809003672	0.2137363231695584	0.6519654558799932	0.28450902260136485	0.10625534991216072
0.0807094187383411	0.4862125779972011	0.05809622740893004	0.3325912340469593	0.05129406443845353
0.09998933438025269	0.23133902512241572	0.07367601044925906	1.0	0.05869959755420174
0.052159178355278266	0.3763460988600023	0.12830334164380408	0.17377660178294993	0.3473381462761729
0.303530963244421	0.03396239980647015	0.08896424906948446	0.433758491450338	0.49104002367584776
0.7934195991202666	0.5712037948386056	0.008181536451567679	0.09020293639936199	1.0
1.0	0.3957265861629885	0.7893565569952288	0.33745992825177024	1.0
0.3831307597888412	0.034548477681801526	0.06691913536357458	0.005856949080649849	0.1895339748132623
0.39702897752545746	0.33805517088660764	0.06665701189513672	0.1789459841492703	0.200782051535326
0.18217249719496945	0.22796121186143783	0.4724936659908618	0.07034337168696626	0.22985184724029925
0.14141966899160133	0.2716427701253313	0.06593892889869461	0.1614145424523352	0.08197377737839878
0.13362908235664103	0.1268743431545361	0.19199926899441208	0.07120511650594429	0.6602682856308185
0.38006235371921315	0.4089921304738796	0.34691046558022803	1.0	0.3322775633390737
0.026311909940906833	0.15098254710713002	0.19681316274140384	0.09565677928353303	0.07660920865328681
0.026984254956435486	0.1497250351455924	0.3697633124433659	0.719234522255504	0.06186340002542975
0.12368678885078853	0.31134820698645205	0.08006350777679515	0.35944071554137585	0.3492022964173041
	0.10252734043573067	0.884467272023033	1.0	0.2433976954441712
0.1262060637487652	0.17079846204910937	0.15109523579644835	0.3294129240528873	0.17855068469096433
0.06856889877634273	0.5681942904840049	0.658511338431918	0.5612364918293364	0.47591746566150384
0.05765178056943846	0.5299891186666199	0.05499698257847189	0.11442597866218182	0.1620927599651916
1.0	0.021421572886474075	0.13489742023912277	0.12639253537297454	0.3710734458627405
0.45404912067567277	0.6930218139184652	0.033053638327304055	0.18138098017699592	0.175615056845778
0.0026023072819159705	0.02173481184269928	0.08632654322470336	0.34501308909575934	0.08709483902065718
0.5726489765952318	0.06524851728361922	1.0	0.4062541474836738	0.04119922880793824
0.35787768451690316	0.1097357466069628	0.4408708783787251	0.02709683534160424	0.14610564060729994
0.019958086915444335	0.02758814965367583	0.6188412269139206	0.0656274751504308	0.49338891824245923
0.25126594001436603	0.2739126715380601	0.11169726513544258	0.3546264254058282	0.33057606024772396
0.6187166092132171	0.6822345171158786	0.169837338370887	0.24713522496072662	0.3885258652565208
0.013067528414648772	0.15268257874963703	0.021724002050658612	0.23605878247652487	0.001785203274620445
0.4040941351882725	0.10050989476504701	0.2863836247154207	0.18494689183324287	0.2165373763555221
0.1363737752001106	0.09721856489745152	0.05433875699998739	0.4589094240959282	0.443920124196385
0.1588134921066891	0.09887065046172697	0.27693716179972544	0.02500167838962505	0.19500532033676204
0.211278637441638	0.07753067905880501	0.2738102613874868	0.12743850768382967	0.22974727424945365
0.19071736429735664	0.25657450947604243	0.25427561719642877	0.26362458823251533	0.4537241078738747
0.9544748444904025	0.12791476607058988	0.24948188148643488	0.19640453915478945	0.1697180718049193
0.2420926572859927	0.15789893367701865	0.11283976669513046	0.1363292425776887	1.0
	0.26611410937932206	0.2053381185767559	0.03841780411277784	0.11138241362657132
0.2365190016181601	0.48728628301781324	0.5230867956403227	0.13404876334778348	0.0740982226858668
0.6577668562349291	0.49053211629856186	0.023013266578080307	0.04870611881264274	0.987238552366456
0.17999324994465246	0.07644634883300973	0.6941604606239508	0.10304407675209153	0.004166002386788998
0.5166847404735826	0.5281492079425967	0.1680784325391431	0.005268849161190894	0.04392279761862942
0.005248616913933389	0.8039878691039324	0.12278559856801585	0.03307282722611577	0.6570821293692679
0.42824852361649574	0.1140183210895066	0.0163442271545462	0.4725202545213216	0.2812814339683614
0.09708125973995785	0.3503139587153585	0.07476129865031307	0.028193311235749422	0.5006794012487783
0.35728851108956067	0.6596079470414422	0.2779176951391565	0.03695163941381003	0.6446199524842086
0.24829660712006024	0.1585054550585119	0.21151057547835486	0.12383230132887686	0.7882983201278644
1.0	0.2357707851588836	0.39492440922404864	0.11375683774961423	0.08091602609503716
0.12827079821235404	0.03488533795573214	1.0	0.7523862695293113	0.19541830587733308
0.2996897170475182	0.22147480920849436	0.2531351762981047	0.5405901811627217	0.29653200064962093
0.3164911797310687	0.034124565265160146	0.16603827321123532	0.05980629945128223	0.1716784538295851
	0.2898022908757845	0.026641924152297124	0.7250461742116961	0.14904791857337416
0.020728094560774107	0.3965959905025359	0.40085149056315833	0.33795693862455634	0.03819470474466463
0.053518149870864964	0.31542618467569006	0.997426909058467	0.7005280295461438	0.07469165750103644
0.03679701510755416	0.3105338353645503	0.09967179846039602	0.13507219528794223	0.16844612107711318
0.39660095919892924	0.08578274863205498	0.03069630999045851	0.6920877791383484	0.4049038393966616
0.7340679411877056	0.00032647519821839494	0.7046275437910873	0.016471804161097062	0.008407430444882825
0.2076468818355873	0.5825883753884143	0.007006938133639664	0.7953790330950335	0.45023818324097475
0.711266330672924	0.08711920181566014	0.08561120193603804	0.037055756164677676	0.04447445954287859
0.3144821951600664	0.5071581799297418	0.2650743209229726	1.0	0.35781568458316865
	1.0	0.20807017524419893	0.00817974909515246	0.05221179956172778
0.24503145616219352	1.0	0.004913584642878361	0.24411334916202007	0.16001295418831246
0.3934760317407215	0.5989057219303341	0.06637537616902028	0.05466523353804762	0.2979135552898789
0.061225304259952915	0.12404747550807385	0.5579309979247747	0.5755759205879487	0.3478526432326269
0.22331432081672284	0.6570137545037299	0.07723573095641335	0.7250285918153531	0.40281768681659585
0.13244179826591193	0.21970430736376842	0.17800900250382976	0.35926063605791597	0.02542544673993828
0.259897400410743	0.08663090912575752	0.003897571294701284	0.12142395454572755	0.6573054619198706
0.7274091044901322	0.24269409771880074	0.5701078616674667	0.010697853894844664	0.025424541929216064
0.06041498515973303	0.04638165499779125	0.11781532932581165	0.007541934789879035	0.37785552981212167
0.15551836636505081	0.40073505309485685	0.11960059624185987	0.15413332084096515	0.10357187719683537
0.00038093787827186374	1.0	0.09640089911860365	0.6228447679153507	0.07271159460157872
0.3757905530331239	0.21235451392167973	0.31931750706092116	0.028079501437515367	0.35703373370012587
0.03642150532820512	0.1458240847189089	0.15719000961893145	0.31064938753149896	0.5081851207682276
0.461379765468126	0.06302696565613367	0.31012915739117974	0.32415256589415975	0.14156433413702776
1.0	0.5593543305219901	0.11103926193368255	0.6623380240791865	0.34255272967886213
0.053044087766629465	0.49087571163542115	0.25656242646745203	0.10726156768026283	1.0
1.0	0.09557248767535026	0.16385986700928798	0.8357471836520379	0.01609246091021454
0.4841785468345389	0.2563306911765034	0.086898972455427	0.11879583314934425	0.07309707041484576
1.0	0.056403041438011205	0.11999198980636841	0.13704287379505625	0.3984637482788212
0.6338620114783057	0.5690279431637584	0.1606102194586084	0.0745945963543431	0.10029430976020855
0.08851808166647461	0.040379549916108065	0.43721082607060724	0.041531943803113126	0.09585426049955699
0.26639718170669624	0.06913702269156709	0.09901755868160968	0.36307417198130065	0.7024065167820273
0.2674661689243909	0.3184460479593738	0.134034368025313	0.04971655930932646	0.26444591130714573
0.4050520253390369	0.3052248275030448	0.06227862624271581	0.25452180530494095	0.22939448960576214
0.31521984399581543	0.7702571282635954	0.18015467601619706	0.7569998167496007	0.17514498098972364
	0.11589016005671768	0.12482231957616566	0.08018402147427287	0.02580435705281491
0.1412237125705686	0.04331970781757916	0.006776294212953155	0.7143037839291546	0.9197729853798587
	0.3641379758421285	0.008663265402725344	0.282928384311455	0.14326726967790587
0.42517563435484934	0.010951394974092222	0.18853172731141646	0.9062402155964547	0.13050962734543842
	0.04309895890954612	0.2042883427090848	0.7463035432348816	0.6799830713923095
0.1296871721312138	0.3712050449225555	0.28942403394375127	0.017680678241146944	0.3396321347444599
0.3337789332384644	0.21435952355466184	0.3419589053438417	0.19904537292269217	0.27330545931552147
0.14686569627671117	0.5211190506186046	0.044153337155308225	0.0331166073240471	0.14177850797049904
0.3320487843737847	0.3547356183249966	0.05326813883997651	0.03131961610086849	0.9544016023916829
1.0	0.4178408394500197	0.5585081963913845	0.08698548575883239	0.19377419100009524
0.6186056501797513	0.13712710352368698	0.3987343024306358	0.04881826654306476	0.440924286495289
0.03507351780548329	0.6511443241961392	1.0	0.033653076947778915	0.4979774857719251
0.02188731437427295	0.08390085885224129	0.6318503134563089	0.0041896628943849995	0.006602902027726864
0.5770422755876242	0.2892410599958666	1.0	0.0032027383859558793	0.13727011411964898
0.11411818980974975	1.0	0.17184391121823994	0.17729529596574137	0.22085663736907518
0.23660961476463493	0.8287260265479504	0.15207222073976653	0.37060486993213954	0.19855752846114477
0.04623437861766696	0.3705560813608338	0.39980259897597903	0.21354646259733104	0.26473189791552804
0.6559186668824933	0.258600242912178	0.07968871387513717	0.07119511146414441	1.0
0.0677752429621597	0.3303335132399669	1.0	0.18641029676401397	0.1464579494280539
0.2568717645926196	0.06240800169782493	1.0	0.12122804633001513	0.532183074667778
0.03589239025899688	0.9497358204961343	0.052821382033818254	0.22824555147443445	0.15542717018614455
0.18339489088364613	0.542746637292393	0.9240313424503137	0.052389597717648485	0.11744853588978779
0.5028850622883098	0.4860393473524011	0.9471104661977455	0.14517851548632904	0.33298050933710605
0.2029847440816369	0.14821815745427422	0.08722748234002785	0.1943655390976711	0.0417560295668816
0.2170849237338385	0.21662049386224091	0.29359714972039835	0.20370217889667472	0.18439662364038428
0.12431936752011534	0.04779231469937336	0.3047846621407185	0.09024606139444243	0.2480656111441235
0.06766767430922142	0.1406396439930251	0.07988630909828152	0.70097745329834	0.3606289438949916
0.48804477730993734	0.7474876712231889	0.010956355889271732	0.9687308930258668	0.03839809249939225
0.033022818868118475	0.09782375251665454	0.04781181309216983	0.007332573199531964	0.19112003684286322
0.05113525669508435	0.4215910190525163	0.22797089412441557	0.10529794311230742	0.43210448046925315
0.12287045374892688	0.22377068746510131	0.1377190905851717	0.06796311736650285	0.08810983387538182
0.11639701161792396	0.15799045174559043	0.23458182100446046	0.16269634530555566	0.13096708761535336
0.8992058958318109	0.5335206553977347	0.10912748409145455	0.3018903650338741	0.3057400570973617
0.5915129595076434	0.1295988123798963	0.11641705288798351	0.473658718106373	0.016329786144030134
0.39454516009144563	0.31369399591597363	0.2900397193154054	0.04075351979754903	0.1442668457300768
0.20258393875287412	0.011826759626874524	0.05455379943000287	0.013799367664447507	0.06230081396880777
0.3571648045657058	0.029119804960854083	0.015545584766023718	0.9465534750784691	0.06487124128518079
0.4970293930161687	0.23892796034524053	0.20169486177402426	0.06439853577195898	0.3307120776174568
0.11076145639621482	0.42383297180350876	0.42316769904134904	0.2878145950324928	0.838554959025054
0.5753955043749726	0.2925131078846574	0.12513576546805258	0.40376442757121467	0.0627878262547113
0.33525686185432385	0.5905444031528307	0.3174436545083586	0.12695032412323734	0.04000405439155915
0.02761579650024752	1.0	0.31276611937341975	0.254113603743982	0.015130767200321088
0.06879890629405602	0.5432786847349341	0.3829052854111399	0.1673393921033209	0.023735170434463545
0.4225952200716781	0.06111815354332922	0.4163849653541408	0.4290596673561054	0.29220268802132615
0.6969258861408952	0.18015460377136677	0.5822274142830416	0.3959859552101504	0.049742454836414034
0.4186381728196749	0.022753628596098533	0.908113198611003	0.8167291163120662	0.7588034181397164
0.04863643999585281	0.15706570297534428	0.15355795175416562	0.10754684028113934	0.6892841373723446
0.921376705440233	0.04102599534877443	0.05731968367580709	0.04019141306103345	0.2639770101730662
0.26020126974619273	0.06028233983571035	0.08726104580968737	0.5471758738293068	0.025547620089429984
0.42749535755143503	0.07593764546729262	0.2072801016794891	0.22748704486244645	0.02725086473900388
0.2616494948798458	0.13229712905119034	0.511431520608726	0.11375970623403024	0.5835884983686525
0.40529113847775045	0.7239718681318988	0.03219216324617462	0.15414815669413665	0.07679608778692404
0.1280851211169621	0.36248124783595986	0.201614317416447	0.05819859594036408	0.24416269408145294
0.20127931859379347	0.19789043834986095	0.7532255323627932	0.4245769203954248	0.1589946900193661
0.5179320578983948	0.5336053645640337	0.20059291272090193	0.02633317423817336	0.27633204641467324
0.10987983999336573	0.18679326550881475	1.0	0.1465993972411126	0.11683192791032364
0.232136651044356	0.0371428654206161	0.1066726319891635	0.034853056712612455	0.05640698730270324
0.8441939517788827	0.06748246113239181	0.14954896683032667	0.15634783365352872	0.012365937411302685
0.18442323879146671	0.7450794874711347	0.1195657954783334	0.04767212386248547	0.6177012923942459
0.18968335968176006	0.3110175227458104	0.4472273216224185	0.14199776924776905	0.02006455231116341
0.36755041105959646	0.12536991263262956	0.501796216793386	0.044598223093267164	0.05471477161573232
0.0762562260038155	0.009703978704451928	1.0	0.43037938656449454	0.1254902915279914
0.2783852263534377	0.6845752379793553	0.7340043310946114	0.38075790687850863	0.016662425943407843
0.09983982227348925	0.44183949429437824	0.31328362528333614	0.015457611410397101	0.4841454529506163
0.2470101512601034	0.6292468795588784	0.09591409778930506	0.0866288624560498	0.8975335034935669
0.028328648553575253	0.17753021170645747	0.3969411316128029	0.8263738115936216	0.028339127504175974
0.290538078254595	0.2782870120953109	0.45844590027607884	0.07570444596534691	0.28667235300344435
0.3075402321444717	0.8254001964843968	0.09466167446393015	0.7109835962637693	0.04583743555939353
0.41849426344048557	0.1259095222662213	0.03610172014335323	0.35887734094651774	0.07775347014150934
0.15140914648788376	0.15592487303283267	0.0338860739154478	0.45706976422005474	0.488996052494416
0.20077210812640767	0.22391497569741234	0.39475128050719716	0.27290044247727707	0.020255551833042482
0.12808531127969955	1.0	0.46460084386417916	0.22299470096644772	0.18466768634129013
0.09379869175283884	0.3670263383732583	0.06844210754747122	0.1268354054770736	0.03883999152014433
0.16961129972703679	0.47629655413996685	0.11068916717642763	0.23235387689626408	0.39353521377788736
0.08737649937451879	0.0015595838561026382	0.27293351740079486	0.15533565286261572	0.051989025596602866
0.2059143027639359	1.0	0.03287986720879558	0.25065667037485356	1.0
0.6161754794290809	0.36160402543096853	0.618942331443299	0.3782481667653271	0.33504539620993534
0.020354840383229825	0.3326785464242761	0.08729443827267477	0.2093685784273485	0.32593175573915106
0.6974337153904879	0.11049797178527333	0.2593498028873547	0.0069649593120568185	0.058467815214285894
0.024871068324189758	0.12870191624395325	0.042080099279484154	0.473436840166671	0.25721281956272785
0.1419960799873532	0.022243329586971262	0.10952797804295274	0.026146099600839346	0.1327806315506411
0.3472526827842225	0.173243079570933	0.16080351579188693	0.07092802414551332	0.06024768930085883
0.20407493676543728	0.12437886229833775	0.3010872521846115	0.5493394710093235	0.5331072968288939
0.3075277473059069	0.48091885429310355	0.5175725649419071	0.06307645402553001	0.0636855357260361
0.0897114223979938	0.252377505181113	0.18944829674686067	0.19053892211571147	0.3337222612885982
0.10349288103168423	0.452028468309162	0.05076255623283864	0.06990862102159115	0.5310688949408521
0.1770061041477521	0.28408652836788495	0.4612278393247259	0.126869119331543	0.061400404923383195
0.06334707024214273	0.009693942983170145	0.38187919677597354	0.3845719359311532	0.12396247075481986
0.30318745031574706	0.03186214165844158	0.4371695318018846	0.02863479058657681	0.0019895724392808467
0.16402953463103281	0.45001521747098255	0.39806482383678804	0.2587796995930796	0.5039178242389812
0.6131077834165152	0.08342918995808458	0.07622586025200143	0.47840297093079964	0.019688632495539916
0.660456612920098	0.03896490687941277	0.127465482819128	0.26479329328917456	1.0
0.6535285657590171	0.9249254030687963	0.07939094647135575	0.005111228565337765	0.059509080212385816
0.34295406472926454	0.013081667587867427	0.8623092098105157	0.28280274749824985	0.3635967658345721
0.032936974910036686	0.09803076496829005	0.5142059112012793	0.3979493207550177	0.005118456338900571
0.19524379543892115	0.10818291408117668	0.023713708115508682	0.15391178881962816	0.2837590698896434
0.1696166026358563	0.006343327649436941	0.019629186147010765	0.09447736880060742	0.20194724324574684
0.2113681136335467	0.2595042033006036	0.12774023978837568	0.016707466034508796	0.17043794699289164
0.2755086797541485	1.0	0.3468838963958692	0.19521870929619325	0.20578237044983086
0.10281899516586876	0.4426562385881174	0.1435125623273065	0.5162754891713959	0.16692739037339974
	0.45129054909566113	0.510460697746058	0.41199588789057046	0.15795291629531266
0.2841380965478827	0.6368820786867959	0.49013348872343543	0.2365182176564594	0.474466227872294
	0.24052230202097358	0.2358106952684153	0.2306350225087055	0.1647666850178852
0.0629176660194663	0.02319150937256867	0.18256277043643326	0.00399917269712161	0.4432912019485545
0.053574807970873946	0.7434128256436232	0.536438250183905	0.14712517649184428	0.2099011336691731
0.28090679336677066	0.2843508585280846	0.039587809750771995	0.6759244619054134	0.25430635600413826
0.20941323259395517	0.1985105529481039	0.29666979926056036	0.09716337339325683	0.5771223788349032
	0.12031875486532319	0.12498443628526576	0.14028718288612452	0.12163907850260065
0.15190792000426537	0.207239165446858	0.2414748092450231	0.288527786365144	0.05298938545924318
0.07274448598208512	1.0	0.6992434655347205	0.003251417969809581	0.09593108958367881
0.5790451292083154	0.050948683524892346	0.1899394867219744	0.427360336258267	0.36370286630501725
0.46779580410964294	0.10552470449400272	0.16064735453713694	0.3821223508311439	0.4807379898582155
0.6840538992840456	0.20695853663456126	0.06722255917345196	0.16657259828990292	0.012541036152659892
0.6324814714414219	0.9508469686736023	0.2987098831894764	0.28818557539006534	0.1049713334566729
0.34635704095092457	0.6202325994398249	0.8512206036053961	0.003468456877115921	0.1037800062231659
0.25118425731256105	0.24371581072387372	0.06760765791266699	0.12982398309726123	0.07666968737894085
0.3296382057253289	0.05220724755262312	0.7364012512952363	0.5638682359375373	0.017142135832650382
0.9550800068324592	0.07770962233055874	0.058843618636177375	0.7184208778963156	0.07536957041599932
1.0	0.5157782248720357	0.5998845249033443	0.11768643788602962	0.5024496892873456
0.05544866025610115	0.48584343622898557	0.8635453829358941	0.7982919130484339	0.3376257202556778
0.43468051104801486	0.011859548014258281	0.17909754920316184	0.46869561728801307	0.7727953177026098
0.023859548248356913	0.9591875352361772	0.17873082985116232	0.08127133466082137	0.06512546287804871
0.2717863218145975	0.48266249745347195	0.681717412258357	0.22868713837731183	0.5687049425922494
0.10224858315052797	0.32535965008983114	0.6443270031909606	0.2133347933763306	0.5810542377829199
0.1322265586752425	0.6023998563377407	0.0044025776033911265	0.01943184174064897	1.0
0.9264779984221916	0.004372652072784114	0.1475584394151259	0.2132725707249957	0.1076965841797103
0.8668966217911253	0.09360766421671111	0.9242802239633734	0.23383650509662995	0.5492613051055105
0.004062462609731089	0.16206212713231088	0.2627981833752168	0.18518838088251674	0.47199282971250756
0.09468693156497077	0.14801312006668402	0.12006613228094329	0.7400410391567679	0.13293744813975542
0.0630066241680043	0.0069408950048551014	0.15986786398056274	0.8786340554609446	0.15567805465898935
0.352225140994136	0.4810769677108253	0.12278490470624169	0.21835963243142378	0.24562387616832496
0.08847182478777288	0.3895083664452312	0.4605849771834109	0.6152394741680581	0.29225365241484896
0.17021031016519034	0.0996967645086691	0.2017782168543685	0.21729234389688062	0.026516057204651704
	0.5494077882769364	0.024985889720130307	0.11450979208584189	0.3120816033602288
0.06563246422413253	0.245764537496929	0.01193866452135046	0.006092921475625035	0.06168841090445711
	0.02000657689223337	0.22948561160172132	0.5431149273705601	0.2033206033808789
	0.10319655427510148	0.3548572623794875	0.4352087416577867	0.04323811814079083
0.02886059635885526	0.11812027125073092	0.5404574890953927	0.1182696249704656	0.3533620579829013
0.5696036641607694	0.24278361790521052	0.0009737495759848034	0.22026364156949624	0.5999236531393833
0.004954531719592302	0.17151586360852564	0.286211680225245	0.11394675119619666	0.2526557897498945
0.21783502647578715	0.14651174803381833	0.2358300592497765	0.19346077734645045	0.02869234274871762
0.6218044003108948	0.23919664429630624	0.6297638458778064	0.03576528623997608	0.16009426402608032
0.0180891292905189	1.0	1.0	0.6126087932593741	0.5829763331447094
0.09536771717772012	0.04554705146734201	0.23086674082500322	0.6976721876303092	0.12746628338916782
0.8175536711731531	0.08398026623848558	0.19668019714931326	0.036495246978913536	0.20158027382740246
0.12299192089991251	0.26403704814818385	0.7851388403181004	0.23607367086857264	0.25793967611496776
0.03716961386571638	0.6730228641297741	0.13569009603187834	0.1553914114860019	0.02573283277664037
	0.345631855185537	0.14917979437432238	0.5297201941906062	0.8812621565820667
0.1273841567945458	0.1931571506732891	0.044144054294967934	0.6338822104301335	0.007159087704271577
0.3248673528762445	0.12198226442981192	0.4663981529452013	0.16398239726967195	0.003806325465651686
0.4608496389724412	0.3624455972937182	0.9165512121315168	0.3544963974647028	0.039307990206046806
0.1610591056592685	0.36076888067221574	0.3278285519950928	0.05210305205214038	0.13447189888279296
0.08280427633592957	1.0	0.25223110327687803	0.2832274976405268	0.33765782869946576
0.2907991583143257	1.0	0.07761649719604977	0.3405940781226063	0.11516157666101243
0.0747662855148929	0.28189072415001565	0.44825832937862625	0.09542029808169947	0.4689437868602801
0.5319271319483727	0.1491571614597746	0.1626632829836474	0.04864478878652629	0.319075032204292
0.2932805680924655	0.08656639129529524	0.07463730389217994	0.3745594295406763	0.07131300685362012
0.10432650650012606	0.17914302602078433	0.14401924252282344	0.0283451351088669	0.26469148923472985
0.027600680130186565	0.5330657088490768	0.29380033933993654	0.10704449292816431	0.8528719749890195
0.04959247066906874	0.14390336262467737	0.03038598646002222	0.01744028690026176	0.07669229998246717
0.21900347755453337	0.3377042653226326	0.07805721195017262	0.6681637533440473	0.09433432611757397
0.12665010973328716	0.3733685122294175	0.03676922336580567	0.05531669625614511	0.0481329837056587
	1.0	0.1871013861561674	0.07906909129238827	0.153060353971875
0.5196119916175226	0.29705645836709793	0.08318670094590978	0.6118350105822574	0.3354525336099775
0.7497459169619197	0.26551438940035815	0.047742394442988396	0.05522271486395209	0.22693588846469254
0.019147505480824906	0.01833580553846941	0.45520431895414487	0.07369685216601934	0.04276420204288493
1.0	0.38993713051542384	0.30678106375178243	0.42503903577445	0.3216482215870799
0.03557901149970678	0.07111681596296623	0.19967462838889352	0.920268033544303	0.148221786396053
0.0028233130129623495	0.08007847052752713	0.4056081412623942	0.3395209400196582	0.1671840400511553
0.09047121883111969	0.006196666345335983	0.028933953806205896	0.002381630704489097	0.031212158092654846
1.0	0.018488685277147737	0.27910520639474273	0.3367121166879813	0.361434645013686
0.26326616983027534	0.7654423093752816	0.04178537089815845	0.5230369635073984	1.0
0.3594912724219867	0.1842030948946148	0.06721993347779202	0.12240772757893569	0.26819259536154894
0.03945253883479973	0.3199450737671394	0.6879399062137405	0.743023178503104	0.04057320560030271
0.5227742735741994	0.220063336787241	0.9061686585437299	0.262830730960098	0.01337246001368572
0.021242381482286056	0.037260416630632606	0.17505596733244794	0.1582085845339012	0.3415809305647259
0.26090181424477304	0.42173660283632053	0.07037574874039758	0.49452691021713235	0.012618103283870849
1.0	0.06536175317600827	0.04652809881198398	0.07502748736349345	0.08284332238130533
0.029571811183547903	0.24424656068965567	0.780338154538037	0.15624850136190635	0.3483100308656001
0.05643885093718737	0.7478590309338723	0.018761328029746005	0.39142901566342014	0.12662257757997486
0.45296771230901606	0.577713443602995	0.07005248172047232	0.10975713446094547	0.35796557444486676
0.8821733838780906	0.27327833391579714	0.36004287711128463	0.13993511645308765	0.15956984645037203
0.3333876148529041	0.02614295449589413	0.005220165108650877	0.6039954109072652	0.045908369771345874
0.432972376210178	0.14170992476418678	0.2347183238172343	0.086026872571447	0.46894048351830336
0.5597977394367593	0.3437620359447772	0.25415426453003603	0.6664876605756648	0.19388680298735214
0.18011926053309849	0.23966006647684387	0.41571949857436175	0.28804816832687286	0.12869705753867028
0.13163724830950113	0.04958997734518873	0.23098822050474072	0.06015916290597302	0.1505575986843529
0.08630749049537102	0.11857419212669038	0.11315471981903581	0.1274678628299556	0.007695560728482176
0.19694448337199108	0.44893775508122563	0.4549073148702736	0.35413954814525306	0.011483782303330232
0.2760123616036246	0.0713849778928747	0.07268709715906835	0.22424018187130057	0.10902839107315734
0.20742220422470123	0.3310599802421453	0.09323150767391955	0.14521131973679344	0.23645183214312965
0.2748451623563483	1.0	0.7891737381674586	0.009858065463666011	0.18784712505534404
1.0	1.0	0.019845782809892323	0.10573695931342844	0.3384826716858309
0.3341990265606722	0.061319890626643385	0.12599511987977974	0.008041308864412552	1.0
0.15971405761469146	0.15963948572473752	0.07966966551517589	0.899978993928869	0.25555088393106185
0.29432013799419504	0.6266698014403721	0.6457721776381071	0.009586778462108564	0.4002471054720632
0.23706285085614948	0.4015318720139315	0.014417385395084768	0.18734492297772046	0.2712059410508046
0.40900659370843284	0.003960667797908349	0.06287902895966063	0.09061122074653526	0.2632459056146969
0.02840379658999549	0.0976820473246404	1.0	0.05111213373798319	0.09915605745661961
0.386115249230861	0.053635410441550964	0.21933694496637518	0.5682237566095918	0.044931680229672165
0.18670227336797213	0.22931369305798224	0.4708967581759444	0.4217056203017302	0.4991996541943905
0.46611901119900334	0.3318027597142879	0.7759524923262396	0.3407221135981261	0.003079881807302869
0.3375260030956502	0.09678529597389265	0.2530546139451287	0.0327569784848477	0.23288403297587074
0.12885042477210243	0.9526358370841688	0.4189971306780243	0.13851510424644684	0.07019397058371613
0.29943069829533003	0.03455456289786781	0.0955526841879144	0.12990764743439678	0.08719774572180332
0.3837875729356043	0.7716764166387085	0.394355705478371	0.19284993454628363	0.19497810144032232
0.721901836350594	0.04403923352528954	0.03571924089448745	0.05569280738577319	0.3054392433766726
0.692390448554209	0.1092083033901606	0.7821153160803901	0.0950301007074739	0.09191394810166044
	0.01223942600744507	0.05003940285288612	0.2496296162942433	0.3428237025155711
	0.8535688499823774	0.19370766677878087	0.2419657048356232	0.05256696952076374
0.2900988528041932	0.12955510766471645	0.3647288602937398	0.08503067057798054	0.5572323631315502
0.41719701747756893	0.9158743968862654	0.5594034191362667	0.03942562523095071	0.20129859394920416
0.11654128606513553	0.16424433391695487	0.16929646764103223	0.37774399900611993	0.36409472584097646
0.06864777243393508	0.24405572174259835	0.15712489722326128	0.09846479224526511	0.7690048034966658
0.040398599982902135	0.026006770371166426	0.20328862269097092	0.3149802946758186	0.8293456650337466
0.2980516516385857	0.6709773157773385	0.33436045073290166	1.0	0.0720197940579623
0.07305110042678435	0.06841059261823365	0.049979365145569804	0.007212316070959481	0.2305030696271123
0.9399102699697832	0.00385716272827611	0.1115956982437202	0.02214692628829238	0.808490613427176
0.03422349225030065	1.0	0.0570237156344996	0.027520329950333818	0.06327983100256819
0.0954720839834271	0.1882863288600786	0.042173720659747525	0.10865679773688383	0.5373615415263443
0.577567393248737	0.7690348978094304	0.2202361356202773	0.09710172867651883	0.0393254543805712
0.05164547488486306	0.05947745904157091	0.010162582697932859	0.019091242350235148	0.602235958656682
0.09742086971032822	0.02168617506531615	0.39000056543550077	0.8402398218625529	0.12427211012348381
0.24419984066221248	0.029875690456262538	0.6389899704144967	0.2405215652311561	0.4144982645877737
0.2896084336592355	0.7298674628052533	0.24036292294983364	0.1872807111346936	0.11657891852838931
0.16567042662873946	0.74714836863489	0.008182980456777504	0.0324216637159294	0.31833615104047785
0.09412779835655927	0.20405445649481668	0.24402078073741135	0.6617808040435927	0.07295518578081872
0.14790218077814593	0.38438700194668324	0.1177514322237993	0.705614790987565	0.10718412992749533
0.15344193355444696	0.19749009252689037	0.22327742092022607	0.8435382466438587	0.10803723183269902
0.21593917567914545	1.0	0.15725898436483035	1.0	0.18994654205487108
0.15240203720643847	0.42343832937439474	0.33378215625341	0.10359398482155842	0.009756072605684368
0.14800578570745182	0.06889143210455834	0.4847318775845468	0.012176857847799873	0.4534961000920087
	0.06622519986876207	0.29083426844999644	0.03491660404491113	0.04532784216768655
0.011256992679673587	0.12012227421140047	0.033126138849930264	0.1397929639412181	0.051757341760001546
0.2527708600650159	0.17572394315532303	0.3868040080151298	0.07572984585845603	0.3472893237356813
0.08901313467526106	0.5113332169269755	0.14370777632811985	1.0	0.07001719410952668
1.0	0.2453245760302432	0.7464593000081012	0.27284041462069464	0.34029584870161883
0.4369270287331242	0.09828734176776562	0.7168440510249156	0.2633006724002343	0.4862033622230969
0.18041290461425435	0.8404051592971441	0.3287606990061716	0.303835779146134	0.1884957687872914
0.1741577750229397	0.023122055774933637	0.9481496563262245	0.045200415822810674	0.10938105861660788
0.16403888157104346	0.11539103083484903	0.3795687159664654	0.393765766116109	0.041070110031209306
0.21849901519694254	0.019174562570022646	0.12000065664084847	0.6154031793635495	0.4564911496188998
0.09927439316332098	0.11815248383754766	0.8600611999690086	0.22102254601139587	0.31009804597890717
	0.5737460698303459	0.6524931488441256	0.3679141034856539	0.041566127498084394
0.20969908877850071	0.7142424637403074	0.1969392343992098	0.5897398304288747	0.06784318589806443
0.14202004222842868	0.031801806153530274	0.03911895306677017	0.044248594505082964	0.12307720981510138
0.10144158795057188	0.6621584376529092	0.21648645428058522	0.29335575734726754	0.118444838232448
0.5299381394680327	0.43839825980153896	0.14477807983505325	0.002162268379672512	0.3363019048874118
0.42681954495192703	0.6345394889206457	0.4410115827061893	0.08632602425288678	0.3544239431919492
0.07983262344543972	0.5270167914107333	0.7935156379747567	0.12799681908053168	0.1257404985548553
1.0	0.09105865015115748	0.5961798159916966	0.1308184495425171	0.19443990912353712
0.056073957652757946	0.06631342519560907	0.014914057424219217	0.06765962365878453	0.8715534029039548
0.023651352230926122	0.24701392617238124	0.07558715604186203	0.39489327723665285	0.15568335522168172
0.07801596342453859	0.01637593929359165	0.16161451128548013	0.366838865406161	0.12605821085563182
0.1923509078368306	0.13518548524597357	0.5107003935342934	0.35373680328087764	0.656825214551964
0.14870429868478605	0.054324677653637174	0.038510260676544165	0.41229516084054546	1.0
0.6873066017977677	0.014717296414203222	0.2512066967515269	0.28477870249424997	0.19645588006120088
0.2737599599198072	0.2202168504218877	0.250518639936937	0.9232899208891113	0.16374072767434747
0.10232806535110117	0.09449947409877531	0.0950926837536165	0.2558603329179196	0.015557598862280246
0.291591934997699	0.38035253358755755	0.06652652701838543	0.4105723914030243	0.5100337083919273
	0.04559547045446842	0.06072804356889011	0.2663013996512624	0.4963494164705441
0.03268135519637754	0.4552053034981234	0.23936250850479648	0.4049657165145705	0.121894000278851
0.019809956778831156	0.04369304878063644	0.016105681256797972	0.6058649353981826	0.9243199178173818
0.05965549969749865	0.8343821788001485	0.842012838143299	0.11217560566416028	0.33730811860657983
0.566119276555686	0.14732248646392912	0.06331507385024912	0.8160833007336555	0.12383993006738911
0.29602376798069313	0.05177500514272427	1.0	0.1719007719930579	0.0790490580384573
0.21106458954118149	0.506673830336288	0.3370177604993134	0.14378661263936077	0.027002873934760047
0.005031454029970052	0.20273753254878646	0.14021093376028493	0.10777365824814653	0.3264722012140308
0.4146440466427931	0.241739222065671	0.34972389450401553	0.7038565734421067	0.37933641716578526
0.9135102638754652	0.19652710818062955	0.17786205877750103	0.9411311605191873	0.3099959966858182
0.24028045358856345	0.6218806928192832	0.06963591190937952	0.2138005692451894	0.05745602074289244
0.23884846860304415	0.3940663985864623	0.14720869808633297	0.16024790866852648	0.41524485294270563
0.16340689677875342	0.016815411068911403	0.021674427063584186	0.20119305734146534	0.6910841179223634
1.0	0.019206407985989705	0.2522199005269041	0.4143631959622465	0.4390620050542125
0.4427336163816296	0.4456994242375831	0.17337764901454084	0.11039806615718985	0.51991630017641
0.2065433265071949	0.7269166765453697	0.36554009456577496	0.24393251251815073	0.043997352314660794
0.0428539461017278	0.2041199411465202	0.3279558865739754	1.0	0.3340216355225968
0.5642396180615944	0.18743605496469715	0.6739890633425424	0.13668741781967397	0.7253038112387161
0.2338637761404863	0.04875384515525679	0.16323621678799657	0.7505735930500327	0.05273282664608063
0.2195612043096	0.08161530629858373	0.1867338452128694	0.14458118687070742	0.03772872034787003
0.6903717589837509	0.02903459688258865	0.2782905990237589	0.4444551657795109	0.1744349840468134
0.49318915617043213	0.11663440131913641	0.00026524616289250934	0.6226531569142366	0.1614423161492032
0.016499960690284154	0.10640522237767927	0.0030839595995674597	0.23243829211092568	0.1837774364188418
	0.8763615703316634	0.3398649749089569	0.32825875903803287	0.0782246484904949
0.07887742994762988	0.08458655984428624	0.5679779833911106	1.0	0.2314551298546486
0.0038851893537348043	0.5016464123002078	0.044608516226246474	0.16107496029625928	0.4635550986503979
0.4497033587196006	0.060647227731215336	0.3554104386732134	0.7629877918730251	0.44080199040426393
0.004145083320199792	0.36312444057414495	0.8483056930079855	0.011088071219803203	0.032941883877895144
0.010958120359547458	0.01264343242463479	0.9029110179783283	0.16193939991972275	0.1269689681522827
0.35974211712492093	0.5284355569109085	0.43699846487155464	0.035904113760475	0.20696881900333425
0.28566142590736	0.11141442942460188	0.05459074155758076	1.0	0.23235217310485254
0.26090297976714344	0.5989935329653657	0.12285925976816944	0.06414631916555977	0.055048557748388606
0.04150380097309477	0.16193436812102607	0.0024962460628587518	0.00684524270325034	0.4491960074932746
0.9097181030103721	0.18416701075858882	0.19986677798344774	0.5155147225715443	0.18505376381071073
0.07585157372398206	0.350843603627471	0.286106663238318	0.01404552155386314	0.37844827307458173
0.04377683820969239	0.05347575457205491	0.0643447932090968	1.0	0.09728161755969443
	0.2343264928454723	0.23045435074864878	0.012283028659989969	0.33454900732773046
0.1358660872385743	0.01763828424267441	0.437069072749738	0.5556873495334991	1.0
0.44589202120936394	0.5716638909172909	0.1985211717128124	0.28975979245522565	0.5119264301931507
0.03396817861840136	0.2577437973316973	0.4345483325209651	0.4138203319678567	0.022922072410770596
0.6740672924967309	0.7025208027075248	0.16010383128096897	0.30961937682958873	0.2072347613578912
0.06087796043379423	0.3179116683374071	0.9638960363711713	0.3440011501463384	0.08990687323344068
0.2872386463701335	0.10394060775827438	0.5099318269654028	0.5260054964272848	0.185360471373183
0.14582043773944955	0.44454168822526113	0.11008851749200305	0.025341868317821384	0.04906205689925555
0.05364405123996533	0.05479463919320637	0.3020108888788388	0.18221747344260947	0.1050350380823661
0.7409825355910775	0.09279624577909372	0.22186771053693302	0.3335572675206628	0.00024109549133077894
0.2588970123077238	0.053077534766127234	0.2796727542447484	0.4463275287469293	0.7871408071848444
0.07390397654632752	0.08035466392515966	0.12055977886483306	0.07895698094970817	0.3003961604176007
0.031930282227268375	0.09755986331939347	0.005148606061472979	0.4469924636468691	0.10988650351397877
0.4715605633165363	0.4899191235180018	0.08644561489042105	0.5602956904782194	0.010591961966552424
0.4345758526914115	0.517819084184736	0.20877022013562038	0.39838767843514766	0.21959950514332446
0.2329327388139777	0.3970798667767508	0.04433850957870134	0.31179228468701686	0.36913389185283013
0.40780986753786835	0.5946830425784886	0.07804107369187042	0.12482962376534959	0.15887219041821432
0.11239303148188556	0.6478271511392824	0.16326849634538257	0.7332954468701594	0.048514113018296015
0.09554275664514382	0.9999917166448231	0.02709163497805964	0.02731291960422561	0.021920995822040126
0.05959541121868034	0.021151642179506047	0.23728107557985767	0.23657484879730944	0.3116868938299186
0.211559153202346	0.048259859282354815	0.4336597224056808	0.3825165394201401	0.06550061260166226
0.35381643082602743	0.38533006253638047	0.1714572466590521	0.8515908932624933	0.40569922054408813
0.4896155477762549	0.23475127549470942	0.15364051069384393	0.11667730273717955	0.47073574843250254
0.2703574429395847	0.9109575443468274	0.7671411292242326	0.32682090146451653	0.10577394565371565
0.08108834477113462	0.011085959752708449	0.18919418182481842	0.1564997393059331	0.06794523904003408
0.15279333120152744	0.16759273077657583	0.37924565535799454	0.08862880569457687	0.05494073296505272
0.08476047905694317	0.9378072125519437	0.18435061564878283	0.18583262226592934	0.05304037179250312
0.005390428009394284	0.016581421838005986	0.05099444229042186	0.33716099855559556	0.06063092240112808
	0.04519095788223002	0.15139418710697314	0.06519943611182441	0.01688406925012525
0.23998072432441322	0.1535326496524727	0.21930585685460818	0.8706382590226788	0.12088052136487766
0.7291250446593504	0.301161253708702	0.6666044777603264	0.27302151763887794	0.1726728244354203
0.26718438557956553	0.08059708563580875	0.001800900528000315	0.052061891576394195	0.4215742626697985
0.654842698650618	0.3143960050396933	0.6280692997374205	0.19733609510701602	0.18148284817171031
0.049446608397871544	0.47762585669391877	0.3963488769533917	0.027772946642126064	0.5602566599521839
0.1351000988111129	0.05075686371337496	1.0	0.11069481889029402	0.04199342740549524
0.7557222457860149	0.10149449593793809	0.29091493821182357	0.17955393193778363	0.006848761725613801
0.40978982330948227	0.12393821624541226	0.2945468247872249	0.07360973858796947	0.9083460296502313
0.21968366642606704	0.0054095682388174415	0.05959496691379963	0.0704183964395585	0.4847936933342354
0.10802578141905318	0.09381482640327447	0.10385408049137916	0.3167497568180212	0.18051987146378357
0.8874291440745565	0.5833993351084985	0.5285068095095596	1.0	0.0658891647562447
0.7749875980769684	0.6908307591515133	0.2066292601100128	0.18097231716368026	0.31651993447120896
0.2106562893692225	0.014856333939210991	0.035466169131579135	1.0	0.3694447065671282
0.21597806670810105	0.15900758175684845	0.15031517940033226	0.1545711252051196	0.7329743459286507
0.008859359015120909	0.11472022856793708	0.2812098238505907	0.12115163119811223	0.4983846937780859
0.66099249275586	0.3396274179139693	0.011857034432317044	0.14270966941283666	0.14657429947235256
0.42551362676888266	0.10642443050132581	0.04424627690955065	0.2171254108322278	0.8264426967519551
0.29352407814245535	0.10919801699708188	1.0	0.2597680361022093	0.05670758559608423
	0.22126455302264592	0.026235782749085144	0.34393380018832526	0.22782141827895455
0.06701130481050957	0.29462223665341836	0.04209101740656418	0.049493585149039517	0.29550514944437456
0.3668204019114156	0.1324878997469686	0.5134767133935035	0.015390113402918747	0.003971908249681858
0.12092766814817003	0.025893198806616263	0.653190702799188	1.0	0.4009241283960088
	0.559451096287202	0.014619666793217837	0.5012044632614727	0.2732718543856042
0.34444530846714916	1.0	0.09011393121713492	0.11861791309233324	0.13391765884786622
0.12806194067929969	0.7009859230825486	0.21633139026458445	0.44771357190961286	0.14352994191449178
0.1637107669872477	0.010741319466239936	0.08787808198373011	0.6828540177291657	0.2665444747764909
0.6271893893040691	0.010605225168319906	0.15530167202528175	0.12101347499886307	0.3835430056521186
0.2840356800077539	0.5220656391514099	0.09070500929598009	0.6649318463381847	0.3222152359200018
0.39247345322533905	0.10284111238049999	0.054363272179762015	0.13127957931833956	0.2909303775814567
0.09782362582830965	0.3986859854774687	0.06783296910707998	1.0	0.19103381794294416
0.4778450810870941	0.06392176191190944	0.05474430542249222	0.6604362019178656	0.12707671966655407
0.09157782565337622	0.15872551680989574	0.257220765996654	0.337874388820124	0.05014146351926435
0.1930894750942995	0.007325300281315594	1.0	0.051835178839764934	0.014312810001174178
0.12626791105913432	0.11949321351823874	0.7970726979046306	0.057357497553652104	0.39619339324480524
0.3418525935886731	0.033668550828633764	0.5500884948121705	0.18725829653971865	0.35744751702915334
0.015330505365176822	0.46737103612387765	0.044006961665686864	0.4148471025627451	0.05266391062652333
0.04609608852948907	0.03406434356198509	0.30603430007698534	0.6222941560386168	0.1290886104353079
0.0657497759651058	0.04956414900124818	0.35635900413590355	0.242487484748286	0.0863805495334122
0.31988846981989255	0.579702785565478	0.18230796211690808	0.0662178812248385	0.09304694227694998
0.020849462977813524	0.10227543304172482	0.6213945018417055	0.7432536185762084	0.11274501945048794
0.503332348924678	0.7955816900445727	0.06893743901321091	0.2707374137164196	0.23930470083708466
0.03652251357495343	0.23871711222331132	0.14893311769285256	0.18611237858471313	0.4814352334904154
0.023506490997204466	0.29711739938346593	0.08141503722653684	0.0031047970923636582	0.02986163663323014
0.0734849445242914	0.08604365996387128	0.2280763610923626	0.03242198668505371	0.6419582973876785
0.39680089244845773	0.1369372440331125	0.8200549170487836	0.22866990173282678	0.18075391668985988
0.25011852678954094	0.23992498067597312	0.4472140843363902	0.07562891973442296	0.2208120360314454
0.4767270624546107	0.19044555140235409	0.3932767986628769	0.09608290543193561	0.053382372709150354
0.007537321137040375	0.3876108653618675	0.25166467675357584	1.0	0.05602773634227719
0.013663743726741286	0.29905115472140886	0.7079823675179935	0.12074024443450361	0.2033075581121672
0.29922242928545095	0.8467371797618405	0.023511378908752777	0.27234528781378575	0.029853494222762608
0.6719972890010285	0.03935645311427041	0.3089805806663937	0.40688940045825267	0.012273970482726116
0.5289871745470097	0.10454885707939761	0.06812878181368566	1.0	0.19012081618229693
0.47849859876034034	0.40866218982216207	0.0034114185149748616	0.10641766929396715	0.09049419863735629
0.025541725479800794	0.0022037324971477795	0.9000123784201719	0.9935320898543034	0.2248971098447295
0.31966565216556037	0.5282388982728565	0.20214333354505634	0.44786652400571264	0.052447366507570384
0.4818035061027296	0.6744342886944609	0.03169663753664698	0.8081518460639733	0.1034471225260125
0.9555177383494211	0.04423004777491773	0.2472084219373841	0.8289961948776027	0.10789578620092272
0.03259014994455352	0.21834876924081553	1.0	0.5024289577947112	0.08405740898532314
0.3391132971396165	0.09590920420620462	1.0	0.034047485557145804	0.8804954114275364
0.6819873022480271	0.0007720407844989489	0.13102249842806252	0.8054639355017849	0.1844265339766856
0.19552560221560858	0.09519959304497816	0.21107227488925548	0.2736564696174321	0.010845713265163426
0.39292906115932613	0.7690981531955675	0.19371123452637726	0.11695399949404924	0.04792731990177238
0.0883349813467122	0.005636646194106078	0.8234964548190813	0.01697291895929642	0.2743205120004013
0.033122385903688344	0.06413075744021189	0.2702613192639833	0.6982716071056835	0.3017907104564185
0.15930600022153366	0.08308323152532258	0.3182192426408557	0.07466821468389113	0.39972713578771907
0.11776818765869385	0.39739858099663905	0.31032488277365766	0.32784682531798637	0.04363522618251689
0.10139448402639732	0.020090647099671507	0.44785738209205056	0.3719266696497476	0.42417427171548
	0.2361253226843488	0.5930507571290944	0.19495740385614288	0.6432501269476022
0.11878341044698564	0.1435057139894191	0.0909246079955101	0.2334267406003976	0.23112627195660956
0.24535091866608144	0.44462014225985536	0.1677871514749302	0.4545727236907198	0.4143813334993382
0.15295211103493175	0.36460282716591713	0.11475241401006375	0.5005913732114515	0.20105544213481982
0.27883696173469236	0.5729944787109732	0.12371794564672588	0.294211237696879	0.05952966544516136
0.6677218430622566	0.05704070813425057	0.012497017600907614	0.15638390202978092	0.000743669749078999
	0.3401891865405368	0.44750973044231906	0.44346341750273427	0.3945722468056861
0.16091664053503188	0.2787255352913693	0.2644449453306718	0.15822038307715294	0.3676983560186371
0.07346480960092477	0.030507274078048097	0.10351598537875462	0.5812571706634813	0.0029584486496021206
	0.05401529261119298	0.46218433520867763	0.42986469991224513	0.48037593977312937
0.3662555904691089	0.2857108714133407	0.05610586534232647	0.10003336653682705	0.102897242609993
0.12835512330267285	0.14625546062806505	0.09844835099783085	0.9483034632495907	0.5500837851676408
0.33838501477715516	0.16745260198404197	0.012579456341728567	0.6634616204155256	1.0
0.48361047683488756	0.0322351438402473	0.48765607518395415	0.3110358422721164	0.17320716737835545
0.8150126448429349	0.6020778513409195	0.14689132293622398	0.5941411791689899	0.13659996640336128
0.13791034683744413	0.10708938583662704	0.2401238500396391	0.20939907557739929	0.06749205523761682
1.0	0.3395051298203211	0.22896336528547048	0.687383861799607	0.11017411651362666
0.038004074762010794	0.10591227087962818	0.0948578553740233	0.18835059294932952	0.049435415662345265
0.27362556157913204	0.16572687786238188	0.04306076335462908	0.37607415963827684	0.5278724214339642
0.07909541743021832	0.2677631697958476	0.12718077687262413	0.2256544785366847	0.029201567555030034
0.06476321894092045	0.2517508287243325	1.0	0.11403924031607282	0.8458835691296555
0.4872323949798426	0.14816308979939394	0.00756558959753185	0.34767065046446305	0.3927219564982178
0.5038529566093265	0.12610128156993927	0.2770372641838947	0.18930501748656084	0.06721176952367036
0.43739500765275235	0.3097425486973484	0.17855796782987488	0.24436722521717003	0.5685533950197713
0.006961879828275034	0.1475905853035093	0.37322856687749967	0.12762447425342005	0.13726419301335827
0.028033566740985408	0.5508213176624815	0.09285097291186134	0.006280887603699641	0.16910084021952965
	0.2459633012091484	0.26544229131888136	0.7106745197533321	1.0
0.016841206936440922	0.0605530206759888	1.0	0.11468181738094575	0.5416454355832606
0.22116566096756227	0.259140167191006	0.03628526266795158	0.3189994946896121	0.0860568049059166
