X0	X1	X2	X3	X4
	0.954820372569912	0.8023797991169708	0.7765374076004085	0.9038172895984953
0.9256766202471263	0.125836763077825	0.2431833205777787	0.45266351412292727	0.52293592584279
0.6823028683607604	0.5529488604331801	0.008547797380522693	0.9909299965396603	0.703700620292861
0.282617238323692	0.4523352559393803	0.10805534631628833	0.185124000701416	0.39609388602159024
0.8685745143350605	0.26825952997156255	0.18448549172984086	0.971119421013361	0.10003291101315559
	0.9700022039699745	0.2994543043291642	0.7919949693734823	0.6775638326479164
0.8868265037156956	0.01560090725495955	0.26902110857231054	0.5706426803365539	0.8119983185905397
0.03288259681095529	0.8284470070363075	0.5969920903685128	0.7972200808958008	0.7075347150672021
0.13705737088315306	0.27249375590267855	0.8182361336873938	0.30434491632749394	0.5933500531104768
	0.9683658364384086	0.22464896723991767	0.6778018457762103	0.7692211909270833
0.017775625332565825	0.7337235231081422	0.48515974939955187	0.1349940450396968	0.7224765062408041
0.3962170563325301	0.3880754655938137	0.4347429218928426	0.3545707899502505	0.013070542084650305
0.8928789376958695	0.16265938306596373	0.4063605712513366	0.15323252423064526	0.7759751478224153
	0.9385842137315547	0.8517182677055872	0.6284086368303347	0.6308606209133842
0.49478954910886863	0.007821574425996514	0.027377931559801283	0.6724151558788615	0.4296691491746102
0.5279410348355383	0.6067162825299477	0.9810835629272963	0.971893060401744	0.2394846957215485
0.6605542245133478	0.7939443077788539	0.9414308637133212	0.6525092471273917	0.6887458410388192
0.9228134094747249	0.18347189626588378	0.3472248702692292	0.6341726293945811	0.5857985664544995
	0.936367054699815	0.11169558612453268	0.37548107133340225	0.28418762213808846
0.259265911747512	0.5366997901113071	0.7052152493688152	0.5645521290358523	0.6548196962991203
0.5664911397868745	0.6550498955652846	0.021022730357186825	0.045228442833029736	0.7988197576035654
0.9080209761038553	0.9271153761285323	0.4886563125572735	0.24649291271365414	0.044559005173700705
0.861569157928855	0.6321148444443625	0.9152909047826715	0.3201930395812057	0.6300096178411462
0.9135184493627895	0.9062178535351849	0.876893458994809	0.5967304083060386	0.6957050667759174
0.4803565794838076	0.07336986868369766	0.8194217808555397	0.8206449501252143	0.13472487697842994
0.28015802647147214	0.600817423894165	0.3749721490619068	0.3781389497146185	0.2375205481876842
0.5300413967631719	0.13815241559769853	0.01342696063624993	0.6464387065047661	0.29155938350409805
0.5585216790414026	0.5054474379290037	0.2583663484670392	0.7131586800879606	0.3353300686726294
0.7280403652272562	0.899258173125304	0.9522340410755448	0.14012182580634802	0.9465463387444139
0.35010069719861714	0.6628517340003509	0.15522699007780472	0.9041475045584934	0.4669704123822669
0.524746343644497	0.7100581905517901	0.42689830901016623	0.43179283270122093	0.9727068960190374
0.5743239199838112	0.8328901823787798	0.055213794546918105	0.3974189806717394	0.9073668443134828
0.3524891066968806	0.5222470622269955	0.14525364647696015	0.9561167087601123	0.1211019892598838
0.12016322720631312	0.6886904092805003	0.14556711752339468	0.6338588113980362	0.5968847339289041
0.49467895376088267	0.7772742045864528	0.4350755048077525	0.6134924256324369	0.7884931190172108
0.5711799851652674	0.3575683769052045	0.14042164121794753	0.9871956981747703	0.965157206800042
	0.9626900316609571	0.9709796644629034	0.556910509611509	0.8337993740724043
	0.9811190174276493	0.883234899550991	0.8671124064399384	0.1441557372091512
0.1196530281445275	0.24624990287041204	0.823160266955986	0.729145346941662	0.01137488098592998
0.7779773350839769	0.6156836233407293	0.5671417024901529	0.10230618811188985	0.6974217788758439
0.32560323695594207	0.7455729394628664	0.15901611445927066	0.6227592070661284	0.0999592598978557
0.8510139270802053	0.4265270098921573	0.1530699409759404	0.6846912259349822	0.18303895257740277
0.9083737391144993	0.6012958411882907	0.3133384762785484	0.7341076382365194	0.26322200984838584
0.7589363801797105	0.1557507078087479	0.1487780818431077	0.2638492512932874	0.22757003951577137
0.34117821053613384	0.5971760239518483	0.8442602082984991	0.5886806592604623	0.6945803428732988
0.8471419652033758	0.04028180508684576	0.6716397334177355	0.9962588607355457	0.6111441899022809
0.9890335873500701	0.8664774270471148	0.25949400535107414	0.6376991546953671	0.012733833013383267
0.8680792058692485	0.21796512467041873	0.8463024010271348	0.1283637304246119	0.04852479678863264
0.3500810293343123	0.6360272235369389	0.3173219431166885	0.8059782823872318	0.8980271491478992
0.8468875453645536	0.44882180750567413	0.6874356171644834	0.4873803314919861	0.3729905857770385
0.2469161477371986	0.25603475061843495	0.538278099005812	0.016741373270327986	0.9035796634615877
0.752976353526491	0.8879095807894057	0.14345816601928185	0.5094802632875681	0.7870076837072753
0.17985743033735757	0.5702979566724207	0.0348425287905082	0.5362176705694164	0.38278368266723595
0.5540292554619848	0.5820250776731622	0.803248589274484	0.5432284635829474	0.7514563601330615
0.0026448801976611813	0.9274394680716401	0.6704393968860888	0.7584165272669371	0.8215035848172674
0.9176052618738947	0.06161843521489607	0.6341906335052712	0.7008067838743735	0.11955178944544254
0.39514852847102055	0.8499810185822415	0.03590635786904506	0.5167371858727974	0.2305743461549702
0.8548725036805082	0.7195813624521008	0.008025830541746104	0.7891505937517469	0.8117120158454547
0.2838269562125232	0.1652727152121679	0.1990193750820699	0.16170718432868125	0.6083310143911449
	0.9927753501558855	0.8738003907112397	0.21830645703071438	0.7723662023509934
0.474838958515746	0.6038601602619108	0.1233584103549289	0.2588942188127905	0.6479340941591514
0.5854702189363442	0.5538000255848196	0.5258109422280475	0.1581822308130585	0.8390805593169213
0.7903168144871469	0.375119484371939	0.4162657514461905	0.34235287611925913	0.3896487051029899
0.3861019889972285	0.6432650789451837	0.040664659247186874	0.3155839866170038	0.734488180601507
0.041258100044914814	0.3872759375395818	0.9609629189370257	0.5667142506132046	0.49737948126731035
0.5622114095388558	0.9199770170486415	0.17086925655120977	0.6063138668131478	0.15840140282247517
0.5429645499989753	0.3129153201046302	0.6653526741871192	0.09108500424281629	0.9696621607244107
0.664471589816449	0.2162844145722167	0.6250826848477269	0.8342126248496332	0.15706581238986872
0.42901149927575877	0.6003441627471462	0.3310059089269367	0.828452040993049	0.6433020815077921
0.7854325612920646	0.5273318298270533	0.17337077758758657	0.5810974590754673	0.10071041803475478
0.21780524118441635	0.6874846198521952	0.28242452178438504	0.11870040444991836	0.8585414808954588
	0.9695247143104879	0.13620713201019352	0.591767598230666	0.7415575236647034
0.41883594255126366	0.3777962730945672	0.17734768598096518	0.15248799437584126	0.2047981913632475
0.020750491628099055	0.4509042480150356	0.6346551985248365	0.5384524583233321	0.9233785372501111
0.10596281070831204	0.7552298737780775	0.952529031923637	0.8418849517407403	0.3279418353049135
0.10616719682061626	0.46463513402452805	0.18169559630807486	0.42159757006569254	0.38204655821011535
0.31936077033541754	0.2023278912776123	0.48720163075014744	0.28122008133280607	0.3957357605595806
0.5717265423359753	0.15774490900025773	0.8488163544645783	0.3442149835946555	0.8796688291495213
0.874826449223478	0.11222189395672721	0.33238722631745155	0.9955268035772368	0.09778597836977254
0.07212178400407243	0.909820328621413	0.4559399255680535	0.15942244148523932	0.3921776772078941
0.4072130607180183	0.6254000465357662	0.6886531296340452	0.058375823055660025	0.29957748894218694
	0.9403963508140156	0.6755715700771694	0.8814671452893859	0.17221125138174798
0.35839052619868395	0.6378636113912556	0.06034861767619171	0.6538309723085762	0.08558134409714191
0.09624360103184593	0.017185160660922794	0.18510696077381616	0.05900035933658132	0.23057210343311474
0.07665969882839063	0.23816509591159762	0.6263198728013358	0.29791072389595774	0.9176454500132936
0.3368098316593777	0.5393903770780776	0.6734729200947389	0.5511264762430634	0.6743150781873882
	0.9561802030168121	0.11407078676471338	0.09412679441014149	0.9225943680077872
0.3783470448320514	0.8802681924352355	0.5791859681592618	0.7304774503228328	0.808998967593502
0.7709613536296162	0.7678801504591418	0.673227269944574	0.7596952235045442	0.3560730082372404
0.577800883386159	0.8981005766569939	0.9745608068835242	0.18120344969254498	0.4990583128271736
0.6134519561395738	0.9295969241532334	0.31691239045341	0.39021736829717124	0.20184390612575398
0.9861763827318593	0.3286482462507335	0.6187259613215927	0.8974756318111108	0.5882352563583015
0.5422897978627155	0.004251865895584794	0.4789970955817435	0.11084764084517418	0.7630759356424323
0.1184180575811068	0.43331115778828444	0.42547450900582195	0.3011464533071566	0.4840538233235966
0.5651560742376806	0.711362530658834	0.028879470776855154	0.6930625874363467	0.11912322380880669
0.9607607681589949	0.16067096787383817	0.43093079139742907	0.7005679380439072	0.9480978755636348
	0.9989110408299682	0.8274623950541772	0.11857097595641342	0.5467562259501435
0.03344921663217304	0.3429812501269218	0.9974862537235976	0.8560428299544979	0.5762340366169714
0.6854714734271734	0.44429547787678003	0.5088273165355036	0.9385716888496526	0.444198110361386
	0.9770601627663473	0.26858259235981896	0.017787698600339685	0.5466897989766648
0.8576893929314185	0.3936400982758781	0.3631318127002501	0.4196048549607315	0.021383867715174643
0.09186119161935624	0.6313655089160225	0.38635814682711855	0.7969485882083072	0.7128048003770944
0.7452430166718726	0.6618098385289778	0.08351376185941439	0.3301762018320161	0.44567911714537356
0.8621361902927808	0.40375780911961323	0.04857896310771004	0.5025792848048339	0.169051936207537
	0.9714147369496613	0.709640808381169	0.7322606078451491	0.38179985180039655
0.04998157532237102	0.49200786220460613	0.23915441535482773	0.1524545968259583	0.272965971498935
0.30296179282979896	0.8712456809916767	0.37619415267502376	0.46702947665063643	0.6155009383169004
0.3601303798966087	0.7005554323711598	0.3297774553035808	0.927041936042127	0.34527140430548986
0.06588884259237893	0.5504698607011478	0.30880000257123097	0.23585371018435752	0.2914640828904691
0.17092373355551194	0.7093923951813644	0.14251474402041708	0.837637582155974	0.09218850883282836
0.6012382570189004	0.08915722273403204	0.6177817501097388	0.47985933014681015	0.8642565126061065
0.08038466258425214	0.34637307929940686	0.4641050913501171	0.6140593602255455	0.6479482939641569
0.6349443351582859	0.05559474915405993	0.5583142678821483	0.8248423312124784	0.5506368394463023
	0.9627045096241866	0.6982377425688483	0.1476966062405255	0.9071735511950284
0.0741399659312647	0.15409632444464583	0.6312293747134805	0.03591833144885814	0.39498659223355714
0.9969131201904419	0.7223308468789703	0.1549017481114241	0.7162959703296766	0.6215024754819501
0.7473317583992798	0.7382267015220123	0.9851499833775803	0.7943262040055613	0.17512370734841276
0.07120695124043963	0.42951849370467565	0.9271219937444566	0.9349402658526413	0.7532805437188661
	0.9504066089816016	0.48391448586560526	0.36060871379738	0.19437339386664
0.3178359763981605	0.40589775174695386	0.9919234317737531	0.05558388555138405	0.7119624418467182
0.04481925557427391	0.7102774564538473	0.8079940074431596	0.19613674265579573	0.2873908909127213
0.27022161747173545	0.6321751194716373	0.23071846962587983	0.8764909037263846	0.7735549599808684
0.9735546878392177	0.2852780779973103	0.47900443447457697	0.3996912804173657	0.8061196106808327
0.5293330555532686	0.5065354494304561	0.31999912492204097	0.27498691859595625	0.42621153926243927
0.19792802884522498	0.03505503746868888	0.9006831980420394	0.894619078002272	0.00127054648092495
0.7960266706523024	0.6552726372309492	0.256619138238394	0.6929228977809222	0.3579168780994021
0.49931204273039975	0.25729905687566224	0.5035876763539041	0.6483698841637774	0.461072610468511
0.02457932286019593	0.5190909860814636	0.11410479078993385	0.13953820081765123	0.718058195183229
0.48667959508115455	0.19610015730287833	0.6301138980189921	0.7109982084287252	0.19130201932922886
0.7253383183020049	0.04414781892215247	0.22785926996123707	0.29628154090113357	0.837806058744368
0.5255892784567434	0.35474425415176236	0.17408554119305641	0.5923310258901924	0.4991575919996619
0.10432721496227304	0.34688466293130016	0.8641118291050478	0.509696300737545	0.5613085149304323
0.8877097869772623	0.9175286785004632	0.1794920526776952	0.8687343258008966	0.695897312737628
0.7477046934230379	0.816581452157829	0.3510364723278562	0.46601246049211076	0.3838033807976615
0.6584769935183227	0.12573364116962615	0.13914769323541254	0.9342187140348233	0.07383420515048211
0.016122797963150193	0.5774491585775732	0.13265079722818018	0.6475999347343853	0.708299312438277
0.48134982218860867	0.7251737320289198	0.9651682799085571	0.11836129583208788	0.001221712777424
0.9278651639784941	0.4790340778475204	0.33289902597965715	0.31745050475755165	0.655067665556858
0.1955011944642877	0.581325531031159	0.3561254146655126	0.4466096486614918	0.1471167855338561
0.3779951589167888	0.8375768180063776	0.22356550948689147	0.8491974612033868	0.20043902325631724
0.7953836530706011	0.646381697315835	0.7240393489684819	0.5024653408380091	0.8370160748716803
0.6970633858827305	0.42660222964931893	0.5386148186942443	0.8600453880513722	0.77021419948099
0.4346245453688703	0.06243329689628663	0.4443873385762105	0.2581746036419552	0.10898457468386447
0.4584370345208515	0.32166022087887414	0.8899158448952487	0.33099651753552095	0.6188800528302578
0.33469495169373265	0.02145138540464475	0.8599481930451895	0.7502960770844052	0.1164368881189709
0.9626899308435524	0.5524380420394734	0.9284483606594417	0.9075767418406486	0.698616882237577
0.4371821266474465	0.8109842801238253	0.7238650094119672	0.7870249226095409	0.03665601603840274
0.8643763965353779	0.8474934692892659	0.5864755666285419	0.4511911260452999	0.7146570844513562
0.22643577820190652	0.4372019777944439	0.4309537777473613	0.711013886215752	0.37956417162744926
0.6491956648817627	0.5224210113189016	0.7131376520340724	0.1874366680307774	0.36124939917796295
0.8283070277390235	0.20251700158256514	0.33122862794312946	0.41059405585818765	0.9181845603018342
0.9859513706537437	0.3031345057402748	0.33873483345505284	0.42305609082944795	0.10540982041666558
0.3229444242696743	0.5552260936486648	0.7043117682841129	0.7175231129893037	0.24950993904570717
0.8513653713663578	0.6277412011443161	0.9446065875307945	0.4234905656062048	0.695542902266939
0.4644857363485678	0.44384221723313133	0.7896247824106403	0.08976846514035619	0.42214139727564715
0.26086130545212005	0.2723824955096503	0.12290359640014037	0.2194299096605632	0.2609964802907213
0.17906254977145386	0.8675677848309244	0.3235272710422228	0.25169977806832455	0.6717510953100978
0.8898207122235721	0.6943756924775614	0.1901998461351765	0.5094145152975313	0.8608621670237249
0.6642732053923894	0.7184806837079938	0.9227569337020907	0.621295372595775	0.04849711312227867
0.9783296950041546	0.6705088008511585	0.8294889203807563	0.17080812842109683	0.025397571833406074
0.12869392100783827	0.6497823018115526	0.4691740684936786	0.17627813243606205	0.9034084649581929
0.05396559340219054	0.2819594914776866	0.8912204517986823	0.34340560834806555	0.28716064290632526
0.8718372129001489	0.1492631823950621	0.15853564303903578	0.16646266312151226	0.34910743015815515
0.4135363008485984	0.46277653648293005	0.8117843536240904	0.7778101763222587	0.8108755403144842
	0.9375943239137202	0.5706126481958871	0.009830177815965069	0.45302305200301785
0.21497523538621344	0.632347014886878	0.5154997960104165	0.38464523628730973	0.5728845306151643
0.09164541439412599	0.9004373739591371	0.5726871771602201	0.8812478704401819	0.328968417607001
0.8672412346768241	0.5281004595232985	0.6497269223522681	0.9508428711499086	0.6756470501201653
0.8924862350071867	0.8487100286694327	0.3463684221202362	0.7532088233093575	0.9071816065112415
	0.9418481074143246	0.6041292404444591	0.6995528081061544	0.8849506842617234
0.7107676225297993	0.04759863142221499	0.6516022744049926	0.420302554772209	0.31401915287890936
0.33400392370754084	0.20969822421165585	0.04216764719288979	0.6455773544729282	0.4947274124408574
0.9449334878006995	0.7260508270055055	0.9468761714259105	0.48988897626658445	0.8904710949211454
0.46358372575808116	0.30857137801189494	0.7016463344715905	0.19645463983139488	0.10498342047001608
0.9346092750777786	0.8466361214819242	0.799190130148449	0.40292432970664416	0.8082789305681071
0.1390754101834032	0.5139332453409047	0.6501145909259921	0.17180567376750144	0.7973438762798198
0.24238747935825566	0.1646405461444339	0.47984486214377187	0.33289625773438136	0.7590187791611467
0.0934646267650997	0.4501645936468498	0.7733060956111659	0.5414947262107077	0.3654622348812242
0.5988543505691601	0.7121537738530435	0.2987448066517352	0.534906213220093	0.2763044137855568
	0.9425245286604004	0.487213629583619	0.8785388001952853	0.8663105045299704
0.20449104021701336	0.07288597799455665	0.8000113339377796	0.940858848903166	0.9534849332811097
0.05751460800428143	0.5153520300601848	0.7137800056997166	0.7437797619539979	0.39103459690348563
0.6980013122355785	0.5365963015894812	0.5407553886042857	0.05481058239920511	0.2826730202161357
0.17082052290345418	0.16452917264764655	0.25306656751131906	0.09900214996803758	0.3645658221088597
0.08150125996838908	0.3522497825874229	0.15378712692047136	0.9278655444078956	0.543674767379312
0.259144778744164	0.1141492448538376	0.6164768642963576	0.37309743603232826	0.6632049741648525
0.3258643895263901	0.8030523720748602	0.6156608653258178	0.662850491849246	0.17993042474780463
0.7464884628262031	0.7810028561459147	0.29894614988447976	0.5377760302795674	0.042752803932320615
0.9900099906790013	0.21302166670243805	0.9519227428725928	0.012106158429505576	0.4681636310820634
0.4926245627746034	0.2465752669796324	0.9774833359287026	0.35943485759186167	0.766124078060877
0.27592030970874004	0.1582164587193513	0.5651180269268444	0.7404063434969841	0.8555478983801171
0.9796791686411649	0.6948603816727738	0.06079708124428229	0.048244196453907984	0.9120986047134779
0.7410937059471021	0.09440742745894304	0.5099201814182261	0.9008471486179479	0.08880713522790673
0.14811070315592245	0.0152531075829907	0.17349297472138847	0.23096161515401537	0.22198873022812382
0.8994582627086146	0.32538152826946687	0.48716420970657937	0.7567442654497385	0.5239129561004193
0.6217409986924356	0.5504284766062597	0.0860500775888623	0.49104770276675	0.618234238354282
0.9558417909479496	0.6418983996499408	0.4046923291401726	0.6204189666420544	0.3845255274284003
0.973015709002563	0.6690692583052019	0.606546740056275	0.08459223915472969	0.05799505280452766
0.1942644492738057	0.6278124471773211	0.8515797209055301	0.7452212880938177	0.7273313719142703
0.44997520407731106	0.8208800977932528	0.5488208427824142	0.9860972571361261	0.7783525619841728
0.3335672924375678	0.6044326158780747	0.5340985829869811	0.2365944366966901	0.18539528081664802
0.25848037056226336	0.6089116132371981	0.7165443554052056	0.38732835940710153	0.36393857267261487
0.6836232485880649	0.15087270857390578	0.25118260282667937	0.4648247746476093	0.9119389933119147
0.03426588420307064	0.5799881390104267	0.6468314512794856	0.5076663630081509	0.6959956850162998
0.7733483336215923	0.07916057641536833	0.4521155466819551	0.5816839478838397	0.06496492319263036
0.32171680976631745	0.16724905414432611	0.4768781815180373	0.04525955759587097	0.8993401501499818
0.8991481684259693	0.5922011616516383	0.6776725639534166	0.6037904155095989	0.22836820841283667
0.8167084022219374	0.9020819144501536	0.8734769218846681	0.21750377535102572	0.5833485491206103
	0.9366260102312458	0.1786033658420031	0.4419281198435282	0.6423479652262
0.653105485984129	0.6657982136898066	0.6938876872607608	0.6655350113859865	0.9170421571832692
0.048256398041210624	0.0013651397538655408	0.030578764106497736	0.23008651323500373	0.824519108678158
0.2415778511863096	0.8972856989859334	0.5507040880543298	0.07131522953027303	0.016060699596450068
0.2511821980260027	0.7761038736122423	0.6658208916862444	0.7907690390805906	0.4660964226645189
0.2661415332123098	0.6989764649492433	0.5478468754644259	0.9623740580542548	0.14663354209299917
0.6519663797930859	0.5038920630766638	0.9619201025005719	0.3206478710630498	0.005420447410639961
0.7154949110429922	0.5600441790580118	0.028981053632632148	0.8582726550652385	0.05890767062514812
0.3509893650386212	0.893004543956865	0.5216804194380745	0.09672405606953138	0.16412446217667542
0.8205688490799948	0.49116689835408545	0.6707037176535082	0.25393895971983127	0.8700007132669427
0.6395487703952387	0.4220993490194005	0.5781699586701147	0.1447182248408201	0.6146562297689121
0.07183231426842906	0.31230615110527515	0.23338396360415337	0.2457606156031078	0.9732203452252274
0.025725635285891668	0.46842749359742264	0.030295177459253364	0.849304007290271	0.6595264816536205
0.17650963025934596	0.23240111750080195	0.09476537069471924	0.36647792701760384	0.2914030582074122
0.9735840505933459	0.14760583630848378	0.7965605529069911	0.8389003825385261	0.7317643294404844
0.7031191393052908	0.6365940813328843	0.6180460816967115	0.08095394980093717	0.0863151478630726
0.9410299517095518	0.3873758489112561	0.03688041893868643	0.4905238908890094	0.478570070142757
0.9552994969564655	0.46340548811992066	0.8275606945380938	0.1969671842469044	0.2085506100475244
0.47255837862145167	0.18449990930984805	0.9698533611418481	0.05982362605474312	0.5505890667863735
0.6814767871725428	0.5193003748787357	0.26943359274525414	0.0682390247492839	0.3053902378897344
0.13778098030376018	0.6811725459149826	0.31238871894117315	0.15231427107872453	0.5414043211277012
0.5671375577195613	0.7457332562057883	0.07250708744895673	0.20442187689123925	0.3745426526472372
0.7066059446890404	0.4594693771877345	0.414833768516664	0.02242489104234724	0.6904332645974606
0.633109977433398	0.8935888599353599	0.7014594210054852	0.5337832380945077	0.5203888082335759
0.9036640543911058	0.1694401753530228	0.12893539031724244	0.6181068660051495	0.2716509714280896
0.5515137475109978	0.28578446490915055	0.9616333361674225	0.15043334305092249	0.8232299264567265
0.4276632117134538	0.5330997648594573	0.6138405562523862	0.47190266411293547	0.41855691512282656
0.44836309683746944	0.8903538765081128	0.7623701476811519	0.1785735528905682	0.5683839811492953
0.24809903092271757	0.12217263763926856	0.9574963130133972	0.9377992156227964	0.8972477145095306
0.7788818486257898	0.535499205827586	0.38390871795991866	0.3436096166702943	0.6606494346960482
	0.9432966695707309	0.7430966323455817	0.5558858349256344	0.1834967597561098
0.094765394739033	0.6598902411799642	0.5643376652840989	0.3884286191780023	0.7836776417488341
0.6370392783664216	0.9105586054590047	0.17765998156677243	0.908831507718569	0.3362144961271065
0.5330783987451049	0.05211865913577496	0.8233949768109299	0.0652818351786808	0.4264892553151671
0.13161030648381056	0.8339272562641942	0.8299611742005528	0.40940078716544526	0.8274344649124046
0.06705290682367193	0.17527519288260596	0.048622710247153145	0.4097677130070351	0.6140796017927521
0.8819685825516222	0.09154184143209487	0.41696779607114387	0.873328930828354	0.3112702527761474
0.900220582228998	0.35766152599880763	0.35872099287200965	0.21662708054852042	0.060980513533117064
0.47303001137125666	0.8123607117235414	0.6174621377712761	0.9206677429692219	0.8388658569573829
0.7565572457284425	0.5382427426594996	0.6895896835324322	0.3399067008249448	0.804725646922648
0.7922132653132026	0.7401504470127628	0.8870725415620363	0.4313389066181107	0.7662458529805887
0.06818607727006232	0.7130652056688731	0.8652010453247861	0.6648339616049395	0.7357985847847045
	0.9502972756473737	0.8828136203072399	0.4706071172706421	0.5001394385521011
0.6728589112205153	0.2797073379822931	0.7786564351739081	0.9963546904483473	0.10100957883439421
0.5932623886652741	0.35835634999289867	0.6458341210400377	0.3816945640448359	0.6657236609923031
0.5028750664433033	0.6920793395354071	0.43126752358954124	0.48666055088868443	0.4190008278517716
0.21843375387502428	0.8696862324963455	0.8186649466563825	0.3638984680809745	0.3983819029234349
0.15256500040979393	0.2050480161072753	0.848176532439054	0.6877124946548013	0.38897310997601897
0.9269374537513526	0.09262793449167028	0.9291905968201627	0.4284130092374313	0.25263079696225776
0.9007653700325108	0.09985551420540972	0.6915433165691959	0.9425832118572623	0.0815044456302213
0.012142007986597814	0.0498662525032455	0.9025125935826604	0.16046704539213374	0.7564414955148162
0.713857867916021	0.6121789408422112	0.6682007256036974	0.8673771221973171	0.36856588331271467
0.06669130403320744	0.13663099004891066	0.271951829315657	0.30429965339894716	0.07695107186698735
0.2850579122925718	0.39537681742187025	0.06905884123191419	0.6371831815725816	0.7065921551873597
0.8163132938082668	0.509333905508237	0.015314459380029732	0.7150919884466514	0.09451457275547992
0.6163436767900604	0.7386385679041912	0.45608809934662664	0.15927872496825968	0.8133938348187669
0.5793427615225215	0.10678523075192203	0.33272268825790574	0.33254906449674426	0.7206081021007947
	0.9760874871812993	0.9165948327026674	0.9753541324509949	0.948766153090493
0.8043266728569384	0.5234266584147612	0.6912002099074414	0.21115909902359786	0.46713260153174585
0.03966872828321244	0.2049590214495831	0.49494759586276293	0.5333020971044089	0.69809176712672
0.5893611102126712	0.03826319118247068	0.46431417742574255	0.7358550935552464	0.1907470881950296
0.42751627242276935	0.4541360707843851	0.6782924130686795	0.6942724745406633	0.8074885511565628
0.6409326557927495	0.4800954065702703	0.8761507174953379	0.22514063124427153	0.020029380832488397
0.8797342001102187	0.20054314860601663	0.35533118879086345	0.12921691411625968	0.29769120416522965
	0.9608518963798841	0.8012948458822412	0.44812405735330085	0.48507249080765524
0.24904074425930678	0.3443284703657573	0.7199965594348602	0.9730881570250143	0.7042815599326665
	0.9638142350242768	0.7260259946994858	0.24436114753871885	0.6797300908061984
0.6392965912799694	0.21493373363430246	0.6365133305705485	0.8981133050221236	0.609381796532928
0.3641739743108008	0.37532045696778316	0.3162750317634623	0.6153303654154029	0.6918121437399742
0.9909179456536582	0.06084211316860466	0.6568146624960434	0.09165354444104712	0.3344074111909018
0.35541334743979025	0.4836233920635208	0.26381483330708433	0.7136066235567134	0.8599755509054531
0.8202363136942135	0.4018870734065866	0.13545164684935396	0.6883087282264516	0.7170849957302838
0.8403655495147826	0.8208665389802561	0.14225200917799863	0.25723335495232524	0.3546589342991219
0.1182264314041448	0.9059066537531062	0.09201882584734189	0.25270135372332136	0.11495520197867581
0.9342892902722842	0.7167465185550267	0.5785356510336842	0.350229524959758	0.2489647844867795
0.9549622056533116	0.6786253262941209	0.0440235015148831	0.38846375002095423	0.00025448992690235706
0.6171995605942238	0.07814778237333264	0.4031884124866524	0.2963421062497773	0.03258689000819681
0.4189585340751135	0.4524871150210845	0.49259147750260446	0.3401808732726038	0.883853073599314
0.32705948878651137	0.872002845535956	0.9414365963960473	0.037793814090885336	0.45898744040823236
0.0405606019685365	0.06755997249327417	0.17901625833111612	0.5359192615314918	0.17328796946748626
0.8284807500115025	0.06853902381573596	0.02560010018857095	0.9527279685215595	0.40809206012569366
0.37538447053292223	0.16913975444425644	0.2696819395666544	0.13834110222637053	0.6685121664518139
0.7907689159120492	0.4934147903104007	0.35671770766028876	0.12828630225776982	0.8055794362957359
	0.9902386364447129	0.4445187600162087	0.5011753119900354	0.7422653844641239
0.04638399475190913	0.32544838036861357	0.3804620208215824	0.787181098260654	0.21357501132273338
0.5596143161495366	0.4295858568561134	0.12029312451819107	0.4622366091942979	0.5300330948704044
0.5640262521792739	0.2253899988448509	0.0009066661072014703	0.9012351474710774	0.6072329173504865
0.2110840991261952	0.5991285048909285	0.055651168294203135	0.4226011525810064	0.9705908008916538
0.28663186292523435	0.4622861595431791	0.12224368124981866	0.5912359226896231	0.33294401939138485
0.1262717323344501	0.02796395738951707	0.3727908100019516	0.6432432427494235	0.9988865027059312
0.2453314417853686	0.5730794603310363	0.43201980032048504	0.3233870702859508	0.504454096683702
0.7276282645672736	0.4781868762041612	0.45412522443437486	0.8178978567463601	0.774129932200912
0.28250680168558606	0.8587193921861407	0.6645737706175558	0.24613434566946546	0.46452568173294084
0.6647142381650688	0.5249914169287874	0.7675952434028774	0.41848702801633597	0.8270574221792506
0.7930141792740604	0.10390923739228597	0.7339086136732926	0.6506908167461024	0.043003119924003075
0.8709288264133054	0.46939461356493417	0.6510754151494181	0.9187394925550068	0.3639141158495124
0.6557789942554774	0.42831609247577296	0.7157844704817367	0.4472428937284295	0.5160583434596154
0.07260285561412883	0.2603878546683084	0.6103256557721399	0.5539720091622699	0.8928902603465142
0.6979617563368206	0.26832292777039224	0.46071982861108607	0.7745668451821744	0.6849596724438171
0.09786119955695982	0.8156794648824797	0.11286908389159822	0.0901095057025918	0.4866953926194948
0.994894818827853	0.12930730487643005	0.768294965311785	0.9263763346384098	0.13003418441999037
0.9681571431702651	0.695147973262525	0.5513065208252997	0.3073539257625717	0.27901777406889317
0.293094872319008	0.0001709442849777698	0.11184497278631456	0.8599898407045089	0.9228910567522004
0.17917872917079702	0.6368186530719726	0.08828841546838839	0.7588857815396307	0.6925940490431793
	0.9609482381091894	0.33132141660166625	0.8976272839762828	0.7380841972467407
0.5045035859062578	0.8578411949223393	0.04938697855981111	0.3134844944380627	0.37783640132523966
0.42167442133093214	0.679765253189564	0.1884454320585306	0.7840987412052661	0.4184639981383462
0.2298387258871103	0.277307224368754	0.7236861365521604	0.964826509743103	0.778845242065293
0.16681142532378113	0.11698335805710813	0.13587336047924192	0.9793219508657595	0.7888318879466035
0.9135856319235012	0.6943087296504621	0.3829665850600543	0.4963642726376186	0.12812362353124496
0.7344492407678124	0.5139765524294072	0.804478906775023	0.37956158465767353	0.7679781817675615
0.7624832976677651	0.9033626059429015	0.32997748388129455	0.7909815264778397	0.44544810656069356
0.7834196896009377	0.00858980695430489	0.8408014768070655	0.2849145229888004	0.7687945161786848
0.05889840812273894	0.343387238073953	0.23248632945732162	0.15890437768612342	0.0724887057688155
0.4391631022423562	0.47242391691696217	0.4247112755795839	0.46527581769031023	0.7178610833246106
0.9075965070084508	0.4333281558927661	0.7066909947801195	0.4785816229322625	0.03073201406149184
0.7137721057012785	0.6176453976904781	0.35911944543380403	0.8587393459925661	0.6857441727218513
0.7265466346763944	0.16640734761975895	0.3678525235921586	0.7726012657165039	0.6785264535815144
0.7242813074168493	0.18877644077419964	0.044480877202578206	0.8147135940445892	0.38539529448619725
0.8545854237334295	0.26907578343823246	0.6839529932159287	0.15993488735633488	0.24172220207833706
0.22901651716297178	0.7961410986054844	0.020518447903097314	0.7493458628254527	0.4048833793183729
0.057821900465131804	0.8565230050971147	0.2740058009169819	0.212610515970443	0.05094977266603484
0.5949441440737737	0.14862148552214205	0.23862655983394332	0.9239290062634536	0.4546495306095346
0.30464528386627954	0.6884013024592959	0.06506375933777897	0.9286676771275626	0.45158093712017566
0.7548323519533217	0.8173071052574821	0.24459517836077782	0.15982966237645035	0.779133702158454
0.6227221097165366	0.9073008356531159	0.4487327218350162	0.3516596458395197	0.6064368970438083
0.1763499198624804	0.7294053746954534	0.419713166565973	0.5477039558992933	0.3141014275026053
0.14901638324278121	0.24234588776628707	0.8389358973909372	0.009816375137183697	0.028491189688944263
0.44818989377165996	0.5107693228801804	0.5202167731838238	0.24946827494439539	0.23065108890026176
0.5264272312018415	0.7398397216619148	0.4556444973786772	0.34265410968859455	0.012571310969707539
0.03275965558985472	0.292520014871956	0.7909252133126855	0.3373496747185698	0.17291849106120094
0.5067363068155478	0.7839173141051188	0.039104432441812054	0.24151759233955417	0.9270283607460643
0.23153348292286113	0.812417658174295	0.6394683439202443	0.3129647092982214	0.6959927739665199
0.9026259016199877	0.9039613119334908	0.6480027225329605	0.6179249509348453	0.9321556151980673
0.03490991682007838	0.3838412029465683	0.3249042848869932	0.22512257254642032	0.6825705715905591
	0.9927188191140697	0.16713246281621574	0.04905112549004709	0.015580355283371983
0.12981090126509964	0.599437673556029	0.8727752677720636	0.6369031035876027	0.5217305309383485
0.6021077651095206	0.18310905352014217	0.1745551055138984	0.1118228505716925	0.5840107511145256
	0.9778934975999368	0.9194962061099611	0.23208018905229277	0.5264560181768929
0.6494764319922042	0.34053435588726055	0.8514810086190032	0.12443515153984985	0.22474167007359258
0.4528088272511094	0.5457855790216123	0.7005582540626502	0.5872791100777579	0.6630453008961613
0.38022381132545535	0.2921163908991018	0.2748410475090237	0.15493232568545345	0.4872625157521222
0.5403278879560651	0.4662566944439056	0.9807028716241427	0.0851003700640377	0.45072488826255497
0.24939999286023495	0.8101089246763503	0.7168024374662749	0.8020269608659667	0.13559395441096112
0.35870586981541286	0.4818972190674171	0.0057904274923302745	0.8431210125710606	0.9489804837955623
	0.969992559877287	0.5006249887954889	0.10382275182165268	0.23672694174779418
0.23154883914810986	0.1463894139578521	0.7831141631677173	0.17081550051578276	0.11999739564074385
0.9736050265928654	0.7451283926240245	0.26216848133025195	0.8136218443288421	0.7552563877794168
0.15447024744500348	0.8983918855447927	0.614970330327367	0.8229231475622522	0.17523288518899438
0.31485462656132635	0.8910975935151761	0.28247757942840224	0.23729012687164697	0.5148631606562741
0.3945329102641125	0.29230885385440963	0.3160846900339216	0.26256907369423166	0.15038425618392803
0.8159496824539869	0.6076172425041996	0.878176410998695	0.497156762437292	0.7888913364933657
0.21107863763538104	0.3843068157390198	0.5738263215000683	0.452960136003575	0.17224222061681171
0.7614566492967854	0.35028100486340796	0.3731689787091452	0.37292946340166155	0.3600770658692235
0.8587656771979354	0.14767494808554926	0.5671901940642143	0.4799877195834019	0.9040784001223796
0.28170766300861627	0.11887317767202032	0.5434951693225558	0.5082544478403687	0.08081695663269817
0.3386528430312483	0.40562292062832606	0.9548853803290631	0.1375713514566148	0.058940581379834156
0.17305711688872394	0.029434732560593035	0.17505549819082367	0.17531259340052385	0.2107324995223674
0.04715527695117383	0.22430995394530417	0.7512684032106156	0.6011223964012306	0.9871764106058193
0.10841394741011934	0.49524748973950583	0.9278405419836014	0.09612934359912895	0.20112611712338602
0.6644344966353886	0.03841611439099046	0.9453871390476094	0.6286076347960252	0.17476108933850287
0.36040805349997274	0.2196794543825913	0.6662460729121592	0.6919309318349167	0.787543176556939
0.3664048488878967	0.25070760786110324	0.013742407154563319	0.03094984744531526	0.10330650960916987
0.5857144438754308	0.7481374375131006	0.87989592737963	0.16963505511056032	0.5723329789773756
0.6854773807491235	0.3973891116751741	0.8390430172875845	0.32064536467409177	0.21441025235454825
0.3140705883291093	0.8138685464879896	0.7330724100259394	0.5649654998775558	0.9188346386959492
0.25262648434680757	0.6412006077140227	0.7897403963101544	0.13293325420674806	0.6005100661520434
0.9555282607437138	0.7597782099022101	0.19637716174043707	0.3819369984964689	0.16786846993030058
0.7370755319409851	0.6381523520447029	0.3053967034866186	0.895872938679008	0.5203029174038264
0.5382926059748165	0.4610130036440855	0.8174172191928717	0.5288541583752804	0.6417745905416664
0.9643904140882729	0.7981835787678931	0.5278168867614484	0.8532477911655522	0.7064923362995872
0.6318675322790254	0.5803257055245582	0.8303227079467139	0.854702964770019	0.6565533089751002
0.5887904550909678	0.8403565612390762	0.4276946485597629	0.43050210861245597	0.77858099595599
0.6824678995555509	0.6225264189176062	0.3018406814931167	0.20136455765407713	0.8900911547790182
0.532485717401812	0.5659306429196201	0.07803652937773031	0.11855074046751923	0.9781527864492562
0.0037985703692239303	0.43150305617349116	0.9984840881521795	0.5900999277939827	0.9493705243784832
0.5434175570030982	0.2995310182254012	0.8859166686725604	0.6100667806615283	0.6978658601456494
0.8205065307357733	0.8036937282153199	0.7146278565060122	0.10860481821686219	0.16701578208634427
0.16469202835902674	0.3839615572766719	0.9871514923232816	0.709573035586536	0.4918233939800105
0.13998366446961674	0.7989311853538755	0.7654271272761053	0.9583688825982725	0.22748323274204074
0.5613070739191347	0.3088575059020887	0.46062081123253507	0.4105793203675876	0.9639065950192426
0.004480206201351478	0.1254536557145678	0.6066018019680909	0.905574751886467	0.9358573054987686
0.16128306929368752	0.6303931299289963	0.05759076751252701	0.19588948929874384	0.2761720711451324
0.4443891589563015	0.812027709778252	0.9396893027772335	0.5889149862862699	0.5199396754110812
0.6949482946409904	0.4940611052062268	0.7544357042694595	0.9455896430367078	0.09509632105305754
0.031499490933440955	0.7341873809361525	0.7836177755014514	0.35341873355084286	0.7209356682673421
0.05284441259851669	0.9168821018875151	0.3603601768500163	0.2843473821362237	0.5966081863218661
0.41612264119860465	0.25116173564511435	0.8265675639933772	0.34950738362504963	0.015895214662221768
0.09001640241152498	0.4995202809156898	0.7106170908913659	0.6322363374173942	0.254348678738079
0.4927980648914404	0.2313926491855418	0.8720647625451534	0.18398113430546492	0.7327324833380693
0.6540534615433656	0.31717912895918987	0.286787719153459	0.15523422370971274	0.8298098807427404
0.3030403528378006	0.006329156873994046	0.18084716829096315	0.8006047877520325	0.5388737707076428
0.3860241625331787	0.31429086391334426	0.866807236797059	0.5712229332144864	0.6799429722127605
0.3770984697470362	0.33284486907650923	0.2499763872102051	0.3067003012470845	0.4781893648481369
	0.9354662171860127	0.604168178958114	0.3515300865631239	0.003420450764016203
0.8813853172995203	0.610174491787078	0.6120139894610068	0.9705517668688765	0.05525357542138143
0.09704303800668768	0.7841056459382801	0.665113916417415	0.8741702420469704	0.758006038041345
0.8640114629269275	0.8672164214322482	0.026219957319651876	0.38828901441174923	0.5113691915523791
0.41394154036915165	0.4391908889565651	0.5826778614393338	0.017609996888076518	0.6583934397439067
0.23244826977301614	0.8568437783611431	0.12226770192707181	0.3261673650665704	0.20919992693150735
0.25966557939616064	0.009537409537591968	0.7648138012509966	0.14919490289416015	0.9727260894595547
0.15166648307762398	0.7947125714139529	0.5092601274375368	0.28500852952513633	0.46506650053955423
0.5130035414754798	0.22273803527507252	0.9821440290870198	0.6583512239383635	0.07088672981077515
0.018787847214825626	0.5349440391955242	0.019660371034500912	0.3322615636674038	0.23655235798585095
	0.9460151724639781	0.8292401133578321	0.04667705194801686	0.21325202266070376
0.0580506198998747	0.29030158948768436	0.43510491499845405	0.8592298593420274	0.5014363721787681
0.7360389570735303	0.5445457658704604	0.6728697156688194	0.5736421092209743	0.137889025682022
0.5167963897106502	0.17330718362018382	0.19573860759667994	0.9435620356097878	0.5852426098602832
0.9199409686752846	0.12696832490885235	0.033288069573088275	0.4437209878825452	0.5697332014082883
0.5234439543340649	0.7536334127420578	0.6733323699714814	0.5814313181314459	0.6610046495932269
0.5873314583078105	0.02298457993321079	0.5405415020518595	0.6498635414486119	0.8630193362966816
0.7034054274215628	0.49503814160880544	0.12930381722428086	0.21649413156610642	0.601433040701114
0.5619423690376708	0.9058999064309439	0.8939572823602059	0.39903072267466666	0.9634090919394399
0.4939309349510922	0.4773904652804961	0.39144311038253277	0.6148310974365844	0.5803413656914553
0.028824967942498447	0.24546740901678932	0.526846183476238	0.8456970865517675	0.39403465677777527
0.17396311862161895	0.36566779113936576	0.3917800978020757	0.873755602311862	0.3133532519884974
0.3903637838529359	0.8379910660152595	0.40354719689603546	0.37009590625535804	0.8348885845706976
0.799059969634696	0.04387717603051666	0.29550578314239095	0.08731139479114092	0.5061222310211442
0.5064362312342574	0.12626083390018328	0.8865207783716527	0.10533080303509612	0.8747176223815407
0.6630704302218088	0.436206900251103	0.22269220794134004	0.9041231051194509	0.48648369451897266
0.5371850981968807	0.9125353951183591	0.500647076019647	0.9071016787878037	0.3987791273222304
0.017700734271768992	0.16672953346264308	0.6653240631987123	0.18646382927897287	0.698210843622467
0.13813577294425983	0.7904100431555992	0.2726445773778383	0.06014538075781506	0.3546171533329281
0.47758202860755095	0.5970687839097649	0.582148214336655	0.1797635016315896	0.5974138141952715
0.139837319524588	0.5743351470346578	0.9641636544455069	0.569879120277272	0.219970500035362
0.35656977634438036	0.5028888723356925	0.847755870925303	0.9091589684728766	0.06114728645925127
0.3983125421488791	0.6204340898385814	0.3107448534092101	0.6529591334377834	0.17591440303445527
0.2960186369056129	0.48851098057615594	0.5169825366776329	0.3276121245621013	0.05791200793238971
0.7600430774841408	0.35123180158670686	0.11787851181767195	0.846698385537253	0.007267546524707291
0.7563243683653551	0.3239136951298146	0.5629516193601605	0.9420192519760148	0.7225066942931306
0.22605443276230908	0.2925049944573608	0.6356925137411146	0.9171513846081507	0.24372096521006015
0.09539589311419705	0.48171385505516284	0.6291153528980503	0.8914017802390932	0.13672600110017974
0.64187915214871	0.5675192108945953	0.9586778696681612	0.8926211132944167	0.3947990392108889
0.71555765804524	0.2801258323882083	0.20533591420056674	0.5550846208970461	0.2551857423537609
0.20506035907886977	0.5344460701433916	0.2297688390780679	0.47580586387708024	0.37742480285844304
	0.9626296691622759	0.2612164765673185	0.02203412297805807	0.9991476879967325
0.7708950306238352	0.22824993641585922	0.9873301457044358	0.18654857605016795	0.6343540863436578
0.6904602524603685	0.7071332900136894	0.2800866783907905	0.9760969049691955	0.4934090792844035
0.8596855733394981	0.8943636470640859	0.9690533247146749	0.33559666707814084	0.047186748588416316
0.20580106326468273	0.143099014002935	0.8981938064960718	0.4458231670813195	0.49854662802351035
0.32656061916842505	0.6840746640521814	0.17829744215057763	0.08491857423354643	0.08680253783393943
0.15610287834466507	0.8048342181777431	0.3492348204945439	0.5866199363087572	0.31620981345255483
0.42241798874377523	0.07398537053466825	0.3164467316042111	0.2175579306648877	0.7422432554387746
	0.9936282713514107	0.5933609897333141	0.016262130742684677	0.9650638452773512
0.2955779173413221	0.5610570786378217	0.00018259502935646932	0.17551269124566016	0.14590678932454149
0.9678471070796136	0.45522001435902903	0.07337754579702982	0.919527068673483	0.7800357439931253
	0.937753962004439	0.6952531681332388	0.554508306604838	0.04200538121106279
0.646283435056781	0.9198158882627654	0.426567159071202	0.984531802242952	0.7526638700415845
0.8038938151634898	0.22875051402280833	0.2472435696863703	0.7709550633926667	0.6457381927980254
0.15173091070018496	0.678134165544983	0.5886639340666509	0.9088406510328367	0.32023384028149804
0.5479062535724709	0.8074197178634702	0.5967348524132811	0.4120003425922315	0.10147213112965126
0.28691470520558204	0.9304499444542025	0.5751617882305718	0.33132410650834776	0.8195936587377549
0.9822263119686203	0.9085990684542792	0.13590707292961302	0.14889970457178925	0.5263863165496369
0.4978517340842623	0.14595422416595116	0.322790631851799	0.36968614545458545	0.19012530207438338
0.7072626482505813	0.683837904127535	0.5029246177630378	0.45442279746908576	0.19020757636043484
0.7656449269547724	0.8484148479480218	0.09213845714578217	0.94801604040381	0.004245901090234483
0.9668309032789131	0.10060823395118257	0.06974059362097618	0.04931552229109515	0.7537758940251571
0.5977558136369779	0.23331127093725612	0.8583117515145062	0.979222280738061	0.5549700709359329
0.7377454062023573	0.6389723155852454	0.5883627776616976	0.10384081946464963	0.6431017855731982
	0.9654591789450978	0.35943801325665803	0.5034501562820959	0.36929630230073773
	0.9473580474965092	0.3895440493044885	0.9805723486278277	0.9954764659698419
0.7489145363289059	0.3998241248673837	0.5559346590275391	0.7764465786705091	0.2527547774441301
0.4035132166732125	0.29295503228495867	0.03487258666555604	0.23440296975941155	0.4885777713958196
0.8769513451654944	0.7030430200277529	0.2816740892338484	0.8212250402990818	0.5140587046962789
0.8687638197852187	0.9172030796175794	0.5381906893710537	0.4263752838957936	0.2564013447780191
0.9218183409976696	0.09249321836928814	0.8856169113131959	0.8111721663037479	0.9000146293684131
0.49295721822612004	0.6089984817350009	0.5750434833339672	0.07052735832345003	0.14184428039938668
0.5231735337655474	0.6698793157431336	0.273374578473619	0.9620681635269855	0.5744669649352164
0.7422942946640574	0.7900364517919877	0.0645707269757193	0.9263709906711857	0.05076375792361232
0.78708711693666	0.12583462339890383	0.3324466349649098	0.34280027194147433	0.637617153176779
0.05899311651641892	0.13943734024516508	0.9186926812905578	0.8428551104928952	0.8814649618013782
0.7505757917785968	0.7994931867970456	0.6735758492283478	0.8514344614681061	0.567413269558846
	0.9933657373556997	0.34886520450495584	0.8893240307384098	0.3912706863620993
0.969019821318364	0.7668728152625202	0.29020299536378524	0.5258043872622441	0.6249146087360387
0.7554515799243474	0.5420252289514799	0.9707977425345551	0.7208169313597392	0.3399648096885973
0.9062309737000224	0.9138831011421108	0.17817040256148375	0.4315751648977322	0.28094044260238926
0.0624785372542761	0.02524521973814331	0.7844867421721201	0.524101375117859	0.6171549373761269
0.7245307490265385	0.3451776229929997	0.14711424789095984	0.6355238892520495	0.0077341896101675855
0.10050069415624374	0.8311776610447784	0.6717337469181311	0.8377862633100444	0.7957166705235762
0.5860018781177017	0.3679948588121156	0.9775234846800329	0.7540609906231615	0.23898582830618398
0.14986373672749798	0.18878929428056734	0.08862847186691525	0.7688287162338382	0.018304462094670182
0.23204136091550642	0.26358949723390757	0.7602793688854117	0.5078197303211888	0.30797424252775374
0.8307602861162479	0.5599056816958929	0.2832122272152098	0.07841149064025343	0.5070420528262092
0.2498465259121393	0.13312553350759326	0.8469641249590889	0.39761998288873535	0.9711968218037826
0.06178404729506515	0.34330212567715157	0.8673737487508613	0.006918587910190288	0.3200907909640426
0.022479192814198523	0.42031330120895827	0.5206782899375607	0.6040799352850161	0.1481476006123601
0.5133641469090242	0.6470471371584459	0.9544015239802353	0.5285978427116172	0.8074590460637109
0.38232693403994034	0.3372344720598842	0.3897987187780013	0.09863810798189898	0.9800868478086321
0.4287725427880703	0.4618448793810228	0.5501026061585977	0.2608291697669549	0.4359244148966225
0.5398574802041215	0.7837301458166349	0.4011552915652504	0.13177865032018454	0.7244434162461931
0.37049372390961277	0.41429058460660506	0.8981124102281051	0.18085592940447903	0.0204993623819546
0.9295400424501653	0.7689719024647332	0.46990611019581674	0.6199263304639466	0.5135117206730363
0.6898596749282618	0.03451511041152755	0.7903300494266731	0.28153250351370207	0.2657284877770252
0.6098407918715328	0.523741460593332	0.07278059840418072	0.4615587324218702	0.88593176306766
0.18072495569852054	0.4832229548140755	0.04458548182522759	0.35444556129081084	0.6282959302476213
0.05209584007912149	0.45487563709941736	0.1340485871169288	0.16076330208516498	0.5800440418892615
0.5607276338122988	0.8254037591526034	0.8926809803475415	0.412093839488869	0.7145816103592529
0.22557516607126127	0.12210628045647354	0.7846219803997823	0.8614286020416745	0.45195378344892223
0.48279802843389974	0.3114632496833104	0.8897754146154332	0.885086758170178	0.7838701910725211
0.31050203861847203	0.2106258819257062	0.4638207137785215	0.8285891527228895	0.8344992877123893
0.024392092228240125	0.14280218073854012	0.7323920019953012	0.012402963287276081	0.06631691453218846
0.9424591667349015	0.6872207753193312	0.25925699596359253	0.9472225403655202	0.6723615113548009
0.7902307295879594	0.5092384817932274	0.9581106141514423	0.661054577296513	0.3892010131088013
0.5956790178188824	0.7261693300825706	0.2291233549285807	0.19129159779603944	0.46921051955001525
0.05595630630030313	0.31753104356695694	0.4735224339835875	0.8275113296474833	0.7050964054015637
0.09558393407981347	0.6448108808046934	0.011141726270664454	0.7599973528129549	0.18141845292479453
0.23358611615483083	0.31096653054391576	0.9170851565056289	0.4860519487837358	0.6439005236811434
	0.962010058622163	0.6003203081360525	0.78289811039504	0.2964104166216547
0.19919100439396487	0.7683121735914289	0.6981175669705437	0.09170100562579853	0.9434530982255043
0.20739522151690926	0.4196224880049847	0.46439762692577835	0.49347035188757726	0.10325143973296991
0.5179485537126164	0.329316159195413	0.6105958776973825	0.8044392705016534	0.7656829610393535
0.4099659159105634	0.017038469078564544	0.8910142552832232	0.7008046085135392	0.28471627567271884
0.975141701293532	0.8143046191563617	0.8158035927139959	0.4906981160463769	0.1384227207316281
0.9584116044275013	0.2248985377334215	0.9738165352363118	0.8856988929767358	0.5643165082968874
	0.9776244562529671	0.40967344514633797	0.22537634971243625	0.9123608874547195
	0.9758493647446677	0.998714106895893	0.2077875441832291	0.017074284044189647
0.8636134916891077	0.2909300720946716	0.9537674900095748	0.632170211008675	0.9334035724834042
0.6981816451914268	0.8905538746542231	0.8776958105896958	0.8876867528653105	0.4298784673728062
0.9063040932418389	0.5028701862082406	0.3140369489447209	0.605161766953506	0.48444116893147826
0.7175898842377038	0.9300538755940346	0.44530063900014716	0.8445200786455488	0.28093580897546133
0.6040326238009398	0.5546527071769488	0.29781449401403093	0.36046849201331455	0.9176115160197753
0.3445468210741812	0.40229734902817305	0.6453307105994833	0.3676437406699221	0.6010959411827916
0.06585815969112596	0.316931666265885	0.33399622306895216	0.25733705352996583	0.9348246079957717
0.21486918785934872	0.8197061757378472	0.4179531458418395	0.7432187213264984	0.1771079625359646
0.12184957324630086	0.8200696420895633	0.2254409732648296	0.13741536468468285	0.638308912461447
0.13959267319062263	0.07302963696797138	0.8628604048140674	0.5317347334595033	0.42171144501260516
0.8158567373331342	0.012029400421165626	0.3045252045301525	0.5330278255331637	0.7610929319428961
	0.9636151820255461	0.42489221208477945	0.6726662064744015	0.3760749884023191
0.41263567967773995	0.5559465218348896	0.6502598831686554	0.6684879454760582	0.7700603762323497
0.03847445247189063	0.8575291747793248	0.800787324445462	0.5767475936328943	0.05952551282847529
0.6085750639015282	0.01808735166092068	0.6998099508850062	0.10856571881740573	0.08791687374507007
0.6088869414917824	0.3502747697602938	0.47270365439491635	0.19750565582041313	0.09467931879101943
0.17399606803471834	0.7849465355848021	0.3211552999734528	0.8590028226368708	0.8097745685792506
	0.9877708124758744	0.502880591001979	0.6308444002613388	0.9385895363914967
0.9824920077438318	0.1783384876366897	0.3798375559088625	0.16387985923676684	0.5575734778472593
0.9676106243075787	0.4646252141506043	0.6621990542445925	0.4849156231746957	0.045756300411485595
0.9313146471494994	0.63989410097396	0.9557128928051416	0.6267546824983158	0.650987253685695
0.3267758072317636	0.44788415054288155	0.07229370693559722	0.4805567645868988	0.19436970354841265
0.05911424748308425	0.09381016197268532	0.9311269095623086	0.839013896205744	0.4870559679317187
0.2337739040888176	0.40413868836549627	0.6877462243229278	0.23373805348398313	0.37689030445456084
0.7553334218934076	0.20253665219377692	0.9502792435893621	0.9696425101865755	0.44574796383889215
0.8780395175132089	0.5133322044619977	0.7825654391360312	0.4967110522664261	0.8517218548693588
0.4287095471711836	0.4804244505424238	0.8642269360254541	0.6723342405430642	0.39951650218208545
0.826149449060302	0.4960734547296245	0.2082122987295626	0.0035661611908964774	0.21103986950053144
0.9479596688214623	0.07119607412797246	0.706629804893454	0.58562524942192	0.23196039689225056
0.727529163710835	0.10590553915850409	0.48605544191461614	0.37687391072209253	0.16247853750923802
0.4432127152125128	0.07443985783992102	0.1065686823374975	0.0591176802551886	0.16649816223742742
0.5040508755879867	0.6719704358208499	0.17375166389840713	0.11626029419791328	0.5979082239100814
0.4499233914721813	0.4121226607881694	0.9631310766692365	0.7965270991844319	0.5585305022567324
0.7815322536638964	0.09494621757813548	0.7747044115159623	0.824812393549255	0.027081717154594287
0.648897593557046	0.7244836881224799	0.7184654406409838	0.46143132590073677	0.8706841584432562
0.17577722939184126	0.8735208566195596	0.3191280153596642	0.3998563877661141	0.7797582672314272
0.6393666413899755	0.6026986146662188	0.41661014258152274	0.023926073323153108	0.7243400066616543
0.7510174390256318	0.8188009636211397	0.7421936607537828	0.13831980814039202	0.7976531972972777
0.4984739438401925	0.16359329448614635	0.9861272625496381	0.6635528296152372	0.5671194985381505
0.6239154329397285	0.07509148756458939	0.5741394412884454	0.5876024218184485	0.43110060776142656
0.559267904226332	0.20302248663602918	0.752252990087799	0.5636982032727357	0.5501935145448029
0.7487987890840582	0.5047536288246314	0.5661609208055578	0.037757658059443755	0.1971517935223489
0.26584364777834546	0.5627158271660209	0.2655468625644818	0.9028590060710092	0.12492990661614467
0.19129531989521065	0.31620549470073844	0.841325975344873	0.770300721121374	0.6375918933593197
0.8236023816817075	0.6303894477464874	0.1647838747246123	0.10961942672589564	0.019004365788341082
0.1329347237606786	0.9029599774977562	0.5305400831195737	0.610635811077274	0.7302057564552467
	0.9444266048289047	0.1730568273839077	0.4394782113890007	0.19415978010540735
0.3735668682267891	0.12309450584819626	0.8312720131244761	0.30002884973979915	0.5214266176164367
0.8635370157448946	0.0016793690521827997	0.4507781591572131	0.18014513286134504	0.21630236212940945
0.34069887154155987	0.3757958680939206	0.007770961099091589	0.5403460431358396	0.2507297089200914
0.26623577641426444	0.4518639677049534	0.3662845204391785	0.35860185905263997	0.010478970944084898
0.11824176408705367	0.9054739448895425	0.37882920019427	0.16831211975662153	0.37198792452823126
0.9460094140210973	0.2655770954954392	0.5568894496713548	0.16397569778671106	0.5443129849009406
0.43410641321652876	0.12836158655641572	0.9594733513123105	0.9937906916300059	0.29738274938781906
0.38147015157901143	0.07136518908244294	0.31156178125083545	0.4907679553888624	0.8658747034051331
0.9985964091236965	0.7830216105069621	0.362975935081178	0.4059607154288646	0.9937320957950649
0.5776531199545413	0.24430098261340716	0.4207004442307317	0.3111221400915073	0.24246356916002076
0.5839947448333144	0.33329492745382094	0.46124579749208683	0.3748146543758991	0.1811503444023591
0.8610626352036646	0.465887800457333	0.9552415867975504	0.4538343844715128	0.7463102759739353
0.7995494428400131	0.6107303938124521	0.9640228135097383	0.23439567106962722	0.2696669517694614
0.2648474083166028	0.8234885951782752	0.5061766115351246	0.46958313968493115	0.576110034993086
0.7688888953179385	0.23428523257111433	0.34665152729119175	0.09804448464889903	0.7389244198128185
0.18603177974000396	0.3268558964942714	0.19425697185623225	0.4660867164402961	0.9151582333200788
0.7650447766904516	0.3767414020436981	0.16364730811688066	0.4341613572984917	0.14639840641594015
0.11068515153651926	0.19669090741245454	0.2985218862040646	0.2785288972071517	0.9531202315193502
0.765802689091641	0.9280436376240457	0.6216351860479599	0.5516086709525952	0.6188261799342744
0.12779109170581981	0.06905670391538887	0.3133955867769447	0.39980391572715923	0.24771795637106286
0.6682953828072625	0.11809386441975767	0.8165248062423368	0.29396490691612376	0.7645205621345349
0.3031616026596964	0.6678021817945706	0.6200256756193419	0.03367488931929241	0.5585039128697699
0.34662380158425077	0.038878253480390534	0.11426161497354537	0.004729622826260549	0.3122309593259558
	0.9720920915619439	0.34866455882440284	0.33091373842250826	0.6078687087841783
0.29885626660332576	0.18629244304029025	0.554552835900123	0.3291471401935241	0.5683830604558466
0.42084047529231505	0.17582964982669502	0.9967183673237682	0.27152020715954417	0.08061208028323186
0.7931439885241885	0.34505235560290193	0.06333043564359764	0.3898946797474575	0.5269262499473584
0.31909742469952274	0.42631814097083065	0.2695552176570838	0.8023584009471342	0.9109340753149693
0.03462082994452709	0.22581077607717592	0.8806057347432987	0.4478713024640062	0.3983576491244393
0.2355734058978548	0.7149588161667377	0.7567727635148767	0.4070328192669387	0.8740609190770319
0.2921050598524665	0.31762000378662947	0.3913108182907483	0.1716408968776787	0.7346059917815629
0.43519155860351255	0.5361377796588473	0.14958001832328238	0.4323062823779673	0.6928193960373962
0.38878981706544224	0.5047933173794499	0.7334422045961387	0.8554179436086407	0.8010114219349708
0.4147805067211452	0.04815177772980861	0.7762233452804269	0.5949226743303953	0.08424837797496199
0.7422482417141653	0.03949351399560774	0.8013583888692001	0.12223381069327877	0.9789475369792346
0.8339881685218625	0.7204464210469504	0.22397216284662302	0.4033678765958527	0.6642510521481115
0.02010654028902248	0.026611268733089055	0.9824756450691274	0.7717691376158754	0.27410785540341964
0.7771533372836265	0.7105562744651582	0.5672878198179953	0.2608260967456165	0.14357955104419806
0.9300801588792765	0.26435316298253364	0.5347748801828325	0.4281971200544631	0.8181418398795817
0.2541515582358089	0.2981592517694611	0.6397766365204067	0.2566967335712511	0.41858149878267203
0.44493515560354313	0.5663633511564437	0.879348834667823	0.6883983753864124	0.6773423265274354
0.07543950303052116	0.7022703181448551	0.26886799183185095	0.3364872982857998	0.41444887224948024
0.10331087161311381	0.6624866973653425	0.7354953474273582	0.9552877741471814	0.49139687003679444
0.3967041315236749	0.6233184224199568	0.9904753896602496	0.35403713795321323	0.5285786599242793
0.9211913993739403	0.2007812216975089	0.8216598341069266	0.4733460429708588	0.4922629985869823
0.5357139655462997	0.9121780260295518	0.45078607771313406	0.33409978396673656	0.8947594961633183
	0.9645541635851386	0.5645029762976385	0.6282835105100025	0.8276804853567229
0.9862708672906769	0.15893627193900783	0.8667813221799154	0.8596498067314776	0.9892152225434262
0.07053621426568835	0.8368872344516732	0.15414562395662978	0.3956579671226924	0.0815123437763442
0.8202637448979243	0.8718915399615232	0.9305066363289509	0.17185467620171446	0.1806502065484391
0.9909985144971517	0.12179935370694028	0.245567402472617	0.5157536542003234	0.6524043126691472
0.5015309160934691	0.6671251409396196	0.9808631869050662	0.1398011562626631	0.49455002419031846
0.19026656379874207	0.7606369197101391	0.3701460037281329	0.8100661780863286	0.44359356684753615
0.8707637584192778	0.0067203842104403	0.7444592565639134	0.8086787677981497	0.04966747482429601
0.629238363170581	0.7785508556696003	0.6824567281887863	0.45599052665380135	0.7232862535848437
0.7979993375377413	0.5838695542595026	0.9871257562134392	0.7895165063281755	0.004740225864900194
0.30319950363109105	0.567270654140895	0.047435447359392646	0.7230742866247092	0.737369546303357
0.8786138421031964	0.3342366873271633	0.8229528728454244	0.45806668305526865	0.23133814302651978
0.7883115755937259	0.8180268231155308	0.611767203026515	0.1104531497975565	0.6590889285988336
	0.9340529714658862	0.8259288937103694	0.39487456928042897	0.9230077078141885
0.34890914633835546	0.17146773435523466	0.9050484527612896	0.08624518583980478	0.5110447745001947
0.527440244115363	0.2760287656661654	0.62472382231182	0.6782547429980391	0.1429911528217065
0.4359309144061776	0.32448191834845774	0.32452311271122225	0.8891680500203782	0.36877849043425937
0.10932009487514605	0.7210648202317995	0.7256939568780517	0.1466134142544323	0.6131960637356009
0.5480492112765791	0.8203729801829697	0.09260647327253924	0.21110586348110827	0.9055666757459379
0.07201092618973615	0.5492621458650087	0.3949541956504605	0.9451913871847109	0.8908283141727052
0.03713040147876623	0.9214999370282883	0.9172360608500792	0.9969981272293709	0.32565901928275254
0.9794156393956938	0.6143190860009198	0.8830278784246219	0.007834407579611624	0.05799484035697422
0.41823252287907065	0.43966512871148267	0.47226776002815807	0.8021937349779574	0.3427710409686603
0.6745409169846693	0.4749363910792548	0.38256183529406707	0.7150264296523963	0.06299017364683945
0.06280164479390782	0.4463070723445015	0.7107518518886342	0.6408973510741163	0.18327394904271566
0.6431644954659164	0.20755529402684847	0.5239268502583986	0.38059496567051176	0.21431296692056023
0.3982620364413926	0.5228368224936955	0.3683364791981162	0.5340468348569207	0.3912867284972589
	0.9477992189468194	0.2618311918889197	0.6106190417915128	0.6862003982548824
0.08714606939006386	0.14317031479163	0.15474555858063943	0.39369218191987465	0.9528992478946336
0.907818469638477	0.29323600439075703	0.19781880591063472	0.38347436999055984	0.1603090978772428
0.4607946197959413	0.6287820564588191	0.6173380061264265	0.21719462439286363	0.08434751623083847
0.17643651037308472	0.36053624767729653	0.9437643594562408	0.47860729054869766	0.9861666299781591
0.8702013575945021	0.28223907121887415	0.430738471137216	0.9646432267922471	0.7176737753338108
0.3855584992949972	0.137332206898092	0.8817679112990946	0.6939281077907398	0.8107191648310647
0.925107983008709	0.46674689780185274	0.9210906567482912	0.42975926351828186	0.014651873300190243
0.502814482429379	0.378941779552632	0.9205565741702086	0.026099988666722695	0.3807020652972646
0.8085718368434102	0.45871158840119075	0.863247274750286	0.9765368077632662	0.6339512062026578
0.7781373670552463	0.3328401157754668	0.053389156524211945	0.7506508685698112	0.6492787335356588
0.21891888887902544	0.25180469703340236	0.6985257423056522	0.834463767362276	0.6612029036525239
0.8369113938338344	0.5681541694103392	0.3319388581556634	0.8138308493521779	0.26892789539489026
0.4019173309001913	0.0971502910096319	0.8111749426555943	0.22094649132945943	0.813456537671465
0.5895430575193497	0.8215465422310175	0.8051055968353746	0.7676086395976764	0.14096375910155112
0.34003603992559783	0.42812446122779857	0.7019604084514683	0.815916411867555	0.5539484804511946
0.06715716010106665	0.41445386794051153	0.4413045818705047	0.3545638987207945	0.6845845720824829
0.3671125075502947	0.5398377913075626	0.9745848083349069	0.10399500135761308	0.38924828554446544
0.639811489788393	0.48304737682759047	0.20136101946274287	0.042429738882538315	0.7665301175081883
0.44559336253168935	0.6036708994345911	0.6302753623457436	0.26637916756293945	0.3853243824430258
0.3571773497152543	0.6145512104325734	0.7625297784691579	0.3425607885914258	0.0277088769533973
0.22689193027542787	0.7675307124628507	0.3528467697074298	0.7951506277250213	0.5537726741820682
0.5615731200807881	0.17627812445906887	0.3143372334212511	0.250137566770365	0.4564405345457422
0.9594779848132805	0.7956204067589946	0.9484344368978801	0.6220190702947513	0.4076250490687632
0.7300728075197099	0.12800809680297298	0.048100437680169916	0.48196578518327915	0.3858232144539727
0.2003146127443406	0.6393314848623943	0.6380272046672544	0.770637477658293	0.6287250732132088
0.2625355878303586	0.6018458474313072	0.15359846776865993	0.023413320009581517	0.34251942926469015
0.9340792159230998	0.6183168186363178	0.8979346170160472	0.07761950295495557	0.15303024090520234
0.17262456966350148	0.9169085751275895	0.7944041900440973	0.5828015744103343	0.032897769137157806
0.3045932826534168	0.07620052936138422	0.4393420716481339	0.41672397329603483	0.9385600518744667
0.08113277641695904	0.5360187874874032	0.5311881081286751	0.8283701122296409	0.8565084650001034
0.13331794563679056	0.8931376347362442	0.28089142177400905	0.8319068057310071	0.15343785738013238
0.5767589192678451	0.47612994957438637	0.7516023282417401	0.6719918974821621	0.8587577232841995
0.09584332811439611	0.6955764459104606	0.8847181389154024	0.7228686157718038	0.931274942031093
	0.9669022795411081	0.08083271499570788	0.3501213097745368	0.6355356907442471
0.8881801540636798	0.7261307317159132	0.8653573257677658	0.3107539552624542	0.22452710027751954
0.17074846177204384	0.1675749409063192	0.12757220641484757	0.07613970943410486	0.21728777712875136
0.20851384611721235	0.665172202166084	0.8447389541193528	0.8295458903467832	0.9949606416851365
0.8170338088169377	0.5432835699433184	0.968803945534277	0.42740227293029276	0.5921913523345315
0.3624023096940511	0.7959764968285196	0.17230081920232665	0.6622909315246611	0.895073299765433
0.8352085154895442	0.7045215144144922	0.5848664143187727	0.9058066360810619	0.5655950563501563
0.6789733794707478	0.37356069259306923	0.24891440539540277	0.3550032523259531	0.4724868117886283
0.22941923568575895	0.25772521545763605	0.40567978062883436	0.648511895415063	0.7621615769756735
0.4732237442175731	0.39881777654737594	0.006030133068668286	0.5616342141340472	0.5219606355835996
0.368116784279481	0.8420558893053677	0.230090255745516	0.8436735494141151	0.09739683528592724
0.2097387995696861	0.6463799117059765	0.33086184631112625	0.8414439076829489	0.3520892699083189
0.058390126605465276	0.9198984446112629	0.9956531160492547	0.5442797739196943	0.6231598936957575
	0.9537856324671397	0.13994740225283575	0.884934025537956	0.698812163444483
0.8654928020326375	0.021399740979521797	0.4245618486628777	0.2975985944975542	0.6688022393322276
0.9972389817443775	0.0024259035659297545	0.23232643642325335	0.15705566663300585	0.8135811015950871
0.8866390259909921	0.6291188038946334	0.35525171293985236	0.00713899133223217	0.661129737846076
0.18001276745814898	0.5258656072227785	0.6754580495884133	0.3350538059825081	0.5621139273424282
0.23158095274962565	0.25871079136884123	0.48818272261163165	0.3285774842386795	0.7567934090331084
0.3119355441009768	0.10831955101872281	0.43446404939643	0.9629641033082781	0.6076950575991172
0.4913122119534372	0.5220978593631952	0.4488502736772694	0.06783377605988805	0.41743381177590333
0.04288438056262689	0.25279998343956767	0.7926311814376124	0.0004451922981881795	0.7083996811328069
0.32552073380552293	0.6072938882258575	0.8934444320869619	0.48782558714936897	0.9799572065259778
0.20255347680622793	0.07434825626287445	0.11575574078921391	0.2121312690450311	0.15440702670724338
0.24399767325808608	0.6893443352248662	0.1395602100438934	0.3804285298324368	0.08711980542339803
0.6527839017963731	0.1819471042635793	0.47649097791824957	0.3830914587441647	0.7212676611421514
0.8477796054596319	0.8893431029959729	0.9274131703613121	0.35265073155446813	0.46140021707774204
0.42413323159179683	0.6735785026017389	0.2000784123177266	0.9592834124563882	0.3971416018797508
0.7176536956761124	0.5061553760005625	0.7265700577005536	0.24910904899757447	0.10260873658247793
0.15717559926882874	0.8165834356435423	0.4218999318151013	0.7523616809776567	0.09544724414563022
0.2921025391270674	0.46045503105027985	0.5423738050492386	0.18428512053242907	0.6130212514427683
0.5974231263449584	0.4910081374403602	0.7135586740685534	0.4114963276782645	0.8858058348931093
0.9004214964229517	0.8885143208487333	0.19729804372913973	0.14588134843234335	0.42580217889774086
0.6083517206270235	0.6808719767589229	0.4916695659988052	0.4036350208390388	0.629276780350393
0.04331282617528298	0.43861112287985116	0.7346256272770837	0.9709279730016024	0.14511412381819988
0.9726256370083384	0.3446258965093302	0.2906378439589985	0.9233251817630451	0.43360418749461116
0.6264015284032578	0.5907784205358955	0.07189420963686599	0.5717217870754631	0.015091766946851326
0.0019636896805194093	0.3351394972552364	0.6538260733374506	0.40715975806259663	0.4922770790618831
0.6183868074936292	0.8409741714049233	0.45360155063208263	0.7638587600400725	0.5255162095197213
0.15438812938787672	0.6076454039338722	0.8690212153813403	0.6761915925649679	0.11329676502679709
0.9490253813045443	0.0057197369381155605	0.6130787256872108	0.09801928706030039	0.861927480299419
0.5226555362385906	0.27351325025225315	0.5263228303945681	0.5581226345948455	0.9130415788324296
0.272150784389507	0.028432100487309042	0.13584407883441585	0.20457193192424405	0.42806968330393347
0.3920005886703116	0.22752859588187446	0.27599726196975327	0.42235180263305383	0.3258408662686114
0.03386891988299079	0.9219422176341294	0.6096704998890303	0.35967279578700817	0.6934801273477661
0.5380854557047926	0.15810017620558192	0.8768481071674932	0.945052368591016	0.5913961338401552
0.09809183440236602	0.15822496764582328	0.585524498651574	0.10197167007919916	0.37144508339672444
0.8740570715524721	0.21611066270099322	0.15925017300948885	0.6564601699296215	0.7269614108817906
0.4219589397218638	0.8100312498047754	0.7489291347910872	0.2033344669510535	0.8285880403704684
0.15137106902429842	0.7275511528037033	0.8833364254060951	0.28256042110914104	0.6247744427897359
0.3838588765312144	0.4839224716395707	0.8290810181677624	0.9293173607356122	0.03474096177296915
0.2173959850308994	0.9181793313840205	0.6456646428014243	0.49474348691942815	0.4846318567894091
0.5728254754745574	0.17447386867719394	0.20496911712995114	0.9623760927693524	0.5690065175843617
	0.9930009661086563	0.40755722608615097	0.06058405491682184	0.27122041058595114
0.2816528901988472	0.5909200676792177	0.774178837714817	0.023261324426237295	0.9708637688719632
0.5874657357804155	0.8873323151211989	0.328488673907928	0.8987667991678836	0.7898201649826854
0.2388762497422947	0.4379719421679261	0.41377673934654435	0.9954742609605552	0.287865943399761
0.7675234329592016	0.3186156550261513	0.5375058797859491	0.22221761589446198	0.7640673062019694
0.9097650309659624	0.08889263604607	0.6715869005012913	0.9175049925897647	0.15721256751577672
0.5749553095578022	0.11207724390175278	0.19328357664249507	0.663312760517054	0.13005435974355328
0.2953231507957439	0.8703306039049487	0.3091448813960256	0.9392217256557202	0.8452842124363016
0.4311055009489103	0.5577691304191906	0.07970303464011996	0.6980431431863601	0.46046640116307336
0.3473929222719896	0.6102132619002304	0.890079542104543	0.7026363475221495	0.06066952192585939
0.32700204973012403	0.6943521588356366	0.014306619129291098	0.1783648164883782	0.7802876965450986
0.22460887316681355	0.8644535253021941	0.05034200184504345	0.41898142887952294	0.6049492386137936
0.9245932126155595	0.6339963968011688	0.06286945199044658	0.9221118406266753	0.3644509320124836
0.31675107745292586	0.4307459482536943	0.046063299096978594	0.6674457871498828	0.47639970753644667
0.5370609924477255	0.10999547120116104	0.47261485500326006	0.3874978527981191	0.5377610037938676
0.2842941742450026	0.14215961682366984	0.02912991097940576	0.42924367957767284	0.14937166872127505
0.2595431527122004	0.7624321986972127	0.8099108011506325	0.43777011730217774	0.8342381271094365
0.965649023121426	0.29675764468555244	0.880442455836248	0.43630624971714327	0.018700003720010794
0.13470456225089933	0.6988676557125588	0.88231641306305	0.5175305742704882	0.615467481656997
	0.9877329020823064	0.6775326617995058	0.5433445827972452	0.054309852389243574
0.34194641398119097	0.5012208403575796	0.5365341495043432	0.07632035093745115	0.14508911675819525
0.548260885797922	0.7221593915754918	0.9125878876614381	0.9356340928950032	0.6749381511202328
0.9734754891732482	0.7346295381157946	0.7161989114613851	0.6023063812328621	0.7843572484670469
0.6414275352505014	0.3417880613112214	0.3228491034211277	0.1756810258385223	0.9640615366331086
0.06823251481222958	0.21543443957362873	0.8527181515842357	0.26958018937009753	0.7831728363788382
0.5139083870324218	0.30649333203710594	0.23970590101478417	0.22598292239313955	0.792088852684347
0.8408696791181373	0.4656816589141368	0.7614120761690925	0.507236983155481	0.0867757537812337
0.5330905163057564	0.4646129975389358	0.8636344431234981	0.39119657333130164	0.02004086801827265
0.13679451855823643	0.1950062463999681	0.3315122595846317	0.6109660505389164	0.6907036880872562
	0.9470605384456242	0.217400956917838	0.7052764460726924	0.37715611964674156
	0.9338839263896149	0.8903723610980627	0.6568587448592281	0.09050897409289993
0.6639913028687634	0.44111983455453285	0.9272053985166964	0.9746418938156388	0.585597615072174
0.2112366932772639	0.24689856745404315	0.003897796276278731	0.2523145291279413	0.8190753661683671
0.1461821356812072	0.5249363892384503	0.4909559306381378	0.7300486389884789	0.35247104164575194
0.07416582032386843	0.24299361470748682	0.3770822382206229	0.6937040633086968	0.2643214807723041
0.7933570123255278	0.4886732991822905	0.4120496584671052	0.922345327846004	0.5551590792360924
	0.9950139990844115	0.627819949019192	0.5860286105301685	0.8003767110314235
0.22757429860872025	0.20811880675941774	0.9582911993258568	0.537821422132258	0.8256029395661371
0.41777656308016753	0.17613469943182147	0.6501877034097434	0.26718911337519646	0.1223171706588051
0.33812792667982927	0.7873775406928212	0.3677505078179425	0.712350810819022	0.901692279045927
0.37093697335678777	0.7268136967077307	0.289140622666757	0.4471146470563585	0.2964318964891406
0.6376576474399468	0.7249964805291818	0.710462115059632	0.37562756667597164	0.8533421961184388
0.25222502004988334	0.4369035981199665	0.4225051259634506	0.8770112308123087	0.6765615135236255
0.1953246650683873	0.4010439959664134	0.6788255064076221	0.3421288481974992	0.2746698462979946
0.025094379584163162	0.915997613070316	0.9260470707330286	0.5626029562109174	0.8417732612949301
0.8039825936822468	0.8305482733016283	0.10075268185421826	0.8151559696090622	0.5660684565295776
0.7426073845282358	0.5841417846726998	0.8160716354611927	0.9935609911724322	0.6593762615418105
0.5086546036073674	0.02611214914936899	0.29559588942270787	0.3345134326549679	0.25812040542952475
0.7680791786588931	0.35633805052598055	0.5140384003973056	0.4796678367389986	0.4026219329438616
0.7226047179062216	0.224020732985731	0.38367656631011204	0.7203643888741268	0.3626172933155618
0.08940226626049752	0.2810512815125389	0.9823830610871106	0.08582770106978466	0.5180261725802174
0.4381774944206712	0.18307831821854936	0.7412945580963155	0.35657926647008653	0.32662596019116386
0.46092462594974604	0.1951646334474485	0.16501960217999923	0.3384605433526393	0.988517975127647
	0.9753365407117386	0.5561802873219047	0.7666643608444536	0.7661707796918634
0.4401063409003205	0.2912334008941022	0.5123455160775275	0.06566165751041197	0.8617540204988956
0.4087960051369184	0.7547878247873167	0.9295985256291264	0.33612958579094265	0.22923703226543968
0.5859438873191057	0.12693758730257065	0.13390890410405276	0.6878084259848816	0.8608630231219008
0.6087357754813362	0.20812708610911035	0.997086783544345	0.6174834498756325	0.8571009132229498
0.22254352611434614	0.49422397718485056	0.8621972921521386	0.41648374115739695	0.487108114150143
0.6082794532761193	0.4163212198812537	0.9443761754470615	0.9058508967203385	0.37789435876082
0.9961276543917249	0.30023894365838766	0.5721160538823855	0.7476465726730507	0.040017925525913545
0.42512389372545867	0.6991280198503949	0.4745273178749203	0.44072564636962186	0.9441157138250116
	0.984131618717659	0.030363400215226766	0.20242155439707066	0.44164121887245855
0.5321684041148561	0.18472400004398637	0.8159020471907377	0.9893676981543896	0.6724972505461203
0.40635712156417936	0.9250330023864528	0.9530928694581046	0.42013359958821805	0.3129737007839334
	0.9710344678952625	0.5267859856174556	0.6634275205244129	0.7725451087992996
0.8547345761305559	0.7585831803385824	0.9637716436811276	0.4541953603283242	0.9449253685750271
0.012862716305257926	0.0060339411331693515	0.27569737144180306	0.3940073799761764	0.10461140406691039
0.2519948370344415	0.8233894165901513	0.17757716575393478	0.1181044920625477	0.23876327165484068
0.7492056160277533	0.9265286723189069	0.7324431718094041	0.41505244227952653	0.555764177458237
0.17348038854614922	0.013386180157652028	0.14506755125587023	0.21950414826018538	0.5681327324728858
0.5849540489964308	0.2743825576163471	0.7659503323861645	0.497836047158992	0.3981335187949355
0.34237868203290867	0.09835443757983131	0.8280814615478242	0.9954950925833663	0.17068552883201193
0.6949222340914933	0.31993904144127117	0.2579684383550631	0.33273219274006116	0.9051934433462847
0.812456647412738	0.2935843197962934	0.1599407179481478	0.3334934416108023	0.4533419902935433
	0.9632055797593988	0.3250493725879081	0.3397682935492171	0.29020262642375105
0.944555107115538	0.5686723047852654	0.1262924440718528	0.3941998410822558	0.8285199466662533
0.8285026669632066	0.6085305885152914	0.5006409066323461	0.937916926529746	0.24209241891631084
0.7091429807162393	0.44008107433517807	0.6313181408913026	0.1685827769571312	0.876794029164104
0.5161607649565696	0.13790957662660697	0.6054509319802978	0.7790235229988185	0.9801963463578046
0.9363651718667986	0.14093660624036097	0.3964136743945965	0.8198795305815271	0.27360539474042445
0.9566475539787087	0.5856706246836337	0.2151906681923791	0.8798559946862413	0.9034414132076504
0.12489657530347176	0.6739764247440896	0.24346910736646332	0.6344952573971075	0.5878357702339024
0.42397089021543566	0.8510591011991478	0.8494979497696012	0.2776353982925055	0.3130885711487349
0.6778590176259891	0.49901801062662	0.18715990838281116	0.1598860231165733	0.7647759732594421
0.8305333517832324	0.396830107052371	0.5497328922436724	0.8188093662681613	0.5512852718159725
0.06418747336545894	0.21677453006612635	0.9656722377512726	0.7819723568645953	0.11538355588378524
	0.9520478795146238	0.03826834670484858	0.977749826367312	0.08596261186035337
0.25979517597291624	0.2332134080424616	0.8894876817557181	0.45424671762030566	0.43119998128708215
	0.9885525910099054	0.9343293655468582	0.6107753091252335	0.39173676765074295
0.8946048912459073	0.8562808796439119	0.27085741895278026	0.34185002097738804	0.8441756657639149
	0.9711079134375276	0.2656140312741607	0.2872596455814894	0.32170741224214994
0.6862636963713072	0.47609769939857716	0.8897094575987742	0.0735554303085535	0.24062464732510014
0.6040598102200601	0.8841543429677096	0.9535235702329	0.4968460806038806	0.7951172869650138
0.5952451395592837	0.20718998410348854	0.19013282904931172	0.22685429174707328	0.851993218007949
0.37985556255972486	0.40164542053666163	0.4857401487158073	0.09244246975440229	0.8937757778590976
0.8652263115313632	0.3564207090543018	0.919121343761234	0.10562592800557791	0.6464920673808984
0.5727156741148044	0.40038389921544437	0.6490541813725237	0.7330369965553089	0.04923754640169897
0.060967445554218846	0.04295391893179934	0.31721454561201345	0.43967513698996485	0.5144512913454278
0.1256481614052799	0.7858050406254783	0.8207557363727735	0.2938596218527235	0.6684042965828948
0.7895365351806345	0.47936815816533596	0.15103774659789482	0.6055228390567148	0.4020536060701052
0.8889559664703924	0.8162616303417338	0.8325644596347535	0.4519753518120484	0.2959919068416331
0.002955064292000542	0.35084609189732274	0.55008158515849	0.23935096663816247	0.7767589995591742
0.3300749087090892	0.6268775829653552	0.3056266797070625	0.8095235075044286	0.33339354545178934
0.6789230090747479	0.8687246236596362	0.20890182324433682	0.8797645513163542	0.3191587684732333
0.11939821180327814	0.26890653119665064	0.3809037813204186	0.2257636754825676	0.3364517893937685
0.3783634490008779	0.24404381268332098	0.485864202289332	0.5251417031636317	0.40837011536531376
0.14883869363611302	0.34790490909022387	0.3870340188011945	0.25824220277269516	0.6954812735609263
0.03942355497800165	0.6652193627746378	0.1460467963392006	0.3221353152833045	0.586172131419276
0.6456512921525115	0.9289211094771145	0.8832908423063078	0.7521416550676454	0.3396905039205341
0.6013713419380071	0.4042508954088073	0.0744813523107013	0.11149108536752705	0.8906432339514193
0.18856921109274283	0.1172908912292111	0.8887597166838768	0.25073305332328366	0.40668868797865143
0.3555423462401829	0.12011807302334154	0.6380004970285151	0.7997481254020908	0.12667525244504507
0.4194850872880732	0.19292250899857988	0.359095891530692	0.3962388812015949	0.6054187202307589
0.47721201244289746	0.06950278918862884	0.03738228113305819	0.9151791016532886	0.6954730188434262
0.977431370064122	0.39021779945060386	0.4900764903838908	0.5820784316303765	0.9754884527193445
0.7305099933660482	0.5923819353064567	0.3776383001791339	0.7517046429744054	0.13553273842496938
0.4135820029058176	0.78928728780538	0.8069983950905165	0.24078803958054307	0.6459588838116164
0.13270964360535686	0.8170084610145993	0.9086375917441266	0.7403159159625121	0.6409530430797947
0.8719733802684533	0.5836763406875757	0.3798288807552668	0.9309989131094595	0.06064603834504667
0.7278172357710041	0.6403261143961707	0.9266254996433404	0.14821569471241558	0.10452557099382831
0.6931581992027346	0.2142197085626263	0.9982171307987846	0.7490826938966002	0.22598265529908634
0.07401491703576824	0.21414776535305802	0.8000731404774405	0.23803486916767513	0.7601660750719016
0.05043854210740417	0.5204795711954782	0.6192521766550764	0.5714820170992914	0.6971275534811667
0.1002993991173795	0.7590126523183839	0.05128207980119981	0.44924454817932113	0.8453229209383292
0.47094966869480714	0.1112533394802705	0.43186491756486345	0.5465774536201158	0.8600294811230247
0.018565147664149073	0.2639882741111579	0.1455597903756205	0.18967551069858712	0.22656613800192094
0.8744693876544418	0.04500362649690626	0.509420247444115	0.4875933361795324	0.4963491463561758
0.1033775573699579	0.5745129655123351	0.19085227407602867	0.18369385845545128	0.9443528718707632
0.5003893560888506	0.02483276498843634	0.39697002481654486	0.8906123823110138	0.9969747341272229
0.9804733618624761	0.40158208892923164	0.7733592677238236	0.004915003387780392	0.12040180859820437
0.12426905695678503	0.12177294390588977	0.8736543834342169	0.11711976696646176	0.5195371789575949
0.23272683089675994	0.46950512814398826	0.024710125740111777	0.25721809821486574	0.550535891406176
0.4194519123706748	0.5005002842258789	0.651139239251323	0.8648714001069915	0.5302068953608211
0.38692727027427376	0.06890273793998858	0.6463211208581885	0.09280082731407469	0.6737331247930682
0.9361197519517392	0.5145011820068849	0.9400989394838397	0.5790692016929258	0.9368956858456776
0.2811275190942579	0.25505281993873496	0.3369656064207184	0.5813954366779261	0.9835761909599966
0.9498049558045341	0.7445209974168748	0.31016662857767163	0.2207627867896118	0.3767573034188313
0.8752957480043936	0.7531030884722131	0.8821810291231772	0.020647539985361174	0.0665057055700694
0.19184620256322527	0.7247950674261168	0.14436835818910576	0.1337252421184325	0.2364520845994439
0.7507825200331999	0.4859370533252042	0.295560218529886	0.22411189428782707	0.09981987332248199
0.6296626008176128	0.6473803483151653	0.07613606872412149	0.2194441170952064	0.6463272440165538
0.5213117799020714	0.024093653154828032	0.9978653288458535	0.8735158123712029	0.21688940729290718
0.23683595047897554	0.16950117630957384	0.3397928478983081	0.9060351980214619	0.11727144251693078
0.8412673533122927	0.7465590109725644	0.42971304446263736	0.029197699397896848	0.6136476995200913
0.2502624302814007	0.5280286630341547	0.1620793766590961	0.49655074272986066	0.581093675014674
0.5000225891410308	0.7085056511268835	0.11505919698219369	0.795696212301453	0.21608580361676966
0.5746888720247938	0.3427658079179038	0.1625123480570232	0.3584130629067356	0.37758182081594094
0.353250856410668	0.7326337415174462	0.8863671453019788	0.5808130584169633	0.19905330166476543
0.7761355136199085	0.04635733302765277	0.3510564353745752	0.7090270189037972	0.3018994909245023
0.6503551626470695	0.01410362776877272	0.28971540044052546	0.6497631054957907	0.4288870021926908
0.14046626609746937	0.8774148834712918	0.17217725496337832	0.11858995899871383	0.7638957251706039
0.8624603291537399	0.7619399970269257	0.5381662748894379	0.31345034256849014	0.7639403770976693
	0.9963368804802307	0.32559073644378433	0.704761691539583	0.7229079389403484
	0.9999594736210833	0.5170554576285277	0.6878754252593481	0.3465137519019472
0.6772884916585269	0.8363541226648215	0.7034260918571007	0.8779910241712904	0.11135400330932255
0.8735066552929299	0.9035720420243634	0.0461608913011351	0.8194125073425307	0.06718950729227735
0.7641799557339624	0.03746284176321313	0.6582352381038469	0.17968496384699328	0.5100760495374587
0.7081616575329777	0.7852415256777692	0.028179466140246356	0.7343697705346679	0.13561839829871514
0.4379448246674579	0.3625824387695016	0.019975099261383522	0.060866284440920126	0.05854536085961759
0.9505331751535693	0.25651735805968934	0.8114731468225382	0.6223911689006322	0.3444090468149339
0.18693856125241026	0.43131127780795786	0.15873228761916214	0.8560465022088708	0.4290435804871692
0.31684363010016536	0.3224948547325567	0.509532953629316	0.9811491424674821	0.09527949763846011
	0.9319867637250503	0.7824110286823267	0.7169318936630915	0.565669191876884
0.9525780906291988	0.05835012381024318	0.5690267468756748	0.022864998868801334	0.8841119513619672
0.753314574425024	0.26832201938882616	0.7298877731362309	0.8887533935916015	0.9149230861232717
0.9879744467533741	0.3660043243905089	0.21104110229965323	0.6259632035223354	0.44082681138747193
0.765155011997541	0.6719300608476731	0.20538348532370132	0.12187280396405564	0.033641453697260904
0.2582395543431696	0.15188424185184723	0.165469770309967	0.18267543370558714	0.6131886158071972
0.2636396353595871	0.2763471096682254	0.04148621009709896	0.46903760729807853	0.6991529492180282
0.353196423642154	0.2162419104143205	0.12463303649941648	0.7421736382703948	0.13865153323221646
0.7366965753856253	0.18646167428082694	0.037594456088160255	0.42476878975159404	0.8444922173510706
0.5731459080628485	0.7206091406954179	0.08825461076208918	0.9961231750518683	0.9154215456857836
0.1902151999650068	0.7794350268991166	0.7885235231326204	0.6060646398257085	0.6580864618776896
0.11407193121866199	0.030608737209461	0.7666422012006917	0.9598944560012145	0.6432908210534688
0.21924206528887513	0.8611687824706964	0.2717102185701449	0.34287793668961497	0.1458402441636797
0.48038973840840127	0.04535623601774086	0.741386101162641	0.796686743902243	0.46620555156655474
0.8528021374545008	0.4234986614728774	0.3269072126860173	0.5241033215395247	0.39314122081536285
0.5258525596698829	0.15808579842553505	0.6014940795782371	0.7109322903747646	0.2847548965627956
0.993357408158398	0.45835030492332085	0.28708956658311546	0.6102970344072586	0.7603160757676839
0.1281456546035702	0.861868499921171	0.8628565879079348	0.9634454081369492	0.764994538599937
0.2558235320986588	0.34502814681049865	0.7309514436789755	0.8979246717178777	0.4398541124507723
0.6051463707333379	0.08959666035270009	0.035726819418595124	0.27612540713830835	0.10853352121268633
0.12531983995029794	0.6743483782125562	0.7240563998507217	0.1634484133835472	0.21682719753776014
0.7592080814603324	0.06532180285312839	0.7257924663044494	0.620006857216091	0.6246941943480913
0.050443421674949196	0.6417129024182371	0.0654840772833668	0.6869874215973476	0.6949945662174886
0.5569477418165034	0.1522777014220198	0.13109842343109535	0.11672920465572911	0.09083444319471023
0.2905878249225209	0.8994865958874265	0.976872970476467	0.3019742544850179	0.9762660049449945
0.9261841518322761	0.36138321788272976	0.8304668509796874	0.8706675287492723	0.731963581625404
0.6895982275405845	0.7339754540512438	0.8266308177377133	0.7661323787181473	0.2875076035501537
0.027491732403075342	0.9229411155235288	0.25939246601355714	0.14819623902407597	0.7781525361844335
0.09908546533909524	0.8903481037700558	0.10809072250977436	0.4288271764661522	0.41302083168402726
0.9926995451915923	0.5710717281656669	0.32321270884456876	0.8184878354862467	0.9402998770491722
0.09739922997838057	0.7436186882225738	0.12006716880191215	0.6965424003127495	0.7375127535488188
0.2891557586256278	0.5183349231488473	0.7849968307187962	0.3958836518320652	0.18015509637861815
0.09728833014749727	0.8683258515027621	0.6042590198115841	0.7858764601914193	0.7612982790807495
	0.942408071208534	0.331480599007115	0.20234436469987627	0.863522254088875
0.13374896572318917	0.4758878066807052	0.9638728543330329	0.9795475811251118	0.5677311023265809
0.44316042803662703	0.35975022003975377	0.4661923189769347	0.8070873517284932	0.9834558643108268
0.7483710284810512	0.19674443010783482	0.6441349038004439	0.9184060340603125	0.9333156649246593
0.30078792263822607	0.20501900051255206	0.2853556568668618	0.1565457251519622	0.44944865876696394
0.615539658909665	0.7677479419162284	0.017558665768650394	0.0032155379280036644	0.8948785102086759
0.9113110913733949	0.9216691838439305	0.8950807793264635	0.8218656719459267	0.6607644456482433
0.0553670334917713	0.7069121561604321	0.5382056152492768	0.23243894682307698	0.7359496830375897
0.5568465253065633	0.791836365420053	0.39029883565524903	0.9267755631408728	0.2612602434454282
0.29470976079574596	0.42867267915646357	0.8878795613053141	0.7179191710438428	0.38805709970082314
0.7587276297447095	0.2824281226936788	0.12536563052456717	0.5519084388941182	0.22470350744833756
0.3795959295209689	0.40625364982033607	0.3361743115802792	0.12406515407845953	0.9405157607856751
0.48826323411424555	0.5190915905021167	0.186736270976271	0.4224256801502092	0.9720812110577979
0.2396035271170318	0.6958895632709311	0.09815683137720443	0.9614842410324941	0.3308633881186561
0.22685365196497642	0.18595018742699088	0.2874172139782797	0.885164651572683	0.013410193165744544
0.4279099669570231	0.8199220388055264	0.8497042268547839	0.2393428818149449	0.14340636442818788
0.6869570376733094	0.7988082914611069	0.34539438139247525	0.9587870971470897	0.4395737205967031
0.6741743852437776	0.7740606657634262	0.9372511432375294	0.45875282798518735	0.25380556090041684
0.6472358999025759	0.3835845763236969	0.5616139179328862	0.6710774167657423	0.6408900042104074
0.005622649757876852	0.7683880057164246	0.35104762137150114	0.06606508888827978	0.09726244668773298
0.9776732398406608	0.366943858541117	0.0737684464393149	0.40516421558753857	0.015122837153588753
0.0053195234444148864	0.5417359147929068	0.5423978159745271	0.18129545063138752	0.5323477630646742
0.9398478505454891	0.6569985015640766	0.6290876792025483	0.6702751460905655	0.40040510662841167
0.13471417675938857	0.3455401402367785	0.256009772965789	0.12749299147788717	0.8732778720504483
0.046390980039246466	0.14338124077056347	0.576475567218488	0.0805345314877095	0.5869661793792302
0.33168672906825514	0.3067999099292038	0.7483777353893023	0.681911747610362	0.12091341376866582
	0.9913444004749439	0.5292502541315327	0.33196053263595315	0.28981085656183514
0.7691528029869922	0.3026241479271743	0.8855653447315178	0.034462624623309734	0.8323202266129806
0.5796512912726854	0.18497653801137737	0.6704298225991858	0.5530659852596875	0.4016699758625981
0.3973809221487775	0.37203879100063175	0.3033007310808078	0.4838863861030578	0.5479829812923618
0.9469519593909093	0.760353919266569	0.9277832233301515	0.11380375266315268	0.33147441085523743
0.15874781271632088	0.4296821056435274	0.8556219312015021	0.46401822148675365	0.6779743447154906
0.6694998015721634	0.3236293616404995	0.17987990588734937	0.47966306337516373	0.4882323568851883
0.6202399287784965	0.672728320348108	0.6908264344148848	0.20686882843133858	0.12256723403842362
0.630240248307917	0.25123498486189566	0.7895345237898164	0.9049464414924054	0.6242665049555802
0.8115812462260366	0.3911973665060722	0.9100097671815264	0.06906122832190653	0.5793415871206039
0.9916038015123663	0.1663142039822635	0.6660678666759872	0.6293338386071881	0.33147355891792696
0.5661921798203806	0.25828336076508507	0.010599570154085303	0.3445330068129512	0.6070436498973582
0.7362810625846778	0.5367272074712257	0.582087958120362	0.20029746810178506	0.6902802842391957
0.6839798949446371	0.8240585532940072	0.8731903872111629	0.3571035559076915	0.23658300818207567
0.35853660145392274	0.33846335188036036	0.104992404046098	0.9898102595025752	0.720604293967971
0.32932970364970826	0.1298220272077889	0.15453616568062012	0.8093617463805299	0.8145134779290171
	0.9610167136384706	0.9491601660862301	0.9284792060075772	0.7596217563356032
0.8589034527725911	0.09785093577380188	0.6694829110821282	0.4057932716255296	0.29047088827334877
0.8542451471850604	0.22739242590346864	0.6638028330273688	0.47297693576166044	0.3098608999279937
0.10674302965546967	0.10239031357332962	0.37466949287309825	0.4756769281651573	0.8935838374816504
0.9838683317291369	0.6496199846503792	0.6019793830955749	0.021326970916559995	0.3545766074212475
0.46552647066314046	0.6901530243435254	0.059950644155286836	0.7399122244692174	0.45852265373277823
0.6072999833818589	0.7507989734120472	0.7716627208717538	0.6235256365369671	0.006258725221728323
0.6631134569191105	0.2216656601349919	0.9756624388726921	0.8428210270023224	0.4499201164125649
0.8905490046106581	0.1356611093377259	0.01045473246896711	0.3415877247173349	0.13354194950871434
0.6647504261861592	0.9145431626911051	0.7342712461259554	0.1255386715498834	0.7985775388644285
0.026026413572823537	0.5246987468170844	0.6694424456911844	0.5096278307278179	0.026018162477459472
0.36212130960532085	0.6019472483959393	0.9210904735971549	0.005920599906510726	0.6082822893810992
0.33434463983348806	0.5674114623080923	0.6905180556952161	0.15671275929619533	0.5832257630801537
0.8524856897150378	0.658807552481241	0.7689238564377974	0.7794765438463139	0.28056932384122646
0.11531065151262632	0.22627286425061588	0.8795617529572889	0.7263962879976079	0.3786315923983752
0.45500902304708113	0.046102167189632115	0.39051113146493166	0.7779853772137652	0.23194061663546006
0.1477477022097341	0.33197867388052626	0.4619830580006674	0.8004226221638803	0.3015010087072483
0.9984905817398578	0.8084858455265405	0.2529141111976989	0.6397964725621591	0.25009280659292243
	0.9431789432159879	0.3718777214390999	0.35568777663446416	0.45995753480716495
	0.9531176389174256	0.7648161770192836	0.5306015845178386	0.6252580071929715
0.13259255253080549	0.5020749910577705	0.436042092266943	0.530667325638843	0.32378344315883056
0.5516611816661623	0.11235512409618709	0.9643281177119168	0.5107513200274346	0.12214925221558826
0.8517608414574905	0.34977916638934403	0.587966043520396	0.7047998399481912	0.6090478825338331
0.7825872436932951	0.5553819835372326	0.3784539468582001	0.9129605609571023	0.4667532331336539
0.25725452294647744	0.49584039848624306	0.06901408629573924	0.7364568674377486	0.7356068823574015
0.4020292364283793	0.463105502408373	0.4685722690092775	0.7776795159323769	0.5864290574344226
0.596602995644332	0.14397835922557556	0.738893704065438	0.4093222859258647	0.5119995820981117
0.8333395836803478	0.7816181118114832	0.7211445560652038	0.31734449128891073	0.8734190160484022
0.5912581341089765	0.1469950221758397	0.6286219654019133	0.8263462864001575	0.591636921453249
0.09484212014356586	0.6520556532779324	0.6487572602152233	0.7826270946617947	0.9145013323198039
0.1955477510968484	0.20461730521668908	0.8870205848766326	0.3174637872084495	0.4023965910012961
