X0	X1	X2	X3	X4
0.12582066892134192	0.09772113924107441	0.19700724434008246	0.2681845453787756	0.24803444833977062
0.39212605614207574	0.35193568252825	0.3548424190104928	0.24766723682684713	0.40724085075801336
0.20822264903689736	0.18991190983364026	0.11805350080642119	0.27542876105408365	0.11686406842585215
0.5009909243347836	0.6330382858058673	0.12156415894369961	0.31514205573761384	0.1509788064317174
0.2583863800309795	0.42029553764481026	0.3025209327242605	0.1289037700782423	0.48457390680784085
0.17423852139028068	0.0448584174720402	0.5791127770823221	0.3527759331654243	0.4630620281459908
0.2872252307544001	0.40797961037901925	0.060363407292565105	0.22852627198180747	0.4354872493788402
0.19724822691226745	0.12652422723339163	0.46559952349885914	0.3593220551827769	0.37437102769564745
0.14299546322352477	0.26655010234841325	0.4615751825404122	0.30038259842138954	0.4911454956268196
0.43160108949537024	0.19428040951917783	0.31240010498332393	0.2142165601956839	0.2625983544636922
0.028173638875839083	0.1053386084315134	0.08808188901690973	0.20675840863526312	0.4233198575735673
0.6149376948722752	0.24028242955611856	0.45679990051464975	0.479087187632638	0.1152977792707334
0.22217754786483976	0.3812119441662673	0.38827317243868076	0.03082143663135611	0.43280955883023176
0.23999808583323715	0.06840354315378361	0.20654893919307923	0.1952578966162521	0.13631584079775166
0.06021783546070473	0.4920584904340636	0.2452493734983935	0.38003378673180443	0.19475860211947432
0.19284425630864763	0.1655918827934623	0.42058289847770836	0.34695768909225194	0.07553732162183821
0.06587723286105097	0.44268891837767843	0.5741419575175597	0.2641422290459123	0.4329161814348783
0.18301171024759025	0.37351204798199006	0.07855897611549284	0.3311884990139956	0.2597384357374231
0.43402361878767054	0.5379898163836191	0.34393339617353375	0.48086848314377056	0.17072753160971788
0.507699637836275	0.08802051671878271	0.25873131154452167	0.4677435724548346	0.02471233977987688
0.2006696853775507	0.3919014119847343	0.3980776920988485	0.6705150041585699	0.40071430555153886
	0.5436796546123691	0.3962306835942361	0.04472679675115981	0.28036627601139985
0.5316879728106106	0.41663008893416104	0.2735332260819504	0.2194758820346077	0.06841826216279102
0.4540658334643255	0.33932267885985284	0.0457774928386746	0.33413641112784453	0.13487578430328423
0.15437378332229698	0.06363272354382986	0.1747362075665422	0.18279193865986135	0.600478409266269
0.1722077515889537	0.23259658795340796	0.25589669338361354	0.7467282798008178	0.22841978794114376
	0.3946989065586871	0.33607596333016454	0.40160312148484095	0.17422508008024756
0.43415901493362824	0.508916366070166	0.26351767900628914	0.33852927326178417	0.10892520918206368
0.35785770671996264	0.4068812736755353	0.33737161472054156	0.5132706867646765	0.01955707372217685
0.1047687454921442	0.27929318148196774	0.2142113591561272	0.13600873434960425	0.42060282546873984
0.5684511995094997	0.22886996718719452	0.40955662718182306	0.48867227146098247	0.550101262045092
0.17586029126392938	0.1380307639263643	0.04799443368331273	0.1946482376827054	0.19103461873096164
0.46837531032856367	0.222879005823779	0.18001715288164385	0.15655797489958898	0.28478951454922585
0.47222121289889296	0.30947892963315027	0.2542217390881453	0.13032879151669435	0.379261293879659
0.3700588187765556	0.3589138807449084	0.20988439721186847	0.32157596408124334	0.3523345056308637
0.046153481853701994	0.1305968704167632	0.016875856021255613	0.30693933362235165	0.37029384316235825
0.24175503193077874	0.3424843542926129	0.09326177453302685	0.12834705356251805	0.06099294938002912
0.1300021003445198	0.30032712836344044	0.28452685285944923	0.1280505956105119	0.39384797048967396
0.37194032822118567	0.15117595157653346	0.3444749428224768	0.472681091299559	0.4053150118221633
0.26601041321402863	0.4216280385478448	0.11981078679111769	0.49170148893091087	0.7157005821979615
0.1690237563677614	0.2583356221457564	0.15943403967455366	0.2870211658484505	0.054726238463468836
	0.23495732485494095	0.2071778996844419	0.20431726389666718	0.1228265247637461
0.11098035751800842	0.568834231929311	0.5657753469605294	0.15714219803648619	0.18146629122964383
0.5725413309606936	0.1830268952040504	0.23163466856590975	0.05631467239525066	0.3077509981004251
0.2627864963225011	0.22068057666633387	0.10806531079823274	0.24919047593759205	0.10915497909111327
0.5404433431401495	0.03253142092901831	0.34927528893085114	0.20831841966510933	0.36351094230147457
0.17051671532480392	0.4025669347842893	0.3105177360872325	0.3396749179863027	0.3298066881780056
0.3729717972612905	0.2953459914890342	0.17728435832440248	0.14176269216532358	0.27600435653348954
0.48867544325796675	0.433346084681468	0.1839855458868515	0.1719926681829941	0.2551418967969895
0.5250548096554812	0.514255775777389	0.23787207599887267	0.2718411056704952	0.23903377019992975
0.19299920330076764	0.5211240947609157	0.2642744385106303	0.11572888612175845	0.353057296568908
0.26746825134536467	0.4802411328515983	0.47026712114423	0.24722152318515464	0.38957260348708717
0.4264202920999373	0.5154967525475525	0.5571872284861004	0.2859304485514877	0.48286837985639575
0.20486067953536766	0.435027360747041	0.3575752899334156	0.4320101256843994	0.11966034296791073
0.4787513251679821	0.057357091149242964	0.16180433824703586	0.4738129799126255	0.14409830865295495
0.19239728105321605	0.30280991584808326	0.2658279405361636	0.30002016929520975	0.5811630832638514
0.3560488872090752	0.30313987111460394	0.2748002939195269	0.3225376196806244	0.441123615453389
0.4707769403400987	0.17251534403134816	0.3016049534498679	0.716659132922477	0.5810584182239765
0.63310241447491	0.16489953246107317	0.24360753540464594	0.3708447384211307	0.5124569512830285
0.3328372666294597	0.2714867017427119	0.3851788350695269	0.10151063924019438	0.3163745838372352
0.3274660248654221	0.5932582053903924	0.3304234476596343	0.20151112677696695	0.4889259467089803
0.3123744413052568	0.10600129634042003	0.262193697951501	0.6434271181908119	0.34928592592972374
0.34720560080392654	0.22685998939674853	0.5327762094321844	0.3045737213372296	0.17671456925404702
0.30808298039070886	0.6230537964742597	0.06363947889356832	0.3905868017264027	0.20871128190665952
	0.34745110095580783	0.643048762365108	0.3641446233824549	0.29078876711467655
0.15383578509257442	0.32357056810223694	0.17969472611776552	0.36593237061893935	0.39657007608628003
0.3354862656547759	0.16120708729109773	0.3655997377420992	0.28627459344516204	0.19340168393909069
0.4993361722615358	0.1029351297922046	0.257550821897681	0.033034113727527105	0.09836499038633228
0.06327905849517892	0.1233815735779147	0.11000079661047563	0.09412202398682497	0.19330572579150374
0.15412154634491856	0.49245754386694524	0.12389562324344411	0.16762411827982954	0.24843936671032968
0.0783635740679121	0.49612415109804975	0.2597813096114781	0.24264591587896261	0.17140072712592172
0.4729862861379145	0.5153165573427586	0.04385583826508328	0.367960937093493	0.3379784043713909
0.2361451629664165	0.08934975201328185	0.032483541361495526	0.4123356570679531	0.22863656725404238
	0.7259667510584699	0.2471523841658449	0.22239376134333527	0.19512975769883922
0.5491502936839239	0.7167606726276509	0.32017579626101983	0.2582876808035181	0.2626145465225272
0.42066355255149807	0.27893863326657603	0.1032189196346354	0.5392072617873434	0.4990692321628794
0.3671010019862262	0.09733725775942273	0.31163511530290433	0.6498286788319433	0.07277899529986874
0.6409609846766229	0.20280236023835055	0.42332974743057583	0.1282518849738396	0.14540400020044963
0.47153619291630056	0.39092051022215213	0.17770926326992337	0.31425308872141783	0.3253435533784113
0.3184690900133946	0.3191336006464644	0.41465040267492875	0.5683470081223255	0.23212928621971343
0.4359409257173643	0.11849069142502891	0.2981075827988134	0.1686997768547991	0.4517458047799519
0.3575673985258654	0.3005157248593652	0.4148498359860876	0.1880261848312341	0.31119583998373096
0.1792868522963465	0.31255120454825963	0.13057793649890861	0.5420320817928053	0.7119859582762288
0.1210940079769665	0.5467250017113903	0.23137155733563353	0.21438476893865155	0.3922947468510486
0.2959785724244354	0.08036608081043217	0.3551728380261783	0.23570851014577376	0.11812273163288899
	0.2984279291469135	0.6179104456361098	0.4142898010137313	0.3103884420710214
0.47009742193548754	0.1992115957398833	0.2040303428050914	0.0989460361298011	0.14657868713735459
0.4713853443723415	0.34631612014248	0.2838945092407045	0.17114852554673632	0.3115225848984714
0.38268035855117366	0.19369336374272025	0.1313636248153906	0.2957210794260125	0.27258527178379766
0.32267893478021137	0.18275782008434419	0.21729121763382325	0.23776928215477725	0.09156692151764574
0.1584208562691477	0.33812006041472026	0.22843649521087278	0.2591566995452349	0.1035049857643238
0.41108337720222876	0.530499146095488	0.19331850987715224	0.36368042777188914	0.38760025504770973
0.39293377754558956	0.21047793934541878	0.2817622092978668	0.4926406186585659	0.23023699671765172
0.303370327234501	0.15453236440356805	0.5555986818744589	0.19452726454873684	0.05583175255146427
0.573936599990313	0.09636026626229371	0.13680723687646573	0.23372498788587442	0.14554573068987098
0.22572418186818094	0.3914797331236132	0.34674743833805544	0.28146296892145267	0.03517303202194409
0.4405110986350015	0.3738098258276117	0.14387638217984206	0.3390460958572616	0.3945512449007943
0.07997106651493122	0.283976905006436	0.27793097787909	0.6057033610832181	0.5385658856237919
0.6854976463279195	0.23423282786371716	0.23463035418510744	0.17146733491543997	0.3772010562485317
0.060964733775384486	0.49404441221383033	0.41443686109051847	0.29853167845354056	0.458384492254682
0.3585787294573202	0.22862048899494886	0.38605972182366655	0.3063329865155675	0.0841532721164381
0.024608466007239007	0.18086523796445791	0.6445348469871627	0.36408919530520706	0.4923459353462993
0.3482222290899169	0.3158999847254033	0.2441130737357414	0.6183609682720859	0.28320950733480255
0.06145043624633825	0.0890983966591139	0.3921419792069648	0.2643866413225625	0.1658007906974612
0.2986227080698423	0.16893147935661793	0.30031513795951037	0.5700434781167684	0.24065135887480416
0.3741659774621186	0.5842450377650736	0.3889305441675285	0.09599485984304244	0.6706647709040393
0.17705780607979404	0.21666594945781106	0.4432665204229399	0.3680792828664002	0.3072631332908259
	0.5292104324405127	0.1647618066717804	0.47184521146500563	0.21232208079401585
0.19080672433868592	0.1232314289847469	0.06738548518329761	0.351010104304903	0.24045627477358258
0.44304881954461095	0.6705794816070829	0.0765884552412281	0.362956836150927	0.023468374725711373
0.23336642999993273	0.13770523238078997	0.20527804530680688	0.2750424142654208	0.28872066811473096
0.19961624649255166	0.1987914041547004	0.23251214275464008	0.11743057198701888	0.0321738596516393
0.1292528013844184	0.053937556948318414	0.1551724026205548	0.23464694885539278	0.5069092175385781
0.3387396899079208	0.026374063069607896	0.38738314067762863	0.27193528374312886	0.5008060934017358
0.053968732671728754	0.3135307714015786	0.4228023645144158	0.18212165376373826	0.26327683815592273
0.2593029367791888	0.39435192540281355	0.23520404068358058	0.36593722738069073	0.33827879537310274
0.2414486374387796	0.6598355206510478	0.34212026385165	0.5527676938071181	0.18550751605262406
0.13534705015873202	0.1899996742724982	0.46993333550865457	0.7493504719093189	0.4580253053705801
0.1965590857692806	0.2577116106880627	0.09834203666968995	0.5419447436189729	0.35122175969253855
0.14559371551530728	0.26809569842483294	0.5259930003612786	0.08214429118926983	0.5926978348413461
0.09008555101991135	0.2126422499961375	0.0647575691419268	0.49122620254599975	0.5254544550189951
0.3928950346356779	0.34858807668547104	0.10989471698942421	0.4124696207834318	0.10639781113550544
0.08260863701409715	0.16733045904404467	0.2539957171213125	0.32232587833956544	0.17332936636288218
0.48517024389007607	0.20505784403468175	0.5280487636952103	0.5551080536289316	0.09154202708952823
0.8042179244943694	0.16544586951213197	0.4380939360634221	0.1460993488903132	0.0589249445206741
0.4724068517964436	0.1680717801944422	0.6495243334605639	0.6470621814566757	0.09809738160486958
0.173027389620719	0.1960652350817026	0.09437038652820288	0.2121431551189442	0.37136177303127743
0.13569353297722306	0.3321439513297804	0.2437083003618261	0.3392688381314826	0.0927080536319702
0.39485113536237487	0.2829932371411488	0.28841021248193327	0.39751853521190156	0.4202348748064055
0.06092028165922528	0.1817334721614705	0.4591698626512001	0.15430902400542607	0.20078717831500129
0.3240789894391019	0.3979133503389243	0.0681907776977813	0.019612258055093555	0.4929904359035942
0.1330576878667628	0.25544625313707486	0.18778083768183745	0.1532510314087851	0.11124610118317504
0.06417672654638353	0.2642995404326029	0.14708020114922346	0.24433621200921224	0.3616056992064529
0.15741382391448444	0.3864450694568337	0.5315516600527065	0.6025670072876271	0.3756935977067842
0.3733227106979608	0.4185023308154421	0.10464218565000401	0.30598891147095525	0.02804402962137037
0.1350026687718938	0.09406004098909017	0.3075381352410267	0.045862756712553875	0.1604403322783264
0.13012207426171277	0.08790805494599774	0.04628818141563699	0.19718338721340667	0.4270233122944638
0.03700379504917624	0.5923142979874456	0.1965514288773741	0.1120742835798856	0.5867353650958346
0.4044948795768263	0.1276342759442702	0.4732657140470655	0.29372067447511346	0.42761368109795905
0.03882415989605947	0.3161853657109897	0.30205080079532926	0.1078457719991493	0.16253776401283299
0.07783398747803567	0.4414305376116809	0.18332245132844713	0.46199410073791913	0.7315195304420332
0.6320908501802754	0.08182014023362041	0.26522053028988807	0.45452446837838917	0.09181845139569882
0.49507301038526913	0.3495519387598816	0.3120076865742222	0.2639129023733708	0.24725274623287194
0.14318283416164201	0.5518488335769485	0.17714138852094916	0.3525882871102463	0.316775531620436
0.10386472415040601	0.4683463454830054	0.2619923808684683	0.02853819054842887	0.15334240574430283
0.6702012016299842	0.3795560771663596	0.10209005354832662	0.22752713766382276	0.1660510500747131
0.38919070940821876	0.42157774774493806	0.18534074004287726	0.3071562871792828	0.36953281140243344
0.056669266303054265	0.11565148784399155	0.45858884370736364	0.2778842363269102	0.14116751281973194
	0.659668931593248	0.43494161014388777	0.19290337878115296	0.43271248973909393
0.5015218938082026	0.5638578177877918	0.18785809571659803	0.18756051555628878	0.4107463983913618
0.3158928592263001	0.32185856689132747	0.4634403344499664	0.13895517020791232	0.353726582412689
0.2707224403721539	0.10379738557320903	0.09293433893872145	0.16632547076515097	0.29339529411506915
0.09235360296714415	0.11775374808700811	0.1522790780823846	0.0639462791935839	0.33422594236644354
0.13956079641615077	0.3161289560940315	0.4057913931165694	0.20581136275455308	0.20808539048878244
0.13481682016154525	0.4689231003569481	0.2807327346489482	0.19217553725237527	0.4454647215471922
0.03683730861528048	0.41584352440781425	0.6821792287838372	0.34823658001060115	0.31742976579368337
0.455062210588428	0.3667246230942883	0.1658988160372491	0.43423328928569854	0.1166924851389577
0.37977201394824345	0.17868826025345133	0.506676872447548	0.38685988671341076	0.060004355610730885
0.5993298753974348	0.21077654538097132	0.6025107686063554	0.21556469222088875	0.3858445841419378
	0.2067279313347868	0.18145953802172085	0.22444122648143547	0.4876227045022044
0.15851236532649823	0.5063153755385953	0.33069078765367793	0.11240328471328989	0.12113135300481045
0.6741254348897653	0.33784892436469666	0.22730228478636277	0.5224932054168864	0.15297931656282077
0.08476940015172972	0.27053461391201006	0.3053362010868086	0.2864598299221675	0.1307486454581651
0.6929082023583569	0.09688553230591133	0.4173641040306116	0.3281264118168531	0.29926534002385435
0.4522238605522489	0.5431995516328625	0.6503239617893667	0.06833898441292824	0.1918849506055188
0.26487665105126174	0.549969359360447	0.2591729569979943	0.15106448649482515	0.381081370138665
0.25423782032116204	0.2048018933253137	0.4730069415241083	0.1143076981751366	0.19546225891166336
	0.27893643032817933	0.15900002079820091	0.577375407312929	0.1254054642521033
0.33746055149912546	0.20432522639502795	0.13637632669529928	0.2744779680632945	0.14845895954731672
0.3968198465276434	0.26189945392936037	0.3752989574218497	0.09348078297447288	0.20444635894997687
0.34485442004905403	0.33957943496668974	0.09998993101298345	0.31186269010546563	0.40816784466927325
0.3381791487212897	0.10121413783033541	0.1521094901478256	0.13255727152218452	0.29657150457958237
0.30973257065904214	0.1954275317805426	0.27465996558164046	0.5557788732050943	0.2765026633396058
0.4441032148475756	0.20786851413712598	0.5473845249687884	0.37828171762578805	0.1565043271015182
0.22936851905261735	0.15815334293144936	0.16450502788140822	0.2507728780629418	0.4331726922450315
0.19712361471325873	0.5640399653882145	0.19484410860861523	0.20511530697758054	0.23253039762255626
	0.3923212309945176	0.538451258294986	0.28481956760572014	0.09992670627595542
0.06474881575386526	0.17612613819031836	0.6768972675816399	0.3931344250958557	0.13506815807790193
0.20928938237699557	0.20221193510895813	0.38130524759565954	0.5591619687859141	0.20351490331149164
0.08088061204368124	0.3426965241886061	0.15598241909064609	0.5018044920020787	0.3715256504883865
0.19946777398552432	0.5084081502025832	0.26428563170849223	0.5254723701714987	0.05571725049550647
0.2899789318373206	0.11231801645993535	0.3063659173696162	0.09298638627820505	0.56892252779046
0.4024421529823344	0.45279557356332234	0.15294679745677692	0.6413643981894377	0.09704046074011248
0.1407041458023212	0.5355043919739475	0.5494806091895035	0.15026238577107712	0.38968433944306485
0.18523159309756226	0.5464557851026695	0.20124223291718327	0.038616663470711445	0.3725712806927247
0.2518855408526069	0.3715907371949959	0.37786268498984765	0.03059880810798668	0.6304197723550989
0.12150286410916536	0.3933663563775556	0.07080749288232269	0.37671654668494414	0.23202048425083002
0.2763350050998912	0.24726542924614575	0.4973006967891591	0.20474223392891897	0.29153308061797045
0.6412758911605364	0.14480829319346505	0.10968830911808267	0.13998170036952748	0.7108642618103107
0.32257240621774247	0.4001326616218822	0.3006716084569458	0.35508448147317706	0.2916342241622192
0.14265968625696215	0.46423581640521583	0.612350251324175	0.1955584806146339	0.21412920955465786
0.4629830393909096	0.46054988741005853	0.07262786952732551	0.3882760991722455	0.6733354488207985
0.09393646780729162	0.48994977746834784	0.17504876971116792	0.16761224787285134	0.094918374292074
0.3360105877390226	0.3079506389574759	0.11863257945919765	0.08279211641357871	0.3392914996371267
0.34646117170797647	0.2223680387785257	0.42666393889505555	0.4819731572876524	0.19298498887862145
0.1031157597495149	0.527549169633698	0.23658014098990876	0.13761010169851703	0.33064758999452304
	0.18040993292955715	0.18077760479755325	0.2191793550147825	0.37570913337220724
0.5863100995877947	0.5831722181451425	0.27617324355309575	0.3088410728305129	0.2519545392644687
	0.6337417230150084	0.09567055694404807	0.1418329617958765	0.28030009609662304
0.3935930339835255	0.4558382700041129	0.35682519902417564	0.2508788070486187	0.26416310959296907
0.29091444068449057	0.15826326452348582	0.07538242497096864	0.25173798209710185	0.599323448165533
0.2187808427452591	0.18736450622821785	0.03919379360874568	0.5973919027194109	0.4110777083288698
0.19285978731735215	0.33778022880549025	0.28872316312565327	0.44530511566699293	0.39058132771179055
	0.22530779211622567	0.3118252375435176	0.38505813507716136	0.01206128886660912
0.4515830244728964	0.34009698847539466	0.21510675252351677	0.35451473513292225	0.17318348492990082
0.07472808749384238	0.5263483768379006	0.5500081105093797	0.6445774612144978	0.12291375353664064
0.043198961688135966	0.029749852508788758	0.40036275007557065	0.14487328100374908	0.08170116375831875
0.08659509910957199	0.3421459074263204	0.5343119397824136	0.1416241603233935	0.23878914242479662
	0.6078566977106403	0.39925777540621665	0.40266833463199564	0.24872578201618947
0.15527423039649177	0.2209706750292024	0.1552310343531569	0.1273598988866418	0.15247618288134746
0.3268888639480157	0.15831057895194606	0.2136094463632027	0.29948282526017717	0.27041009858400433
0.5461487536859674	0.09805307733959784	0.10211205940734427	0.06303199619865961	0.5876241259924394
0.3478372374152764	0.23210680280179818	0.21083249494872913	0.31018013405111106	0.7193430626137951
0.3773515614737919	0.3922176844266741	0.208436224691007	0.15734562670267396	0.07447427506166122
0.20068910443171276	0.2867237071525759	0.5504452388846338	0.13590236224795363	0.18607451764480468
0.16049043407727848	0.3230198652569646	0.29087308844953974	0.5682335409543344	0.14987921772484558
0.43980392781391003	0.5626975749134849	0.0525837904144487	0.3077118965194027	0.09387236008280689
0.1786078612379219	0.664425161028575	0.18092534148515108	0.18950877361443622	0.27734590716152985
0.6267285509002638	0.2032860342810694	0.3468404195762138	0.21717118404263008	0.13257136050243284
0.222016173795923	0.34571715149832793	0.12297750379226437	0.36412773125516473	0.22641377717504757
	0.24853537240763585	0.4214218199007658	0.40870720391884174	0.20638409354161716
0.26785179406884924	0.41338456910317245	0.41847355581222506	0.23641263408799743	0.07101391891002125
0.11406495399600984	0.016139481316449444	0.04364700081887962	0.2507135603792946	0.44049085142582645
0.2380855987772887	0.3675012551741698	0.25740926912220813	0.2533045447307761	0.2023251743479779
0.23216725006512334	0.16769984295084264	0.5687022265369739	0.5690554935131363	0.31427793150811717
0.34661649877837125	0.34646539383136915	0.1822404140571189	0.0855571288058752	0.1397901905321812
0.22082021830071186	0.2828038496766419	0.3673583824796924	0.11949875786957743	0.46177619248776935
0.5485842477983347	0.27727218371497303	0.2182436901052747	0.2222796105994937	0.38301449493381967
0.45200837289942253	0.3242876271527457	0.3534338341751769	0.29271561317834854	0.2779230936593733
0.18221871111571739	0.3506517181970623	0.08727231232008414	0.6347429993631661	0.349636115545138
	0.3175037297621187	0.3886746876489994	0.45957825380828254	0.5336704722823552
0.09880354608880994	0.3472709508840155	0.5821237654771932	0.17686030880561276	0.3781078386417799
0.35230017741105696	0.19795248949907152	0.1622562254855105	0.5130787623877441	0.40718844749210437
0.04107155066548484	0.18441564447930628	0.22720597851749752	0.2618205552330557	0.47838668512622246
0.13776773744233142	0.3447583822742002	0.15473722136275317	0.11925721756327769	0.28189632077656734
0.2655733382939539	0.5457486972225649	0.22784907311351535	0.485560060739046	0.2536990931163749
0.13401200848572103	0.17154642949425647	0.3887054087627333	0.3535644021563052	0.2817576205144193
0.29776816340283485	0.08814620293783174	0.16018196450368358	0.3783091695294706	0.2628853093525904
0.19231625780850184	0.16190068926191015	0.3214247309123562	0.34863813115481934	0.2660784251309778
0.23787222883490677	0.45682060447035383	0.09800762843554865	0.3976723770321312	0.39911158380784434
0.25022003104972645	0.2864269603774977	0.16647029568848587	0.24042364540060077	0.0767945568050888
0.268679352931742	0.26292534424270436	0.1785156214423375	0.10562933936092025	0.36005969090472406
0.4438371122374518	0.1399182317940728	0.1599327622800159	0.11506469295482308	0.0834802471972755
0.14679886596683422	0.22997676226880034	0.5785225614031981	0.23047767586402945	0.15914889944772925
0.47482765320369574	0.204198039984797	0.31124445897615216	0.5274754041672842	0.17060013737062785
0.21482226444970137	0.1469472109988178	0.3036680751824832	0.2878424702238934	0.2434504733421562
0.23187413641243265	0.0941079279487605	0.5928940148204571	0.3650193077223715	0.2553811744912593
0.1766645218912658	0.10570383748737695	0.24801589511888505	0.2756329638898873	0.19541639913367886
0.33074949809900234	0.32284083571840844	0.16388476100174632	0.18247557852027527	0.470721125845444
0.08105605829906687	0.22846298337529994	0.45915334915709055	0.23091567301936322	0.20356428236681
0.33011548282475817	0.043478853616989666	0.17880154799841924	0.2970082265092805	0.14301076499418486
0.031792302009724195	0.2200594018502008	0.35921364945270173	0.23415101978860914	0.06464750503289728
0.2791463781476715	0.45259256062806746	0.03635575992192562	0.1324694651777903	0.34368197715472115
0.10371859440181722	0.4621505076875124	0.25012556161217936	0.1484816832234511	0.5942473199981335
0.12731364451478336	0.349597439136147	0.688280264474248	0.48030292489548	0.1915932542911361
0.26285772296303417	0.19390006047549976	0.5250748710281388	0.5038514901072461	0.273106893252307
0.25293319414937443	0.0955220894697834	0.24550560351276204	0.11511206438476207	0.13475973519543064
0.31892899558023197	0.3853969665876961	0.48711490023983706	0.25014805557339503	0.1430854919327099
0.3412407568647391	0.380348404933113	0.3092118895626875	0.31915695278935624	0.6255618153819918
0.4431037290186887	0.3114145697651396	0.40194209654585233	0.6391281138782013	0.24374921430457458
0.02312861838072983	0.27523414713100913	0.47016961877208546	0.11180842777446645	0.4589662252540346
0.04562550028755833	0.06147910855245594	0.05329268785073572	0.5398948455377243	0.12725209907939478
0.12900883763996202	0.33603789071083023	0.5725133739178659	0.3871349478905048	0.11958216905438644
0.17181040559433403	0.6261865722381579	0.1110083902308718	0.4737540808190766	0.23684935139571578
0.13188804653562472	0.2678768041510628	0.3228630372161911	0.5939501072072517	0.5060711401619421
0.3555354771108569	0.19105164251896845	0.3047342770931825	0.18170286754055637	0.06807736578375491
0.15650303204129534	0.2178947393673938	0.21892393799592377	0.05613035317656175	0.44719514566468094
	0.35279700716629003	0.3144909116204923	0.1171128094339571	0.049728983156264235
0.09407703218460198	0.4388834977871438	0.39858778088131136	0.1930926949073139	0.18078175624502105
0.3639185433934174	0.34592089683613575	0.16195713266238496	0.08495467637919896	0.23905492389892577
0.13324220804905723	0.12922898479019837	0.3513602896717257	0.0636313513931966	0.2815882875555398
0.4607103749374868	0.2244084014014165	0.23830816310245095	0.19639286196383413	0.5263261286939721
0.10773760909679439	0.29165309775638115	0.18956623574842815	0.3195654581769481	0.39611403692598274
0.12116999786202153	0.45433683362982236	0.1868243069435741	0.18496742012837575	0.36762085591824295
0.4549275146752996	0.0956173786673886	0.49823736770725663	0.13767510745465075	0.5813186309436232
0.20854265398132024	0.28342297043308556	0.049540115217478475	0.4468958416361089	0.10447063932820665
0.5285646709148089	0.22657980848425588	0.3161294168977664	0.1814242491288428	0.2415747667557231
0.4239181794259341	0.5608705934843925	0.11037999924566891	0.24172876237303895	0.08293555719028636
	0.46040664792550495	0.45735580515539975	0.10209696054629434	0.46878495616269017
0.49658976425916934	0.30951836907058655	0.11505458555549114	0.5590679746507791	0.2702193114894963
0.3714976035041164	0.31305400790952626	0.38939276271688816	0.5043171350952539	0.21103676723366202
0.2980903376808137	0.30785937722150697	0.22726500176064315	0.4023931174262164	0.3674344726118755
0.5511682671934975	0.27481265926919585	0.2573979226038445	0.13581444054952596	0.5626258465831353
0.2011261223498856	0.052098831812832425	0.31087439059216965	0.31130217949461425	0.3240568497733525
0.23523231043052595	0.701281308619124	0.2756005095220865	0.29514090033213947	0.09290570056881339
0.6505239699345305	0.23645474915037337	0.4819175554767289	0.26589692126720915	0.442456864926397
0.1708726499855329	0.3012375403524469	0.22226860833571985	0.20959528482138096	0.37517018647235123
0.18118277371423086	0.0359760165656178	0.24484214555519304	0.1804808763980609	0.12581630159050985
0.13311454054096267	0.5844233215184158	0.18011125750971654	0.24685397583560958	0.4196870448343966
0.4052280750180882	0.5049349685922488	0.07526977587745476	0.1982202560961523	0.3711237310028551
0.667214571883257	0.3862002898791353	0.31489715738311325	0.2850742662330974	0.31076544118653315
0.17729775101424744	0.22578372569037325	0.21922348627976726	0.40443573943851463	0.07490677334018923
0.1381003779444318	0.2524520028734682	0.23815903225322615	0.339809866924234	0.4372668388248449
0.2113168214723093	0.3620719113068503	0.37442375611152257	0.11078663935603981	0.32441898121191043
0.21942010689792596	0.21645411645893453	0.7383376156815404	0.26968632922306934	0.5646391187047581
0.23433122831375086	0.1045076580926937	0.24930646471567885	0.3457660043564296	0.14053739518325403
	0.753503814598802	0.4329917050634988	0.21137355020966486	0.09573558466585462
0.21700028221433068	0.34180465501416396	0.4890213577357323	0.42278111484973147	0.42531994137172713
0.21869592400558682	0.2775392355594613	0.2983692764171795	0.43637969223336864	0.29454326851076873
0.12933776792544655	0.3311622016694641	0.5399846206883672	0.18091183951988613	0.3042087526846573
0.15123418017575996	0.2786023142728881	0.2907602334614842	0.03065326189504936	0.5587249432276863
0.35260573947561996	0.26368634544759717	0.4618208807037796	0.3033158130750777	0.054137029317435977
	0.13485373522147204	0.3773290233706639	0.22210584153384702	0.17591349474472887
0.1533875651078398	0.09649912311793515	0.5399299413874459	0.6304820654091892	0.3992432184497092
0.21303557009518434	0.18407810665870886	0.27919197055367706	0.16780576155251076	0.13583243445487095
0.10498291895597042	0.23770429000414678	0.33000264823928127	0.5799349262234768	0.06095657629484596
0.4670840185371767	0.2932506391000149	0.1298633984076087	0.3108334202510596	0.13659915512967682
0.23977405471159838	0.19983545458828453	0.3860549739989032	0.2839099548157253	0.12380210545159258
	0.2836271442056441	0.19336014100853022	0.5128969455335505	0.36748384563047787
0.4723490001702636	0.10346536804316778	0.18599349899506365	0.0927771360468881	0.2599645916590838
	0.39973635351723813	0.20251357098005537	0.13361991973545517	0.21123033644117442
0.172364372158528	0.35810430386389963	0.17128659614059502	0.20786707102442828	0.07564013928511977
0.23236303165747033	0.1436497174267932	0.25191114220143324	0.5272620228423108	0.5453423599188296
0.21228079146500378	0.4871864077262752	0.34424718668471166	0.28836798535149033	0.14963842258362126
	0.2589990802794887	0.49070786304394426	0.249573159844565	0.2008908660341008
0.392834308452632	0.2506263789932235	0.5841198501096259	0.40692794066380295	0.31242457652673145
0.1376167883285167	0.13492690915703262	0.5828959554502621	0.5124493677009776	0.28911078525062267
0.07156834576243148	0.016001473434107235	0.25365126415990824	0.10071712318197018	0.37583911843263934
0.3234500943928348	0.24095010887590884	0.46346652871904526	0.08216627854978427	0.2310537891414472
0.0965979319405248	0.39300751872552236	0.1289868968749087	0.16000222488824065	0.23601837317378505
0.4894431073254541	0.1390007296628254	0.329081523888468	0.32521757961031017	0.31988010146936935
	0.15035641455117138	0.7661123085554303	0.1659157111839605	0.4845850602399247
0.11718357561392123	0.24674248725652154	0.2952418075804982	0.5225056504453697	0.21915061335434383
0.11162470684016376	0.5153091559912605	0.11920609251485315	0.5425777390884109	0.33505395122387954
0.07827593104476804	0.285545338214028	0.243734735095723	0.3725609656616775	0.41687261915164375
0.1939503053608152	0.21111059181107217	0.2541228724512422	0.16361937974388724	0.3640542330021114
0.3812076929641255	0.680148454104875	0.23662325276218965	0.1462535012296447	0.15418923880674004
0.10242835607662779	0.44893621228842245	0.05568500389925035	0.35074994828078837	0.23981288139240886
0.2834603662619567	0.2259898172684789	0.4627340120083211	0.3620246766208732	0.15663632091152754
0.4126039730982356	0.054168147446742414	0.20269896266280676	0.22948234093108805	0.4208157843796973
0.5949267411713985	0.5284269116572454	0.2570128243712419	0.1909000033544871	0.3392594474884686
0.5253152726177451	0.2772659305995595	0.14035369191007058	0.11463062273493162	0.5814529492658057
0.49504943160400516	0.26013515078084104	0.114058329292892	0.5130314535942958	0.19054219591364674
0.033330387274346604	0.32488349522041843	0.4542320651464216	0.3970280001438195	0.302800074024456
0.4613527695742433	0.563658646666962	0.22512477265731004	0.2502261486686975	0.1589762007030017
0.21559320199256074	0.12914743702616982	0.12344774036000067	0.2868457452353208	0.22599293672381016
0.5400774215023408	0.22537575779299154	0.21404899374175582	0.16919116577787444	0.3521805904412022
0.05606799045918767	0.20281290468734586	0.39973003787129274	0.11099723957000127	0.5372559578621937
0.10067327395371209	0.06473914325632882	0.4635340950483617	0.11044327205930496	0.15572829062436452
0.1513655941237973	0.5688821143370096	0.06914796031299805	0.2029165933973839	0.41360737813128967
	0.29852403959510737	0.3605800505133051	0.17174224384776884	0.5130679877155664
0.25369528096406346	0.4220893393397355	0.1967070643554762	0.2602166989812337	0.09425794443242351
0.5606044646007072	0.20296338627649485	0.21119619258850658	0.29280329978091957	0.13298998721057334
0.050089051556642984	0.2653531019035324	0.22799964165941503	0.4516144067661066	0.6313573979409777
0.3433779597208003	0.3254516797188666	0.18960994687051244	0.11650056516322602	0.24042054425841813
0.37671869520426865	0.5580206942472218	0.14827768541543263	0.14875592375658897	0.17314922196966714
0.1400579831213836	0.4292023933237244	0.665237859787722	0.35044657907421173	0.4056845263044825
0.17121924630962812	0.1987287136789359	0.3466376791401304	0.3032779854555909	0.08129463411788485
0.21636296051005496	0.1435472100045489	0.24747389667738834	0.14583583792563504	0.26124998549595496
0.20475834877090643	0.6605043790419206	0.43721260284470603	0.19478903725228566	0.18948532395094406
0.2729941354567772	0.02995789220215626	0.4637535266678918	0.1557724574784702	0.10418249420786847
	0.46570893792539525	0.14330616996810103	0.18921762556588687	0.14843605745124297
0.1442557236830057	0.2838274859359193	0.0965995246602656	0.10227382349834667	0.4848729922580107
0.1162005932407726	0.1958153384438883	0.17305490054278128	0.06871357085067854	0.21793370736756665
0.09934221892478148	0.4894671968236812	0.2191902770779988	0.3469254253375688	0.2397544583297825
0.029740673222823977	0.37094272635855935	0.3397771992457253	0.24565448983536475	0.3589126457348723
0.20263269026092837	0.29991107430842817	0.28970173042998837	0.2872117676337094	0.41938573765093157
0.2511917150996316	0.027505624095795104	0.19764178072414354	0.26319641006767	0.4456506539252297
0.12293071835003203	0.4114651305832126	0.3394302391535141	0.16269252734339343	0.5824903991157511
0.32809715091639957	0.5444741328553331	0.32460585889555027	0.4460609998204455	0.3774561094299736
0.5004712128874564	0.2542492057255865	0.28271547112063156	0.6810313664503015	0.24461118076293134
0.3145155174996395	0.14938335658664006	0.5739311726985576	0.4327557314748404	0.4375722135163245
0.3814110927411812	0.33088712079766525	0.32299098713587027	0.20859338567297528	0.4281996511401535
0.14238443155106525	0.1790176379722502	0.06097886465838572	0.3114754264855496	0.12115373305085723
0.6156436568469638	0.15731260481763185	0.15598782581966678	0.3192464788716238	0.3077275732043614
0.11462454966478267	0.43655005488436976	0.01448136522398347	0.13791995447907757	0.5776516616239811
0.35236042317981975	0.2096300007537473	0.220640082199468	0.1550125689360704	0.7124775864858655
0.04110280345122065	0.3735924938284274	0.3979974316051473	0.32866348771974463	0.4716024876093896
0.027365049381790057	0.12858244884039066	0.44983868124764315	0.14742592452578338	0.3212153252452712
0.36722230660441924	0.45270800617091167	0.3143291308083067	0.16913778443145985	0.6390626857362628
	0.36361598872439527	0.3569498017322873	0.1009408307246185	0.4067191795367581
0.3477443608967203	0.10944108080458738	0.6302034180253326	0.6229751038731512	0.5258789004368204
0.06149295550839503	0.3618310014758476	0.11207957728349534	0.26123272299086575	0.3043269410740192
0.49375323418846956	0.6311581823426022	0.3128025791646137	0.7266252241059871	0.3530287617309715
0.3776375467159257	0.24285069026763223	0.08771371585808233	0.4808162679041385	0.4468490300775153
0.6057744209405879	0.4210473648194268	0.2998888868252243	0.7247890722737061	0.09703384510460814
0.44573144767428535	0.11987657812108554	0.03129087259124427	0.35849256575913674	0.0647337231775956
0.4333970823138998	0.5905456558557521	0.19830157301489607	0.07479241768345538	0.022162349733233624
0.11445248874161201	0.168138209185646	0.2843019263662302	0.111067229078461	0.2394171063780977
0.23444771838728518	0.18942825174667646	0.2685853430587512	0.17893250371449118	0.168591529828674
0.04619302593756607	0.1946995083308841	0.24315734695086968	0.15902733533042557	0.449000391989087
0.1199190052286895	0.4239776773949858	0.42704041109657437	0.2106382812216834	0.3253555594289877
0.27742819975731103	0.10572442168148681	0.45987115715287524	0.2168735982643495	0.3653948657425041
	0.37473626445181846	0.35029427503569516	0.5489393199925664	0.367717014498815
0.1544123619054432	0.13394156994892142	0.4708373139345429	0.4189564829157998	0.21196008302632402
0.07597072602252321	0.3617744696281109	0.23104021820407886	0.18958581774260902	0.1788344997482508
0.24555772270825615	0.1819146092032023	0.17187222557312776	0.33167579522892066	0.10640822580467237
0.5447823162446136	0.14233528411299912	0.1563187889160393	0.2808347426004855	0.23876206494683466
0.16120588190344654	0.3014541171811072	0.37765745725457744	0.41773681186909256	0.4115083828277551
0.31980455779440053	0.46456594842738685	0.25452876683141146	0.40218887709473794	0.20249802512337112
0.35528399612671835	0.05833259271785763	0.4732836890616341	0.7612401426397432	0.031979267114128435
0.1597532769982348	0.02469598190107944	0.06990569703618821	0.21336489466453654	0.0488643389155516
0.17423578645398977	0.20027427814421436	0.1340180398026864	0.1972116409723733	0.24617549653111365
0.23779955001190548	0.08889545321081899	0.5003774293280053	0.49453486752118386	0.6849744965875839
0.41392211938563006	0.5229499906002529	0.21627342987969145	0.17987089571402085	0.27674051182917936
0.19214739165434477	0.16344241992092715	0.40595636257273515	0.4857161600398547	0.5755953768843242
0.3950990276086597	0.3631348527738909	0.28270016542079934	0.2088119763195758	0.393562847671916
0.1741104443931345	0.2250626050110092	0.25161246372802776	0.1329853282349223	0.2863089092397608
0.12436119374743883	0.29625529512196636	0.3613829015604195	0.6545642651738115	0.5039618999454544
0.10347497766240257	0.11985965144212742	0.46609110356956107	0.13364212681388837	0.29670755621850614
0.14051358205683934	0.2881625678598309	0.4900301420812854	0.5052231461705705	0.1623583040596584
0.2674726436955262	0.21747777455457987	0.2793657758761473	0.25651664724220014	0.3098407675280607
0.546532551040066	0.21160380618158497	0.2735075975681106	0.07088749179375413	0.25736858203765833
0.42511869656018475	0.5168538875182658	0.2929469179916761	0.1763733971429916	0.7039133657213734
0.2995262066545053	0.051159669808695164	0.19883040786842804	0.3553477216450689	0.3843785308561489
0.2681266369926882	0.38469557223696604	0.3077683667462574	0.20201641715471455	0.09071654773171428
	0.3268925960890293	0.6128243634784089	0.12311209301380766	0.250185686154861
0.06631230172582413	0.2780144143776113	0.3260757224716795	0.4549676427704901	0.24566674126871585
0.2739261377365145	0.6548658127533755	0.3633323806595247	0.2503567988697431	0.1588571432804719
	0.2995996483667547	0.13993695935999081	0.11679685622759783	0.23830810496466337
0.2066526005124195	0.23208355454356733	0.2770806107038327	0.5041465861902356	0.505935478903272
0.31166401981425434	0.11077173250877076	0.43371103637767194	0.20075082222298557	0.3906954057542649
0.2385698578542604	0.3391254443612819	0.3554886902030098	0.26847208574583653	0.41723471315915117
0.686749596865562	0.0809864786593651	0.21877846907373652	0.1869989715977809	0.3153566213667008
0.26278773736219685	0.18944738794873003	0.40296611383053194	0.1460333386746503	0.36072848020794207
0.3233426498869951	0.09275483544674956	0.22969541617370867	0.4487370177662443	0.2970600121581368
0.3582762307632476	0.17967797051330545	0.2180919364935177	0.30965068592459805	0.29343581689537535
0.11035937439189554	0.20097625678239248	0.21409489435614212	0.5839584390513233	0.23184105616893985
0.25042992712088263	0.3148488321085587	0.13459097600386238	0.05418847200508225	0.18851743466233828
0.026647784430894102	0.16513958956203462	0.26272696542884005	0.5185288235982499	0.08083808241753065
0.18593183661672888	0.4444382812939704	0.06725229500760876	0.11765933782665977	0.14486794057916913
0.35282394055316835	0.1684060296431648	0.20725606830211904	0.3739847358582455	0.5400986774235289
0.16625993146692475	0.6054763161706023	0.05976542309036862	0.35466110891567365	0.3567721334186194
0.27921182321825694	0.17880776103044982	0.11856513489696129	0.14247651149885132	0.0933284910867805
	0.43118775769018713	0.29043019275712234	0.31104280385431804	0.5073282938767016
0.492277899041687	0.5270582422556142	0.15501842864569504	0.23029225658244507	0.19449591635184513
0.4775116384450183	0.33233837015577145	0.655778900012751	0.26557906598051956	0.306895137748094
0.1438425216651661	0.17308303908503914	0.21187908204497613	0.39604864811926177	0.21533040261709466
0.1231882215653916	0.15592109716475364	0.22528452100472007	0.21226679405907722	0.04696481054133331
0.5975045866046618	0.52663530032263	0.32303667735557234	0.20556312362524137	0.2992658562384753
0.3860246630708071	0.2125069878183286	0.25019655155625975	0.11185263173902354	0.6817972238240481
0.2878247097628056	0.3038881022453298	0.2177761355283943	0.5216098607767441	0.19909671000357781
0.23503326175297423	0.2658712684376029	0.33350348432558097	0.43404306731655506	0.2032294248838975
0.10298712668757927	0.3658591246346652	0.4486054446490083	0.18958411351593668	0.4256606567737391
0.0869096010969654	0.15480072216647886	0.2413459337178372	0.48725498460262806	0.4276476125007584
	0.39285994492651954	0.1662081311596662	0.35409404308342773	0.03492302640500554
0.2491209218480563	0.5343220015438652	0.22718099768953715	0.26398785830653654	0.28371248164786705
0.2830617501895505	0.2688555189874662	0.24375488232961096	0.5771745779878508	0.19387060032583536
0.4624476857418991	0.05407443173434356	0.42924889804417904	0.3589085585723302	0.29913208502693256
0.588619475561901	0.12638027626412132	0.20803729789419578	0.20876436592243275	0.15158984839108453
0.4730315664807205	0.18611809036449348	0.46708447270623293	0.5209650324299433	0.11531375491049238
0.17056772645603765	0.2729414003178427	0.2854424526492045	0.25105337370807107	0.19720201963935174
0.06899256090296217	0.09465255783274044	0.2511426617870654	0.166251216059618	0.3463104438321983
0.1601988333375021	0.3925448388619404	0.44518549674461555	0.2297810290863628	0.2657895800564484
0.3492548322803509	0.37001376637044986	0.13879073186528398	0.17647903492408468	0.46898035381569353
0.05537543299683207	0.30539793595061776	0.35239369932224723	0.18757253888687345	0.3932560293785649
0.2527751827820696	0.17826839385456725	0.1908538624731765	0.13239441030604115	0.1734447818894328
0.3038380446105677	0.3773535995798468	0.4627069193287197	0.13818388792272876	0.15117010169887482
0.17838812455327915	0.32349096461573135	0.3169148524215962	0.6470897536705769	0.17059350776096932
0.2240614546248437	0.17489175082896635	0.19710425386740738	0.6414609670559573	0.36140587021669796
0.07663620884113459	0.23256034692464456	0.4128333695098422	0.05776255446910178	0.5751110556265714
0.7091148069162571	0.14189723551924083	0.30677754425908077	0.1938605359346785	0.18655185800455978
0.49954320730872104	0.23269346169437724	0.11940298878584055	0.27822773058960315	0.2820292889212683
0.1992992100263779	0.16950957869719277	0.40907992374232094	0.20184509064484038	0.2451197934167557
0.24373040405352492	0.3362424105163781	0.368348547701301	0.028438696536500406	0.7027824011481062
	0.26349141459110664	0.34660630322721275	0.396512566464504	0.1885329397785073
0.15154736263036703	0.17739363815930675	0.026229313447334614	0.1421654541809655	0.3116726400325316
0.36468198049271844	0.2826167348003487	0.3273125421616459	0.2547348084523448	0.25609170278544147
	0.5288501075054405	0.3532150829319278	0.15557108261395367	0.27009126414567863
0.0763775909340197	0.3992796137383743	0.4968067846955281	0.12572580483019088	0.2489176516114961
0.037682549709735225	0.03603408834564572	0.06990836053062238	0.03926688527981199	0.06860862831766797
0.22889728649935226	0.05325948043889877	0.2387450299452109	0.07073312001968282	0.10486577502621248
0.35019458483050553	0.15141576512003024	0.19183389800476766	0.41954383988116994	0.15635013109296447
0.34522264314261947	0.4064807748528329	0.12119362636268752	0.28083937157706246	0.022014556779172575
0.13843849204376465	0.3846318956739053	0.6510286466881	0.18166446011262902	0.03815772955096236
0.3458326444603647	0.36339261460274047	0.4077890600878545	0.32738058625943595	0.2708925505440654
0.09056887985310051	0.16743840702218993	0.39554146236652266	0.0851806180414456	0.4009122982489141
0.3109342066300575	0.4311241900979875	0.5792328673842427	0.1353139130525009	0.44791666018529275
0.22090939176775184	0.12320625097538883	0.23348785040840156	0.4209884208020879	0.12894425667873222
0.13590347142889012	0.0672058765873308	0.25855733267911607	0.20225203519893983	0.597879539622757
0.0956567696126871	0.19199778116290978	0.2927004613191954	0.033571733893825714	0.00638843734469766
0.1378784867880183	0.44124971420652864	0.17164476169033666	0.3246846688236318	0.08535680906269694
0.15001469944329976	0.156361533424791	0.09995648699294607	0.06800193282352358	0.24104929984532328
0.18256222989725945	0.7732953630965176	0.25307388005185943	0.12212733935544708	0.6403862997868452
0.3215198399240419	0.16595802995684839	0.29727015035291654	0.4351197844115327	0.4632301137776617
	0.41659337132678764	0.6460566460420171	0.31365899135687314	0.3198050363659106
0.22176793798085	0.23146075772957692	0.08359778392846022	0.47492430865304164	0.37825189771686246
0.33536638007194064	0.3428152955456124	0.43800310767069367	0.6449951210098545	0.5466492120094586
0.3317893635721413	0.04352612449265044	0.009422636072003986	0.327219947500784	0.5120971862284052
0.07180216424063582	0.3011065855793878	0.48177959509144697	0.4653157165768063	0.08881678377816528
	0.2620856746856139	0.23462224506873874	0.41528687197318953	0.10316845682825009
0.22059569429979725	0.20898244640554933	0.10336878391111136	0.49830070145201244	0.06040794145733118
0.15864057973463164	0.460753945176458	0.00798109999842899	0.5645381314696619	0.40464160760834467
0.1760440415002961	0.5355261190278344	0.1775152657317109	0.22588707194459007	0.18548224344768433
0.30575756478961946	0.1622325125528885	0.6047492509660832	0.2698304041007941	0.12576756445031545
0.13862150268129772	0.2247034453276584	0.3744475753786581	0.575556721388182	0.20207461866814846
0.14561844746386096	0.4074401303368708	0.2613295100310594	0.07804455075483678	0.28775213339091643
0.29293913522919485	0.4530207135817747	0.5177432768870851	0.2894972807938112	0.15073368936135298
0.34636707358259844	0.36813771961663494	0.42376148461733215	0.45052327705521217	0.4305412685381918
0.5573458471502597	0.253960525547974	0.21633120829758712	0.2834908957934951	0.64640824343916
0.3886094985576257	0.25632792837925905	0.17950637560765828	0.17589203011229138	0.13277565313579764
0.18529753996035878	0.2931625858453436	0.4103001871469941	0.4369164021593997	0.3414714665633554
0.056149043568298314	0.07229898983648565	0.5700156137654379	0.06462226662980959	0.5287455235543173
0.12777705509478723	0.3274241392022958	0.09123255357241261	0.393131768155871	0.19624719749705083
0.47404301538630494	0.19815733834255703	0.29985138360683233	0.10693812567754157	0.46107077454531536
0.3709843975134858	0.39605874196031693	0.4478276849025844	0.1346481394345808	0.10792417694760126
0.28011647773389853	0.4595161964911702	0.2772784303522822	0.14336835454860447	0.1749385506259215
	0.2990415287923232	0.26879458447579735	0.2190082610257175	0.11994180598062076
0.27015464245645576	0.17013437991632158	0.23062390749672118	0.3517939548924134	0.6561497035841365
0.20483482698522637	0.4965087375959576	0.4022818069167069	0.2153469339592592	0.1775883564273771
0.5543296747076705	0.508451864966357	0.3324199558671076	0.3635235488911493	0.06581510170687292
0.3997171985521638	0.33766537418080345	0.4936241971498921	0.4846949528425656	0.060685110849329794
0.29920717709167755	0.5069148077584206	0.4526681108600893	0.22485879374936707	0.15367840843896766
0.20379221849700743	0.2785790454547845	0.07016787422812962	0.4491339323838751	0.1939834457002199
	0.5562432182947014	0.12446831022206792	0.2722361205187302	0.5254018140234771
0.13316584427008754	0.38223151894752055	0.22656892775871185	0.37200493407928814	0.2615061098118487
0.42252883341309966	0.29259406332742877	0.14321326130983594	0.08021404182470737	0.273179404943061
0.27701242736225423	0.5042247309913976	0.3227303972986444	0.16515340226604514	0.24816255271784546
0.2440023048356517	0.13682056158057848	0.19197096237121258	0.19506290532158163	0.4498121191022439
0.04472966720793782	0.4536028678237883	0.2848743783786614	0.40349174869969506	0.05739585868127498
0.4548612304708143	0.1802585349671905	0.29442745803497977	0.13983242599275805	0.13903215562419707
0.23463010992452188	0.25998706253185916	0.14259828501051847	0.22502942658444597	0.6515128794336906
0.166049020265156	0.35996539819662415	0.12317819734855402	0.21200421613302875	0.1911471648004716
0.3735423594078066	0.5524271664636603	0.37323375496615674	0.49747665982124584	0.3717081284512181
0.16500021665834025	0.16796162930597422	0.3978716492112321	0.04867391369478001	0.08418990419953438
0.38370133005537405	0.1599689068245075	0.17005279193949224	0.2819988683179492	0.2198788145031795
0.159531534933165	0.08503425025035904	0.27075036925372503	0.251744247036489	0.3383497519161102
0.33109526839525116	0.6548973915601429	0.5691330151330841	0.20485653275013313	0.16088832248200172
0.4282886525895512	0.538946915047115	0.42808153086869305	0.3425878765714591	0.35314402608030243
0.21396660733997158	0.4607928057056439	0.2915225483221422	0.31466729104099594	0.5534903552921959
0.36134209699289005	0.3364160237234998	0.5172283385552308	0.33541534367625436	0.42854395380102844
0.262152102391265	0.19585190435519062	0.23864931235841946	0.3544793435855892	0.13248615601897298
0.09947500688519695	0.2845300910204562	0.3468689099763527	0.14179438037107975	0.15001389418122327
0.11836996600785454	0.2194192856705869	0.15853189047683142	0.17569649549908842	0.2055646913872598
0.12962517882101368	0.42957575998505537	0.27102651116045606	0.7153709442693044	0.3209689720165046
	0.18838955883319353	0.29946356483129954	0.33542037489652593	0.10334328351948793
	0.21787129736429586	0.1777998531146633	0.22477567885403893	0.1485583746421821
0.14709902361665486	0.15558300389150295	0.8430818140005572	0.22426873576954223	0.05948748828167108
0.22566796335092976	0.078780299668685	0.4064868987009466	0.05362345398800401	0.10513584229361835
0.100504923055953	0.18893066673600173	0.46177761474958956	0.6703277042451005	0.2870123430730168
0.14992414394248857	0.1980196755892215	0.3636245754110043	0.3276517638906982	0.37304688792762875
0.41034418316571714	0.13396228420491219	0.025791072719145006	0.3927164974821632	0.6348389566836216
0.8130930097423145	0.6484049666184726	0.07680564283616223	0.1971543824997858	0.17407369132604547
0.45893719709978464	0.20113031865464034	0.3983208748077291	0.302023886325641	0.12098784365478893
0.374782714257397	0.06885370595123151	0.36306538836565355	0.2973288077912043	0.11941219546231559
0.4005690490799673	0.03643900008538733	0.399808197613851	0.06563909736268206	0.2188220882180126
0.5790877207027587	0.32731850040978017	0.24556954135425824	0.4341853709505923	0.29004831322990543
0.5072228054951993	0.09481612273464117	0.27285838492263526	0.25200378577524746	0.22930511233640838
0.6334635514229521	0.21823878655160817	0.25104779570761543	0.4960487162901942	0.47785047900178207
	0.24863323443154076	0.3548277493828094	0.6733515190600927	0.22981985619346107
0.24062090789446358	0.20331391011533348	0.054429053490438924	0.2541915715088633	0.40069471681019564
0.07826617160767459	0.3852561551673919	0.194100088110824	0.033223581964814675	0.13821296061753505
0.039429234912514925	0.024462079775887276	0.31677662574922694	0.3294744903616767	0.22321523338724983
0.5748794888506079	0.2465901910975582	0.49663329823780417	0.22827473601402695	0.5333213571830268
0.2746258410974748	0.16163549265832367	0.4307829449747919	0.5532725526625084	0.12835804842676182
0.1490436001531059	0.300464282580404	0.37182581259579445	0.07271686339931582	0.23559869386167745
0.1719015755097506	0.03305889699211402	0.31257959962958654	0.1552693338695934	0.3723407125661198
	0.6099770735858904	0.09767231473183957	0.4260426846816278	0.152205049164683
0.5196122132412531	0.04353372933248718	0.3103515705496486	0.23607934892961985	0.41041481662974527
0.5731258552898909	0.33126778695829057	0.13006772484195975	0.5502052432608197	0.2932056905988958
0.07787663372981835	0.3727800352472233	0.26833768717850365	0.30922554686061626	0.1607485169186209
0.4251053244888032	0.498587970229913	0.1698362274898386	0.4993457045540846	0.39596545436859726
0.1640755599018743	0.21021538677820673	0.48207745824290427	0.30637137443080964	0.4196685421646043
0.0701003809846176	0.5063511910538814	0.3295307818615472	0.2735638972017723	0.13637549204884483
0.11330482808275603	0.5268021967602281	0.2861695803064139	0.19177216464970748	0.31429160848226256
	0.5084011482036503	0.06846510048843131	0.15760875331438698	0.3502807521429405
	0.483599653860715	0.14653267425506683	0.38481989970440883	0.23112484495686175
0.06965389150770272	0.505562429422328	0.47953461594847124	0.5769770304248623	0.48102683047050543
0.4993124402060866	0.2697658985406537	0.20020743311441788	0.48303761243748033	0.23980730111399098
0.30678760414147555	0.01869725835598719	0.4504243467350613	0.2737223989696739	0.4482576497474268
0.7016245779179701	0.15877089250453538	0.1009036177310764	0.3721618455764971	0.20428989969347552
	0.5620199171365171	0.5027569481638828	0.06378440316791663	0.14256089041437955
	0.19657414211335794	0.09535342142524574	0.6495309933713113	0.34024583606775943
0.44670847995044494	0.07972318222017578	0.2407337481816573	0.27220088369064954	0.34181538120502597
0.3985600850640011	0.7926120210025855	0.3222430213044194	0.22109706134886248	0.25591316356842075
0.45619934366106885	0.03488546371239182	0.1952334714211922	0.30329592452913556	0.18384359620619425
	0.4820968564364964	0.6302389564177717	0.2677204429227675	0.2152253532394836
	0.4857981762307011	0.12365743993167841	0.15818206725226205	0.164702374110304
0.14168302587446305	0.21182402478981965	0.06861701253669956	0.2294512916015912	0.353499455571159
0.22088252372552705	0.17716327015711006	0.107818576366205	0.14236078082273002	0.3127824933912658
0.05234043026625672	0.12080288542425863	0.3428136273404746	0.2354229411552241	0.0947801987871947
0.28997778860550266	0.27309038833175725	0.210764757043403	0.19582550483984393	0.38003148335293685
0.3388005600628598	0.30873203307941904	0.4475035136432153	0.07334508703933983	0.38025388880214334
0.11223119333521094	0.5984778940681632	0.17334943076236178	0.15331584887313382	0.22326003440549455
0.02569591582214633	0.32274045834182247	0.16080503679898625	0.20878998452001063	0.07282163150172419
0.18173027408727854	0.044597804766168515	0.20132578183965036	0.2246584178650081	0.2997797288196824
0.28958178722360894	0.470617211388736	0.2730121801740095	0.30851994583876907	0.33890005225103653
0.1178632283468392	0.5843279919325207	0.20770924724532278	0.4921976093161579	0.22547926119472061
	0.2570766299500708	0.5047552230678998	0.3143379346772299	0.09172690917353722
0.369250329399246	0.10948127761583641	0.1465315788802709	0.056676686868199586	0.33049352122635095
0.09697087865259556	0.09551391788504109	0.18760694986255813	0.4173370894711558	0.2570726935355375
0.32769872482243767	0.1757895834030838	0.18800618835403404	0.1721762581931612	0.15875712216253712
0.13464016610648688	0.22499683408213597	0.2940000760550873	0.3459540347408171	0.1814186076714342
0.5423971153246757	0.49808591598053636	0.660890008882342	0.1580065309870212	0.42255997625298874
0.5076105480466736	0.2574207088616029	0.1095411005647276	0.1394365749222548	0.09018708673886912
0.3848473808069781	0.05210858395102786	0.326223883762299	0.0386846035574317	0.4277890090931466
0.5464455485382333	0.10241346235968578	0.20081350895986488	0.07075363773284797	0.04646197103904217
0.18893418077567267	0.6499570731152013	0.40585615092233157	0.27197231004397066	0.2581919256254163
0.2708856238598067	0.38554249347844044	0.11375147802302793	0.40413179780702807	0.3575081280859693
0.3439154045621215	0.29635785363874817	0.33317243039108646	0.0915863335314532	0.018816300098369643
0.4789326801646795	0.17903328741726304	0.5198058196698412	0.33932704817023873	0.26365316679853623
0.09640662311968692	0.19785886839519135	0.6312319192704785	0.1848810673341909	0.3413798543908377
0.4045497668458991	0.10629087181775945	0.19270142647412644	0.23170343409024982	0.06566478940076519
0.34359485527251105	0.18469240926589028	0.210255397529752	0.2798309401997158	0.18609459278788393
0.3172507311306776	0.3147455340663885	0.3273732990727668	0.10059791354863096	0.19786564222352546
	0.1490954673672759	0.11593303306790571	0.379717125671683	0.22523484394857213
0.3328698133979172	0.22134329801752317	0.02291870022432188	0.1424912793162215	0.22916894908072627
0.21750062799782496	0.18342500846129425	0.3286815217661904	0.10506139076701355	0.4034292022868663
0.2050379078100139	0.21437924969945737	0.21422018022280556	0.5544690256452262	0.31893229948051555
	0.25818865908651467	0.5955093890891483	0.5948250745467119	0.5948367976992067
0.17421107004948502	0.4856789093561689	0.2811362377298345	0.651774542597301	0.23731748166726682
0.41887501782329895	0.3321249176534645	0.4969031587279212	0.137434809330108	0.12121610461765726
0.3472531001491577	0.09985771146307054	0.16859499593363925	0.11721366768740209	0.30100539337222426
0.3449852686210149	0.4288808833419835	0.6808365489240172	0.19053779530575482	0.13428087619473164
0.01860133616414198	0.3248180568343886	0.2500237192451115	0.3052405481557531	0.29853954460250814
0.4524723035569174	0.553789256303389	0.3660835035693083	0.41020652804492963	0.31037522443407556
0.027021567015390238	0.2346589391415765	0.41297513072875924	0.5476439633931137	0.1347516189513572
0.8057805798849403	0.438318386360734	0.3680113766903748	0.0827828395812366	0.2992811570531874
0.4399445786661033	0.2715787551547246	0.2170379159810865	0.30383748780412145	0.4453760004545716
	0.18556421434551307	0.19867632319304082	0.20077258725954747	0.30580821316158363
0.3210091506205402	0.10529167178561394	0.1518296231233236	0.17280407458573158	0.3263733515202127
0.34931520560548873	0.3833017550301267	0.4389195638933239	0.24616636002523654	0.11705450509852365
0.21787114636299287	0.4988598579541007	0.17167193489685023	0.16354839876290128	0.35068622388643755
	0.44555702342712505	0.23139497186941727	0.0239211801289515	0.517087363632499
0.03025267093547408	0.04204378610849801	0.4292361862283528	0.2500017598724896	0.1320227188240781
0.11506180726037074	0.11904986318754206	0.3082119264656619	0.44304166782755017	0.19706577615772822
0.3916804118502996	0.18344196900343468	0.40540381639747075	0.1440659037457503	0.3796668910964187
0.48341431699078685	0.17050878375996253	0.28413214238637025	0.3069391583772102	0.3438936578661345
0.15878886282067878	0.20298716166430752	0.27432053027573433	0.1926286133988763	0.16250241778893193
0.32404188101490056	0.3201144581031433	0.27548347584561955	0.11232878979575363	0.5143815056041473
0.05790142729578161	0.2537568784133612	0.17522968065736855	0.11883145179491485	0.11116611108203589
0.2917282902983133	0.14006145297332417	0.1688195025900001	0.17046783218347583	0.2854884222352543
	0.5025023460383476	0.3063687394761166	0.23018912703648067	0.5305574076793075
0.2840007320161113	0.195939855993411	0.14993674942468302	0.3506020388909324	0.13265353532923913
	0.3311170878863938	0.1385423162124084	0.22722452400442997	0.4714005158317324
0.2875859789741994	0.2823209507789984	0.4380437783738142	0.09179092785198402	0.4036544382549683
0.3555662386925354	0.19099670042367956	0.531438424854521	0.3918401912289582	0.21481174375093504
0.18939545108171704	0.3402328923359593	0.384335100786642	0.385201792106891	0.1093555663486337
	0.6031459356006783	0.38712044797259676	0.17343837021229236	0.5380184630113403
0.3801852388191962	0.5834802548140295	0.21627867592684075	0.7472643459389909	0.2636840511857249
0.5552707797076676	0.34418548862301457	0.29533559353340055	0.217177623346335	0.30696462723609824
0.47304809755772614	0.21851255633966712	0.0445554576832006	0.026642338647949303	0.2014924789540599
0.5646925850617845	0.3571867227747117	0.18099677035236444	0.14390278120195982	0.11804958966310784
0.38814512525303396	0.39249220418391995	0.12483383965100357	0.2529700628304878	0.3723282115923142
	0.20927136445182346	0.5345529909374663	0.2536591081186373	0.22560042854453546
0.391868645467746	0.2759729354353809	0.17081685272664568	0.3847487698243506	0.1119742707962503
0.06447384292845708	0.344657604147744	0.06284687502405248	0.3610796996318297	0.4029294130124126
0.05982590331033071	0.1869398864389264	0.0606695329135212	0.027149814913690205	0.19489638091023637
0.28001635567531336	0.30897180817420894	0.27117553435456354	0.1432285938874019	0.5577723356773104
0.28128107610731523	0.2858102048259216	0.1736003408460819	0.5654170477112853	0.3981357006920929
0.23017697515428062	0.5967006754646385	0.24887750942664225	0.1274594267225747	0.18077951790191765
0.17303827260695015	0.4987897427660982	0.4119554446941611	0.1984609637416781	0.22013281906113372
	0.37585741204606615	0.12254557553825633	0.386075659193817	0.17409431474568068
	0.13387918266945434	0.023769711901849153	0.30766541555554916	0.1630386213245378
0.024651593235265525	0.22386655616767587	0.3597604293692999	0.38591540061482504	0.02449693719152487
0.43179571096672953	0.38458620797601295	0.27800036427883323	0.18367186159985033	0.5369274821947986
0.37272986882199044	0.39625014661828706	0.5365352031711202	0.224532409592152	0.04140787794717255
0.04387437247952675	0.07401177612376489	0.3259860659097156	0.21313373185795803	0.2518148574416287
0.3996084947196238	0.3395797236996248	0.3172229836601905	0.03533362825859882	0.13464813881390575
0.1145678115183698	0.05660235200925101	0.43066053037738095	0.11644372747713946	0.22320545137681383
0.04293892836673671	0.24313452809967157	0.5799194090531405	0.25141257925127947	0.3544864933243525
0.3688547335412647	0.6827187153304624	0.3306055296105682	0.18272258837998315	0.1655289812233407
0.1289145307933609	0.10394536773902488	0.25291609569849927	0.24268159891584523	0.3383965757497084
0.408880690016908	0.32937457866667985	0.2616562387735	0.02497308227587044	0.16256174492032438
0.031658203503846696	0.5734523953204679	0.4595453378798952	0.5494470694098421	0.17367987219044914
0.1801778788541755	0.2052043110675732	0.3939884986108436	0.23071516954302862	0.23042334462211247
0.13635000232798128	0.3147982946294629	0.056004765657928515	0.1855013397526269	0.11644978962238843
0.13877936494000892	0.27202938992319514	0.10577004027830517	0.2751517318993015	0.0896851574197452
0.6774244154957751	0.43518022477607554	0.46106649552570766	0.26916401035457566	0.04802439457023885
0.44718735696388334	0.060577704972096184	0.28244394424230884	0.19184411318848885	0.14287011034686337
0.17193667906782573	0.20796811094230763	0.11673995968555949	0.1649840223936863	0.3426268869948237
0.2931531679116976	0.21656080963278235	0.032279247393263336	0.18131967436730945	0.4270601450400262
0.29381821313222733	0.3567002422616336	0.007746053438395182	0.16651053608576802	0.4800444271872158
0.024747348716489162	0.2434151474121172	0.6912604511748003	0.1146145243024062	0.38132992662256854
0.29993018232248	0.22760084724490107	0.1462453384908661	0.22400685420895639	0.5020335193684791
0.3954427460734247	0.038701657038624514	0.6293800507339555	0.43471967912328824	0.23128039702527967
0.1631045247038316	0.2918019010522381	0.18824889904958497	0.5191377278593163	0.15181294758015884
0.3702230742997527	0.156259536671187	0.028128394357469992	0.32912452546048176	0.09424725692885924
0.18093668974633703	0.21917515291472583	0.21466514818750584	0.3278738521644589	0.23928635393271616
0.4849759688263392	0.6318567157430207	0.3654509302167691	0.15995646423189738	0.03230569791875585
0.20855196233775636	0.11886020326855384	0.34279014042181466	0.07702790532563632	0.24339960821806153
0.3813776530266212	0.346023674514923	0.3254080605913825	0.3837245393803328	0.31552875163523925
	0.2408897487463397	0.17321758382476352	0.0440451356233888	0.23917294087793267
0.46534267352211434	0.3923390809552403	0.49537654029463196	0.1587443433979903	0.11058519195610425
0.41399571048311673	0.4310238159632741	0.09440040732165016	0.01442777321047103	0.5195927047740737
	0.4018126526268378	0.5477049364628949	0.053423355900124155	0.10362344715580593
0.26404569818580814	0.5201370270002466	0.11654475537424802	0.26909202473449334	0.35006290702256626
0.35164123252415436	0.5015842862438011	0.1705688279581477	0.1703097459947893	0.5367831449983582
0.3332989981948308	0.23902433037032822	0.0380742267997775	0.06703690901680605	0.12480882604206928
0.2221427969793144	0.2624249998772896	0.3037934467268102	0.22967543826876863	0.12588332725391382
0.33211176364349526	0.37322059237059607	0.2370203421443402	0.7066268674769465	0.25281818969974135
0.05921432706999093	0.29750408356438945	0.6620418642743244	0.38169236564558956	0.17033554516867344
0.18027805952909204	0.5999118913451252	0.4715685225017637	0.49920751894289156	0.31761027299424965
0.310029551277615	0.567235153368607	0.40404055669227457	0.2588913711032141	0.2801985863155962
0.17067722661389262	0.022026723501044638	0.17493902057142707	0.12475726948112746	0.463576634343836
0.308967398487242	0.09990799180798866	0.22365963447034903	0.4414448798489985	0.12187532501558698
0.2252627726438805	0.15812605960254	0.1765413806494742	0.06140343557032279	0.3753773860234505
0.29015092202805187	0.3906699118598216	0.125223680016083	0.5548005007749846	0.2911194181109702
0.2075931332461574	0.28684769060339427	0.5948278606957705	0.4328485150770327	0.12589809474053307
0.6249706852879241	0.21372598422659558	0.25076258864390377	0.33117834609608876	0.3920381280316055
0.3723620452620348	0.22720634935741588	0.07337455096295997	0.10240752206857219	0.25083241662958333
0.18193862367777883	0.5120381098494249	0.5737032750967782	0.14439042944633373	0.2619405593538827
0.14473510474306475	0.05794199646274611	0.23792049491430842	0.24144790527704513	0.5790716381194013
0.3657691146169047	0.09833839805004464	0.39598490030642014	0.18192715860698758	0.29031989200894276
	0.3264036722209606	0.6129833854988268	0.3054252433989694	0.32915407986338435
0.08071050098228821	0.1428379396512247	0.17945677127163712	0.17613137321973238	0.3227491744308643
	0.406728160801496	0.39627296611961405	0.09853940708630173	0.6753364397911135
0.3881452813381032	0.2567045233084191	0.3829585851008789	0.3745766639928317	0.09111568104177216
0.420684442882811	0.24253946425121858	0.30911025113882346	0.21728242682993892	0.3864488182971975
0.31707458573687913	0.3735701840540699	0.1711693416165863	0.3024704333902546	0.1647485068115158
	0.08767791988668103	0.2548104228002708	0.513674514298417	0.10808445869488856
	0.5424864723548103	0.09912762470800722	0.16319018928134207	0.003936969692491037
	0.411739033776742	0.2823416897825571	0.1416166283987762	0.12955539007086214
0.19306437513578883	0.05395419537653251	0.008946728188191679	0.08040552234389542	0.32760939586460613
0.5677860647051087	0.1280259507899546	0.21113069596196396	0.30957602668815404	0.21088821757540432
0.16523540622940855	0.32577327912024817	0.5171180523582194	0.03231237587378033	0.39729915749408834
0.5915866766731905	0.3012057301590926	0.25337319432747213	0.2871623865683594	0.10398932783094517
0.4128979769498049	0.595313143268995	0.5865844198781425	0.2385070664635827	0.17675223239079546
0.4419612186846834	0.4926819295429123	0.10726242440168783	0.029129449398657737	0.3101641221234608
0.4208674079519049	0.17598925945489205	0.5547962044069983	0.15312936702872867	0.07029409086609689
	0.5002847241751883	0.1630221884663534	0.4987887621323874	0.44162093484192033
	0.22221741207776644	0.302803362422582	0.021139234961556067	0.19143126790752482
0.41206032851041663	0.664531056302432	0.09613447427297064	0.1918065071140804	0.34855205475916723
0.254538007526694	0.43169392895349856	0.34017011810205733	0.22333511123231806	0.22113776576343608
0.23405904900102104	0.19385411826450927	0.1540665004947398	0.25403083813081934	0.06408973925071516
0.2016336846970039	0.2554337781688914	0.3806144723019075	0.24990196302712664	0.1996317086805612
0.22309353981383703	0.07295078756043685	0.27856859668216327	0.16209004497071375	0.22878711818422715
0.09398222083344329	0.582083229949551	0.180042877691067	0.21115736511711927	0.16538569040817805
0.25653997903777875	0.23192935923669616	0.40953741093859747	0.51155635330426	0.12334629517129268
0.2769349134563526	0.3234743541168854	0.07741234663931351	0.06489622091402526	0.36158506608638075
0.18253607676346023	0.45091061342878835	0.4235459320768972	0.35801624185602066	0.563640899151864
0.04574614404412782	0.07139963828849184	0.2666510313753535	0.6553715302731119	0.2220809438613976
0.15732114316326748	0.2482680404453175	0.20293716860626793	0.44112948106454863	0.09716930209192635
0.224148747896004	0.4726906013513163	0.4353637168736506	0.4350930156827291	0.10469741566070702
0.37370481992167337	0.03975190881549835	0.6223594300354222	0.43103326288399163	0.18170208192643156
0.45671511298256695	0.04669576536224669	0.12070165274978371	0.41110683471355336	0.2427509580760096
0.3099970891006818	0.16925061245913695	0.20927936390380145	0.08382129876239235	0.06599188723766218
0.11035336181416587	0.27506764614504914	0.2787697754831565	0.09200808702554934	0.21633666940230334
0.45314770907070095	0.422755719946799	0.12407467174334341	0.25757368627061067	0.18539694463320552
0.1536127996313046	0.3437828787200111	0.16089139195937813	0.21615661910731437	0.2774777422299237
0.3999181531234591	0.4603614430950396	0.11228140382159026	0.07936645958758898	0.5034438817855122
0.45772958804215624	0.4409986564200165	0.11336628530568794	0.22496099887495666	0.5136277108088078
0.49829315133235136	0.5768228860475825	0.2626284206834035	0.37630992603900576	0.3162991615562701
0.5371086289771946	0.24008041278553136	0.2874687986408281	0.3105927361290909	0.13395768396001442
0.054245414828510106	0.45232134223354276	0.43966329614446265	0.3490169418579534	0.29150118301336486
0.07514435236490036	0.293247762361664	0.17698563728066422	0.2405711463878167	0.5101761801112773
0.08808349701434248	0.05672100707467407	0.48682223388049106	0.06553171027045845	0.2579160722167189
0.3696387586169599	0.45761761592314615	0.33851790223748357	0.4709014788573261	0.3072242379758689
0.1992952404948557	0.25219239508404095	0.43963086035328497	0.2603250935517379	0.43904810946060163
0.6360091651054041	0.4739777376722293	0.19929348344356385	0.655120971101792	0.30350653701882063
0.27423771288593096	0.27076006803991487	0.26645649669811794	0.13734774136342526	0.6620535330524655
0.07915994615061542	0.8090877217786993	0.12664189072575904	0.18764167794357567	0.5579463709635626
0.2635903169977154	0.20355931023344223	0.43532406120401906	0.23799724289629184	0.30006586731956786
0.24012924248630743	0.10523775284164544	0.06508701630677045	0.22063933960512613	0.13636570725510053
0.27651333933445127	0.43858512387328313	0.3582655372256892	0.4839030066771793	0.5835658732658984
0.37827363599983177	0.37739451397847834	0.15315114925305287	0.06965319736271805	0.13452928359299107
	0.40396735318772664	0.24943451728001317	0.1050112566114454	0.10095795784799036
0.4368141304060448	0.2338369137157762	0.06129899046182092	0.12931113431774743	0.7092350723533284
0.18921739402811294	0.3014188121350555	0.5623811921812284	0.2590004156778332	0.233575438779507
0.39888636368106917	0.12916045265704948	0.20546578143771446	0.5987916672598386	0.30859516852182123
0.23787820853366218	0.17337919910022695	0.030667629538348045	0.328951203416716	0.2367075170556497
0.12563098286139704	0.13655246097941717	0.4853795399295962	0.27403311785243517	0.29822084222118667
0.13059894337993752	0.35852071828144955	0.30022043611715116	0.23964478876124207	0.23848764191936744
0.25144353565291266	0.09868125459987455	0.46367571944691	0.3081952591801696	0.1984605498145329
0.36589022530801074	0.22992651568414524	0.24688644829807677	0.15017588752546732	0.4974177262488952
0.1464418047758865	0.41831331967837215	0.1746645082745534	0.5073842754575885	0.28650393441215677
0.2348576033200341	0.4822139536537678	0.49575984215072666	0.3528927283830317	0.20612436686917268
0.574942832443972	0.5352656402992063	0.34052680310663797	0.5598304061674043	0.29453310148657647
0.21565340025021368	0.08858341528060652	0.2694579855562733	0.23398798917121819	0.13979521721725938
0.219322961279741	0.3004107694645607	0.07206819956049274	0.3147893854287665	0.05099214815411925
0.19438442214738547	0.379715127356145	0.022019149371029716	0.3217607826729132	0.20025346938058874
0.08332849100030135	0.4766048739509464	0.2599462347816389	0.17381256223947075	0.7627074385622676
0.2534465384407635	0.5652080927606522	0.11696273253852739	0.358459704353568	0.2702274142517918
0.11896885563223317	0.14904307796676824	0.21542270878403763	0.2786531964110689	0.1423596433137482
0.48412693917096217	0.4060712597170034	0.334921164339345	0.4221910433270237	0.3463416516959828
	0.4004764628633818	0.1757910396138334	0.17330284297781792	0.303887727625476
0.302862442978439	0.24059543183975143	0.39528513874181015	0.389343248098746	0.09824378949827864
0.4756000580259557	0.08125377831724519	0.3693209550203135	0.1670601682854471	0.2650179421234976
0.5358985271554119	0.45728797251306363	0.6436857540797659	0.10269091432382361	0.5270008948865131
	0.21971306050259928	0.42741265372508186	0.26856856503914484	0.22995099307880854
0.3661447506213501	0.16750278198948337	0.04702015939519627	0.30209162889056623	0.10576707556980296
0.2955868661869738	0.2560385600604767	0.272707724834163	0.19531430195229932	0.0650066608982214
	0.47515078600435057	0.15288509057782795	0.44732782355534756	0.05644178002540461
0.16450810551405157	0.14185263173292598	0.28727529671427665	0.3904342848153147	0.36646065220237095
0.31240014226816415	0.33377490281038924	0.12104749711569493	0.16507395504874942	0.14463372753719791
0.3215723658145991	0.33902799724239624	0.13413809412477315	0.2634774222176275	0.4739341710163565
	0.34550908214955656	0.36169521400205584	0.14156733264345575	0.6504348279187797
0.17426437933194242	0.12455899093532614	0.14753296165038912	0.15580855579172487	0.06307290888841224
0.09285742529111853	0.17345058916393236	0.19057509780351164	0.1840748918491367	0.3475486346054555
0.19104309799888367	0.5594659339129965	0.0595157998250503	0.4802609069327796	0.4844798934376288
0.5280326487320165	0.3859865995282254	0.30335522596453757	0.27797501836569055	0.47465065429477393
0.26326552482812143	0.14251411801305006	0.3763649842335198	0.4190889525857218	0.17417909354595051
0.2893507766583665	0.332468494047348	0.17331545459305417	0.15611066431043574	0.134015937408029
0.16286731233240076	0.32229189082241533	0.30989370147323364	0.14442793609596336	0.22762788451587496
0.43445337727645816	0.27553754517637	0.1054889585140114	0.24405663567344113	0.43857179330954404
0.5329121099309908	0.061987204189944786	0.22845932524802418	0.38410628616335385	0.5045268119474315
0.5514653589446379	0.130031324003525	0.3045032660554337	0.14645031619500687	0.43946504539561654
0.3026547367479674	0.3031141686896681	0.5913725375701837	0.1573127147953643	0.2895977266711884
0.28198519476059597	0.3893946525947104	0.1338910101638037	0.24324496040281543	0.252321815840768
0.38987145142270824	0.2275530045638149	0.23992419688182057	0.30093810964283346	0.11878858340898467
0.35164465904235886	0.04048547662947105	0.391971329918793	0.3799422123938057	0.20804660034675507
0.40591655512341157	0.32557411334557795	0.326417086384825	0.2593587220587842	0.2569221439868394
0.3138841577869293	0.43014619323801545	0.538459898930837	0.23675446424358287	0.39836025619505555
0.038376546175852955	0.2508309816818134	0.1798326051793969	0.32435590422601035	0.15564420475781657
0.220163648018197	0.3410263306916441	0.03122636189104063	0.171648530720886	0.22606731920702497
0.09917828007961697	0.2558296070227712	0.3854050248125799	0.10934952009159928	0.3733923027338645
0.18597882890162193	0.3582368060616853	0.06567664869564924	0.18128606838110087	0.10541394637946375
0.17463421891426362	0.2586170627127392	0.1539859314723886	0.32701812367899374	0.23271885618178065
	0.19836943386577482	0.41718744708910244	0.1858296386075559	0.010475702834153942
0.23896209681932828	0.3016122834068853	0.5396753565474746	0.1806930723024711	0.3723102703932022
0.1354188426271451	0.2815604300984313	0.4244193974305262	0.4097441541687011	0.226305430644212
0.13589569820981046	0.3584111616702297	0.4432114088372477	0.2876404700315769	0.16667540254039792
0.6803292806550265	0.18380782954480637	0.22635730656206002	0.2087616679651255	0.18922019847102173
0.12041164517794997	0.4650630589206605	0.1147059295497499	0.09912360242480626	0.3768964691127159
0.18618435730204538	0.3482423034568729	0.6498234281144258	0.24913567937119252	0.060926175807928064
0.190189596040753	0.057031368348800335	0.22228933913515905	0.3251005459061534	0.3445930683342523
0.20797163272763586	0.20567170575277216	0.5121665363384624	0.44720647205144753	0.15990325726272725
0.1740781623276381	0.45209172018327176	0.3487432490352999	0.1304240194969485	0.2871235637743832
0.20008110084547834	0.5428644972625094	0.14535924726473157	0.4531625812623045	0.4151035961747314
0.45683220179931755	0.0530943370586223	0.31867557848418454	0.24615818411037585	0.11104422282192102
0.02892938677379029	0.256007147949936	0.06199779003681109	0.310609915933698	0.13264104304992871
0.276720588254025	0.2116784192942787	0.2093693317378504	0.5094755681883375	0.5069625911231914
0.3274387200252201	0.154405902252487	0.17986430704154105	0.22618496924431614	0.2035684339834319
0.2186768579821361	0.2553139660519619	0.23884506765763264	0.07278169398289762	0.12300571842008887
0.21313868223150903	0.24456463690663519	0.5574271844554906	0.18041827185593778	0.10820961171452306
0.2561266353447164	0.13302644947702358	0.2187029227512581	0.1565861618343249	0.03772087407537794
	0.131272545961243	0.06652633501936242	0.8688135784780979	0.3532366036495372
0.2739168388888994	0.4445619825655328	0.12439586214047746	0.22583424682161787	0.48256461518300164
0.3049940231990129	0.5344547022625443	0.4402253095744481	0.19197997095006883	0.2115123007118402
0.384802856954002	0.2785950306241103	0.2969357597178689	0.2185872492325496	0.36311476893946176
0.08034859009018623	0.24456089634472944	0.5188942748894331	0.06125907978300915	0.5287754147656711
0.19767067302602073	0.1728320456283862	0.43739453663781547	0.21982393207513015	0.16115800725297524
	0.3918976199699833	0.046642646628544907	0.6807742994856743	0.20404062858692493
0.4050685311558317	0.26852220221180906	0.34047456322799424	0.3478357355230216	0.1346402694124686
0.10756871452937611	0.4688894145504777	0.1521802742803725	0.07277315403964378	0.25771587243428573
0.30074877719619897	0.386592282619107	0.1939129079987114	0.3407145225918243	0.2318459294919861
	0.11857808196102292	0.19943275564281904	0.09122384687934218	0.30840909063784583
0.4748759404799136	0.14153139704042986	0.4690978735625862	0.4806161297426919	0.09374600475798807
0.6183732709779071	0.459444359057688	0.1504442264670458	0.20242016100964383	0.35373018284121027
0.3478094900388556	0.3468183534062783	0.07899197635153735	0.2864259045385337	0.197649585785588
	0.7198058998981768	0.13088396951154027	0.34570075632265096	0.2906205677943237
0.09032451635085037	0.1650460589779385	0.10816902723481969	0.08625559807409297	0.347169324215681
0.2152679131902257	0.3864497884679708	0.12306308513126905	0.044437628464513323	0.09849502359669496
0.07161784811657819	0.11093162175885972	0.35190647523974183	0.3991550358594058	0.6485177009550858
0.2051869472911268	0.44747592961426275	0.32502851005021344	0.3493403714283526	0.1652706811784431
0.09941321446373204	0.1934799504347265	0.10797735493702001	0.2647615941512511	0.23586359101131138
0.2730112988650108	0.17843673205561394	0.12711504565369816	0.1341037388611399	0.04145138603642595
0.1406970539932695	0.24847821233164927	0.5309949375067178	0.683012198765596	0.2983534661873073
0.2954989879229579	0.6231871958137457	0.16394503056405985	0.2116740392286037	0.2796964267744404
0.2161248826888587	0.19784026346716793	0.20317671614811236	0.24009867463305	0.3923931788142753
0.14398515842054604	0.32593170978014574	0.1324738395095344	0.7303249182186861	0.10359013761765343
	0.33585913473243256	0.11906245657903768	0.06885976260135762	0.030503264895211282
0.4949902070695254	0.5053319221404676	0.14811083080767962	0.20803447694323032	0.32355197934045465
0.08081818919996323	0.2848767784602306	0.47493763511428916	0.26754726295093567	0.12221202326909977
0.5180525888895132	0.4790315639341865	0.03182656928611566	0.1372329454891252	0.5624535645241326
0.05911284472687536	0.5544275933612997	0.1960113793209158	0.22424530647028923	0.31408812605258907
0.4919043814530581	0.20489966519658165	0.5223246175282295	0.06291489247378726	0.2924742644019032
0.15781666717463078	0.3255480893712579	0.16151573376945405	0.4258358681017682	0.3036117832800559
0.12966008876007762	0.13055549882178355	0.7211060730445265	0.13682235426639724	0.19853631838177277
0.5662377433714079	0.5728483615487027	0.4281482110166133	0.26572334910423473	0.12052678058261071
0.2549648889812304	0.3708311465619439	0.6292947110166692	0.10018422434821113	0.2694371159105854
0.11419927688465945	0.23892158900230115	0.599224481045079	0.15044426050360105	0.35893457452971284
0.1427963810332041	0.2409435067528253	0.36391734048885094	0.38122734471062947	0.17296813015981558
0.31585853708562456	0.1470843252628807	0.24139076976904605	0.16244797686085022	0.13700019154629672
0.16921693826646628	0.23871908506812825	0.18055487221552213	0.22957864479330264	0.30533545615999114
0.18285770047139074	0.48141181978735365	0.06838533933523613	0.130949041965881	0.21216954949786573
0.1852616492755116	0.368850674157505	0.12987570400753207	0.440059106298333	0.6218227435596136
0.5907343769671203	0.5996643971842038	0.7051077619472663	0.17975425293278388	0.34561332198168027
0.16148653755180326	0.15956006905684267	0.1634072134378716	0.18915560673234044	0.1743365937596274
0.31641361635019716	0.7279697995527834	0.26134741744369516	0.5385241902677692	0.14478287247468974
0.11785631544671671	0.18362432462886194	0.3745295928620596	0.3556873040684006	0.6494143484718823
0.04922627021542716	0.15859890645166838	0.09959755610285981	0.040281685088640794	0.353274871400053
0.43245350719893316	0.5707630748804852	0.22248747845781958	0.5270101223120015	0.03660039705854953
0.8170587849941237	0.521238917798918	0.3343833996687327	0.4110312161480495	0.5133031694545515
0.00888144000171536	0.27306762339018226	0.12332569907770966	0.3142832666728678	0.23185055627490486
0.4157237377043837	0.6455523436227847	0.07652566326644612	0.14325482613917911	0.03838404328168571
0.23995799556927838	0.04045041938529378	0.30811555094718085	0.14592819421926323	0.047995238580635986
0.3996902793611501	0.07619152829096708	0.11125742232811905	0.5885651644747588	0.1669108241413547
	0.06064317129140223	0.09087772451882073	0.3200026746898147	0.3188163924327165
0.13744601235130952	0.17798681711702857	0.35365581259068263	0.17126042200151492	0.17493903094708285
0.15283772281249755	0.3370293938058157	0.43252763179428677	0.06995095884539512	0.07448996391778158
0.21410011858315	0.2306229838361718	0.1405791640930894	0.07325414091556441	0.09834931843913719
0.40905439754344275	0.2502978116391418	0.4012992346701068	0.32777883871827124	0.2967676649048592
0.1576801121045922	0.234542660792809	0.1137120114744323	0.32843838862724034	0.14233169964927186
0.30030741925370835	0.4667675899614426	0.20350768928050397	0.07796031229187315	0.11491132358790762
0.2014985506370373	0.06963096437669049	0.4331149147258487	0.5193309588378107	0.2613859651313643
0.0863674085748838	0.3091578081007921	0.2863801289861077	0.16198068658266115	0.32303535307007764
0.20283040495697424	0.34093118124699023	0.4059285994035162	0.09747009293084143	0.19706751949898335
0.4401313255296955	0.3417750553755499	0.23736430006769849	0.31728904483818915	0.3043579276587392
0.28937227354004663	0.6026344833807435	0.1793311079538175	0.4778314227921637	0.2992459589023929
	0.48803859606598987	0.11397110753932231	0.33855499618071616	0.3306498235548597
0.3482297893160053	0.20953181592460654	0.07819514929469927	0.2936177641568629	0.7080989840602377
0.07536383099830266	0.41990682407593344	0.09284914975648578	0.40527874729818814	0.20209485368193303
0.300926227575603	0.3345431718173343	0.16533202403366837	0.16888179001565062	0.2655657999305175
0.13582341929040292	0.44933851146378484	0.26320029323119726	0.15035427514495187	0.4861703199311656
0.2859267873941284	0.26639378107237427	0.20075922155907927	0.5279549037246025	0.41565156419595006
0.44173330565905444	0.1783547284271233	0.34096930495826894	0.446288551228698	0.29416386343649753
0.30356642925428234	0.1480602593150467	0.17386513811931617	0.1726100081619529	0.1308327873899917
0.32921497553135987	0.21626574178974456	0.4100904964847979	0.5219518714943474	0.17370476381305214
0.5788457953308186	0.17304981227474264	0.09970255020652187	0.3275751308651842	0.2852879525346421
0.3429932380580281	0.18844907372100134	0.21889002770651866	0.16930810521916237	0.27235164312698323
0.7121679078808937	0.09458306236979516	0.4502410900061268	0.27793049093682115	0.4121114847206828
	0.2520624448814999	0.11522343261263292	0.1748960708746809	0.09554240443916688
0.4056483025024482	0.07626750495623237	0.44604517972206775	0.4602788714785127	0.4018016715651832
0.028579773982947695	0.2818906938844092	0.39631144265853313	0.11690288358239952	0.0956500845743103
0.25993656426060213	0.17269124184883658	0.27975334527075557	0.41928586475627583	0.31935321338355893
0.2707907949435014	0.15294933375236777	0.5605029675390191	0.35437382850317384	0.3243922386224237
0.2584048325918016	0.3023856522433599	0.4051105883251769	0.19178422092259806	0.18541127358128676
	0.18176420724757883	0.30034828880159586	0.2765520787217249	0.3595006810427067
0.13206232718904792	0.2274862964587111	0.09277106198135864	0.3667639834562446	0.3044127542429856
0.1614752247181009	0.2129103381910895	0.3657546350382224	0.3181884454782435	0.6304008175958171
0.27896406995018436	0.18483633335943844	0.1686447977375631	0.5172361686104251	0.17929432833321332
0.1129398801146104	0.2719677595512914	0.4322326481077214	0.2538748907181336	0.44050016248185
	0.24438696704963023	0.21152060504471354	0.4956367892962615	0.16490177268901593
0.3728433146535911	0.1083046365288365	0.058509397278402826	0.3701536012668379	0.6228197280894128
0.18206947353299754	0.19349681361353596	0.21447254973819477	0.5093105113130035	0.21263264067712528
0.4593446664271176	0.22686044634105987	0.19881497484038688	0.3023314078169006	0.3579139567284233
0.2396031667902976	0.15202634301232446	0.26772515900995125	0.03879305787873243	0.08347605111054829
0.07302165174365646	0.4402225290528033	0.43707061766316	0.3282028693345457	0.34874384967224725
0.049466666580194094	0.21611206205434075	0.36806160030962454	0.10857696007876956	0.08905231119781565
	0.20918244400987335	0.12626074551357572	0.14919624891077307	0.26205656282505774
0.026891983925832107	0.18291526287637083	0.24262752378221839	0.2724291460619825	0.32297838398333983
	0.43322571189404263	0.44223353740319715	0.4310673789037794	0.02451317761366708
	0.22995868403100042	0.31335835318993555	0.3344342819303964	0.09962793769728504
0.28929143573912475	0.12202849033082915	0.1965958944624301	0.4280362210191964	0.2881600150297787
	0.09856308440934371	0.49122392232748247	0.3088694673141753	0.5815115497879332
0.445845689136181	0.09600525751045169	0.18372977887854808	0.46489506931279545	0.48575236581893844
0.44896406332195715	0.04726957494833787	0.07440200496553842	0.26206337422659554	0.11079147972824742
0.2554724892154616	0.17747547787119616	0.12109876437648147	0.3606911760834757	0.1635817861268967
	0.3745585361140776	0.13512909415103175	0.21626366278796805	0.3550717631186199
0.293204305521238	0.1384137129737116	0.17729985656253613	0.10557783177784008	0.25312472296120175
0.21972928150807833	0.26765053760647034	0.17322075353077154	0.44307557015058396	0.3034378613554144
0.1287660436383511	0.10059133704539058	0.3167477719893883	0.37569876582722683	0.24272698784942873
0.11291261032415915	0.18441436375979273	0.4274391781447311	0.4237536708836833	0.2167263456531975
0.1266783659138009	0.19882879630360487	0.29777709449738665	0.18960249895877926	0.27742979909851795
0.16957384502022615	0.38033433780336656	0.49357630083135917	0.06416354706774008	0.5377429966546393
0.416209005577084	0.30342603304764687	0.22595851637088923	0.263046139029209	0.20861494930594576
0.39394598677822695	0.42404704388733877	0.3922607631052924	0.2785134221246783	0.30413440824406357
0.12093190732222121	0.49242805434975967	0.3043119044026598	0.04723346802248295	0.33403698059622083
0.16452996129648867	0.5651748825502753	0.13323700861070556	0.14693124373135502	0.3393493380955631
0.38029223621379393	0.41642912416986183	0.46960467961258345	0.14277686422652328	0.529939060221132
0.5130199013632881	0.4104792643917802	0.12879389570403713	0.12623869762089937	0.565640515973136
0.19536232150838825	0.14060596296743239	0.4560995277900188	0.2954873374353492	0.16975255989234556
0.530281445831646	0.44059463864176796	0.24662553125750683	0.12691517026519003	0.1587047245095442
0.449966658833244	0.12854807119938763	0.47196006010590974	0.2826878436557085	0.06377496072975779
0.12912749555563188	0.508430116431677	0.48634762814383253	0.3136710889375167	0.05719740139642494
0.6177115059354901	0.4425404380222289	0.10433122210349399	0.1643369870230614	0.37621933001774277
0.1803123032151047	0.06433033962885959	0.33415485585868326	0.22266796573105713	0.22619875774776987
0.16361159748126097	0.22199308221594719	0.249108192400083	0.3244006169826674	0.08942392436744351
0.46209415490155	0.08696445878860964	0.26451918742799346	0.16377882102954863	0.3462756975170944
0.26412592892308423	0.30229040581026106	0.022122965273892212	0.11344653689718208	0.27403138162027857
	0.3867479919573963	0.1176987874227383	0.21278364381012585	0.39713901187050815
0.3623440052356766	0.3359573066456887	0.04247528088305945	0.42559716105029216	0.20095997255771525
0.18471281774296844	0.12326490892953237	0.18928703692395518	0.26481979606268075	0.49533837113683865
0.281161633535515	0.2702661898737512	0.13233196665653432	0.40651569735578985	0.15714137887412996
0.07283430580387326	0.19637081279442611	0.31460814062760045	0.257678143004916	0.13502763897560538
0.46799831342222403	0.8043230622200302	0.3506914972882475	0.029689961786132552	0.21337931402570962
0.490061425007535	0.28118363332593527	0.5920635736973333	0.10278234031432394	0.15146745883697582
0.4869319672870699	0.4372147703128828	0.5030067955112691	0.09506338976912254	0.29226392525031303
0.18797844168783862	0.4442395024573618	0.32898092939156676	0.18821975240604422	0.7896731359750222
0.6563171261103352	0.2032378752241976	0.23767727725291574	0.040694891853164085	0.4767424069324335
0.2152112858703171	0.06286253253754522	0.516915025162981	0.05904253304582449	0.3913320077627138
0.12386030165273955	0.19575311961894015	0.14619105360330142	0.19637938492176532	0.40337950401551737
0.4328722543978793	0.5214425260873106	0.17510414234403618	0.023268140774290104	0.1426929192298114
0.08711535602447679	0.21243736348026102	0.33251412475834674	0.10784615186913092	0.03888638516566152
0.3953133514590412	0.18391179254822	0.30067893618347225	0.05422344085062714	0.25795510675139427
0.5044315252624768	0.4454867634874981	0.20307864639108864	0.2104615517563869	0.11405325160375408
0.36277964487935016	0.0368011833573209	0.27565512221536576	0.11826870556841622	0.21930968666440265
0.25813143784718773	0.20159177141406556	0.10754134122216392	0.2782758543628441	0.18891746264625733
0.1629830072271241	0.3859971044333268	0.5802654098613479	0.1885934971841525	0.13443616003120634
0.07307189129751591	0.28375289918952257	0.404094171085374	0.4718975242866808	0.19685889521489114
0.42230626797661425	0.079881547338745	0.4239274733203726	0.4719562082737968	0.2297780048917568
0.3214946158734104	0.28784142075621344	0.27598606743858994	0.5482527990707511	0.13176394929383448
0.1281945424919143	0.2914320486627448	0.13193965718937634	0.08289710864899881	0.24922822065088132
0.314155364640778	0.14789352089225796	0.5200537980504866	0.3471211997680744	0.19480547371611054
0.30604655921562607	0.5453942619586107	0.16227218613952973	0.18222333434759078	0.0914035178820739
0.16720826821576001	0.19627641398131984	0.13436528142256762	0.059841103452812384	0.25413184947286865
0.32317737724812934	0.3705262520600553	0.11097998851367842	0.4199459831244489	0.09013532528177992
0.41859381700510007	0.2592310631801143	0.1596871721572355	0.3082826266124152	0.5474091473666324
0.2256340862243177	0.20151885107317907	0.3624431285919211	0.1377374369707265	0.46249351841535696
0.4543317604174645	0.46579618600182726	0.19643417796386461	0.576385836750133	0.3249264142292893
0.42308795130970633	0.38715623292201395	0.3182680644855042	0.22743462783326876	0.379011720721973
	0.325511288201547	0.2834497891728295	0.2422892719150809	0.19886178647282662
0.14000479214442735	0.31064410617932275	0.047150051158250904	0.11801437051343634	0.4707248900612905
0.05298910066444548	0.5766098460101298	0.4848932697926845	0.17021977735226326	0.20040309500767065
	0.2985449721122047	0.2912722092926399	0.5720963069163107	0.11081409069701088
0.38910773158552625	0.22813330975235502	0.30895939379392984	0.3943743306987796	0.11980068475499364
	0.1962218019497864	0.41601399046293086	0.08985061197426288	0.5385540006941137
0.23839864969305335	0.7983698853760942	0.20618147885411256	0.13677137033962025	0.22413332280968015
0.12133115466033632	0.4658398416720363	0.16961636140322606	0.2805964143111676	0.4022613060344445
0.21582502900500314	0.45389553019461837	0.22487746639293887	0.22008609254837114	0.6408356357250603
0.06672053686220565	0.41206436664195034	0.19454867907539178	0.20844008549952694	0.011238565840011549
0.2492858570688497	0.43908925293810014	0.1997562670312075	0.5039467723115683	0.38100091569453376
0.09952375088429607	0.294503143403403	0.10966614822514678	0.12301641371437268	0.16920300995080564
0.32287275824861666	0.5566272286054633	0.31612975468629356	0.14997879108006137	0.1281857735968247
0.19920399374557546	0.40273155337036	0.11532168000850589	0.06539962051412657	0.09095467609048742
0.2723871796696804	0.17296185126502486	0.11203540305882163	0.46749286213897184	0.3596040513062134
0.23897394482151718	0.11298340324268667	0.2622286056216565	0.24424224400518743	0.23700311131091864
0.5141102145605418	0.20399974304302235	0.3555302021583875	0.5959319430980128	0.3811597524633285
0.3068915826832963	0.48316615437868304	0.44549454174194225	0.5543052298818761	0.2307690344090951
0.27240817141153856	0.16626995488589716	0.1611030616197237	0.2739129818431547	0.2965239080152536
0.4275688900403231	0.23128081540017476	0.1360881858500814	0.5399299368888165	0.25796008632188194
0.2248872212064539	0.2941089242026817	0.22511795818629848	0.19036753960099706	0.14826444538076103
0.4437074125253905	0.16980824739123943	0.10879540801834602	0.2162870895208973	0.358052596588095
0.18813556462827594	0.418238084312324	0.42138546784046754	0.1389297573495224	0.359376962296512
0.2146390239034496	0.369163898380344	0.26968867204675284	0.2799042671704169	0.37590969119325995
0.5953117755494055	0.21763229902261394	0.5857573597480387	0.07849970443273503	0.030729976892657985
0.24711807247741294	0.13897710472737362	0.38194364320518076	0.09531258338504454	0.17876358986443575
0.31961180946782364	0.6494029318839737	0.2294621116290962	0.12064429582213086	0.1943780529857134
0.2723448717234317	0.09860406214672066	0.5794264817820315	0.19503381549843837	0.2254387699270378
