X0	X1	X2	X3	X4
1.0	0.38040484193516666	0.34027936380286355	0.05862998871137721	0.14030209676247837
0.07038251914864287	0.3952489333089537	0.22245415329954332	0.13689319493371774	0.8080158734753593
0.330401448236123	0.12125521905871654	0.024683837631657348	0.4634133863524223	0.119824346230825
0.8261663916240909	0.07935817055326806	0.08111621749516514	0.8551149444117813	0.49489480595575186
0.15162978541626923	0.11059601749965384	0.7150163940373123	0.13764110366244534	0.3950966206304096
0.09157015714858306	0.17059117860530323	0.02910124961867589	0.5923772828955501	0.3122305218497012
0.09605703799309834	0.2226427362216696	0.1377227167634494	0.03313419036185001	0.29677642748080896
0.023745985739997578	0.013680110460812361	0.13364252989272216	0.33213221250989966	0.23160435002974722
0.15225722306205658	0.34181835799509036	0.34608426223569116	0.4477665561464852	0.3693273550603133
0.010115358010677838	1.0	0.8563521185584652	0.14082045179751868	0.002964650007730989
0.4375974091626651	0.5480735872246036	0.3661710782195485	0.6341397046530296	0.1175473312547914
0.4154276124806942	0.21652675073045943	0.009303711164764973	0.13727491832882985	0.10536733111340556
0.11099590472518116	0.03279215100617052	0.17652680309302446	0.6518017791301901	0.07394594346690744
0.06575818021156389	0.365772134812149	0.692975334111642	0.23872493672204742	0.03247329504193718
0.16857169899154503	0.08174290974161683	0.15329248682778837	0.05188253181323552	0.20210223663264582
0.5828589582842295	0.2667677559079304	0.02315377420759028	0.10307573446520457	0.43811010477848084
0.340922100736886	0.6339368607437926	0.3109447743806779	0.12796314090403055	0.7227491860439288
0.06032677307168799	0.4327513120904064	0.9486964328924111	0.3365532656699816	0.012842956613269356
0.023565234735648866	0.9720220955583139	0.32435797995249516	0.36204233680440784	0.17136000858513634
0.18954737079901998	0.05799274945152144	0.01404422546486045	0.811244558744926	0.03670172592277021
0.10173202249956338	0.27846274039906144	0.04180445504116271	0.013612864181121367	0.08466795419220138
0.23386676880822732	1.0	0.34988504860268566	0.3115007176896894	0.10146113217507065
0.13461025290901202	0.29822341000554997	0.09052828287444918	0.035699408154770934	0.03948025562446475
0.15271271341762965	0.03071487999778888	0.13457244348076194	0.12327802647664937	0.5180820838272244
0.9043869432168761	0.21854753244627836	0.1309260667529966	0.4032196983105684	0.1589128932493706
0.10161919159738836	0.36527312101339776	0.13653853950836398	0.0721377991414557	0.00204587052764036
0.5671953316086346	0.08658066497019799	0.24938618781824784	0.013777757770312461	0.005081067019746969
0.1716240018710441	0.062363599127035776	0.07745488288135181	0.2288558977232547	0.21794942830318464
0.11390609657014437	0.01735229420268443	0.12181717351662338	0.5988925824620097	0.41359676688694996
0.21992963778033395	0.0038414412524982724	0.9648981183074773	0.35035931510444585	0.2277505914066358
0.6580969203785965	0.14045886233333907	0.0360394408623249	0.10141439874362222	1.0
0.26322473525038237	0.1333157582221289	0.08710139738212933	1.0	0.12219122429033555
1.0	0.6513890499438107	0.4925477205588076	0.11989638393094018	0.298776212117542
0.39679983292586907	0.5219873475867752	0.36216441615937284	0.32412547368180195	0.007993189284927482
0.3973400089284638	0.04631797446442365	0.06307121161921671	0.003239703226316381	0.5233861808165152
0.017817383499989473	0.1677132845341424	0.07325228001318217	0.03756217670555068	0.5734684455531343
0.33857241100372565	0.13691411356010025	0.03475089596072338	0.04459794277882536	0.3453548723338303
0.34811758156237027	0.1145176968240153	0.7163302861089501	0.2748515554814875	0.13327118391953768
0.1549516551491902	0.25410731530060077	1.0	0.81089616218867	0.06125010477621591
0.10447891479271826	0.6300360174366985	0.6606933412118339	0.09319664495898382	0.2003742428066721
0.22785978642384155	0.11151787042308185	0.7083508960144815	0.028539600966354488	0.30307764351657973
0.2049702166854752	0.2498569162575563	0.09242346378277215	0.0416444726189873	0.004886288774550516
0.1548645111541408	0.0039115693359156435	0.029699621081313236	0.009098752901513515	0.3978967464512337
0.22968326230758138	0.8588862066918137	0.022495176528257717	0.29844425366644173	0.046882973365618676
0.27311085815841546	0.6168154972616812	0.14710680946093924	0.11436806103187755	0.26713961030087074
0.07858571936031372	0.0903167472227424	0.24689958649826171	0.14788290144310784	0.4512416744952525
0.49577535617219537	0.14537197298655938	0.1699437998335048	0.06420031125561897	0.08301500076478595
0.5356157205738223	0.02944485875785292	0.574703751937678	0.05743544238873875	0.581523425298488
0.6163048388104857	0.26290484748054493	0.12349439092873096	0.19695721641043598	0.07840593060009274
0.7153998204486713	0.5097725230796264	0.2194079977593861	0.04810718724795356	0.11638151885318689
0.13548856846098692	0.20029951552124423	0.05399181611157284	0.3623789554282496	0.7127697873055334
0.42773785173663686	0.009294043419328235	0.2568536851412409	0.11523119505862908	0.16845248184662706
0.002827572867016645	0.19897472556078064	0.6712693056039671	0.2061318717838194	0.4469669165034276
0.17895779047760518	0.15263324539705084	0.8009064782140175	0.19865202164692564	0.05795649382833566
0.0007992246196764772	0.036194633384040935	0.15763736631251668	0.9890455895668784	0.3101154906771429
0.3837064116882793	0.13349830965415724	0.07345569359770103	0.01534864089100124	0.015135407118584552
1.0	0.28743495476771963	0.08175413659753301	0.1744918163441226	0.445264026076021
0.4163669548603891	0.12664533843721876	0.18932350637349596	0.16828424969298655	0.2406174564234983
0.10914518775375082	0.3925577466727075	0.7175222739977926	0.2621904865988206	0.2657813681885763
0.10903626680173459	0.09356344266132714	0.7259536917529988	0.7164499828276741	0.06836687150906012
0.011217102995543373	0.15612789823455547	0.6451724066105667	0.1509248478231081	0.022359445912789485
0.7914468738640635	0.2487692098187977	0.11196905813203074	0.002811228837789433	0.35045993525289143
0.5574534026478304	0.2773900749696904	0.4708889619882888	0.049892955442363295	0.8886190886961925
0.09901276259395458	0.12694782002788785	0.5171410069318815	0.33736258775793865	0.0027875993410681954
0.29798761781112254	0.1800893332759163	0.0019507334227830064	1.0	0.033846957914838556
1.0	0.08193201077383276	0.6046903461437058	0.16347800724229905	1.0
0.24407403349885168	0.7694180141054778	0.6104784541076965	0.22601129603239117	0.04546578437335694
	0.27412843333626696	0.7886414680640923	0.9754877177440945	0.4888000527281291
0.9789802313175141	0.6014164510941615	0.22870688080406726	0.691160842312193	0.029059930247065404
0.1328463885400282	0.16546650304437713	0.04823153191945954	0.4315435647434664	0.3257148852687158
0.7163011107211071	0.5033181154352615	0.3046997950401609	0.1224951935300176	0.9394802087698766
0.09900196723032618	0.6239173835219445	0.17620627864457297	0.12603748266061673	0.1860796977904791
0.21813532876608935	1.0	0.18686091105277172	0.30515766049060317	1.0
0.36813647776065783	0.17766190582238087	0.20104797732401505	0.3716750022973736	0.283707686314991
0.05185486718428932	0.11620275827636563	0.06387346256179825	0.394787969210423	0.226852825266279
0.041603907154974556	0.8084436573423308	0.019755197761851022	0.23655129566808425	0.12625820431776497
0.34528136175970325	0.3595371489114845	0.4805147763862978	0.7967384227265634	0.1206558650116595
0.05462687112086639	0.09407980307916482	0.15585693706059797	0.04081338280873629	0.2051521390491988
0.6236909343557135	0.35499487085164366	0.6191134280980809	0.05647097111787958	0.17914295473771374
0.36780218690684313	0.9549915692776239	0.24812328930461106	0.29695015606902514	0.27034879416107616
0.5518490446227576	0.2729518890809159	0.04146461985311843	0.10635260743922127	0.12636242500634912
0.03215152159971708	0.774985107496976	0.5823294783077664	0.24207998536659656	0.57234422433358
0.7881380999892642	0.28668232101823615	0.21244168377846642	0.42639836610442294	0.5276499293824745
	0.3097290871968867	0.2738390045095358	0.37067532903731737	0.30823227870608105
0.43514926259122083	0.6316473955310263	0.4045720922188372	0.8457132472485832	0.0601213096123543
0.0816011968849389	0.28964973303838076	0.33967595958090946	0.0029559191925259973	0.1932095427726727
0.02328704737123766	0.0004228512409610035	0.15069058377668007	0.09726902733956987	0.23745690330311964
0.1843854397950261	0.2433715650502613	0.5081489204418772	0.4586864221212279	0.10308389624485442
0.9000845290373608	0.6955369591148243	0.04523787203427728	0.4604415112798946	0.21720473404662116
0.6213087049280229	0.21217794209823335	0.4863747866624586	0.07725987742000416	0.831146375744355
0.21480780503601332	0.29066589954532074	0.282967745253793	0.880455993381332	0.015065051793216348
1.0	0.687423627680036	0.16177858403362164	0.30334198764492154	0.4146306199078826
0.03257856749526937	0.36788744926151135	0.15166956252278788	0.08463579643680583	0.06582153485015971
0.2815365364385534	0.01006445822982665	0.032889172855599905	0.10884199984721162	0.19108948539764456
0.0738023770280068	0.710553172135066	0.11208595722483551	1.0	0.46474986943989927
0.025459227608018976	0.16069395887574944	0.16157328058577672	0.027063195330049583	0.401443776241897
0.20672684085339857	0.045106346960838276	0.04079293147303697	0.1744223054821458	0.02304462593111521
1.0	0.05195603500610993	0.2613863148393758	0.008170409545154847	0.30679026245489055
0.1884917060667845	0.12806598732953992	0.26127809224584625	0.41515343495932955	0.18567204619080788
0.09478002556823244	0.08615161730732128	0.09813187296366555	0.033557960497433446	0.16335618020540552
0.9160835243008923	0.715883941270778	0.42564338952140207	0.9678778722870237	0.09105383233382063
0.48459019409857357	0.01460342150418563	0.04508365650706842	0.5627206490055422	0.4047061940537206
0.5129973877324532	0.23164163015932554	0.6101930458493157	0.07476111878644459	0.2532631573171675
0.23491511965741488	0.0927969319315643	0.05382398644748415	0.06131298700994102	0.6769751285286032
0.0015882442709840951	0.5093673401395229	0.04462877175456918	0.03921136547874305	0.791462922287446
0.3902923044127338	0.14788253442484361	0.5549256250776609	0.7049065794293659	0.4588363310320433
0.6030142609790148	0.21097908697552056	0.4956489985890153	0.09305369605036545	0.8486593818732936
0.08636386043049815	0.08333989931845698	0.3749932111977694	0.009932378252861413	0.29129425318506397
0.11077241124526861	0.2790047590661392	0.24384886670310452	0.07569191732771648	0.1684085515159011
0.13226272105518475	0.5107551219281136	1.0	0.08808522785621	0.7085850337749807
0.1248434015110177	0.2781767395382488	0.3877635920846662	0.09372795538480004	0.15646361172755852
	0.32249537210566753	0.1446594833807124	0.3375487285457066	0.5387426103885201
0.4106374932690835	0.1440738173210301	0.7502139384271588	1.0	0.019449463930283874
0.4492373464556705	0.15735291643737712	0.1483479622232389	0.5907900521847749	0.10178270534724985
	0.592119902043356	0.41856275389982905	0.46319746859616456	0.22985466592013826
0.009734845024898952	0.0012428516847513148	0.24444127793082465	0.09961299803428382	0.2048922436562915
0.03227161566543815	0.0204849118934431	0.9635714983543812	0.6812384113236843	0.11353462888258839
0.050202341502924686	0.6317039704315036	0.12602034724882638	0.04769936924559073	0.2777555325700111
0.23379165373601546	0.13171488128508782	0.5851019581462296	0.2983093505035688	0.02249817313827242
0.08801276999535491	0.05459185305764435	0.4319165083626048	0.10511131129435285	0.66385598776837
0.589041553642085	0.24154580465912717	1.0	0.1787607996264618	0.06859719669890872
0.07677207405477196	0.1265985942286157	0.6891311604547	0.161688499658039	0.41538302008394495
0.6311054506731023	0.05072340032846256	0.13759016604976368	0.20372408601109016	0.05335280177337027
1.0	0.10236735383071609	0.40682708359571507	0.6934528505761822	0.10484131119609835
0.6143295854546644	0.0003428369294962755	0.036803219233757595	0.464137480716326	0.7199840177972373
0.6913149819744476	0.06841154501665914	0.270348498749911	0.19977402482410492	0.281079689271966
0.15369445083775424	0.5588292742397659	0.16901649082803938	0.1348072671627284	0.431222156787397
0.7693883973982784	0.06138714806157229	0.49272951469441584	0.061158202516824675	0.3322456476774784
0.3178459148161687	0.4652895851327791	0.030847344081469205	0.19994737043333985	0.04464488328952438
0.8464173118839499	0.05836987372261551	0.05497231802863029	0.1837901205472029	0.030029527219394253
0.012937852308801899	0.12514087495034149	0.07208379431666415	0.19636288097190782	0.18433959530553518
0.2739097429999285	0.11172084130090504	0.19706082579892678	0.37186024188386535	0.5209981025538905
0.12791028548678252	0.211528238808883	0.20639448008270148	0.5720800299976656	0.2854177689176077
0.061863232106528256	0.913999196557982	0.28509418121878355	0.05239453092784151	0.57931943554223
0.05367584143822888	0.03389464873538379	0.2695761691533704	0.22412855186456102	0.011361906645221785
0.9356108835466582	0.30206984910012963	0.3985639218431383	0.6829445755141252	0.27558937211403345
0.3330584217590872	0.2732478895350337	0.004433135115635404	0.16430898757137308	0.7360955981463669
0.19044546641401236	0.30182514002085165	0.005260437497884701	0.4645054362628156	0.0026049654372086923
	0.2315895658675456	0.6163022382311552	0.2675570596490805	1.0
0.02044284454443839	0.02146142525185787	0.07317239786041757	0.4435861315216946	0.6966995816448266
0.10744662149529031	1.0	0.4391459121246674	0.49162768672152957	0.45044266691613055
0.10985337994363366	0.005212415898739831	0.18147958854938812	0.19310743219316787	0.4009721004074653
0.007239223907502849	1.0	0.15154665597065445	0.11929085318924591	0.2256250207449398
0.08939614327244916	0.027201992953793403	0.08262736518372667	0.16805386309324136	0.7312007125777338
0.40718056628260557	0.33487773218826394	0.13807920038120677	0.15602779832231925	0.011969095660929664
0.6763821796838171	0.09961166359769993	1.0	0.244949146579623	0.012389176647365323
0.010039454459031512	0.5063530963517227	0.278766936772567	0.06258251545492166	0.2685667798353814
0.019465187078382764	0.1052609180430633	0.10484988093998009	0.10191205692372153	0.053326933925860374
0.27635188424774726	0.04919814552614256	0.6607669803631786	0.22431344436980363	0.1826976736291424
0.023983289874964966	0.04665296790308578	0.1309049471592565	0.007225477709008524	0.37880636982781324
0.1455107443654145	0.11102965203128581	0.13875336208993536	0.12763730198403278	0.386762898810557
	0.5386561826521921	0.2470362173096562	0.34563719360094275	0.12345085863051433
0.17016576063222058	0.09703117301736428	0.451286062177063	0.22234215183472048	0.04896032143347527
0.008859470916342286	0.09691568130074782	0.05954486719799719	0.32149904559806225	0.24765575457756356
0.19680013076547215	0.15453209740541685	0.81568920215978	0.14437872689912645	0.052912354005915575
0.6933165377402088	0.056409056059373734	0.21917647655623826	0.28640390784815617	0.2788465637490176
0.07012827967095739	0.00754866082408999	0.33337029369514537	0.18422470171916341	0.27815349604503065
0.2549487432073064	0.15893302224811248	0.06579520266023069	0.0016882199168892905	0.04387084573256394
0.4860560474748128	0.029601729701930906	0.09244849648332591	0.1114782268285928	0.0217624342999652
0.37174985552471945	0.5055272313666561	0.3618338085995371	0.09129643347073071	0.15369470302882102
0.2865727892566697	0.5087147143121356	0.7048563560904535	0.1812097410426297	0.1052838310149498
0.08967449443431584	0.2434566209535586	1.0	0.0010514648188067212	0.3194981140814372
0.8451210176761739	0.15309665262550756	0.6807161223556311	0.5569074168863264	0.1610655797012476
	0.23715557210038155	0.32841384811917446	0.9234743839709934	0.2405465272820796
0.1405966595782483	0.7971470280153863	0.0085399697842624	0.5618559238063945	1.0
0.18529912138604038	0.12900691653485613	0.11249825175315972	0.09588790298293488	0.20426549434537247
0.02183009841123938	0.6494622511767837	0.37425020242219853	0.040934723316514515	0.2983258814094228
	1.0	0.4556469088760681	0.06180637955551515	0.4933537379601644
0.09702528352367076	0.00019952435089248144	0.39014602010814203	0.14030841343462622	0.049499464252634295
0.08395115265150908	0.2172772301988062	1.0	0.3636417834636599	0.057560589809756695
0.7089323986463879	0.37554312551129393	0.5768440108797489	0.059982463958916384	0.292455411339473
0.28046912891946474	0.2340658638318528	0.41595964554352616	0.24477515830542937	1.0
0.32266615904923013	0.1950619286532302	0.28022565085366447	0.6967689498942412	0.40207452521255793
0.04214044214511841	0.10532753890035156	0.07267116254302171	0.3955339889697894	0.5003641528522451
0.07841129723967644	0.019045163067299663	0.08062255978487183	0.2148357690677308	0.03875614742085854
0.18275060936632476	1.0	0.8643950982234101	0.08118527323632023	0.3807192530097377
0.001587278514152115	0.4397470242746169	0.4142351295288141	0.12498162993135717	0.1447019607379919
0.9533963132379961	0.11762403930911353	0.6994341302895429	0.13306193197199365	0.7045286315893778
0.48943295068546044	0.14001631975604212	1.0	0.01604452088215634	0.0640982619566318
0.13075991427747818	0.547904544863083	0.4377771317635516	0.1390487313402595	0.028465794927321524
0.000185607543404566	0.0873935473177208	1.0	0.4201653200791451	0.5076245733382564
0.020985988943423666	0.19536795695960454	0.005222889225782537	0.03468173781416929	0.2559690726416023
0.007045785208479232	0.27994366421575123	0.5623945999033797	0.012265093832005886	0.034508054133918976
0.3289180642426196	0.06331281341650623	0.32756587782883206	0.1331376337187697	0.13003173806233398
0.09692140496233953	0.06949428235115004	0.09256490914934223	0.24278791574470104	0.08295810817827802
1.0	0.13756758152061355	0.27242080993931855	0.06781470472838651	0.18638193959350743
0.08649052983761188	0.2350185112942525	0.7970866649965177	0.18542384960696515	0.7710683045716147
0.2485537518698929	0.44810758031269426	0.6722478602208939	0.6286437650006601	0.14525050888391128
0.16437250233558434	0.06343295432913716	0.32625496964560846	0.010792518422856265	0.08028729608378919
0.4506107929476506	0.09740357632295742	0.0403472769923195	0.023662100215224594	0.031164558480473177
0.7319435330368057	0.15152284337327124	0.16475635434997724	0.20963086982969845	0.021547161318639988
0.5481744760888954	0.07706129344818109	0.1441357614073908	0.04713858127095196	0.30447988716297136
0.3079671894046865	0.018517370774760747	0.2310362462314131	0.11064702160941091	0.21526073314193547
0.08403714160239315	0.23305573050368514	0.27903725436395266	1.0	0.3686414934558403
0.18826753121185716	0.07938894039961346	0.17624534639184922	0.008694522365876672	0.15819067615681404
0.10561899632516183	0.7628279707022348	0.10611820859181893	0.652518687263386	0.28363397178244304
0.36629379497032316	0.2741334287571895	0.6858613085340289	0.2281981064179038	0.048313342884261534
0.7773181919014744	0.029056640913889226	0.014350549223576061	0.06478968638319288	0.01495704384738864
0.048870255710190394	0.010556404595874801	1.0	0.593844439408436	0.02768630711427388
0.0047150845921256936	0.06527548811144566	0.07079107577959162	1.0	0.4249503980596648
0.10673474090352447	0.49774449119545416	0.10136062058268996	0.025357533616329506	0.2493892481414972
0.022957791044071828	0.4495531487397039	1.0	0.0778778293602823	0.2631465841556235
0.5858617551259837	0.2795213581071887	0.4781370989397594	0.2727414650079698	0.11288234622266102
0.2087520700077394	0.06005736010504112	0.330274618888659	0.014086628547380851	0.4863615437849692
0.17101399630055042	0.11573735667664206	0.11617259485603296	0.5333199829240726	0.5111201864787178
0.05997131971509383	0.08328369467211201	0.3775368976256744	0.07723011540531666	0.030981622501231723
0.7485194117079748	0.33325465624963163	0.1450541486257874	0.715457202161566	0.030308411419964792
1.0	0.20255103255249998	0.06929562740095568	0.5311224209160343	0.43687167558674184
0.13914203486842816	0.4338386729424361	0.19146182198505912	0.054602170080867714	0.19695288262813812
0.18357762208972792	0.5971801058520391	0.051583246434068204	0.20011652506095115	0.4596828730398218
0.00012138677929909541	0.18816813553884298	0.14277409729184815	0.1261113942654287	0.4773919084168443
0.021401623186502267	0.0548959039101023	0.10969293105145142	0.7258297218006053	0.10805591376451111
0.16885002862019366	0.9237289803667612	0.3028320074274582	0.15793184927190787	0.5026099000160578
0.19677300287867056	0.06544963529837114	0.41913890035390666	0.7073244323185783	0.6159260088243237
0.11113164891114795	1.0	0.05659179066237846	0.04846390590389409	0.09758251634168875
1.0	0.030855898813538295	0.14568543055683025	0.5121946677804962	0.7200047905657994
0.8187431114862421	0.007435146863675599	0.5431840475854361	0.47084944977522136	0.3534319260638894
0.08836899593734675	0.17373541211405918	0.06613369789118874	0.22540696959473427	0.35832974150706237
1.0	0.006493778209605831	0.1713182880834392	0.017137003064008532	0.5366934831170471
0.22179979321448348	0.28498592557346036	0.07807526529311995	0.1755839699370781	0.04709829942785539
0.34674041120451143	0.04137753058455263	0.2410251585780803	0.1424056409328459	0.14484657190279654
0.0016824753137709533	0.2945366224424314	0.3326034179625844	0.03281890780854382	0.013346516306847307
0.055778199908669286	0.20779369691382482	0.32561833739191515	0.4239229719725111	0.3558178740936347
0.5441705174473591	0.42085857473753074	0.05402126976760783	0.17551616750183896	0.44007244369569937
0.2587824599312965	0.6745025315104671	0.0867883689364314	0.9237957643038852	0.29439199035483293
0.3881944645746709	0.8390583633392743	0.2100071404402036	0.0313536763331332	0.28725250479398867
0.06660184419147931	0.11166895992144234	0.09980603063381185	0.27491254369057344	0.025804133613313053
0.6291596352748292	0.9419654239181894	0.6315301713430945	0.08208134625112876	0.19333705057724543
0.17951904801148966	0.2810409515600378	0.08321002031374798	0.2717557608923781	0.6965003999028154
	0.27528317260463625	0.36306385005941105	0.6947256499140324	0.7996091683971167
0.602637485053079	0.1215443010156013	0.14593997735409678	0.015508125973958273	0.25045499418311945
0.24129032385473445	0.14292999507450782	0.015935748792942735	0.7345958084212925	0.014380433340861202
0.12673156864280585	0.4959691198007417	0.06095354647590565	0.2206249662738848	0.19216480158906474
0.6389688041963848	0.2751954610534084	0.3762610802549325	0.02321419961480473	0.03517853666535902
0.01695663523412568	0.10865545836996886	0.027271309776350783	0.274797475731819	0.4508813448926099
0.12426163464752343	1.0	0.007380003024767167	0.42720185778101444	0.06559413303151437
0.19574552375443602	0.08042151081800626	0.9202759547735516	0.1921836246700355	0.3688687044362643
0.07193082089774432	0.04279889314113232	0.3912370219218632	0.5980783370537868	0.09229968107333995
0.06122007629589063	0.6736232361024714	0.052901853936266806	0.16739734480647536	0.4611710823720765
	0.2596491904868523	0.10413041660765586	0.11214122257629426	0.1322362376492836
0.0796306990866422	0.2963411471162845	0.13994023271507727	0.07115101639524828	0.02474955698421286
0.44129340547028145	0.5972324605528275	0.16821145911536062	0.07196060307499172	0.11431082113032674
	0.6774259585651582	0.2561158554457939	0.3163971741236706	0.026368371265099638
0.17346883537856453	0.19102349471656835	0.09410173250706821	0.860764830707497	0.4851398629305944
0.11291421769745487	0.06796814157710869	0.6726436034610269	0.6518097450672792	0.018077822050975353
0.5678996317685513	0.5492543174742947	0.3473048814551972	0.7899365403195543	0.6927449557189433
0.2543597927935035	0.015699766127265674	0.17181811285830276	0.059687424816632896	0.09663723255421965
0.19589182198430324	0.8824541894211911	0.5986287251979123	0.11470717249873064	0.06968869352180664
0.08792563734755017	0.48506244605610926	0.057628445899817325	0.10852928384313885	0.1513557236311407
0.40417063712917467	0.015210699714986826	1.0	0.4449952147771615	0.08245412907407255
0.16376829002578644	0.7019744434733226	0.20086288816959177	0.47890837878831316	0.22773949232487395
0.14557719606152278	0.39944013913840215	0.2687371435474113	0.1476679569176224	0.15073719202142022
0.06358810273351466	0.03358370864588082	0.09565291197017689	0.21198070496525784	0.08581927423367366
0.4739866827488898	0.27111993378842436	0.05453848552793916	0.3390755830761212	0.08974980903175779
0.10083376831123118	0.14785482548577716	0.12984593074073114	0.2020773614749999	0.08302633017084608
0.02757838063396767	0.12657428459717063	0.004680330872896073	0.04238721191124408	0.2534090847532048
0.025185653032211774	0.741972547859433	0.3383249722546848	0.07155045746565693	0.5411722253576625
0.4501257637011993	0.31889688770215213	0.05078455786850051	0.007250148756234913	0.28285742105372597
0.055537099156708895	0.2845857864194452	0.16213881631120783	0.31858673123996223	0.6913767576490538
0.494974106069483	0.44069293690185757	0.05752782356358712	0.014030280934875662	0.7221787900542183
0.04788917357005139	0.13091520020267722	0.4913956530218038	0.6627521182143054	0.014333276248915673
0.007562539922440541	0.07536662566802423	0.16245651185586882	0.020158114791430034	0.11584531009702852
0.644834947916035	0.056631030110821115	0.31350748387534566	0.17802912096330428	0.23202958582466246
0.016313628795762165	0.406850678162877	0.6496204928450413	0.05305658666168328	0.7918846401894549
0.12433812806215304	0.494646081172734	0.0366757801763898	0.012754661452478475	0.5321046654455206
0.29749163971705006	0.029876484055212812	0.28171681050713304	0.5139339183288419	0.22171253165275945
0.1784021203858893	0.24734020848099889	0.14523073076986592	0.017486291749405424	0.19961325013449913
0.15381761674735092	0.09627469588982837	0.04596994310794799	0.4775140400335911	0.6466014399200725
0.4711538964530634	0.025634297348061878	0.1666668090314068	0.22820974890387108	1.0
0.29869864078847824	0.2953732661156666	0.4617267478927752	0.35516207565077285	0.35015328726106704
0.22981043517677988	0.009585749697602007	0.010175533413985905	0.38559368893140206	0.005794542982674194
0.08138015075885346	0.3934602079621695	0.029832098382156245	0.11555340339672346	0.2631275496129917
0.13435349153410936	0.15663175501342103	0.6739375957807716	0.9623704932407527	0.19727772209612507
1.0	0.7914224430615266	0.2503826913590327	0.40935308029712597	0.6372051872671911
0.2299057885041932	0.043071220277638864	0.07304627078097123	1.0	0.7211847053831935
0.06636049000851109	0.2556143127502714	0.9144907435973378	0.08283785589058747	0.08896203568980725
0.19705809806318422	0.31204074233326	0.4011811538041841	0.42620922543258555	0.21695713080530704
0.37211916915086907	0.325844398165199	0.5015262536163584	0.6496328313739561	0.23726585593430125
0.08551317600270318	0.37551192558735075	0.24101121825751365	0.06446662891255121	0.26326936754577457
0.12507753652123021	0.27347348533967	0.06516465213932834	0.02764678792182108	0.03876103663034753
0.02246995230411126	0.7492582338286534	0.1117034839743526	0.00809735993516247	0.07997822285619184
0.43190881915817864	0.15285105347818573	0.17401177242732893	0.08846084603281833	0.21976317883703114
0.16044564014284723	0.8150836566146556	0.20396106986772267	0.22502484198805883	0.03931235687142609
0.44365305026995433	0.22468473517542617	0.04160554829779522	0.06546813727745283	0.1860673048842533
0.29573520857457003	0.19764840627610866	0.314258545962507	0.15810727204106328	0.29661976121422795
0.8947551806463746	1.0	0.5314296946936145	0.55262653826731	0.06966165222199298
1.0	0.8570051489003246	0.029048551017228717	0.10483069798838557	0.2146943627955841
0.39779025764813186	0.23355344246628337	0.05452890664725566	0.09248355265087328	0.2141766021145072
0.12614769933675307	0.0246384352917893	0.3776786746480911	0.2179623474260061	0.07818120216667199
0.06149792480271173	0.844189518891297	0.02689173912379838	0.3586210877989697	0.4110157600191934
0.07147348718807447	0.3867395761014493	1.0	0.03902291728710131	0.040753837333191774
0.8334943603411368	0.06448124278444603	0.15972291557083151	1.0	0.20978905135186446
0.006702509967279109	0.36249488646033673	0.4785433150869419	0.24747886130717223	0.39153658249149154
0.07733477033160208	0.5306026896949236	0.0008710627725484969	0.08362948850099844	0.04460830742708895
0.33199509236646896	0.09809671865232368	1.0	0.34604314466193015	0.3358560011124424
0.19027754708342323	0.32971796294938077	0.00010176825628420507	0.007167463627372852	0.11320083664285453
0.44448659789684847	1.0	0.15351504265322943	0.23546606159695774	1.0
0.43026819129037597	0.804017755516525	0.11389208529882244	0.16068392837805523	1.0
0.541896344101109	0.7048776484993683	0.39215648149514876	0.05770800348447304	0.36791017967949957
1.0	0.23458076160284216	0.2689630051779289	0.148002433053033	0.11651830425136325
0.23661685668153826	0.09427515501270968	0.1665993037121456	0.7236231396350924	0.2766693743331711
0.04228604212339349	0.09020392826024018	0.1419805316115881	0.1904080672753166	0.9226755270680669
0.2595343772188449	0.1289401062648581	0.12244598352613459	0.02403327680989623	0.11883577963376726
0.09313456658362812	0.06688252228012341	0.020784206467571394	0.14549857033417446	0.041707899986656465
0.11539733838188182	0.5821675270399864	0.5798335555157477	0.2928870500038241	0.14909815781726202
0.38319638109384774	0.8865090216178791	0.050740825050947604	0.4652107757553714	0.08037407155633268
	0.16927718627432062	0.30702315848987544	0.07435283715111067	0.10975133922989026
0.09047458436354722	0.0994298366350028	0.43085182495500046	0.005685500264324353	0.20254411828594074
0.21192477838473886	0.15639014346837812	0.39383427016344996	0.20967789858589803	0.1742380269375274
0.012114349391145194	0.48782708005210573	0.053459163049991855	0.06009214149346226	0.4609061916873257
0.21256940368665841	0.13227999797455728	0.1233159851481203	0.5458762256281403	0.08831411871756496
0.026475386387956816	0.15777148299926833	0.5506461229057589	0.0828074980115638	0.22878031290332498
0.059407520146583695	0.05831675131838728	0.04417050477943112	1.0	0.3660883669179162
0.2620299412252775	0.13396850513175682	0.01947029273094032	0.33067551290014435	0.7225007405721047
0.2148008294608552	0.30046142249689106	0.5975933267925834	0.4756311083775377	0.22566267382882754
0.8077328444031288	0.09310830547824023	0.20465324758642112	0.013674765542296146	0.2886668366817091
1.0	1.0	0.3935037347211339	0.15771897990908987	0.1650430762920675
0.07183717831184949	0.026523785411436167	0.03755344149847699	0.11594046321725941	0.040325845692892374
0.5915253845379278	0.2660938765701371	0.23393360203687497	0.11699248381388323	0.051639875310199736
0.38281159942376897	0.3694496951549953	0.04577394904622011	0.17289729113654737	0.1313645771510427
0.33047938139565736	0.3117617153771199	0.1834749315065089	0.030835370893207342	0.21119347655078807
	1.0	0.011734301002832787	0.42339628509335636	0.9011514463148026
0.3908585292141775	0.08167411011078159	0.017346928082658634	0.026286873106301106	0.23050243151264294
0.09662273614080052	0.48284383606877374	0.07042366378257556	0.48821420830206325	0.37696459620023365
0.10486931442022707	0.09689064156368328	0.10105561082141655	0.5603838252432262	0.1829183618365719
0.02820537157803492	0.04632654364806549	0.7317835540480632	0.3524958681713374	0.1712851296136286
0.10400927916141178	0.4509984248658829	0.34590384466825735	0.2351374849515832	0.6357692756555392
0.018501011559975588	0.16239547290493458	0.184402979477469	0.03936421293795229	0.2662122696760172
0.24038336137168373	0.5825590030071511	0.315518374337783	0.10871833664733942	0.5059688107719272
0.6304022764475038	0.2513540908313371	0.07209436148187967	0.34792742124379344	0.3777217831196112
0.2515200861291077	0.13383737528200745	0.5425174820423654	0.1130465847112566	0.05487197066991638
0.8826589099595451	0.11020653707945297	0.08349158138595668	0.12106559403190488	0.09133908096177944
0.30583757257783106	0.42320387023251627	0.04234474173915684	0.41042198007344505	0.14779353528330716
0.7731281020841275	0.7372172169650524	0.15490271276100395	0.012603792750891227	0.06870426977014582
0.5790941916360502	0.10419678869770714	0.4861459856226453	0.1838908703874701	0.46625008828900394
0.6703340900088771	0.030076754133349187	0.540631840657771	0.17100628999362266	0.005953606255175859
0.17601765910308312	0.24555763207162495	0.519690549697584	0.5259649806259216	0.04361939810911585
	0.373936191465582	0.8521821383287801	0.5559407945083997	0.0898682220151389
0.15233776939372035	0.305717107677408	0.4748073121420049	0.10748636695072009	0.3340906239836249
0.10960791173110769	0.3599845675479947	0.10620523628773773	0.02935506392315685	0.34391408156909453
0.35989659378955924	0.14633110289897636	0.9647364134268279	0.06425213674469375	0.4670817646487802
0.6797219734913025	0.38739490181286845	0.3497148982385941	0.09573748603368266	0.702353432838637
0.4145798717807436	0.241388051693676	0.03405885472411488	0.5016709876266708	0.1904167332934436
0.19660290116995666	0.35583380856981695	0.07953359462438511	0.06030195360128468	0.5653153757942363
0.3395792485958478	0.11405133901796607	0.01906453083528434	0.24409376628095117	0.654317987364815
0.011295454554901602	0.784341246201234	0.2877062318890133	0.19164996474182047	0.1361630473667192
0.16954713871202046	0.03226032799369504	0.0060183518818027765	1.0	0.3640297942965061
0.07931546350470556	0.19748118778722631	0.03819726368540776	0.2409645235534023	0.634197404745932
0.12134106928710017	0.09415520807153781	0.20035945536533944	0.07856281506373815	0.0972042701453096
0.21933937267539586	0.3036969668953531	0.40578200153385574	0.515070105523938	0.025366003931363956
0.1746190054293134	0.02784820038830502	0.29168907022389434	0.8846819422123454	0.6295911126612106
0.021966550064172922	0.01198424442224399	0.25625981800412445	0.3784899572132701	1.0
0.6950469457627213	0.23367369391924375	0.05954684527785316	0.7258758680240206	0.4398408545959518
0.2910866856665418	0.4784252892737722	0.04566251614950763	0.03192015166239038	0.32688704881508757
0.06205999523885847	0.13758207513538712	0.04106821699493957	0.1314104860274393	0.5662848792640126
0.26972748972032307	0.3813547247013326	0.6918775570324776	0.34758023690276457	0.2942267284599314
0.043888664349897785	0.05671387642382884	0.12385343810308062	0.08459302924919054	0.47109166363885013
0.03787774170528089	0.20267826476314352	0.11800165978317485	0.07495235396154959	0.16760949746643286
0.377818766963856	0.22050573452011232	0.06307130699715974	0.2836585852568855	0.3046945101147472
0.1717562959859497	0.1698207382823164	0.6937289486873043	0.857492060203597	0.16280899613573913
0.07886999247021173	0.8131523088946012	0.5147583108323572	0.08881104825159897	0.33419460605267537
0.26113997176547343	0.6460688894265817	0.3537087530256962	0.24550198894189054	0.045389701850046614
0.43803171298608834	0.03200492393124317	0.3251548596345775	0.3444093333621772	1.0
0.23818307096649394	0.48114188844123307	0.3353650793913011	0.40447166826421205	0.16115510996875107
0.11946924821275273	0.19600178696682882	0.1277774366284496	0.10753887782447058	0.05111431648107343
0.060145539110749324	0.6148020931197	0.01210172029899784	0.096324216840292	0.028689410142012258
0.042095196146985876	0.1036477650693418	0.28798881914531105	0.1522080801867003	0.4142508839846808
0.10642776920080445	0.25080023756505393	0.3953375990408632	0.1445162252032017	0.30288402532309405
0.681600070850593	0.47789482087494395	0.10977373383994946	0.5122661057636879	0.11034474851171897
0.7940050533995543	0.3142205722694966	0.27243184650942387	0.320669193017553	0.3510728803839534
0.3826608953797416	0.24702355421991384	0.15026176873184904	0.7555917371191289	0.167570396055178
0.49679744397912645	0.11414922364851517	0.01678085809151906	0.49088945980925014	0.3480491366938938
0.2761962827763413	0.9849704528660143	0.23690348719466736	0.024334258514524715	0.5144741583704663
0.07813751177451528	0.2005333639444847	0.028106936630012656	0.08449423409891878	0.23086689393689772
0.29414387858344504	0.17246763595631148	0.436883968751257	0.010078090311171179	0.04567953178302198
	0.3041990975670225	0.01899992962511633	0.6120384912953133	0.27041793430726796
0.23336308499496966	0.2791470683788809	0.30800953920391255	0.1535210135419847	0.35039641432011104
0.030066229993624696	0.25732551938241416	0.2248923754934911	0.49999028781784494	0.13057095688749643
0.1277368936858588	0.06668653939483091	0.22576486842620738	0.4106504310206477	0.003975984263941365
0.08301120553957385	0.07465124666465005	0.3326065622738022	0.1437958621822252	0.18666884007719758
0.4108122403008732	0.008855227492522032	0.23821794724695633	0.026459911637412615	0.9439124298639743
0.24898241113930603	0.016517483692670244	0.9137579316482543	0.30528339787672654	0.0334430365864998
0.6670675523595918	1.0	0.22851440065272413	0.03707600936630928	0.02918815850797834
0.8994142275147047	0.10179521968371154	0.024859752722882166	0.15285234632877615	0.02937862197800921
0.4575531845603111	0.4476104689225376	0.2230325275546216	0.04465519626792311	0.3448022992507313
0.6251436649986314	0.13311452602435928	0.5406445534459825	0.2437827879404993	0.25686157260848025
0.05800440856941454	0.05686403305262329	0.045439139024742704	0.2373766903561691	0.01279406750502624
0.08952377288532566	0.290866981548165	0.1269182332860507	0.1215511236856108	0.14654553960414907
1.0	0.10307173016712466	0.30375172814938817	0.4519824802158059	0.10875241689825663
0.04149867745768426	0.9123169951108924	0.05819683541365833	0.07617648168351443	0.07497314667584488
1.0	0.021692258994449487	0.2040539299163034	0.09846396933410746	0.7764455921045151
1.0	0.15621472669040426	0.10221742206537818	0.19441511769401934	0.48461959777034125
0.31015775504878496	0.05978688625072053	0.2304669976092604	0.05303260509830924	0.03524195101581206
0.0748232013003347	0.5365705232568958	1.0	0.1041918058186209	0.0026673577807512414
0.05781099403200092	0.11941438248829876	0.02874738396372084	0.7288027805746524	0.4096140694526048
0.18978253334457879	0.03228476598062263	0.018881187520229936	0.17315718487260978	0.35794184160706594
0.15667932035816168	0.5144805443871777	0.39106633787021194	0.20714760211731645	0.09403360147338259
0.34050064878271763	0.2827197147391304	0.41096790429156116	1.0	0.36399700363118687
0.5539398241405166	0.15152087726315658	0.8272982837976735	0.030168588633654195	0.036941533822979676
0.07030187015187539	0.18159092208424013	0.1074726569881304	0.38301711541105765	0.40283071256091185
0.32855555152029026	0.6291601296775307	0.5709779082887184	0.01784831188816185	0.12599408820790067
0.12306284995395193	0.10407070610906012	0.09852700718601995	0.007739730725867687	0.18637157770942783
0.7799598071409245	0.6162891257161096	0.24677745250342098	0.15765458212649644	0.5476622832440746
0.019961947237524452	0.5387218207394555	0.3029376078291278	0.41021999350240895	0.31324602802706986
0.30229500467720505	0.039082238340442395	0.1827298826251855	0.26327538191486005	0.12299609684335434
0.17805168455396572	0.42556384022832894	0.34979686172772584	0.365888591726453	0.021082686945197555
0.0799695869144461	0.03237537110134114	0.4113051244651304	0.26049783173403107	0.19130020740320489
0.07987979713295575	0.11249047545566006	0.18601949500405862	0.30223640824218256	0.1536631102682288
0.7664745863805866	0.17742905772710368	0.7405681389389759	0.23315162269021336	0.44168934629853224
0.21642112209517173	0.09005649148525428	0.29198475253562217	0.17663480511443838	0.1642530315711441
0.6807396430268031	0.07650789961987899	0.4142389816382005	0.06913081087553162	1.0
0.44464609034614844	0.14920686458087568	0.36025916060293	0.8633541191276428	0.123771464248553
0.23665134664371662	1.0	0.2143292683649847	0.24997308029037943	0.3963537305180443
0.44186732756581765	0.2731511047954598	0.0685875518075429	0.09472639880180635	0.14960603269250566
0.05807418024850253	0.2184648306132113	0.23589741128443553	0.04437360365355486	0.1826403639998467
0.43470733224800323	0.15459085103321965	0.48171151455196815	0.3180757917168162	0.40406279770417597
0.2943133347098768	0.08805396470516254	0.007452554552006977	0.10485450828841014	0.2964639353938794
0.06852774823950915	0.21021950515917198	0.6520468773128124	0.12604318478923035	0.41716687495989024
0.802657193434312	0.2638954225602909	0.3344969766542479	0.00657946123807194	0.4799507923091569
0.4702769573803346	0.02831766295249901	0.011722073270592725	0.002290730585978653	0.014703106538022027
0.16501363841011915	0.36179854488320284	0.3258463480496356	0.014667639797593472	0.05764068872781253
0.002811964913600067	0.4052770023036952	0.22202485897043336	0.04316349302985285	0.4623442555344993
0.7964430298510955	0.4287924372459166	0.450660374866911	0.1712618710729392	0.44822086666532307
1.0	0.09690031757226947	0.5902210199442978	0.13611169229142692	1.0
0.2667673637777381	0.10431192738848875	0.35393303150978506	0.2030174357587073	0.22618296100508983
0.25298689957530984	0.29791391628156993	0.10737965442285292	1.0	0.2998071908881312
0.5722936550894975	0.2553550164931832	0.22934890766386823	0.03554262829219292	0.16753174618975084
0.27567724958361045	0.014509014423110537	0.12715586690924863	0.054434658933739916	0.0867874135103958
0.13193673297214362	0.1825438705235875	0.704085130385565	0.47829110256153035	0.43762900453748016
0.01186926998185952	0.07684702329602537	0.29480204881689026	0.42813350253979987	0.15880394310086385
0.3847244060050963	0.05563363206051501	1.0	0.05962715265889204	0.017182031452823376
0.5799261063496294	0.3985868822909617	1.0	0.06735267028670902	0.03390031353738764
0.3724092415021569	0.14699380294103387	0.4053878834108114	0.05313657341378935	0.23957695407659219
0.5193597392651655	0.8864795978587539	0.06326137348628463	0.04658337590843647	0.5088277157027381
0.13498286609874863	0.00854507727177203	0.07767374871490326	0.30993574187463374	0.5075668836763736
0.29500743617746344	0.41666153994737476	0.7623914287149038	0.3226851122659382	0.38941563527795486
	0.17250477293627345	0.06050350398807096	0.12663482069873425	0.04212930965099002
0.7086737472147115	0.23873063386181181	0.34220405039277024	0.9420154858234491	0.925670324205528
0.3209785259540668	0.5813226137604217	0.14980948848783682	0.26156260220304073	0.5632460123089292
0.13889067102021277	0.023995002483574425	0.08177068410857664	0.038299552546455035	0.19611183766559562
0.13977692718711165	0.9847369376401214	0.05369195368731637	0.16894509427259388	0.029261919438627413
0.011558347142722145	0.05140654062159881	1.0	0.025787550746039906	0.8297907682121366
0.5825205901689553	0.15002626747673586	0.5601079019353313	0.0999316196514566	0.2044317047471161
1.0	0.17868031229505446	0.11836186764534067	0.1509410704840834	0.6179258811408018
0.2593111447467045	0.5866727308535205	0.7257976706907209	0.0004608737735704708	0.05009357155608508
0.5373251097873654	0.36620104597999564	0.059580789450835524	0.08322020005039436	0.2431911847224726
0.0025984942860824067	0.19551567476283802	0.847755788293521	0.04329893446937832	0.04573279424505972
0.13291286143064518	0.4444342199315712	0.3468245239949365	0.1244139978111242	0.49202482644378776
	0.6109953620729478	0.05128954041575355	0.058157711297317206	0.4336876212095885
0.49175129892232755	0.08360886719704379	0.27379886321820945	0.04820669414775968	0.007813239995194692
0.15036990354408583	0.10537568724900269	0.48553062088367266	0.17607715090064807	0.27916260292975786
0.14897328496302278	0.03895257580799619	0.18539435955093891	0.546038518055013	0.010361726142404258
0.10752100866391709	0.8857800500084442	0.13067174619212174	0.2310213784245128	0.14592955011177156
0.051588895337313874	0.06654367795394124	0.15644082777287435	0.33618103737289434	0.72370034731937
0.03574152257966333	0.5859242278925132	0.38630967399593724	0.3775093560659198	0.25652594112716026
0.1880713285449948	1.0	0.011824133278423974	0.1182448928104059	0.32348152232678296
0.00428935464445968	0.055940632536451165	0.24717881604787756	0.7049043542611667	0.4560612195888928
0.12971636593257252	0.14137346155672395	0.1346638457929677	0.22725822892766662	0.892206128554715
0.5083489928266689	0.03392086734578545	0.5721892794552436	0.25706381413938956	0.387916591832747
0.401214472504856	0.185872634039942	0.1077046468977291	0.3043962904925689	0.07995880538785764
0.15657150900795302	0.22931952185586518	0.07891083978822032	0.3515771659883048	0.1578605160506621
0.3358218762469479	0.014816671008090984	1.0	0.257517106317004	0.43928053231174446
0.04667342414188083	0.9093142916132835	0.054979383152817446	0.0795841388841161	1.0
0.054493273526382224	0.05791297443136238	0.4204068121284191	0.07474951011912671	0.06698028163277117
0.019578393740658288	0.08384319846216694	0.22256865888766414	0.12428038334795542	0.0857388009245986
0.1364341336913761	0.1375998924284912	0.24543007136169595	0.1031875195005131	0.10441251254632913
0.02685143562390243	0.4975145172836148	0.0863006854418406	0.006248301090251706	0.20994575779234606
0.15644150056335177	0.05157727879025296	0.24768260901543715	0.13127456729987638	0.3208299023839797
0.4122657960846522	0.2782937557369642	0.2901618140335618	0.552668938187402	0.17252403606508368
	0.8803331486611358	0.17044781091126848	1.0	0.062091273612103925
0.18091190602511625	0.04239543401387225	0.2517818992726486	0.3548052008221356	0.44492745600040534
0.4514776678966863	0.12700961069116676	0.023760819087410744	0.3498778283962375	1.0
0.047473257424617776	0.20568341024897524	0.6900471082433675	0.0030503485744506707	0.15433265447982944
0.02542484590806978	0.08636954000634181	0.6641212215936868	0.09618201579310891	0.00865463206339629
0.10079479913777985	0.10904337930740178	0.05750677643043508	0.09611219729114595	0.21645477556716858
0.07355850689955247	0.4392650360279413	0.6102486699525963	0.5178269462565059	0.082360552515724
	0.3203712534663638	1.0	0.18545184791187166	0.13853372852478785
0.10063233244720994	0.44795984973478137	0.6296362796469994	1.0	0.07486513988215004
0.5754791260370401	0.397413021824048	0.13295465754355723	0.23930670684200023	0.06100139561277747
0.2611358617087806	0.13641215819307181	0.3250492426024047	0.2827254136053363	0.21464877976670213
0.6304186400325682	0.7968291539556985	0.046865740532807586	0.6825193447531687	0.017642929614357445
0.08833515656687217	0.21867420196812554	0.6908417530975945	0.2022453232843219	0.32372726549895053
0.10776548695578013	0.5238944665915277	0.02334515468613683	0.2561698948174328	0.3232470655659226
0.2505124602198976	1.0	0.33268630355582646	0.46468918634710443	0.1092430990143234
0.1652269621294587	0.5349080961516658	0.12661026872159323	0.24710904890490135	0.8914376842086387
	0.4623533210595265	0.23102906304490325	0.03005059648003567	0.09586263576348149
1.0	0.44863937015040306	0.1252837588996438	0.30770541728214934	0.14254374169806772
0.2533105957349166	0.07666443036212578	0.14798535549135342	0.8740439470848609	0.023808187618944345
1.0	0.21059229312817224	0.14678873468206124	0.3636507712912039	0.30879555285925697
0.30125958629369476	0.24386106258266732	0.10160966423516427	1.0	0.02589695119440392
0.045566984818367955	0.07955469161789126	0.1377862698654047	0.6713903864554192	0.09312675288405659
0.3862045476486992	1.0	0.2591339814881818	0.2033873324370845	0.0348364144712317
	0.3874334599398796	0.5320575784407576	0.6291067126012817	0.31665947958454144
0.11843299819173983	0.2671985631898184	1.0	0.9394075634408462	0.04927309498285382
0.24625797744517025	0.09685172935803019	0.13151355594528957	0.20323928276490952	0.161006445709207
0.137227711255821	0.33909872972080857	0.92914729443334	0.05805783484462719	0.15028392646556885
0.2822219411190601	0.002063321149229401	0.4526510306419196	0.6740747045572762	0.2764179519995093
0.5643342320281228	0.002810679856113395	0.3054278822495612	0.23536718031154358	0.048351817752862986
0.45929256125682044	0.37574994656578686	1.0	0.2607146545747255	0.35273807763614534
0.45825102912409077	0.09638540919848082	0.7351443237048226	0.19301575049508216	0.18032531351043757
0.14830129852408533	0.002231153778787063	0.08290390002576489	0.6857160468608495	0.3190826236649869
0.6366973403844189	0.789391074164633	0.6638160948713042	1.0	0.3289430164057677
0.0015043182798663232	0.12502830629560818	0.0881896078874807	1.0	0.20215783957557049
0.36016248139857615	0.20227641815872757	0.5359731506060407	0.1631786492629401	0.09849076934219002
0.21320906941964582	0.10913967448868453	0.8734562246072702	0.17281043781778535	0.1216382056526142
0.7736693489914641	0.3511020017549797	0.16130691741430592	0.1472265559969513	0.06371121482509876
1.0	0.04853538085753777	0.15617877255636126	0.11334160564372912	0.47284671063492867
0.25509214075644937	0.17464557256304006	0.2992158521657812	0.3637056878774922	0.16701780106118325
	0.06407286981307589	0.02450739046994518	0.1706757295249751	0.0071403982335719604
0.07445601797760089	0.7743102310586798	0.11285637070208843	0.13645914286693206	0.04438334439543048
0.19817863670818114	0.0477950961211518	0.3602664218978116	0.019942342537227462	0.16162020397360158
0.2788050164573869	0.12644947321170813	0.7597534281857444	0.03861856416587916	0.13868097364517082
0.24435333607878712	0.36289848926605867	0.1373877188884336	0.02701033236844076	0.15035334186758847
0.5269297421059014	1.0	0.03801318243152505	0.3691992883048436	0.563104921980069
0.4817179085817523	0.14281080388144732	0.6859079578856302	0.1351685929144138	0.1804737628112357
0.4686325932378577	0.34741135550842767	0.37861911553806865	1.0	0.12663398497107875
0.025949098970342484	0.02406562785089451	0.0341411038557115	0.2357940395716235	0.3447358600963888
0.22173539811296974	0.012784321250865838	0.02031223742602478	0.3149959127082236	0.023518191166851405
1.0	0.3395736537559879	0.3286148043111274	0.1268893060560597	0.1670074523722866
0.09016621870907378	0.29318361638949253	0.18788584191479055	0.23346223278683775	0.3906286235795705
0.4707398930970955	0.039481391775221586	0.40902856950775524	0.7614469475853142	0.1502650879910101
0.0971568967590442	0.2556410339842321	0.44631377200230216	0.05154780327967906	0.26872966680803473
0.26414376996264066	0.33711462157985667	0.12278570031593046	0.08526158534397095	0.966427304125349
0.5889049351874254	0.4769508938089633	0.045288920238079226	0.3282947125883847	0.3123229023005382
0.010016856250110857	0.010747333316943086	0.46212002916042105	0.3576586278668995	0.08032183042479847
0.11011413408629812	0.15306870065221156	0.3135629635480974	1.0	0.8223900106590579
0.6402084193731882	0.18607329108518258	0.3625656124897084	0.04245337499406073	0.03696378144941379
0.6621968452232286	0.5475033160521584	0.6990114342238896	0.3794148351566007	0.3736866071784991
0.268740314455753	0.6088687718514558	0.020594924573393434	0.02221445973566791	0.2931568753289781
0.050876898682217064	0.13180050735107593	0.8361437820325629	0.06244595922714636	0.17039685857245143
0.07661417068601035	0.7165341953701705	0.16137652797137989	0.6220137849092937	0.2220889155422539
0.15236387106053925	0.13936693554129004	0.02482096907851385	0.047042972681492955	0.1538267674480014
0.2697998043738927	0.374717879005197	0.11908883674718573	0.9797439679742536	0.6578078343560755
	0.09464980220590546	0.06846784676784275	0.2792112804643053	0.5091412534685218
0.2787777152947978	0.32925761627076794	0.16967877305013632	0.1892783709955633	0.06848963372467251
0.38207216652795334	0.028952107163516098	0.2272105665627736	0.13244005970070316	0.6753304083379467
0.07415695915166766	0.13732734155367674	0.4125439183883958	0.06020784270476954	0.47148142676725174
0.3270131106223044	0.18955341775654586	0.06381501585979503	0.06434766420741049	0.4180642200272941
0.4433462778635168	0.027629134750320507	0.01967672166519325	0.23479768364778414	1.0
0.10898452443367211	0.24943678103336805	0.09744225946713776	0.009932451569452218	0.3565289560804385
0.2502422089678745	0.05993997076362444	0.19003167145651703	0.007918578978043458	0.16579789339873202
0.16654801065648514	0.13543216773474104	0.009015709876629089	0.07834762080028375	0.3119710836248326
0.06276260333025438	0.32795882751697936	0.19184307984182872	0.36000411336387983	0.1598674465958513
0.09306441938761838	0.6304901343053925	0.6341385155549222	0.15132011364403586	0.07399464559649917
0.3186788957335648	0.7344791977893826	0.31623774922228365	0.08130749798570902	0.04292758103101366
0.3267368932463782	0.003929271961927734	0.3709579187578377	0.8322283270837444	0.1749921577376831
0.1443946991638741	0.4437804103840821	0.16314417558507532	0.0903135857057747	0.26913095032553014
0.6073961172194979	0.07738415622593278	0.7081435430743476	0.4331914778865201	0.039023714022820434
0.733141271986086	0.24459311549784055	0.044392816917063864	0.030776050285341753	0.4099298655957984
0.0034817044336471993	0.03225930395983294	0.10767065237214997	0.2556235763926301	1.0
1.0	0.0403099901923069	0.1850116871809916	0.11392688600315472	0.11741041429402493
0.03147625872380613	0.7795888446801458	0.17312543132915217	0.3399776593084086	0.11413996553029152
0.10167397112745179	0.7006335332480237	0.3265381431699047	0.5279243759377789	0.533402741581944
0.02965107265608962	0.21919261699585477	0.06737967665887015	0.011237785355607531	0.22167809293372712
0.4838666351674592	0.6927520327473816	0.20019612310930548	0.19722081550063195	0.05692789739460344
0.024380745624626176	0.06466513911832898	0.0651772660135761	0.03399098547064515	1.0
0.15425673864316689	0.11349330652346358	0.5310761962728863	0.06087221105227476	0.24375428716685157
0.35213115282528296	0.2843203503024748	0.24364418649508526	0.6342631253231671	0.03933422566556108
0.3405176511743144	0.037904280461184096	0.19978428435108472	0.2042094071092226	0.40082920882406436
0.136604803434863	0.05620420279418522	0.34531430889825604	0.23988576746414225	0.21469134688427094
0.8237647060894945	0.07646944994922768	0.3693754515240925	0.5279846049972828	0.4268231194245465
0.35679074820534024	0.19950496869751894	0.21203758958516566	0.38963975548825375	0.6398368597970486
0.15828709936104338	0.2087608992596428	0.0698084207920132	0.2292268575036352	0.2336150263462504
0.15801836214203613	0.00381336252682528	0.19222466901707164	0.08942261999712785	0.30882364382465194
1.0	1.0	0.779062649023755	0.1405621900478284	0.4540149579254203
0.14855598539750467	0.17027304110837796	0.46118340783985917	0.34299785156053125	0.5214676197487884
0.30294880800631663	0.020503007501443595	0.3672393502666795	0.36181297934440154	0.09410783465591256
0.3830168419938828	0.027804099734379983	1.0	0.004563609488460221	0.031188430446474825
0.6361421898670538	0.24067957685613994	0.2941269255426284	0.04799947748007622	0.04466052076163741
	0.317778880944545	0.3941716495279765	0.1654343540735881	0.6564992347075639
	0.5321007702651209	0.7471975891183039	0.1772483155555276	0.2068974120188808
0.21594878922129127	0.1210602636480509	0.18106262744471838	0.20471425925432288	0.03186872175181611
0.1368041915840362	0.0976308391341498	0.03028274913064971	0.27725915646029586	0.4376055764337053
0.4875899169262662	0.08860305957451797	0.21707158142603072	0.8638471579578508	0.2373157399401132
0.722347677527097	0.006804421550712553	1.0	0.46524568244192155	0.3435056260422892
0.2234608482732082	0.33020127187096865	0.3643278842673979	0.2280139619078263	0.08328567094667984
0.7667377766323118	0.15176789869763022	0.17976877011444875	0.3432622982075678	0.3441330584932979
0.23375884904587182	0.0556795020405175	0.21960171229828676	0.24811169278438228	0.48839951572883755
0.09416248926572458	0.1921321735646372	0.0053469816221318025	0.2042990398553319	0.04104826543842173
0.028827683518307983	0.13932735080951766	1.0	0.2273368558997329	0.24178465542953714
0.12882158260019785	0.9580087699627502	0.7054201855034642	0.3765841794426829	0.07193196452271364
0.02147257501372056	0.19077825524646672	0.5269599355669641	0.22224662545585774	0.1396426565018631
0.14917846460948928	0.27439175985640857	0.033947783197383695	0.6541281945433182	0.22807570723919676
0.10310651908422243	0.6349316948831708	0.18228172049525074	0.025695348065494644	0.13382776526080203
0.018282890661040024	0.5937197512953873	0.27615297430746905	0.298355941586974	0.07585982687916523
1.0	0.011071842269821991	0.11728767589700825	0.10499082809332602	0.4226264875191765
0.18386473602026926	0.043381499509313554	0.11697290179966946	0.08308840967205447	0.17922404734823966
0.01735612990556213	0.02610161653029583	0.09225530775450444	0.019184489477511966	0.1214277013996782
0.04844317961953865	0.2529244483055471	1.0	0.4874938775801443	0.49421392360319494
0.4394444714879318	0.06855139064758264	0.014468737855428255	0.11754257493084058	0.02855887304744499
0.05110846936864898	0.17700961354374747	1.0	1.0	0.08898822042673195
0.5174132036803478	0.6353781501856915	0.02748302351156141	0.49618447591980674	0.06749336429636502
0.4346533886618603	0.08459586387262598	0.03473487358116724	0.47113684509750514	1.0
1.0	1.0	0.6386197100685335	0.19276772963331365	1.0
0.27200095433208665	0.03597314112689973	0.024227819988519878	0.7730279648355394	0.4170513395210461
0.5552206548894072	0.03281614403127399	0.29630111967379713	0.35573224379022633	0.12124263730189777
0.05986677982277311	0.041206152134926996	0.02409386558044854	0.0897158317352768	0.3687028052242151
0.06079251313187427	0.04201593766949044	0.6478775613329014	0.04396163566585679	0.2422985964321859
0.20814036775833297	0.042282898546806856	0.01893333795806861	0.37888475672273164	0.32019315115781705
0.26083361487674983	0.41729104129973965	0.9185149675459094	0.20221159222615903	0.08176114625370352
0.08131596890526398	0.11310530345637186	0.0867313881561361	0.49516009982119163	0.006278234627880098
0.5729025171184514	0.03592382494918805	0.10104670526513311	0.44030070110451475	0.011394846620239202
0.014313258447172293	0.10718102049163167	0.030904684938644567	0.2543845366804987	0.1934633445878289
0.253566003049195	0.4742602989397276	0.10328624130162957	1.0	0.02900042263105186
0.15009900338431179	0.5067825742798585	0.037918475374300764	0.05136934278129553	0.04603424760635264
	1.0	0.35973824766748025	0.006476143191583944	0.2684261221972016
0.01981072377288572	0.04438316960210174	0.6529739711629324	0.5518147723951995	0.6622716445955455
0.06147488820865834	0.422138051761811	0.13122144308112677	0.846062892458614	0.5658283064728323
0.24063110198510917	0.016781232286341485	0.1036886161162598	0.12819303852390898	0.14007638022991006
0.24691017028976556	0.14330252268597884	0.3092300791706233	0.686376641793401	0.06022400995451721
0.3458904971850522	0.1861550498655899	0.5332341920824806	0.500403577814557	0.6892299699877256
0.535322183518326	0.040584778124400825	0.1966714463957436	0.8090314340507517	0.06939946454108858
0.11930663001573524	0.23552351848901656	0.1617397373267651	0.7079613651450097	0.09557021625449066
0.09541463359535429	0.2092861053878947	0.43352721127403604	0.1427533274634367	0.16656307918396973
0.09647398776973995	0.42079479346591103	0.21275376346803543	0.8056638978231567	1.0
	0.2921074311960898	0.1505004296758811	0.006152248314092848	0.13753533644523813
	0.22577353607398237	0.0622769008945784	0.2303953417249923	0.2628836068682434
0.1186455545748662	0.4293065433624506	0.3082173965193341	1.0	0.10709651798127619
0.3048105457117677	0.2801624311816307	0.0319687900462878	0.004906965591091838	0.815999932465467
0.053633827373860944	0.010769077159873372	0.08578825188251107	0.3969051703251629	0.0673464033482763
0.364152620410614	0.29704685546412524	0.3811627338862138	0.20823127118827128	0.09871835349987886
0.7484470166957636	0.4108586938466946	0.013128057070291663	1.0	0.3497794932419071
0.010982897459267487	0.14052505476975305	0.07020686199029218	0.01832488623514138	0.5270533920466023
0.0946245490155936	0.4625598207769057	0.3056813477919497	0.019802911198869132	0.10043710531089073
0.010261767934645796	0.2155280573767688	0.1167361370568389	0.08807349209224483	0.5325966503590831
0.6438769173092284	0.05009523046958205	0.04983650652915142	0.12435082780587473	0.22180529158786766
0.3740458645956171	0.12278952536168258	0.32428816273404826	0.41376032348719954	0.16616368150326324
0.11206007691083192	0.11661401737838785	0.28316907746326486	0.007472233111400341	0.12184297450159864
0.537754151508583	0.3476114312656884	0.040307357343876075	0.2142278122356175	0.2664793724926896
0.28767488929324203	0.14709916805918022	0.3142608427899389	0.10341930092932847	0.5319352508291035
0.7130994278942039	0.4534065658297789	0.19357928512691852	0.8473001197749505	0.7676359352705239
0.06853226628302446	0.11159177861996615	0.18585533515082597	0.03220833569879264	0.679692553311788
0.044655365556577134	0.055875421912899625	0.39402562855849466	1.0	0.03059484919547679
0.004321423670979406	0.0017890750180980216	1.0	0.42837608368638097	0.018631810142967338
0.19773107060032416	0.1631774005477566	0.1000253748488179	0.05173090487862787	0.5230484886000774
0.5110411760791687	0.14047000758518388	0.15928400904480702	0.10477012897650534	0.4819546300304832
0.40956533267529255	0.03171853355016507	0.026879384010737417	0.4400796157099531	0.14256754545263614
0.291858301819724	0.203133661996979	0.4680580833829494	0.06509920666059474	0.18954040969934813
0.07148695403010177	1.0	0.27466071544504433	0.40189294786417773	0.9029348257890024
0.9934535035927963	0.06556757883095851	0.003171677966784352	0.23144618646863657	0.009401521307558548
0.09090864434547069	0.5200908771372054	0.47839868342724845	0.004949101573106031	0.8179029662469227
0.260993954600278	1.0	0.36337473664747166	0.6272463885101556	0.21160413272845918
0.6389135116764249	0.028851851586324966	0.34829544891554226	0.13753938778854463	0.5967391996427044
0.06496591670761291	0.4107927102079942	0.24823421094298664	0.17260499029116547	0.32862956365841994
	0.4219686667115666	0.12126911077372028	1.0	0.7343677152815167
0.08197572294866048	0.055783826741922476	0.7248425850740593	0.06467849625905829	0.383129137453949
0.020999589901943314	0.435600631829585	0.03089919566432678	1.0	0.15872834888500528
0.039186799717112024	0.3298859582468094	0.28295054955634774	0.08189962280302998	0.2622181848965019
0.1817018688888262	0.017768931870651997	0.19581320069391925	0.2995788003016635	0.07187466225186431
0.02991410159886764	0.05024076533507616	0.01011470947645125	0.023725819516310052	0.08045183011413372
0.288781231710782	0.6566840352147228	0.10032200723570538	0.24313720427100724	0.07345833155765617
0.01378747885674936	0.05813632727867489	0.2495185979243759	0.3674176010157782	0.011434047006569817
0.2439048476363586	0.9964298454593082	0.17457971606903575	0.11629631516226004	0.4829088122617169
0.027207364136509888	0.058166072167748085	0.3985859295123474	0.45942038980991223	0.35800113817877877
0.17097735614978635	0.10358722028941122	0.14455164023922867	0.27424360595559694	0.012376144595508802
0.193385964116228	0.04675642768224796	0.041150554775633015	0.23014511330340245	0.5048639776506149
0.3824262723203577	0.09567125470744343	0.5100662177844107	0.026498527832431357	0.03359295178034577
0.3125310809031237	0.07132178297412298	0.49304869093637427	0.36043068693691843	0.32439629267380027
0.06097755154736628	0.034668940504319457	0.09328343038308776	0.054237404822719264	0.26013690657889665
0.0676123093571211	0.6067978338257494	0.09967102838556756	0.08614109665752274	0.053364735082654824
0.2850136006678267	0.42035160760590834	0.1054647255169135	0.7968678169699974	0.4358344009918208
0.7507616228934709	0.29698903287130474	0.40525387260910967	0.1434281247334888	0.1459528764122109
0.2515030052227928	0.05591263380015519	0.20313221833691028	0.5953184456848093	0.8900257463309
0.221552764837793	0.08013294444609027	0.34424761166650375	0.13678870034730944	0.5646794185069487
0.13116626622738922	0.0603686526941039	0.3344794610630689	0.45029478856555516	1.0
0.14287808138275263	0.03790731309323451	0.22742077365838642	0.17853182991729494	0.471004296346103
0.13528869267632243	0.8945106496716552	0.14286853692664317	0.4392302422758179	0.33266713721295144
	0.44134932933530724	1.0	0.17848440744590144	0.45517774853324483
0.6913109354143464	0.15231326608099424	0.4305991175252171	0.23669268535013477	0.4846183527312447
0.321835702965011	0.26169108949408393	0.19313882272351524	0.31023962771059344	0.6977903559367187
0.7404669985198663	0.14043188791094463	0.056142805768487514	0.5153164623806111	0.06921126824812691
0.16788457077937255	0.9777350830634892	0.7780344783698897	0.40806232095708156	0.6414361934282639
0.006097926008030274	0.01003735897028065	0.03559594188041373	0.3897950172189632	0.06325479440502585
0.004761584793571995	0.09789679098416447	0.002349777458675199	0.042343018658174046	0.43138369796273696
0.17089897293400805	0.01573721261568099	0.030875910191160517	0.29454565854908005	0.12653182906884322
0.09117342518003328	0.13907365337331132	0.2822709195636374	0.036075926928062385	1.0
0.006585314312284995	0.34755673466424813	1.0	0.215016192408363	0.2657216876306332
0.09367413482767259	0.14261407877266702	0.09611317580345102	0.028301298331026764	0.34169340000405396
	0.5417373767130179	0.19168202967980744	0.22447953538106868	0.2508636854338078
	0.2397664136770147	0.20472058767927687	0.19738844589751106	0.2912718832942377
0.6193938256190814	1.0	0.5330552793752029	0.26786381985444274	0.01772459826265917
0.10234066429114629	0.2560869095416761	0.6205741175366531	0.3368994613821858	0.10053931750748175
	0.5826298499759688	0.08144734371954289	0.13974719672352998	0.9982974913851469
0.10027341423346547	0.03694987022490476	0.08959833539543959	0.1093314632715744	0.5097294547423583
0.01468436961357119	0.6093465699178574	0.4980592532889936	0.08843276959428054	0.09909777262377449
0.2517623029954324	0.22413073262111374	0.19392854232118248	0.019930150643788055	0.3062810526805852
0.9774968752674222	0.4183962771013938	0.3229000690763358	0.84137914411907	9.735440740477978e-05
0.6502099583808845	0.05681898150612502	0.08899308936055698	0.4814600767227037	0.9051115641225911
0.0665481223319933	0.36741725132805686	0.5009382430696386	0.2528447143906776	0.27426090107470813
0.8859897338489598	0.5026177413134375	0.5412286780821493	0.29736913645440327	0.2353510859121225
1.0	0.19735598408687677	0.00048218825062990673	0.3104330282775374	0.7892543127914594
0.7085347029653275	0.046471029483812064	0.3461203917703513	0.03307358167119403	0.8711468292699944
0.20097075534164177	0.4036695122043238	0.11330587313674521	0.0591970591192932	0.43871709927056407
0.26389441030408717	0.15112915367489843	0.14323989163008788	0.28841917433393566	0.21013664625961267
0.6014415933477989	0.4061725467546823	0.2980593628031495	0.38058529281841913	0.3484623394202567
0.32378974386602694	0.045538724851140695	0.6295980195514574	0.12363356727239311	0.06187639950781136
0.08499250569958851	0.2984761892051843	0.207422347396191	0.2814912864776591	1.0
0.05031726419498349	0.6306433802460607	0.14767427483979373	0.04940942362019244	0.43983012321666104
0.04239915917352209	0.0072090772334182885	0.16724080004954578	0.1700459905905021	0.07081837036647956
0.262214851138369	0.04028313244524103	0.16920939916939015	0.30699267586013235	0.038826698641936615
0.38776870169672756	0.27500996800474997	0.619849011608761	0.021715867759857947	0.07614253810381465
	0.4266321186768398	0.2233736387971163	0.6278302029455847	1.0
0.1994879811605356	0.1956789440031724	0.5108253985785357	0.345927141128566	0.16731529726336677
0.21320029586474312	0.8196760066231442	0.21916185898946286	0.857790213942982	0.7041725090182861
0.9432784922806166	0.220806303548994	0.1379305811594214	0.10581277577666663	0.3288442006844037
	0.6405879350324414	0.06480296395436592	0.2057093396090959	0.21642616330510675
0.2960142088816103	0.07131249219248689	0.13816183091808037	0.09659940498283164	0.0807981260465566
0.08993942486404585	0.11832930377126955	0.08913281841106994	0.45352415921096134	0.27416146194487945
0.17655174576865743	0.3128442661779411	1.0	0.0013369400655854357	0.08972965704491956
0.07867313652717613	0.3138377026193273	0.5075864040522067	0.03636708389491998	0.08579062488280459
0.06254971537587295	0.43426685721724695	1.0	0.04234429489992536	0.24065809460261472
0.16484005306531466	0.04871946613652634	0.21680709393803727	0.16966639966104843	0.11606259630772708
0.19957146110106858	0.2500276143071197	0.2235855901729877	0.09192358158160195	0.36387340693072673
0.12734323598322567	0.7279326688279909	0.19307772979438473	0.5439551228891394	0.1482726773438301
0.18605719262111306	0.27133499328340777	0.1473182858442959	0.14867719589577702	0.27121114144061065
0.14737546737265134	0.1145863671135415	0.158726586081031	0.11751897451554216	0.015294863122472638
0.05360146672543441	0.19821444056313556	0.019814682406021387	0.7254406459094357	0.41939719542286297
0.06259637421676377	0.35671695980070356	0.6765945920868702	0.5081959467372658	0.008940288186704132
0.1063440838015018	0.22103285978220594	0.3636652633131058	0.015023311190184274	0.4352595163454635
0.5029917590920191	0.059942724087837435	0.1589188723009715	0.07034299453389374	0.0052528253999791505
0.31597973924688605	0.5316351365887914	0.33268882995839705	0.46357761304664336	0.2822017364178161
0.05695241160540991	0.09970019762679104	0.4004337715966721	0.3938053857843631	0.04810151516448263
0.8810806448761562	0.9411678157811586	0.07361370651248027	0.06339294627604991	0.008833241352233647
0.33844509421269997	0.09340839132150361	0.22152870746488498	0.20100315853826312	0.22204582371639892
0.11060339177621412	0.20563908021768035	0.06977815030004858	0.186388858916186	0.05016454831346406
0.1480502331413601	0.4374835691655329	0.02614433936593071	0.4160769451947366	1.0
0.165630587115744	0.505295891217845	0.13172096574767136	0.1633747405237184	0.5188196873941401
0.166475016576646	0.58890872613912	0.11614630209724469	0.23096880529145003	0.004823201086588372
0.06627671770162812	0.003838398915252099	0.29698642847239276	0.3975064584315264	0.6095877738072452
0.8010948274736017	0.12536705992536246	0.12303558596692205	0.03693892792492262	0.07759237327912237
0.17351235324551653	0.09620720986647084	0.13170501463881026	0.4612799377907337	0.5184888225316167
0.012103851271810434	0.26145421334269	0.10231575771463934	0.054506906952804	0.007050022486328723
0.9828346180232594	0.06785810152198499	0.098217044923177	0.05505614549297902	0.08502566053155566
0.1668475863047608	0.7469453249857863	0.05291304954697659	0.6868486643137872	0.27622711632348174
0.005109499110274252	1.0	0.10563431978202013	0.42003009024464005	0.9355626115332452
0.06023780542304387	1.0	0.01414896830114721	0.025375957181772095	0.42701560744775086
0.045836716476077705	0.3232181464548696	0.08906729064928731	0.014265740220029209	0.10390005855750659
0.15779904968141226	0.14928961172786182	0.05861289970540084	0.10157281908345052	0.3751790541595106
0.17699883569839334	0.010749381553779042	0.1011544916538851	0.4899149793415608	0.03491214484345558
0.16852815221053008	0.3523804367096926	0.2810013490350094	0.3333337759008219	0.04917791747252853
0.635522054589809	0.8115782776916012	0.0688662853738938	0.1272142651256449	0.09729718199841307
0.05434935926401647	0.17785593383224865	0.758954596942331	0.2033894921236398	0.09600680423730917
0.5586505366576378	0.010141288483306605	0.315921370952458	0.2449054781579317	0.49208839120322345
0.6893217881200594	0.02339605472435343	0.14796270468265482	0.016306271853048154	0.05228749508381915
0.5154905281423147	0.9678048830032424	0.19900678355290297	0.04738461676484482	0.12557983459111527
0.015654317319827485	0.7355683016104266	0.021111716004125595	0.1580152780444747	0.08100515140569384
0.31879727974622074	0.05472258788951512	0.1888828379215052	0.29633599935426774	0.3803906328628592
0.37311275231018	0.13816028668560468	0.18487934539983233	0.9003668707487239	0.20055152766244863
0.08491669204203275	0.2945890819335624	0.1462732692107945	1.0	0.5355837271083608
0.3048558492536582	0.37851272549260434	0.008187237566112615	0.1560550914706529	0.025197542952257245
0.5395777511240474	0.007437406637944011	0.3407288623500465	0.4535877231635824	0.17073867893597974
0.533829634615855	0.824907634993722	0.1701968482604796	0.016833424268057135	0.9526092414183024
0.022482690297797817	0.010270245048220352	0.2135765860586386	0.25107844578996474	0.12566684313687648
0.9103400199014491	0.2708638173539589	0.2511316923679416	0.5665774170295236	0.009321652720786791
0.7123818383328602	0.1780558407574965	0.10212792449257839	0.7495706025553015	0.6416653661504904
0.4370060198885441	0.6105251468429066	0.03130178291636392	0.6585447696257201	0.32427756850111206
0.009495521159356474	0.0973144713126163	0.1471741652987756	0.0842049583421063	0.12468848725256798
0.16705186102216704	0.2918355695388309	0.31929512988995895	0.260835527877128	0.0879763214009174
0.29998217029831037	0.3868333396017738	0.365349590141945	0.6376428239054537	0.02740768356663018
0.03769360360813452	0.19323705216772752	0.36841170435304244	0.4141607086595099	0.22367920854819826
0.4633148287947664	0.06561830353251252	0.11234558311475026	0.15265385728113517	0.32307783192457745
0.43769353585383214	0.09865574180288794	0.23813113294805907	0.6882596370456273	0.4031772787813754
0.09299682614637104	0.1096323306218129	0.23488615130272422	0.031989439096923304	0.4716295181977378
0.10713630004615192	0.8598387353710076	1.0	0.22573248152042774	0.15364431275318075
0.06192042388871032	0.1702747083583563	0.128074463827479	0.17236111882955898	0.05738323434492048
0.1953059783002792	0.020726620375269	0.3061148964608831	0.12277610224432628	0.0001728263593520486
0.8978425363598521	0.6853819937391784	0.05973278231673542	0.2892362085990598	0.18158396849417216
0.382976344325435	0.7446270377287957	0.1304053766499735	0.25630458244548115	0.07229117467630734
0.3288317207657437	0.6217710234572944	0.5867374609969984	0.017394744371274883	0.3957553289144509
0.64409611717439	0.2092914181038814	0.8687723634185682	0.2212902918039867	0.05539820143711372
0.39076674414282647	0.0819486780068606	0.3418015776865815	0.12228165282735215	1.0
0.13494535696473262	0.7253914629811288	0.3790924690161634	0.47047135547909236	0.05716151080259831
0.9438079833450831	0.4011304318247497	0.3722118525147812	0.0915985195119745	0.5374585685804942
0.0670819599968701	0.9068647885007997	0.22831143584198998	0.5722784664869179	0.1485315998722769
0.41586099189705766	0.5019445707335075	0.37050946854495176	0.10656002681739384	1.0
0.23917207537044485	0.6584342018184256	0.13822441848362174	0.18776335765303145	0.9285969333212802
0.26580477222645005	0.13057010182955694	0.35077349712110323	0.012213625174323036	0.6463833527791902
0.3661126444716758	0.9891694102964419	0.11886842181707352	0.2906552672459582	0.290279915305315
0.6040068993588512	0.4292990275973617	0.11175773306023545	0.4489501925906244	0.23464618235219417
0.015541732062576086	0.25699924865746054	1.0	0.38041394298691605	0.01878381098419331
0.27479872242622455	0.11832653701894477	0.15104579377735708	0.34903271883933107	0.21469641344893586
0.18273723992039376	0.004497496229498701	0.26969281965341396	0.05440504861852707	0.00779458708479812
0.36935953651494274	1.0	0.13842031361924897	0.4379749572281932	0.09043441655478258
0.015203900725141493	0.2717300286866074	0.03867952005478591	1.0	0.399973716673307
0.10465748957923426	0.4641218879974396	0.8194717332739644	0.595696762371383	0.062247040160428514
0.8299665101901439	0.009061006723651018	0.35700719716998836	0.5743018575646017	0.5517762769755279
0.24864571912630976	0.45792824401819987	0.5189132419736638	0.06264114470903523	0.11406020063541823
0.028197186070134765	0.02549114266892617	0.06274861209255256	0.5515366693658557	0.6431972616754413
0.09341458909954846	0.4225867026191021	0.014794747049271608	0.4641097690597388	0.35050886112422186
0.07169110759083602	0.34780820997529477	0.015008819989882266	0.7231498758651539	0.7462000966998507
0.28624190080415546	0.16108600204291243	0.017636238082865338	0.6581696137167594	0.6341758825470786
0.05736852295146621	0.01508787637848415	0.22122305460560346	0.21730691678936298	0.0896295340615208
1.0	0.11162655983301044	0.3719097962125529	0.4428515660815086	0.16189260217047
0.16058863592263414	0.04776822093735716	0.08858091654626303	0.13468051629154137	0.020353796912441234
0.15306987914227727	1.0	0.7634770044469754	0.007669683814353739	0.010899533063665319
0.19542766160717365	0.22031277248785758	0.14137629198921703	0.045609849078325625	0.4438474886810945
0.40505933160171437	0.40524317347111466	0.753689766586295	0.2150101373060411	0.5284799882603468
0.7715116113196084	0.3175864367728086	0.4158560196357421	0.04873582055448799	0.10766371880123357
0.43211563035475903	0.49831369753142435	0.23311262282909131	0.1414176948547612	0.028901942516966605
0.686097984345415	0.15564242047707497	0.21043002353972326	0.09897782679322292	0.24667263757249253
0.10630881540182681	0.023412042690416603	0.0057213075537991395	0.20848818330738667	0.45337575441986794
0.06243963077623662	1.0	0.701337858162411	0.6300017799276687	0.4639916569561201
0.2673227519044315	0.3917295070340411	0.19200724760017926	0.04820982228067566	0.3256900250494659
0.3873145771348135	0.19669030580852834	0.05925072889984306	9.586092052888628e-05	0.10270276181989442
0.022350481586794747	0.10400674624653312	0.49099340740753217	0.12938363705774059	0.0005201786081965935
0.12675645200366523	0.5151944296875987	0.46690815636827065	0.12942939046645663	0.34701218172595344
0.6650239869008412	0.0067220255668668134	0.16538275110424797	0.5667569784882235	0.011373948986199551
0.11153071727307108	0.05399930608534354	0.3252513456737354	0.08618770151069631	0.21149042533492188
0.021074690548390246	1.0	0.23069252381579075	0.19702365960550805	1.0
0.9902455807877977	0.32973151662287253	0.6673069308834996	0.0656000317500904	0.5372330277301433
0.1686245538976862	0.0634319463531111	0.534419095967521	0.11184701535434484	0.061028644786104265
0.001857572123805956	0.44848728491985623	0.4949241774343561	0.12832195707631108	0.3491994366007657
0.11117243506566758	0.29897393839682634	0.9295485049360412	0.14641536703762625	0.11292043257347667
0.18421860463249018	0.10455691227949555	0.6753752332550935	0.09257121247859133	0.030061637802938756
1.0	0.028998185342743114	0.35169267914028196	0.21593677835956238	0.05361809162079137
0.15811352010328805	0.01858180870481197	0.4861992151099808	0.0017225151732431746	0.7058888052970013
0.5836112661007563	0.20294532474127083	0.02846722138398987	0.31881682697160163	0.12382795394764762
0.2275752175646623	0.6824853193748248	0.7907464213876908	0.36255266971096567	0.8203556663590768
	0.17072246210800976	0.12057530509503925	0.15942716035875182	0.24860394968375507
	0.7459984017113487	0.21463742096354477	0.035533952226647486	0.4366086413651146
0.2369368969415085	0.29930183483872447	0.09495244185176857	0.23825750911537547	0.09671400500867776
0.009724742264642082	0.16179115425091936	0.35937153861764065	0.17429181468340132	0.12344126445839712
0.008017061013009542	0.23286518173546805	0.30897171638186943	0.0625543361346872	0.01567695203275525
0.2853612430244948	0.2506248738196863	0.11512847545790983	0.07772409482033654	0.29191747241793264
0.007990527494353172	1.0	0.04081324400392939	0.014100405731678712	0.17179270349694184
0.7271074347828995	0.4431687421758488	0.03581898390804628	0.3460307635009928	0.44960532941905285
0.33827626582533055	0.12430301974422993	0.11413745029396723	0.06639064750818408	0.2797540926125087
0.8582230501952233	0.29834079435610644	0.5735785859594157	0.14212231438769968	0.915700053812453
0.45736053266248927	0.13938519572485103	0.021182270729599995	0.14182231164578443	0.48685678033825974
0.5510029563978864	0.00371341741268034	1.0	0.4457334393153311	0.15237110544614485
0.40367672681053757	0.10332644664886352	0.03360820888564383	0.1273614840467549	0.6636579062346183
0.05756592263651879	0.16279772558694836	0.09601179412126036	0.29646716272644486	0.14857444671622816
0.40929325103817416	0.9545610197766906	0.6232054524630622	0.17242815570599634	0.3159686830276672
	1.0	0.2630773917277991	1.0	0.09144586535730061
0.1249760261419181	0.4413361740945299	0.021237008352216088	0.6160764645984467	0.3812979266724051
0.053591371609608335	0.2047563790900165	0.3751827667589301	0.2898900731931369	0.6531500375563086
0.001203189600750325	0.7332689144082974	0.16675840135355688	0.24027559498937487	0.30732709655319246
0.34543116203702023	0.011819836389219355	0.7598082328949907	0.035084360340683386	1.0
0.07692428720049004	0.6678180725811745	0.21208462695163938	0.48058085692894154	0.359573811418215
0.4537562166119121	0.057209576583953065	0.07957636631624013	0.19178894346127282	0.279787275256731
0.1268985245689365	0.39534628490648055	0.046354564596884903	0.14459197975908766	0.5257601365237858
0.9185644632511912	0.06168039933077643	0.09357532295948827	0.25896792325445717	0.15657216245687447
0.4189615576117908	0.3124647176152577	0.008029529750530073	0.43543201176559193	0.33942949575202913
0.16680359814726908	0.35999299999445644	0.08813570912925268	0.21212843452794633	0.17253458971917027
0.37996913918903386	0.056323313375965564	0.028953519859171137	0.2041087967905372	0.48817332591407686
0.09548827797602823	0.8835896937715441	0.14006280927868225	0.14729056755614311	1.0
0.07851005599871408	0.04106564687887458	0.22868209962668218	0.2076416563105381	0.020420322074164162
0.11282126792609398	0.20618714855121284	0.058793236970748994	0.07232903868168547	0.21892843437890744
0.0028322826333071122	0.35426951387409605	0.5268417774095334	0.302251385736318	0.16715799645780885
0.2390218630705683	0.16392822930774548	0.20366984530949694	0.4401031397017805	0.0007658280622738343
0.1229674104169493	0.4717641625487605	0.11092307341725167	0.20456906324362942	0.14070257867987634
0.06258734449873045	0.25864402765226363	0.23703157420671758	0.1173282097923427	0.07324469370927907
0.06608766884607856	0.773436703127836	1.0	0.14446693651412085	0.5621008849198779
0.9678090786907481	0.12301251202006461	0.09698493193574514	0.3409377032624706	0.43985476052733624
0.6048524972949435	0.19608009722796535	0.10317685318435459	0.17939027188666637	0.12217015884010476
0.21456706481985893	0.14176359660265223	0.08428822285633786	0.40547962076944494	0.331377244179764
0.132451324858747	0.14649803079859905	0.20180718070625767	0.1744425101363609	0.9102260484403824
2.149619417758181e-05	0.39578028799798054	0.28441267589509406	0.12001947860374879	0.3741685813106655
0.7622430665032971	0.20151956864024256	0.31419965522869797	0.21484758268337648	0.008352649975890594
0.2991038480688593	0.09627999185484798	0.02258655946976093	0.3579943399822811	0.22919630395511642
0.27616770884200414	0.028863531062805984	0.21037865806306624	0.1130573576394491	0.02161764368324527
0.11753920548539612	0.25090022376165505	0.05412811397184571	0.1546712286394766	0.3648816510015665
0.2954733015237535	0.20768494097964296	0.11041577905570747	0.011054689197659272	0.24196380138513252
0.184435858265281	0.41570160575448123	0.9393924343803733	0.04938514996019752	0.3640956744699351
	0.32681504349457047	0.5389919017238349	0.15921600880202735	0.14969186457996217
0.1581551539051756	0.9970983203344902	0.3829558849495636	0.08147620816131378	0.17285424106254615
0.9200338041659146	0.11924840717826565	0.33365550522761045	0.33405539774614107	0.08431128865761793
0.11910343037210769	0.313281218623234	0.1501200896774579	0.6170306820597342	0.03071049295368092
0.26660687113671633	0.06909642263161707	0.085024099040164	0.6588462913364089	0.09906254590357556
0.3909725116845115	0.6166962022250037	0.05161335075900339	0.568548524477274	0.17803688775034884
0.31751926891869425	0.34128313828407647	0.20412196332291535	0.2007392014828166	0.16736870940166737
0.38548075608695154	0.210799180258262	0.22402653027059113	0.4957305184075786	0.014263263005692686
0.28924640438002125	0.4672030585105867	0.1629550201626612	0.17853408440735635	0.4957802779489345
0.02255462502666695	0.0792216174746518	0.7759820951566521	0.3864718617690362	0.7844296984255406
0.48990110318036295	0.1539834184987703	0.15624612466139598	0.3372486874462848	0.8995885881765794
0.059083389714033714	0.13042856605248584	0.2530211210726919	0.695624656188697	1.0
0.2691867035765795	1.0	0.034688704033241	0.21866544578243635	0.7009371825776821
0.30512004554591116	0.04203422697360587	0.12283239606353667	0.22322580039703196	0.1498456089873294
0.08539390181430455	0.10331233966893637	1.0	0.0383282104204324	0.0741718941088837
0.029788831993948318	0.11502736923640206	1.0	0.3097676211515288	0.04870983560368494
1.0	0.01721431017493139	0.042122232812014604	0.16963101099151817	0.20029025504078765
0.6067161789277875	0.18894769473170456	0.039042886255975524	0.3289719001879868	0.5263681392915035
0.37613139723387795	0.16245664976791022	0.4285963645584015	0.3504364354378415	0.06259616190275424
0.227241241503232	0.983305138228161	0.03454300788877961	0.3356265214799599	0.7345658959262137
0.7365195215302119	0.36200190612548927	0.18725375966488658	0.9518959862799588	0.24623730760651222
0.37675167714586616	0.231128974033804	0.07762627741894132	0.7445088975662769	0.3350701482395029
0.16614721144574202	1.0	0.02244759772877643	0.5916456851863292	0.04827733810594012
0.052487101553727704	0.5206828735924929	0.2664827913591488	0.25076351431189986	0.7640969106841317
0.003516019834159987	0.24391723915471442	0.07924029840417911	0.257383665653607	0.38895875129983337
0.3736995015513268	0.20340864167290473	0.4678073868260741	0.3421619688884086	0.429133109649329
0.44933631899005705	0.16477169951107065	0.5758281594517123	0.23682909038918817	0.14961439481897879
0.05771497195995473	0.13238693032983345	1.0	0.17683922684245437	0.33465297582152675
0.8595102159459266	0.3937788100318023	0.12460685846772329	0.14923692429620342	0.0008329027798774285
0.8187919610356722	0.2278170373055223	0.3468257118850888	0.2361481039730486	0.7864935292051564
0.2255577400361351	0.0010268777292842186	0.26985589171863045	0.34938958465969305	0.17804650361695626
0.23118770854168108	0.6859683042406891	0.39920516433969266	0.18083103906090414	0.8111948236865429
0.28185614369856377	0.6042717447696656	0.24157326631942014	0.5487906953636634	1.0
0.6301963543693718	0.05229459599589651	0.1648094187145433	0.06556684660107658	0.5161709570272773
0.24214360843976296	0.12164068604365812	0.02133539189676024	0.27407979885494854	0.44161649988111235
0.08604881832439684	0.2729171253522259	0.1135366027862825	0.8768703116892503	0.07806842029993322
0.2379920923785229	0.21346259150212732	0.2618757971554618	1.0	0.08880809962088008
0.12143654122582202	0.7644352707856628	0.13794715203988936	1.0	0.07988750765477089
0.1098251442329649	0.25311293908948296	0.6990294725584715	0.01493776350945366	0.09048279274943101
0.01721781378704659	0.026330609230144093	0.21182466629239943	0.5711261738850856	0.09620904247020903
0.0774185135779186	0.3125577335283651	0.5179742719506736	0.11936301785906439	0.3986176828405806
0.19352089425139626	0.3609405473297755	0.008529850693482699	0.14818700717617364	0.2616333244971537
0.12074287568251026	0.36014763836240715	0.329822697313565	0.3200114734522213	0.5621299173335973
0.31936368235079143	0.15272153863154644	0.4406498645803311	0.21539030299841305	0.8463921425428734
0.04352399798858849	0.0474611240962084	0.20119679656092232	0.09840667284675607	1.0
0.7328879096789436	0.008213176213761414	0.04285931771650522	0.1878997961399844	0.47020067470943583
0.8041958690397188	0.03256869514300913	0.5311333498932692	1.0	0.051423723468433186
0.41191326092980496	0.16372890199714493	0.02324866592007959	0.18889842423258432	0.20297331463776933
0.27868088360140064	0.1489361198607284	1.0	0.8250053062519949	0.3367510422225466
0.1585018902604027	0.17580061261660138	0.11942708806565089	0.22984936041158882	0.15012900874962293
0.0017358215240888368	0.4039052530387971	0.4917102826694929	0.34857399217171325	1.0
0.5581349881574679	0.3220804334565823	0.5630536197211045	0.011860642375364633	0.027494653595053545
0.11396983298156271	0.2809690736588937	0.2269309505315909	0.9071526540864341	0.07745732855692979
1.0	0.48387714491527944	0.004099839460565147	0.6892272099432972	1.0
0.22403905485084252	0.24822518921267459	0.026896528286445173	0.20212068556905843	0.5330645640643781
0.07864849156204123	0.07509574798932345	0.1649162440086943	0.13525723615209526	0.47577452626498723
0.15176956070931596	0.7134517311286696	0.14814406260276688	0.42693363333411166	0.1736829432686406
1.0	0.6370639791134142	0.14589376167822277	0.22371533743914207	0.26102687362149496
1.0	0.0016586197100194255	1.0	0.03337623537027961	0.5562923459471888
0.3790412379202232	0.15980947764976036	0.45095925147950344	0.3001794271948176	0.035276391024465885
0.29289236022880494	0.12309309541682235	0.48518744149198906	0.09867354119205525	0.4880611825773643
0.009431804837249822	0.09939305032331643	0.2054242030919404	0.3150859042794236	0.22456072401128233
0.2340050672668497	0.10290100984385146	0.689591244676221	0.047516434103078486	0.019817647586064302
0.09972988878126134	0.12266889935772413	0.13221216841347827	0.048604930969445126	0.06727810830105453
0.09515807127771793	0.3878134832328948	0.14497306877347133	0.4717780720804551	0.06789195652536724
1.0	0.1225528731338569	0.6600742675705639	0.1681611594516815	0.4508347614138251
0.3053483804938212	0.2415420563741032	0.2243551384444986	0.5915459578683112	0.287706616564999
0.042203388092071546	0.269412673357363	0.1252211845850816	0.5931495293550048	0.6705978292069481
1.0	0.039869012468701566	0.540887874703896	0.051368253974328176	0.009204834771223618
0.1950038449808106	0.028984741372777578	0.22601819155567562	0.21017088127529307	0.5566965333700191
	0.053780322583747354	0.03775794330285396	0.06758068619707669	0.06819127075479567
0.08022442521905397	0.7870374659859908	0.1481926717526235	1.0	0.431466675053265
	0.4479556057205904	0.027315225056944677	0.19182991848643013	0.6342038027749479
	0.6658719212856996	0.39477124200659136	0.11310157467944355	0.06857379208045725
0.6973796581308284	0.6244622918127446	0.734390436300597	1.0	0.4352237106424825
0.3053229148923398	0.3308005970127294	0.14207206556585097	0.4873737743500434	0.1402204758727079
0.4138428341749965	0.029932467923418516	0.042846279627433106	0.007960824288904121	0.24956873832993054
0.006683655537052855	0.1372968264107093	0.20150542982766917	0.3603176706872888	0.05296269483663366
0.40804286604874734	0.6920659476850001	0.1626122848281337	0.22070458227893014	0.45057229282197325
0.04400259499394847	0.057619279481977086	0.05631511863944025	0.45431740336421755	0.028557209121361418
0.4289571988434086	0.055693085176973446	0.04360529784745651	0.2684378644984965	0.17981050104661286
0.03952585058936258	0.4897186396192758	0.036278256601880554	0.5396885346435515	0.14810610742945
0.5438639827545829	0.15420860799501312	1.0	0.19136154433457975	0.06074710394717827
0.01511303253437661	0.03122885088770344	0.4826322366674184	0.14126102634382182	0.18883207849754277
0.19650627945309523	0.2000659729096501	0.29410018967171686	0.176956350012486	0.5317728887339073
0.24637599454749098	0.06817858220676203	0.016436641617946522	0.13453300678723026	0.13476846668143663
	0.6222193751471454	0.1024962831552884	0.21979539847875548	0.42302236458924874
0.030958326860649595	0.2909278898462126	0.43658874620554816	0.39390946250435593	0.1370732352168251
0.14199951203606076	0.30047257409197264	0.6072368253190737	0.34787646814835044	0.2120434428834098
0.13285914283061334	0.2523533591602716	0.4096154254145883	1.0	0.1885217746781611
0.4022647799451555	0.016112437913965987	0.27348415664309933	0.07938021875510276	0.14248751671439971
0.21977981866195204	0.016756577157338384	0.04733019222524888	0.28347691368226363	0.09946877769086396
0.7298523323576146	0.06122137243014331	0.05830150889181534	0.1619263594390268	0.23048437313240552
0.15147168799471825	0.3304363367587593	0.25951249217035816	0.09850641874906785	0.3090656252720751
0.06679330165507896	0.7264772698535139	0.13077295729027744	0.20306116924400955	0.05308554895974218
0.31408843780592827	0.563759790483234	0.013077893588498014	0.060974926326472896	0.885643835956187
0.18931055004247285	0.04459169331581372	0.6598429878154318	0.27629957061572685	1.0
0.21233635719359653	0.4350158413148589	0.14966337522866235	0.2880426713117532	0.7340143151919266
0.46929275144277693	0.11342137738376079	0.1043961107314641	0.046482459940434734	0.39674188210380085
0.35784302964530373	0.1208247335829608	0.15129571689857865	0.0507682769479472	0.1615575015377743
0.19888512889147186	0.13834647418247023	0.12877036650703413	0.2792335977570869	0.3353551755114741
0.680915021185801	0.8258808288416956	0.250887482613614	0.07857926930710248	0.22812256084523327
0.021575442229101963	0.01141473573038463	0.07756225419618416	0.015571759989159533	0.18180638198883284
0.24504067256739004	0.2387651311729812	0.07393716007900297	0.7105476894201473	0.24117730221914382
	0.8934740036170379	0.8697576788353449	0.8247450996324104	0.605469586254593
0.03570913997080422	0.1894071065917656	0.3023317012576107	0.45834018617782435	0.016011981263518524
0.28910046463591543	0.1801791301467388	0.0007768693118645894	0.08890210030982021	0.0148477629542304
0.016484243888662167	0.20183218920190507	0.2370274113746102	0.014875180865931262	0.0019261083613180783
0.19427759975214554	0.47018790026533386	0.36502374109397456	0.03877245338925434	0.3193483958385316
	0.3611122793660796	0.20036456787468798	0.14113941918571252	0.35206700857498324
0.12051235123913355	0.13567267673908437	0.47299542647725484	0.13433929684216622	0.12450861104024447
0.011359153583423822	0.2707552323076743	0.6736314128818417	0.04570054395321826	0.552341865035889
0.331952938618553	0.17857020755871492	0.10514126911414377	0.0644060163914735	0.11854984777350806
0.15555248479525075	0.04373641127371834	0.11432843753984961	0.06919203331006546	0.09261991518847569
0.18328947080395533	0.6450677017960625	0.5771370895329508	0.04221621621468106	0.1813159723835213
0.16139464510240617	0.40522927332639824	0.5233637996707947	0.7532000694210871	1.0
0.15899171712436408	0.2394478327266144	1.0	0.05218078056654924	0.03357073362181636
0.4109822745415587	0.28466183069498824	0.13430859949876037	0.14089049532193967	0.3656074593130764
0.19349661740753274	0.4451878952824239	0.415839998045666	0.4019132291278952	0.2371770343035836
0.022934697578463423	0.06176248325612684	0.3432317169222317	0.027974009011653412	0.4460632752161963
0.5143110027718059	0.9008668045523357	0.3728207375509983	0.4270946609889122	0.18415681563343153
0.04059450090620603	0.05086298060113071	1.0	0.3201731297179347	0.48648645326023954
0.16220477733160252	0.20516836838382954	0.7797917826932412	0.006130005645928811	1.0
	0.9098410930988814	0.19806784847796324	0.0418066162738404	1.0
0.6201140666283319	0.08007654044576269	0.03475017302148061	0.27783546025451683	0.02084930918132323
0.93036492935337	0.005148665752611067	0.21823656155160207	0.24181010043782566	0.027490581393170576
0.578187677758566	0.38591205061484646	0.10717393673658819	1.0	0.05382142148371324
0.3239470441769548	0.5221508199218817	1.0	0.1984744563083306	0.39676740282130296
	0.44856426610385175	0.08416178876446474	0.13984024295565475	0.1317213247798024
1.0	0.14885704099074598	0.14485937334426818	0.0667957972470076	0.48570404642687326
0.14845456702769588	0.04017576773644608	0.02276719118487058	0.3105231085952409	0.12519405631799455
0.025438715435808706	0.5541740674091792	0.0207788366309986	0.6701177645140768	0.11953348379815831
0.48302517001467543	0.06082103386323109	1.0	0.31205314789614297	0.052719375722498206
0.08017309529439542	0.03643019971275741	0.32782033520440756	0.42713976638159407	0.4616203840924198
0.2679617095684312	0.39083916370147914	0.269995505064127	0.2367649364382211	0.3790467274870804
0.9040958114601457	0.1374875788032124	0.2691830915549571	0.5249079477473143	0.41694134436248537
