X0	X1	X2	X3	X4
0.5123464013612513	0.0676343319712822	0.24705286632835227	0.29752254787907756	0.004582454833111508
0.3074909054040002	0.24276597632796781	0.41372898106429606	0.14017931116891763	0.25582657494837446
0.5716771501589992	0.2623585806858008	0.07888540613792254	0.2733942030892159	0.45551625707779686
0.28798814139300966	0.3613122232525175	0.03908467584296139	0.21404620203375255	0.17050047518361652
0.15846640933869988	0.07930914780010541	0.16044371309110042	0.557249513659482	0.9312242581325567
1.0	0.05138084584735128	1.0	0.7181605950525108	0.036920308155889175
0.4858033208135358	0.3539021022130045	0.15813387286364342	0.5339374155077411	0.10814542790721238
0.07038550182574725	0.20037378727843744	0.20199811564032313	0.452159248793568	0.0038574539683179036
0.3706172186342004	0.18004762779805544	0.08801319378575215	0.32843300783717205	0.15251192221506535
0.40915105842356997	0.670792273343419	0.21199166072732897	0.0449288585040667	0.12702858742733283
0.06717130258421798	0.01870968972636292	0.05833930859652123	0.06991861357863974	0.0637541730365116
0.5763838400599959	0.31133936295083103	0.11912973859539415	0.16225704014915973	0.06356770797877413
0.056867338154093824	0.40159015154933986	0.08662080212409248	0.3161974721192529	0.4669731819179012
0.3158284687501236	0.073764921247124	0.22061685949144758	0.05857554053532807	0.10509470331819794
0.48206774341144476	0.040104437131482776	0.9300738822117147	0.3257148998846608	0.10179535607795263
0.1898043446887349	0.9901367672865066	0.2506075719313285	0.01087893692735027	0.2592367638491601
0.04089082195164239	0.37863575602889904	0.24631597687572798	0.2041092693588096	0.06522504503326344
0.15640081892844532	0.07896168188279126	0.14497670460303824	0.03243035322223011	0.049881514414443315
0.09774913260817301	0.1471119268106807	0.016452129570296466	0.085615453938579	0.02985169895742598
0.2718258929118955	0.13163244671370544	1.0	0.27688141120073617	0.1740632308994464
0.0722430222691684	1.0	0.022963789623850633	0.32225852090529616	0.41412055030166606
0.6150302415047795	0.1905887790101737	0.010099204708480466	0.37680472748293253	0.17535039480863032
0.08708410335804498	0.13024613674849525	0.12097844912646147	0.09111660020253255	0.2900227754626908
0.21129850466060557	0.21826292110069417	0.5550720261062316	0.0558698259636164	0.926886692812495
0.624556217168535	0.31876894305350795	0.5264790161699632	0.6677063651227572	0.22044692349915365
0.004952061750173711	1.0	0.2628137026782896	0.002392754605285841	0.18312160437916236
0.11677584833610313	0.2592663488912838	0.5481862720963561	0.023447559133301363	0.1949935916868353
0.09911452047333895	0.2899643294849951	0.2613126447623915	0.024035461527232647	0.34143106382864913
0.17720984621744282	0.07613590403028166	0.170147983780543	0.37541759739160585	0.303673011559249
0.011132416231569384	0.026469488728818543	0.271885298333746	0.08903480295068487	0.23703166554667524
0.7815754721606252	0.38396524098400314	0.131366258832308	0.3466892992083333	0.0430005275642874
0.09097718217905497	0.19761513884685214	0.05998700928003375	0.4228807832343761	0.17577182551748577
0.4637371940341636	0.09633301428975645	1.0	0.0663024528476067	0.05805130748642894
0.17849543187045672	0.1036980589175547	0.6266581212183365	0.1311862872412144	0.02167811940531815
0.4321533664088564	0.23764405388532295	0.010246567677417226	0.3665387647724889	0.31661263872382955
0.15207637378238464	0.051357296186093866	0.034107360839427094	0.6645019380260331	0.0024548541788900744
0.7584912555185682	0.008561661699452019	0.007409393872055081	1.0	0.23442734851649702
0.24966008249418997	0.17434278656724742	0.03880198690283638	0.2274944120570433	0.17245550924116806
0.3476099546721857	0.08485428513119446	0.42500480762626885	0.20188253173341156	0.09608582235028325
0.27414709565718615	0.10313730696152852	0.17183455644531834	0.003491090266590097	0.4663101690984901
0.6713384251948373	0.8783831241787694	0.37330581370718996	0.09403953771886965	0.19594323198617236
0.0035538162370600548	0.10828969247956229	0.250450486722444	0.10298162963439439	0.5021336085040117
0.40574211848739405	0.5168808619212576	0.020200591935571468	0.0642346452242372	0.21173753447178764
0.12702608488086553	0.4248696976833007	0.06054545218983626	0.6586161441228805	0.07992959860732206
0.7364577767377596	0.04191265318042869	0.37565089443392324	0.1390324029359776	0.01237999674622684
0.0720047630219256	0.144874037766566	0.9939015675825751	0.111004363002699	0.04317092403910045
0.2129008830188894	0.11739060398352669	0.07586254806959376	0.20024822114853796	0.29853262992400786
1.0	0.19581321015796951	0.28157495444630914	0.07016599427014138	0.10486557110226936
0.36176808478490075	0.028957244259412682	0.7919882086350015	0.10988914268641994	0.09557077605778712
0.04042330158582995	0.10011878877804943	0.0737221918258854	0.4246982446327917	0.13612898083006544
0.9205993441353058	0.11010113840123796	0.2719385805285443	0.8878602284748939	0.29906441578154286
	0.2802754630500071	0.439473503237172	0.42586137798912554	0.19202073694600844
0.05078980772755445	0.4731393456480988	0.9357403840027155	0.20413843691202274	0.308290604479416
0.10828760342113256	0.15041395217008316	0.050815896210049165	0.25398036900110144	0.1087298980062332
0.1066051173475662	0.15878571991726234	0.08674388317275346	0.29184574635279253	0.04045553910512536
0.17672046010707973	0.6406241114425334	0.24511541200837153	0.0108749951672055	0.2565307251769813
0.31431560981980505	0.014019153310408277	0.12164665536847406	0.19275583787581227	0.45973579658970565
0.3664572672895112	0.7387882258558136	0.22295096508557224	0.15016934404958993	0.05671332306406909
0.5912238276629195	0.08321139179892525	0.4098624726126102	0.14668179758369998	0.1750806319599205
0.019270396725922952	0.24919415352842425	0.4405437898556908	0.3109444014150424	0.26724701633221953
0.23383887738091766	0.23690519060494344	0.17204662755102015	0.010483716136121783	0.31798476413594373
0.4625937800123314	0.5210489409446524	0.33942878725491943	0.776820532555985	0.3280309932203955
0.03341151082710582	0.9049191773396508	0.24470551632809973	0.5773713104833699	0.025842893876850865
0.05155758808153658	0.3318026539812978	0.036557887749800455	0.20796762387312734	0.4162404652199811
0.1402677557952445	0.52392054126885	0.22530702453004167	0.30894421176965664	0.5827498252771117
0.5304346172480631	0.34473871384931126	0.02732070970564561	0.8440740535580407	0.05098259585238254
0.7143073364156036	0.22241983252663391	0.19749100628964683	0.7797952402450192	0.03328399073101311
0.8680268607895925	0.2046439831737108	0.08690324229851314	0.23401601988832416	0.07357432431068593
0.11639732404057213	0.43398779716419317	0.42736340123727395	0.4535293598236111	0.14578482351725675
0.1696763734436522	0.016417313474522188	0.20517647222297594	0.12236756088876534	0.28025092248042965
0.42507541384993575	0.3889796854651621	0.6966570414417804	0.8419357450203584	0.4225437477852059
0.04237094669170421	0.21911265410774455	0.09505773839091926	0.44412780283832637	0.3755714109500723
0.03686779794912511	0.00904271200310149	0.11431666019041144	0.1794667360305254	0.7655724396572686
0.7259098768515108	0.23062214917936757	0.4185666180667277	0.37039409233507287	0.09718108950807161
0.30004228308786113	0.22676216221215745	0.6361040718131971	0.8907201245252322	0.36298419154000194
0.00012578198070324224	0.0016701449515421085	0.3328774495912417	0.25489246993453507	0.2986435321261877
0.2770562701156163	0.5812175289945648	0.025915890488154385	0.23481551319492497	0.4131541311299461
0.3411950424376179	0.28099614473721923	0.3174718512703766	0.96604787477684	0.2574956267488693
0.2689049814111609	0.28096546833226205	0.03612464807942997	0.2934156052777025	0.29296996612751586
0.01736616122388919	0.14658330589089413	0.09767520226571154	0.09431993684818288	0.12897362227312928
0.5638730067205884	0.15905074494383142	0.017180558455088993	0.3628441804262163	0.0018116283742573625
0.9867016006516718	0.06947809451832217	0.44461025427602774	0.1341626094983387	0.2937551929936144
0.5225606049546294	0.19617193991073995	0.21074063127121	0.4133873193898499	0.28158815445326163
0.3135563865592389	0.9181818107870472	0.022586615649581292	0.17644683847090742	0.7135341725267496
0.12195003929781599	0.38413474116963586	0.1613751905279099	0.1499294242851219	0.46439919887893766
0.2546472807949877	0.39593076709596564	0.8822724852160314	0.18488369026163393	0.29292079697284507
0.41026184306892877	0.21023261747123254	0.7525374736296729	9.912489732383552e-05	0.24645575887160193
0.9349265464057075	0.028199867551018994	0.3541337450309422	0.4107870010629417	0.03860165440945907
0.1543992960092311	0.029026979829933974	0.8469971665424969	0.22190148643622684	1.0
0.0036049207922637166	0.20702294579923122	0.026523960011096248	0.039901829531313125	0.18147680316461737
0.08866906504331994	0.027878591197861388	0.013590694201926561	0.144903478998128	0.3732526183671574
0.3334619181806699	0.007262140958572398	0.28747986538701564	0.430375252372086	0.054969029703318364
0.03083375418061516	0.05099603856541161	0.1096124363126044	0.8351741817259358	0.11111642387553113
0.20553654419725553	0.3900584510209152	0.33221507232044406	0.06305090745925274	0.2298309040315918
0.08911115577961594	0.07992976326987747	0.02335466072251025	0.14506850515587533	0.0938124600905211
0.3767671557561378	1.0	0.10399811406202127	0.16611253951766194	0.17546975127033607
0.0784353251672617	0.1844688124028768	0.21254055819535694	0.9791287223475167	0.09543261048671575
0.013975337836972352	0.06386445031685135	0.03565062660117319	0.10486698897158808	0.13411229220852475
0.3267441283341583	0.22681355684318238	0.03652175743270468	0.4396507994699351	0.2501621799102294
	0.25499339235368507	1.0	0.3284638931350567	0.24731004761343453
0.28494116094309474	0.04050122930219	0.008123328001621475	0.18738791455183984	0.14338366193429408
0.21959648148201566	0.4809201889417961	0.23884319866425407	0.1274836881556897	0.04341529988013493
0.10226203311435152	0.03963277527099205	0.025687915735851108	0.42791798271636455	0.43176424851467593
0.16692127824566821	0.34731664204583823	0.15188532017706374	0.25673985236285357	0.07247891557957525
	0.931693196216149	0.4433776638903922	0.03411966246879116	0.12918852626830982
0.15352040075293258	0.03521183128961208	0.9158458974699525	0.14241346949821934	0.2612796442769219
0.45472900080290607	0.9789564371417601	0.7139672872173093	0.054504697518194256	0.25344067685839367
0.22636294547383012	0.147440298231599	0.20865237282946933	0.5523958493490067	0.1992577161905216
0.009133109872201573	0.0435015916973281	0.5854828130010806	0.045175890719228944	0.2956048049122651
0.21917566526230106	0.019429984443333336	0.07014809585423715	0.7767378184365833	1.0
0.7841373591110872	0.03543012079642778	0.172847440177867	0.19619769306137272	0.2503767064790356
0.044409687757944766	0.24395643926684754	0.0018080067101002247	0.11708606157206394	0.1214476979442776
	0.2032021676178613	0.09861224508486033	0.05303932897161453	0.7860729514464894
0.005995370365802785	0.6887496423654318	0.24551037270194934	0.5075311431159237	0.5550801538890605
0.023739868148697822	0.45629412700419303	0.431764600604248	0.7789268495528179	0.20336600727962006
0.3954241226930078	0.18250502983327113	0.013616269322518087	0.32190955391685483	0.19185965379951317
0.010842290165735603	0.031371330161124734	0.23455168759886766	1.0	0.11184393324821763
0.8435014101914177	0.011527790653431692	0.10760732425595533	0.57759047100641	0.21249465288632224
0.054953475633301205	0.40054395010119986	0.18254270598612862	0.023028488855530712	0.4865683305740103
0.8028822809396354	0.02643985252520084	0.33087689999760533	0.13832779243786733	0.20741776611850163
0.0681615451757181	0.8525025956950076	0.12131885513797722	1.0	0.033183017910664754
0.2514957764552749	0.6367212520901674	0.19953763095021382	0.15519503238783217	0.5218626388518108
0.06009094818643869	0.38909463097153657	0.4910973346372328	0.21680893030201914	0.3540937500832422
0.3454389564227557	0.2532132905579619	0.34254067939410476	0.2654739968968642	0.08085171253209841
0.005377637978794136	0.3858884312302106	0.06421587442545076	0.4139896948468625	0.028574278891002773
1.0	0.05253733195437431	0.07610072382885855	0.1688344416175654	0.7254755004561425
0.3275588990428595	0.25942735625583735	0.133921543573387	1.0	0.6830003277328482
0.18595063038867096	0.3038119484660821	0.13919426443282698	0.0927121181068179	0.9848749931496041
0.32338213735222504	0.5375887120659495	0.22383440368867313	0.06158856905837746	0.7296634621895304
0.24974233908609733	0.2888511069753788	0.1803948423678818	0.06071530741431042	0.6165072916858598
0.1631816972771508	0.6963137180840129	0.4015075686308613	0.23503669699718913	0.6282250442684704
0.03392205064664453	0.6881859157831094	0.05617505580485096	0.021732234166240486	0.11711197719795881
	0.6183292221751223	0.05392435362449856	0.4423563165150344	1.0
0.014018840550295281	0.2305002140415746	0.11479886834539409	0.32413969020738376	0.11627371603573061
0.12523798579070847	0.5067052777446067	0.24066486594862627	0.6658136607638583	0.5214131330281501
0.02248502589857964	0.007977287734746279	0.547916630343225	0.02151489340589331	0.48661683316495
0.18543127036726528	0.3480215039638164	0.30017684404438433	0.2592482572150703	0.20986497421945124
0.29819235825918977	0.23091583829054968	0.29270910702288033	1.0	0.28742497922807714
0.357291229145495	0.18960484596183097	0.4983862511369108	0.054807142938374305	0.19219073149406207
0.20996292707328504	0.09941175714845663	0.5006973715228185	0.35080974670145887	0.055641836004170386
0.5671072407619906	0.6316111217557131	0.009424482817463336	0.267674224788088	0.07236932813697025
0.15190343192112976	0.14737085471864772	0.3276981765571276	0.020734258559901925	0.19317918994224167
0.41882688958222564	0.6292063214258933	0.1706997867440871	0.03501262981578407	0.12381578196745416
0.08477256090101114	0.3104856438470556	0.33324889184869294	0.29188062902270673	0.41679310185194807
0.20094141300425328	0.007907287670498997	0.13212641023685137	0.06719356762369695	0.1696126728585642
0.06497752593153827	0.38410142734015623	0.00745927348933483	0.11441121265101185	0.13478165951358015
0.2170615029349852	0.42453274432827964	0.31519154413888895	0.20930400588117723	0.20017285757962622
0.7758336118681178	0.14272134182222457	0.46030322634197957	0.7394300990700364	0.32462958333750663
0.14220095807465838	0.899814770340931	0.3604957190947876	0.07646921515874004	0.3427960709834354
0.813458471661331	0.5802323730172584	0.5182081874240637	0.28204521734701105	0.08806757584725018
0.2665279507883677	0.009496472310460233	0.22000716493454356	0.36645147380368404	0.32489097112332416
0.2629281924190255	0.11981855942105517	0.03860656946539094	1.0	1.0
	1.0	0.5490533523137316	0.2852841316524787	0.9319095467462718
0.43341474637331107	0.6392367835236678	0.3582602106673222	0.0486145123977309	0.16141923664636995
0.3701347819393809	0.08645875586702932	0.010717575621785425	0.34319126169868236	0.43208350965619685
0.10925493517939577	0.0013421405988115675	0.1212737481350912	0.02579795816447696	0.02216299446981959
0.04080879643440588	0.27081054492154377	0.20389254685736727	0.28054673959395493	0.04104726391932365
0.21414452504031567	0.2247968753980432	0.12592842517154934	0.5279989371894209	0.644214552900325
0.12317218786828037	1.0	0.3340777753168926	1.0	0.3674708936904556
0.06066166893231377	0.3526445568486107	0.29606051349386403	0.11539174655287658	0.19711775400351259
0.3156032445245477	0.6247706788686949	0.1005266016255648	0.46898387224334737	0.8800596621101087
	0.20894860491354394	0.4494737951620089	0.15514723847760353	0.2529023737110964
0.185930672462151	0.09886509832002252	0.5100798637812489	0.48413584072218024	0.6470330347948936
0.49402963327318056	0.03073442031115899	0.1281379025276522	0.018645228524742513	0.05420616767981475
0.31049300859889406	0.13221025216023186	1.0	0.42340966680232034	0.22413220249284513
0.1345008035716084	0.632324966196791	0.3051635743687337	0.6556163683202013	0.11371355917561704
0.42105508229787947	0.711784006726843	0.1527983581204442	0.020421313541078706	0.17200213301827202
0.0960267116049174	0.5622150854179472	0.23449073660789	0.32705421705208076	0.22176285688629763
0.3169316790874776	0.36839800016855395	0.23387106154188378	0.44909157123982346	0.41445456117138374
0.11195949774218089	0.12162511190496106	0.20767065974622423	0.31573573694107193	0.09021556168238377
0.10642936476179131	0.09882433394380619	0.2738671967820255	0.3150495173388716	0.4859162357992329
	0.10090269779795209	0.009501802951140836	1.0	0.2113780897587971
0.3589005796193732	1.0	0.23940288536910861	0.23488470538641115	0.29371975389258653
	0.005958484898011106	0.16386455230916572	0.08165636816256405	0.03807559583087044
0.32324332095180414	0.5401479676635299	0.4922590866505805	0.20543256906314625	0.2630868015602723
0.20953468815457083	0.00927332795074618	0.075859110098493	0.07578463566549089	0.14407948032196627
0.0258647498903869	0.24329141731431955	0.2961561429386923	0.2575700006472981	0.03129076375810583
0.7098640821390472	0.06664732710835868	0.2774800735471333	0.14498534740320074	1.0
0.4398509429158514	0.03366129185282506	0.4339443485931778	0.2695966183705008	0.06781966436277627
0.24214940744528277	0.7455703980369871	0.06645127541619025	0.05437965382492966	0.6401572366508739
0.20651986352083954	0.025300339249362497	0.010738951760984055	0.009819255645650197	0.17448593920582767
	0.21716820291343278	0.18664781872747058	0.12799712209877173	0.424278781904961
0.041391396070078613	0.08761822961135765	0.4777283629262299	0.12010867297637862	0.3182082828906461
0.040753036020515686	0.015537956062376002	0.0013361624260173678	0.13836928293443898	0.09018543068153463
0.2317975171031262	0.02863513992626372	0.05136489162140775	0.12032238995258826	0.03378097409681578
0.17477997292301284	0.19728316344307942	0.02878031260983588	0.22318812941378507	0.031184823274455258
	0.5144954689965181	0.23670525218008268	0.09044450480678376	0.7963923188873084
0.24590725241285258	0.15878377093592652	0.27619996906345357	0.4033642525074714	0.16132616566121594
0.03463689850649072	0.7367077043324789	0.10629340218086569	0.15784691953170799	0.7245121110177795
	0.3120946571763562	0.08436320286134032	0.5086900572369989	0.47782749502952104
0.2820088335061549	0.025858019335792518	0.15451091845284218	0.9906410038593194	0.8812920617070276
0.078193109707376	0.03057976835455424	0.21498877863384086	0.026410325992699914	0.16088732884194828
0.33409508090563395	0.6825617151653226	0.05441558454857186	0.7054813748387981	0.2304129659807369
0.10600338174269301	0.1773727254161984	1.0	0.049483103678712774	0.6968924779146138
0.39360672186278844	0.2693591757429797	0.33955078805666195	0.07149812181888118	0.7607916370215183
0.017256206468383686	0.07945131798330114	0.4242285514520636	0.8580650681922813	0.4462387686065536
0.23555992675032797	0.5679240609187051	0.34355311669223493	1.0	0.10615351709234466
0.12435934930072852	0.3018540418969777	0.10377684865747575	0.018241286342859576	0.3017999526828559
0.11331668503993694	0.47845238279835667	1.0	0.03844371753480567	0.3673221542608191
0.16705629597568242	0.07246473444191137	0.06894431527227783	0.12558974072593784	0.1589258216812146
0.018521015630507794	0.1802583741916041	0.5281404166304511	0.5690004771133669	0.15808312072767278
0.09380025051019902	0.36576016860455957	0.09112051014229283	0.06756214718210049	0.04423237505562692
0.09370104888902822	1.0	1.0	0.24069013658346114	0.04026700755923635
0.35104039919180346	0.3624422889475385	0.5520188306672408	0.12595230601915325	0.35093484011438125
	0.07217437537190312	0.4635074106012506	0.448063896813573	0.26907272417340145
0.26599222613152174	0.21996234869723988	0.028262651429725644	0.019041091317116208	0.5324928576998981
0.7386558379506941	0.22742557497697147	0.011526809897717722	0.11709664950659483	0.09606755725802439
0.2628071088372614	0.05255294490379807	0.09801466722927482	0.10082128993792654	0.25076076078845727
0.1356392014204596	1.0	0.16042109859535464	0.5661508474567617	0.024542155588980465
0.049426837137946926	0.9984760248703194	0.02147783039685471	0.010048654731034504	0.21186335546512586
0.15240192960884275	0.11261753498303818	0.050439099353233374	0.0043908099053674154	0.007033381350087809
0.08469339888147014	0.832544964873221	0.968733289276498	0.61501666569374	0.20628326620850068
0.25010727630016155	0.4438819783788103	0.003902381718191892	0.0824345122187106	0.01991067723932847
0.09429751600323075	0.3447601238931906	0.008511405148673441	0.09679169406418038	1.0
0.6387942392175071	0.14329426006814996	0.21497172016390872	1.0	0.6754388008708261
0.85022335372434	0.027426586503614372	0.02731406863242449	0.22512225374648778	0.008548515460412244
0.8402065960550734	0.3135052953428851	0.22369887610113154	0.029526177051824507	0.05877220614349776
0.22563432551903384	1.0	0.13367390962961465	0.9652360505771296	0.032585010230311816
0.09185703397474539	0.8774351663599779	0.3925980081658471	0.11770516636637061	0.19233167435530504
0.21222683137219542	0.025335506100119958	0.12570449238695566	0.6899820629243333	0.04997692612109244
1.0	0.2196918568510924	0.07084063594679905	0.11078188549482643	0.1672502181343494
0.4311713262616547	0.11412386672075617	0.06402026150490585	0.37400005493502825	0.1902067971935516
0.5406429017680126	0.21490384133758017	0.23844784709268171	0.5003569619410462	0.11390352848507843
0.5076283966379701	0.4255839493080862	0.0529316348275533	0.21371695372262361	0.43921863003240796
	0.2380338597732034	0.1341396569225155	0.34143233766590075	0.9335504457336544
0.18076267961836984	0.05422074093398659	0.7140242394008213	1.0	0.04357002577481912
0.006017475326113748	0.1541966361372144	0.6815442094948038	0.1071783559813964	1.0
0.01857881436268248	0.08470825277272322	0.970773871437639	0.34332716853406897	0.06751039942784222
0.15710774543463002	0.6632631054248238	0.08366713323644669	0.7874153640029359	0.030804527597854743
0.3341352699839361	0.3375953540683922	0.18111195737493146	0.35985871831080035	0.31438046542008735
0.8277871395329184	1.0	0.6369973639307349	0.20932097865111537	0.15025822045171675
0.4091628471301979	0.8524608102076721	0.1301406531521834	0.8405483235799357	0.3097058714498742
0.7356916156365073	0.19057596542775795	0.03242493914116155	0.09049537459444644	0.054097088661125524
0.36233255773211914	0.27233742127658467	0.3867002677901041	0.018227411731154327	0.14019385794022846
0.2536730757125601	0.19001259704848864	0.5292015690284323	0.2782567003870759	0.27252953005954306
1.0	0.20727757024038856	0.0963150589077778	0.20717991387205914	0.537273473521813
0.13990668633498207	0.13812830571191037	0.006156015647630178	0.20648024608494242	0.2969687555570903
0.19046127893324835	0.48471034979429506	0.31634390537294593	0.3126575358887342	0.3353406236212451
0.28565550887601043	0.2384119608034634	0.44605526116529653	0.2862176469794006	0.4479148534901998
0.15225826307279572	0.03231528931747384	0.2399138584020604	0.03579842339936443	0.1482888854502261
0.4188344132609458	0.09716904022292602	0.3317645067660155	0.03646131884649257	0.3341819789351099
0.286438524166337	0.08649519139450647	0.042329358843291164	0.18108011092006177	0.24438550168331918
0.8258636564915603	0.703204148836699	0.6531293915459601	0.07416890836466154	0.062175375802308946
0.5167027364082032	0.058048021654388875	0.029755466148301525	1.0	0.40493315535802377
0.1456710286495446	0.08121930948339341	0.013943638264524135	0.8208731263006216	0.08643011265247218
	0.654557135769565	0.03531459074479452	0.11257797609338029	0.00908165162169288
0.8038506069974357	0.49689637955963406	0.104360521789749	0.2571631980226466	0.04499192458865007
0.06546575165326506	0.007298223059728268	0.5246030857720728	0.008323318275331828	0.0941471720674832
	0.01623018597694283	0.026095985408238664	0.22008176478132765	0.26151115447455764
0.09345993282498666	0.11027128581112934	0.5697100168223328	0.20261645450165136	0.3073049421937049
0.2581658924975149	0.17460689921130082	0.748653761627729	0.014456827010224046	0.011483931483320517
0.034032475969475916	0.031697271692778174	0.10700178360143218	0.32827683352529435	0.2813130416074221
0.32183513182536816	0.8954469422244865	0.14300208674724896	0.5048347863425444	0.3249776319822848
0.17852410512477807	0.009463027413772201	0.13461574709045002	0.06235497430171101	0.009018363945380296
0.015699332876187046	0.030507594136492757	0.9878090970034445	0.10609942430225966	0.1880063107950104
0.7315648853460062	0.057874062232586024	0.2740954432692004	0.6056868638442036	0.041810623516944465
0.08321646365184981	0.2027151112973718	0.23938661208487994	0.40471442168988814	0.028318830964590515
0.12247311066190412	0.10620527678289497	0.02840472365674511	1.0	0.1590638509340146
	0.08886682877814077	0.10052178760068238	0.5408059540489909	0.5491915416515845
0.15047622190733165	0.21287935154036963	0.15487040976824362	0.05103900685704976	0.12249957021022903
	0.1876437264663912	0.4674596312066104	0.027986867301529588	0.013353974084684174
0.39047829416824376	0.1832926500345204	0.09070716024588103	0.44571896112853776	0.11661665275900492
0.01946529092864577	1.0	0.1317797161223979	0.5117344541803698	0.11410678622346872
0.5342229191630433	0.04847269893356359	0.5427297170027479	0.021734807064347494	0.6345240262030057
0.006853081474968776	0.004958945968419003	0.3122317205758896	0.905132681796561	0.513884376455913
0.07691303997689038	0.09395597971403512	0.01292014016421106	0.055057006173217266	0.45548868825401595
0.6475415205550205	0.18885385984714417	0.7744370631864566	0.5791841595987067	0.15945075424020705
0.15491308395685918	0.3483215695255343	0.10743245936789744	0.3076684026809508	0.19397007744829636
0.09773468727954697	0.13877512028390138	0.5321921002061394	0.08661549228381447	0.4118659497042054
0.15117062660805664	0.7886895632162092	0.07979161437857174	0.028055368609446872	0.21931019424934892
0.000849978182484097	0.04246387792527728	0.4896547165717644	0.20297797270802126	0.2417282355036416
0.2826370491423625	0.41415152190054544	0.2124408174269508	0.7933486425028802	0.6201534019898222
0.047476370794573265	0.26873096127234564	0.2261869922392324	0.2985076011601987	0.10474424781994694
0.043138446054466296	0.010024607521760397	0.06964950268703006	0.29181204953861734	0.028507925546093195
0.009449768846093854	1.0	0.009522845635656122	0.3671878853633455	0.11492189021598022
0.8817879986167938	0.5520270093446562	0.07296902471044679	0.18785835271092388	0.3440590809574624
0.909844948118687	0.11739112787065326	0.458529381718654	0.04809635681951568	0.5338826311514381
0.11915979967935555	0.7818850258492744	1.0	0.040222592878895375	0.15262205592049632
	0.21851454147169727	1.0	0.41143678297504294	0.19917444292400827
0.48533758824762513	0.5217088097928081	0.9918787226186374	0.21831101462336272	0.0033921944806190097
0.15804891006099317	0.1411163515282863	0.017305037591258874	0.30936494521010877	0.0025439051336891665
0.17337982065322774	0.36583477224272004	0.20160633200987946	0.5734106172131663	0.08311330127507255
0.12837840007489332	0.6943792807127398	0.5537412632038227	0.13012515342758346	0.09222158030875893
0.028539324164712266	0.11405018862280217	0.013228622423401473	0.09924435490454898	0.31360556401722106
0.4237960977862369	0.5523111704828336	0.36844120778180917	1.0	0.27693860541485604
0.18102224153256924	0.2831895856665443	0.06213867914821223	0.1509646677814235	0.06330685830018878
0.04436907344796494	0.26302216235419784	0.8426341702500046	0.09129406173365445	0.7919097218219796
0.5491965153902574	0.028733946511594576	0.13435486153298737	0.17484357712528634	0.16231929582419358
1.0	0.2693063196179877	0.21829669798454146	0.48975149307414556	0.012838903175076938
0.031300535049860446	0.4951709100489917	0.09495815133768105	0.3445086224897017	0.5747090001555454
0.07040277706178752	0.02874273570838933	0.2002272875161795	0.3755183565912447	0.1951775835092512
0.2266118355685915	0.03184914550608645	0.5109018748011676	0.12760664006408992	0.15901728723581604
0.029808448285252576	0.5701881709129393	0.14088564472590795	0.36662206959859717	0.3236461975116429
0.27857790020889867	0.1876690841874006	0.3700145179121233	0.12672694858869987	0.20503893499186668
0.01640562924429099	0.10785487901649503	0.14762400374862863	0.1427278024044887	0.47049494062266106
0.1997257866940334	0.3418492436345551	0.1222824584220262	0.0752077414652756	0.3626139148054989
0.038239357364858756	0.24247068620168638	0.2732498153116806	0.06509515085353615	0.33002033966839556
0.09341378239482166	0.2548049088108415	0.25835391617756165	0.12131286351336229	0.608034436289313
0.8765158654189734	0.3876086980988254	0.2682292193899546	0.2004777739129897	0.09202657286317643
0.06112643943107591	0.33470296615841383	0.0044329301859523974	0.29427319754877834	0.060508270560720924
0.46896721005346886	0.16685520020664982	0.14486811431397156	0.5944763986045573	0.30961432150412843
0.17730206729807876	0.05198796208123317	0.0013586590080024916	0.17574585616300842	0.0989065302055093
0.569569188413946	0.11364437441051872	0.3373286096780524	0.020328616472384927	0.5399785352161292
0.17286253422008643	0.30331712912961895	0.021586342700281026	0.024674479210898548	0.35813185937636066
0.21979129486770163	0.846010989661595	0.2734091494834034	0.40380928077265726	0.23563015242307492
0.2151504155776843	0.5106384977953733	0.27968086058799024	1.0	0.16844669896861605
0.3635742260763649	0.1378609758508866	0.31046006904197115	0.31555818813835534	0.030921309532584013
0.3790905968083336	0.27361399995093955	0.09420925632285788	0.44869434768512245	0.029090071965813525
0.08775317458150943	0.45605796622771333	0.3536101301557557	0.0747603491602074	0.05425829009529984
0.29749959795584385	0.13087548110538388	0.07508267790337332	0.11850829011205112	0.5783746823083344
0.24561089155088348	0.6434469728222209	0.1591608462040023	0.10184341255947424	0.005721690285353281
0.08205608427579013	0.839177967123988	0.8412185512907957	0.2659846834997009	0.0019032405113860798
0.7077095535518193	0.24481685375207557	0.16255643243481524	0.30573107238097713	0.26176921248694984
0.009257671770243335	0.588577101765884	0.042810802361808155	0.442293235767972	0.62247168408932
0.4758817836422272	0.3796220179918501	0.7269170640923951	0.6707496125814628	0.03172656998474392
0.10421642829340953	0.09892916598294725	0.33469884952456125	0.6584660984294691	0.13450705547125524
0.14502715637345726	0.4098862963986203	0.38449504648772925	0.5794344824737382	0.0667152886034246
0.7033774483890312	0.4423086059137113	0.015533191072041203	0.24218259441104525	0.4314124823522926
0.7118236029971985	0.9041772609609374	0.04557136124096469	0.2937804807607881	0.003004022960517725
0.16405866311787884	0.038557999185491985	0.23879752195889203	0.20996722467161238	0.039204130393965864
0.45366012206877404	0.07367262377535777	0.1765253756184562	0.044033781218787815	0.525783254906682
0.006815509605256917	0.3938178671344629	0.0066098063973725795	0.07232211031643475	0.019715414294276354
0.12204567426590773	0.3441897172285888	0.11712376059154232	0.2016718727026744	0.3304780484457101
0.01707024839461541	0.034473603484617296	0.6251998846689472	1.0	0.5861100149216106
0.036274518668752635	0.11349104291629843	0.04003385608901143	0.027263312187546542	0.1036010636025073
0.13497513978253564	0.06902570410217232	0.4941804092201547	0.1838008427439491	0.06336823822224243
0.06919122817600545	0.11448309631585205	0.11626379580276158	0.6745379925313834	0.009332478881450109
0.02994655351765461	1.0	0.25976145682569235	0.2053736677050276	0.3258474801857552
1.0	0.07742436142339312	0.7240974378075774	0.5113652894400808	0.2287518877130808
0.43558359012659864	0.02432039097348713	0.017006788224034786	0.4663474393644913	0.21623434483749251
0.5969166530807677	0.10780782192999444	0.5215735204153615	0.08550547516714965	0.2570586050406639
0.1776661628453176	0.315737718325744	0.19984898576548793	0.0030718801034985053	0.19246904579385246
0.21457993192353134	0.3999118569544417	0.2648340364509685	0.5159173397365668	0.4701951741007743
0.10751285885899975	0.7806592137706708	0.2568142409729695	0.0657926477942381	0.1050388887135475
0.052438625257520716	0.0011731210863543352	0.35269783802379173	0.008647527422165941	0.40453943565757466
0.12822793578432945	0.038711430920757246	0.3048060048912264	0.31095696446481225	0.08287642700377486
0.3418189122011716	0.03806950742646082	0.11526154323866501	0.5560941718424661	0.29586534358567906
0.8283568709780823	0.20699884856619907	0.07555898110523428	0.5981680729276638	0.11179300861832668
0.15182440784716142	0.23580701188830874	0.048124903075249525	0.014997030901902844	0.12868441601862804
0.4375792108891454	0.02858685171054952	1.0	0.0750805808873205	0.033935588592106575
0.39439640802952064	0.0900646240142111	0.235665691142167	0.12249673507214177	0.07986982943830476
0.08108224624047433	0.0029499412972153077	0.25915598921052757	0.486780159366188	0.13532650109749553
0.03852862936444795	0.4754549038805576	0.027015734584332995	0.060049511663114834	0.4413924253543657
0.40512274220026845	0.5344037983253686	0.5420865789003673	0.022690737036153236	0.5530030625997161
0.33861164882387523	0.26823577869252735	0.14354212926683496	0.20546615795979337	0.0870450909001606
0.4865667823940797	0.13166872118406628	0.6325839160801626	0.025290106003561113	0.2079462850791148
0.09048116683262611	0.0653763209039592	0.30351549651414994	0.05369245993887757	0.3268416127153635
0.4305394699217812	0.05385159560893409	0.8013197151702993	0.08431058509670676	0.022822326633145575
0.06328377136008577	0.10366031207588174	0.37535520348375156	0.03981759163552128	0.19000294976271717
0.4891414317131265	0.2231934109648084	0.22485090647155725	0.16444626460498046	0.08542008754195668
0.2763982382710934	0.1814828686623692	0.2908211691627304	0.11995437020934989	0.14376106787673562
0.1316210611082192	0.08466934003512235	0.05248832822415177	0.1109692658643346	0.27244220082913045
0.9293778013939682	0.4287880854277531	0.6938891764240116	0.1983683876873939	0.23230430671065408
0.9265991968335587	0.04436364897458759	0.11828904729527323	0.12343695371485072	0.1106912253526644
0.19369580762040883	0.005104675533279567	0.026342576125552512	0.33567475860922497	0.08666215987218082
	0.6504399119832959	0.6586472840664639	1.0	0.17492698465166312
0.17966423476937385	0.31622945158919336	0.1193378346785263	0.004487047246758699	0.0107704368209394
0.2945230337619774	0.025147285159478765	0.15215210218335282	0.06924669963965119	0.2977617999740615
0.0459025040214587	0.008281304024955123	0.3941206043549439	0.9634335890617682	0.007556216658269203
0.1626335767463167	0.33914270503286054	0.3369757869208109	0.4372459643381894	0.18677597052193498
0.004702908548584991	0.19357669388239404	0.03296115149449546	0.015917424614784622	0.09339896564282113
	0.41260879097809283	0.017055821693392873	0.13914762710622294	0.27270255001014315
0.1925337095374651	0.1378947155519632	0.3422438791158016	0.2595982868073007	0.09947371739497246
0.07033172163322672	0.011949513032663174	1.0	0.2818230777528906	0.00492338008837641
	0.632467977248199	0.32253432514410146	0.33468415308685606	0.3985073211785331
0.43656693676037156	0.34949992782837974	0.950755605964219	0.1001301918963149	0.663803940263926
0.7968873668698814	0.02706958063847677	0.12154910360511861	0.011691973017826313	0.3410569642038691
0.24386791010475825	1.0	0.05191567886676836	0.034408340819928745	0.5022356775278581
0.12521693645271062	0.02958916277913288	0.2218968662329027	0.5232048809792001	0.21419112339553478
0.41524806199990877	0.1709482700568586	0.5131237980199942	0.17761353656336487	0.30769501799537596
0.2554902338561389	0.09263242506789819	0.05027199568881084	0.3828982682366901	0.29909072201533393
0.33415631251300293	0.06617228531598163	0.18440853765759907	0.25672361041465186	0.11923460771878445
0.2883436797560416	0.050099680400776135	0.4461030017756115	0.010663993641806353	0.06122232117693542
0.49878326083623936	0.4194811331784912	0.19490866486708072	0.6804831005002038	0.08676093746595395
0.055595004893604166	0.3715704546586923	0.6049841205085815	0.3736370145443591	0.19370845535342024
0.7536122979565526	0.25209177440549063	0.054295379995473105	0.6452439508216965	0.8187620127362272
0.29574123387598145	0.028386252990373333	0.4657081015437004	0.5415893812609905	0.3087801090475555
0.14778849825119905	0.25298484144005684	0.73027231408208	0.6664185866125745	0.3411470035694089
0.005652408668372166	0.05941314142971901	0.08592884522658907	0.09861526032872182	0.0836955904675155
0.2279100354867054	0.011440520568621802	0.034080229212558655	0.04188963994968153	0.1317804428608854
0.430491605733864	0.15911442921406935	0.36469988658311264	0.413989687894096	0.11134109868288451
	0.7707917736207274	0.048995660424337985	1.0	0.4531567519515873
0.21421171859965252	0.9504246221094974	0.38090718695989356	0.21308707935319268	0.3509666455899635
0.11700805727114368	0.620311627946402	0.27743265077713425	0.4098735311309679	0.023363951197298716
0.8021689143950996	0.2840747337014591	0.2943185842387601	0.4656339038336344	0.22531997145590146
	0.427204024239741	0.31856403773373926	0.09961248627141707	0.8704278935296451
0.17866674383885903	0.026936423968882645	1.0	0.22219049732907023	0.09880555841928446
0.4727527715445293	0.5333492304173119	0.16889244922555727	0.5475109399068966	0.03697773970426392
0.4432170461530776	0.2648691501333262	1.0	0.11503048592602072	0.08731796434955937
	0.4675366936627453	0.7211999733322914	0.046841253609168416	0.27177343305424884
0.29783037444742666	0.297044183761166	1.0	0.4838318792849753	0.7659794428765644
1.0	0.05803061078057601	0.604409831527971	0.6305016238707516	0.08425037293211603
0.14767325154612831	0.21426990814162664	0.7005718569875249	0.14836177490536706	0.055800967633588404
0.10351330402396781	0.11461852609012307	0.16941813618881355	1.0	0.15273040944361188
0.12596136264838126	0.014383851099723045	0.7475259769063992	0.07448975646912522	0.172193551881159
0.014621385005382842	0.7714203986882652	0.12724629316409458	0.2427710594012342	0.33841653208007927
0.002913675764764963	0.03199754882509494	0.21836762720770161	0.13781184208422592	0.01739821223607527
0.03438085997264838	1.0	0.29548173201383515	0.18926874291080828	0.014590010927115664
0.5926950490224517	0.2868645716763897	0.0681474411220385	0.08644921229367238	0.4923103750096422
0.07427814118686996	0.04877267850571474	1.0	0.3960214128646792	1.0
0.06788576494358929	0.0623347822382479	0.2603189892426607	0.43916005865003166	0.3270632659518083
0.002883852306668006	0.14418251715998276	0.09693111523142713	0.31579168071170477	0.07583530345863683
0.1149883235069911	0.42435191789208904	0.4459482036334968	0.006974613543218926	0.6114533653335158
0.05211375419837854	0.4238795149432952	0.25588064215379713	0.05413354638484522	0.018940637745838117
0.2601622543697263	0.4829734142305985	0.03466101777590055	0.14924078105894723	0.887383653871011
0.051624660064838186	0.3452956633417449	0.2522404052790572	0.024683113110137513	0.2594230406844063
0.6244389419659967	0.4307219548818035	0.17828347753031482	0.4840740476800644	0.39143717763450697
0.9279081501947604	0.13141060766100865	0.11648751142713373	0.08534837556753891	0.3662433036660269
0.3579563202333938	0.09498070057095191	0.7192843822819315	0.20004863696352276	0.07731581712061882
0.47481200501154924	0.5211193678206449	0.3412400276331196	1.0	0.8750578364587192
0.15488715578525197	0.0991820386691875	0.0627396363227223	0.07675118809332446	0.2930182609472575
0.14166429312113862	0.3540995250691786	0.42624122983052853	0.17027240136786698	0.1699134810495267
0.20216892575013518	0.20980284137576324	0.8025865032953883	0.016836648391126818	0.21584601279206228
0.26250835390257227	0.18610964802608634	0.1469988427710443	0.41360697493723036	0.809800084435913
0.9512524155736148	0.1410485252627778	0.5231770081824879	0.11009801883613092	0.5394906837212903
0.3113973303639033	0.18312485140069365	0.018601024517070585	0.5374943008414413	0.12964951881303607
0.10159950347374638	0.13529293867816142	0.6217246987129496	0.030177396420019546	0.450403955590968
0.10656983508530314	0.04420625165885053	0.23390078498766795	0.6457172388139664	0.20589627621704168
0.2821072585107263	0.2054683326160868	0.18016356510462825	1.0	0.6008296525948683
	0.3549097405973212	0.2912773930413467	0.8747178653921787	0.5577213462986109
0.2025124858131379	0.12167624345971062	1.0	0.2990848965612782	0.019047014913701907
0.24272654502190352	0.361240900966865	0.20301039921280456	0.1859704684431128	0.30200192592565217
0.037834325555551	0.5482923845522503	0.1939609284279759	0.38286552119937456	0.2182132617126359
1.0	0.33072603364168823	0.10363585318318635	0.26486704466136723	0.2084132795916237
0.00031332511497845063	0.21210837745080677	0.2500787503935062	0.09793338520038507	0.26609899160891287
0.18783881976740407	0.44750739702964576	0.3586143632894041	0.21329232608555776	0.08593142311932282
0.13967596260378878	0.06753682473746633	0.20858039378200358	1.0	0.34192302825097304
0.6645232968926134	0.11426925508029999	0.0975249759401262	0.10043580052011743	0.24829144445172224
0.08470852990338329	0.11902151400309871	0.16002161194942396	0.008723689782135136	0.3675289292599694
0.6051857978179519	0.21667937408672402	0.6339716657812551	1.0	0.581237145223263
0.6332094056415686	0.0967065272997559	1.0	0.3484574240544176	0.29477268871372103
0.03140565908377361	0.1342691653032173	0.018918379535450506	0.23495865071244554	0.10706213722163314
0.07729122516526778	0.22651590814031103	0.763008308092075	0.10001303887073379	0.0012703688469588167
	0.4432378292801575	0.8537340655653217	0.0007104298080335226	0.005418975699305279
0.5087520603511304	0.46064455690917633	0.08578374148936298	0.048347740110649476	0.09264149623226159
0.5118303896457185	0.2061104440912884	0.1775218851093585	0.7207829643050833	0.021248393734861135
0.050025233781409724	0.004461656835960196	0.04905675130881678	0.10814007673446675	0.5294287348689435
0.0025332237967269234	0.13482565192447313	0.1553996295512284	0.042596793152987006	0.5517427068483826
0.04094309076149592	0.272509814429648	0.07064690132870803	0.5956498704120612	0.9095275126690409
0.9171647414253483	0.22163447609109518	0.49362369931943767	0.34511711021016844	0.10092161964215644
0.004988861866020724	0.23143712986155002	0.0988553225674075	0.16830713901875582	0.5248865212762424
0.10009414878660262	0.08102310550335896	0.22890954735478802	0.21427695888513287	0.8847964010419901
	0.4043643857486747	0.0772901630618672	0.15040568291068154	0.4336862063156594
0.09251655609636004	0.13344529179725803	0.447106003493671	0.7634717134602802	0.0956382764811779
0.5107069201737098	0.14436679992327353	0.4246230731036666	0.23560800145287614	0.3801749319504542
0.15300712262240776	0.6957434067578611	0.019210687813490387	0.08633051743302986	0.4260959324571402
	0.17891805366282032	0.08098452576365132	0.004253289912258968	0.1395789425487714
0.23435873319568465	0.40251185683530466	0.4275642247916255	0.2642488379093856	0.2373341878610797
0.5188536074938547	0.04274075281562483	0.039426222309471674	0.09232830691114675	0.5026974619947057
0.06519669750798637	0.6701507666115031	0.44508798641929	0.09512387236971204	0.5468547076760656
	0.3726343061091872	0.1583488459621285	0.2789073546920653	0.5550975300574487
0.345431360555325	0.11128462060579958	0.49465220558185663	1.0	0.060941181472303645
0.27718426807389474	0.016028714499358863	0.49554506153618705	0.2628137944167454	1.0
	0.2386192295593628	0.11024386471864417	0.2780615950374776	0.010069972398096904
0.07368513623065728	0.6359588009895204	0.011442935758780146	0.5453489084646419	0.48788435487433296
0.1240821456006407	0.18926275662576142	0.7831361791672103	0.07587838874129504	0.05119337086909236
0.0005856438329302428	0.09857702465379868	0.22356752480597947	0.473664307067729	0.12448893656514383
0.648161871767	0.6902109586041054	0.3216041832111095	0.5838949432136905	0.36979841701602834
0.0520366489379531	0.30462481614189163	0.6617733340952651	0.043797734506002224	0.07032718119661385
0.0835837634665388	0.020652242752523847	0.07900598952687528	0.362591369596647	0.17411491347137878
0.15641665757018852	0.20814404650557464	0.23562701794054114	0.2343208265963705	0.14936747056043467
0.27540424412668524	0.25735434496558035	0.36592983958389175	0.1470886724608218	0.17383306566305093
0.5811483869030958	0.5857138360095	0.12180481241599186	0.47539492665729743	0.0018652727760636197
0.07737218547458	0.2845178328382943	0.2408448130417269	0.280797569930611	0.30331852350741045
0.13520014327391033	0.017829846024465676	0.0667368718964736	1.0	0.6484481512681902
0.08461453773602816	0.09818470979152083	0.17937100009228243	1.0	0.35080552105419965
0.4405493162940492	0.40255886616588693	0.5593517692845484	0.3875201905133788	0.04416515980479969
0.18469279416057038	0.06934056452846937	0.10464626976965022	0.514197088175652	0.2138491435656177
0.003761564690443264	0.31836111810696077	0.9335653058534323	0.9384665322341925	0.3633381469140991
0.014517030878559616	0.32467854045642414	0.06748364289126606	0.1727151168370788	0.07072056302843158
1.0	0.06115882579766489	0.6278970136235482	0.4540772904291662	0.08691934560345335
0.46214714638243326	1.0	0.19753106742663118	0.3246295193843714	1.0
0.17641563918704586	0.02026533665709213	0.20795267221094632	0.10642316495822916	0.19482906327298974
0.10865703138017446	0.33464598639547405	0.12847738489039115	0.6897390649038749	0.08932121279738268
0.030783834909024616	0.295273196609714	1.0	0.09170911757876714	0.31889546604725666
0.26295753309291336	0.024498840273625373	0.021001798876900648	0.10672296066467447	0.030148355330649787
0.20169298363373794	0.14600574044663392	0.42131250250427016	0.2014080785381245	0.47964322456278935
0.4816521275277749	0.2343895431192114	0.30955359526292286	0.3445355976570272	0.2483904173087471
0.0215893678085781	0.8072885731503844	0.23873786752910536	0.3740156530702426	0.4128842746565975
0.23239876964289313	0.16403847700783497	0.5402379676859803	0.13480851006006106	0.049457908597183096
0.01940006748303455	0.12146194778328709	0.025340132286289906	0.08618928151181848	0.8135695770442645
0.1398697451927609	0.26186599976639635	0.06707793943497767	0.1415293872444166	0.17100993746100224
0.30049303846913994	0.12627586145077677	0.3026029833916318	1.0	0.09510039583731285
0.016303515144348458	0.1471259516352467	0.41733138890266824	0.09355520653331384	0.40950888775112093
0.11453135464742077	0.12180378427710478	0.25353830678739403	0.1466667903137105	1.0
0.07472176327363882	0.06451525675438786	0.08986064718708442	0.018813942679167292	0.04854603768528338
0.738620062531135	0.3136795957879171	0.07206275072515941	0.21504348283651548	0.5680481731039833
1.0	0.08981175364528118	0.26529676702439414	0.8828604298041669	0.15232384016412262
0.10493007790157845	0.11940354707567355	0.8078823206788682	0.1287848596305895	0.1584251925099271
0.10465389981685058	0.4096342328909053	0.042601176071629734	0.14943767555320417	0.004756522963746043
0.5110471086335148	0.029109159076680095	0.029428722101695233	0.10739734887560738	0.38098554799840156
0.9015549227017237	0.02668875055199132	0.2167122757968162	0.3489435490438008	0.19918931110973298
0.041203213985774735	0.7321933427619978	0.11167061338631994	1.0	0.08085783117910793
	0.8085892787383164	0.6124586084612569	0.27755826323029925	0.23875663457709795
0.3754263737152553	0.22129201295616063	0.5772544001019433	1.0	0.14468369162419323
0.344326791146411	0.23212351764350445	0.5062056633044536	0.5551666114381114	0.06357666734420926
0.1840037068463339	0.2936817334578614	0.16937206444948122	0.12753058512952845	0.08573085475213976
0.2431446946074775	0.311760061794022	0.15465874681230316	0.12350639074664112	1.0
0.07664975897755764	0.048013631420721105	0.09792620418118912	0.04432899082094774	0.07126586607974447
	0.2799631907084556	0.37026065209262776	0.370563479431441	0.08177755704130053
0.16192688372438988	0.3374149077997479	0.042596783517723884	0.05144649480213505	0.033901440914316794
0.010033539214937437	0.38883944372019613	0.18509360259115992	0.49259786935785416	0.5073361565436177
0.15781213312179196	0.16232591464364782	0.7578659516916942	0.3043022299407215	0.17968041533782653
0.12314010763124933	0.23885615361589563	0.18247362690337363	0.005883607570681665	0.05706796487623863
0.5258507357777283	0.4241158483210618	0.7857157201168902	0.6415230926085842	0.1510499135133501
0.856317384644174	0.622324654774603	0.14360839494771063	0.37508909030399307	0.16328538908422777
	0.5585092224866974	0.022058084910111134	0.21861504773543478	0.1452628264431444
0.37178873499647364	0.11242831082552761	0.4445964842689025	0.10086728811627456	0.2348707955164915
0.037385951949788915	0.44092824182627127	0.4290799877092604	0.3392819330245714	0.17441084223910763
0.10357782088571776	0.22907235925864575	0.06520991903406413	0.11869328746008244	0.5374989655868838
0.2696713987590358	0.13804611250814633	0.01608547185367505	0.003594444830116871	0.20347434449158844
0.41953887146604374	0.2321902265752645	0.12306971597404893	0.04347576804191374	0.049337244546860004
	0.14809565371448552	0.1960424564775845	0.14967004982172463	0.33940853073205307
0.6488520476350844	0.4834445380499249	0.2814294636782661	0.33958334850882305	0.029522126801981415
0.02811715180288944	0.4742079349465723	0.011996965964421643	1.0	1.0
0.4081711769057664	0.2507236278359494	0.1329292146693463	0.10138664924126807	0.09506865645580335
0.05636385464156942	0.11466862967163083	0.1943495618484042	0.49309819407645505	0.02446781398311135
0.2627090917406883	0.475892216493851	0.6389757242153093	0.03086710505412911	0.5577435933610437
0.17321824934991462	0.10866874180553072	0.2584226313686811	0.7753964718894351	0.09324352153596134
0.2130910900210737	0.21880258145042183	0.015379721789135358	0.13840068566759792	0.103602386478981
0.0894403978945977	0.19878385703982487	0.050192873427943034	0.06596418524478555	0.007700047007010137
0.4816356119937946	0.004541251873634091	0.30128946790909045	0.19033562034452686	0.13445124035256056
0.03467432547108379	0.2355658902792679	0.21441946857328434	0.5975157918868319	0.1751286114336209
0.1719855059904378	0.025685367011587603	0.8509434881546928	0.2237926135140043	0.6066672779068669
0.10198606258121558	0.5584545703219406	0.5969905480832389	0.14464709181021476	0.061027159142538805
0.3168733057179626	0.3166462506806331	0.09096108017060349	0.16553032364287779	0.015961629798403976
0.3101541527308298	0.1771681231855268	0.6584965999093013	0.007569084441788618	0.49165814757019816
0.7087156551532175	0.9942081995998868	0.45996711098739407	0.42479070514473843	0.10858409195406782
0.1458523069357202	0.19886842104949637	0.05811016261264891	0.004503262051195934	0.11337416145603933
0.39681540088091477	0.03601738435632242	0.4253540336020443	0.06996042966545414	0.4140015698361837
0.3218749178770499	0.06454431996885707	0.2766177141452821	0.1573182649623777	0.2180226302042986
0.22579829271947666	0.09395319035976428	0.10171264063901322	0.6173744082357587	0.03796643899451317
0.517773967753953	0.023399205476089615	0.4636725607537556	0.4852911620617474	0.0446104403594839
0.3222977344001144	0.7097061491446176	0.15094940721912548	0.35985696876330175	0.6297818767070578
0.09931376478518066	0.7300835861140392	0.10128457474406036	0.40092253391849564	0.2148571949289924
0.041669226684544626	0.624612545669939	0.25029892226199435	0.12266263451730691	0.7007684990409788
0.21029334922155732	0.07898814144871881	0.3059736829249953	0.6854901047501665	0.36993290577170984
0.2773720810358355	0.17036433954948213	0.49780250191280906	0.24073227073088832	0.06627929484639464
0.04124755366512171	0.020312472810209526	0.02840440463089578	1.0	0.4733432860131008
0.9207939643970491	0.006308225767965327	0.12340451114056045	0.13210149756452205	0.07191857554960931
0.3066338061209518	0.2561754010897531	0.1398302042649122	0.056672316592752854	0.25183718920892695
0.10333279170452524	0.4070329900391139	0.13962407072990798	0.752913597274108	0.6942679845024301
0.2175800537878439	0.9236110892785593	0.3083138732136852	0.9632093735413271	1.0
0.12408257594233167	0.10416161252379162	0.3602166704878226	0.6093897942753562	0.2268134629289679
0.18514325082277516	0.09740342325977652	0.2080178596446294	0.04976878570366543	0.17178580800240578
0.038041694815428045	0.5256592091541983	0.047778412572950874	0.2827389812381231	0.4670778300024374
0.1029803319794912	0.3775638033904239	0.21909784149334696	0.1460763777476023	0.17289337520254305
0.07803591752352766	0.18867255039617495	0.09168927328005176	0.22174791602527283	1.0
0.29086820135134345	0.47160077090639824	0.30194424936436454	0.6595301544760637	0.05034301100448408
0.2728292894182085	0.13645983591738758	0.2490212661915777	0.08779928590936052	0.21383142527597476
0.3400426821116484	0.3837253363483427	0.19388200871346237	0.2232542362548282	0.17881926996631825
0.13530389020500244	0.4211278456049089	0.06572528984310061	0.4216586628407592	0.09318019837072794
0.04753716286621198	0.07594151167280794	0.05820135811741936	0.4839470326202296	0.343237328695918
0.024372475165109615	0.15840207679296794	0.5553364377706212	0.30101460521159246	0.1513723483299139
0.1670395140324922	0.02818645781979908	0.05661669997446161	0.33577518400226575	0.02042303557303513
0.4232036723893064	0.345666846392499	0.3069956129383204	0.46546290205808344	0.1608558479256212
0.5663310953847374	0.16922996190932393	0.07324207742818514	0.42608638900416346	0.4379535541434306
0.26450758017228665	0.11920102559162565	0.2579667503564267	0.3350729348041482	0.06247555556702006
	0.30991610520934415	0.14420665970041366	0.16031588081719983	0.3998757088693334
0.8765643968960514	0.5347013656574462	0.2753007196318771	0.023676381586793152	0.22452904281765515
0.1333872033983374	0.08348487384714495	0.13118471353445674	0.05238253830149351	0.6871107565086567
0.03071868639149247	0.4921716915170031	0.10300234595256014	0.18830110022009514	0.08618051350142002
0.24416771838582546	0.4363918281037668	0.283683659297255	0.14227528301573805	0.052868246000465816
0.8000664912385471	0.5634073228012995	1.0	0.13199772528547343	0.531542582820596
0.0662893368777015	0.1312288507987305	0.2899786488576943	0.13626173453778848	0.8848480385192604
0.361437034144723	0.0442059585059788	0.05334973294735831	0.7972255590582235	0.12661559314747728
0.4917693460652081	0.8905046320231511	0.30679833829112985	0.2759234528585514	0.5093346497249401
0.4337478199758376	0.2173645146754524	0.8058512201106179	0.3142020523608391	0.0024849321785583352
	0.7262826506673653	0.1478404694612244	0.20004718336003993	0.26203588285654494
0.12554716545825279	0.03587370204033145	0.30287889258803813	0.015487454140355555	0.4724694248445449
0.010609357274980058	0.38367284718596634	0.16433559236073772	0.038813754690155036	0.09465766159953998
0.11606091819479165	0.41246573819215043	0.3726259301577607	0.7050340998392378	0.08164691526224192
	0.4704511469284949	0.08291882134381583	0.016488062318636573	0.10554987573961415
0.05322245393786763	0.3401380731978704	0.21471143429369235	0.047917970734397485	0.2383074000287219
0.18355742772524922	0.2196999899164522	0.5813406510189889	1.0	0.2746239783177261
0.4375482126616209	0.00842835073797473	0.2297097859503019	0.021613114134804167	0.0939550661671924
0.11747362953765336	0.04586455474035947	0.04363082185009882	0.07116819218412401	0.07089701668958524
0.7063848830601457	1.0	0.053253245234074854	0.054963697378477616	0.23797103627580385
0.07244790724342308	0.16245416552007422	0.1487482455713296	0.29711736230184327	0.04041878604199531
	0.3865203864475303	0.367364498314625	0.12802824832522125	0.6147780641216005
0.02921067982109253	0.2995482487586055	0.3929702455688659	0.11267451841151312	0.6106213730295976
0.13500109596014306	0.0167787819263582	0.2937441784701188	0.910730917743273	0.23285665287016769
0.19929999963438802	0.616746050786608	0.6110514886204094	0.06445832958571711	0.2188960543487112
0.13452346027309647	0.3429023262324209	0.14773070472334185	0.0706259067507096	0.03654113610671519
0.2065095944786149	0.1852075036249037	0.10780861078899605	0.2061499847570876	0.7568558596651508
0.22716394872364395	0.22000829782011241	0.022305381269982435	0.5649978621084873	0.012875755139878412
0.21111632496719748	0.02230971745346962	1.0	0.07490370958133517	0.021393639754430142
0.3237236368676675	0.14923178982486135	0.583776119422754	0.22790723031431467	0.19801660448400807
0.700754921123489	0.06782440315305627	1.0	0.8166264623655108	0.11953429406060105
0.10900852532380696	0.21377027089218684	0.08437437266171033	0.24308307088189152	0.4750693236881345
0.096206829934251	0.5372519645352783	0.20555643378829938	0.31915503791942323	0.2087138822415766
0.30334065600946586	0.020133858871416454	0.11758602634855421	0.007568072473960012	0.11546137384698935
	0.5746270553500937	0.0954508625666068	0.02578724096145301	0.03910917430989232
0.034902059885300894	0.05666663597377744	0.03337586687177794	0.4728847440061771	0.05287218206149214
0.07977215331007752	0.36112518506762353	0.19293366459359584	0.3297644065257879	0.4073521934501769
	0.7219502672415868	0.1324505958705285	0.383093592508399	0.43335251482590825
0.08075757539969734	0.05096959880344782	0.028103787475690915	0.26065437215598136	0.13307177137117462
0.26070678608377706	0.06724871399350708	0.7555936516983358	0.46346477796996444	0.19647495091224912
0.02174209611305044	0.43351538414162083	0.39618751655473794	0.2755453791581081	0.3170361647755036
0.060564173451804135	0.29285785327508795	0.1488172806557474	0.275514079512029	0.6463316023753111
0.2912376019075397	0.18644584280169252	0.29249991004655257	0.1306402006995436	0.0916446410549508
0.0662450490102016	0.09471962560427817	0.0036516269434420747	0.42175059311704705	0.19076880749894445
0.13680774684870917	0.12404840255618262	0.11819948734644047	0.04782906400317472	0.1598007812205205
0.014833027356438853	0.010855324318623892	0.03532649069307753	0.02530030797631567	0.13827663976305776
0.7096792886380057	0.12985872315231153	0.12148097659674705	0.8018009038305813	0.21981249650815968
0.1161997578670872	0.15362022166858386	0.6382581849023119	0.05324984979734161	0.1650718002238443
0.08167734801871225	0.7056659818047157	0.7650328375222163	0.042711971515554226	0.08548888409952998
	0.36568909046372344	0.09632639437405177	0.6888869565597079	1.0
0.2893360756978746	0.13647117565206496	0.13436521665088957	0.272493064217592	0.06801476737515107
0.1950531382397868	0.3413603205191937	0.08106887162720908	0.093125172710874	0.3646093962879015
0.43663705040636264	0.05361181132390606	0.13115324509531773	0.020217662715284072	1.0
0.20173570971635305	0.48398076166456283	0.058455277083484476	0.12337085603028224	0.4764318911884341
0.384204580385743	0.023128424762891456	0.3130866006890687	0.07585824036438231	0.6404465266120764
0.08557115438522707	0.2124892403094662	0.5491136597776728	0.12040177698313699	0.2898435552773591
0.051441339811573325	0.09953128331829228	0.0027046313289263613	0.5932437874983651	0.29064583432681745
0.30082786710111714	0.030982673624512576	0.259028606433004	0.1660358942814227	0.15654163631495718
0.09328866139989547	0.2870422371427387	0.43994059391170404	0.11484003710700405	0.5534190305226937
0.4111698879343084	0.11447384734705539	0.3245584809062448	0.301212913058368	0.13540150469890067
0.007988844375470152	0.16484998207903684	0.09505917938423486	0.08224108001190843	0.2744320930011126
0.5336426408298066	0.18902095893223322	0.18392790335198808	0.5064347095925515	0.10471572313467156
0.11722870906343313	0.3258913969427539	0.4458133271353623	0.0730366404532955	0.41014069111963625
0.15843486777769358	0.02839082169012596	1.0	0.5086280868127804	0.1263431662193342
0.195953407796627	0.2164177731255881	0.37586808478560074	0.6481029006856018	0.3156562162180688
0.11824065850281522	0.03511879674083629	0.1483266446567648	0.40250840947247396	0.046722988230100765
0.4329663859488762	0.03882749074308476	0.553629986745781	0.3598986218706284	0.2115952679105467
0.3470283534572927	0.03002323260707792	0.5019466260058076	0.1008338435413479	0.01843029799928776
0.17361219475679845	0.8659012712412688	0.24886456771570356	0.34326301449794144	0.009857314738580574
0.5735612520453515	0.5440612748000044	0.4605889607758199	0.5673244666669949	0.10166412622986641
0.5173183819407725	0.0723023526173533	1.0	0.14003459111356392	0.4623862301894461
0.5421911079446217	0.06870876733394722	0.2757382986882617	1.0	0.39225531731243324
0.017897975545953536	0.6249441211447943	0.2140505913315658	0.5788816761496371	0.42107144798579
0.07977836287566525	0.03870328634684335	0.16487254962100467	0.4124113785833139	1.0
0.25188234615931254	0.06279889267277067	0.14176346858998434	0.15841823040010153	0.29764482499644107
0.12667141540810548	0.19721687976703728	0.6735539979217043	1.0	0.10259927547382813
0.2739507272791722	0.04428017202906442	0.22310221995210175	0.29728673335434097	0.6227590900265937
0.5506930927542876	0.21315868604629387	0.0357805968826044	0.12999035335118195	0.14123141261823727
0.03660775048469604	0.4038491363460977	0.17638730035306924	1.0	0.12121265379053464
0.47606600835658974	0.2466187926606652	0.2783776692302637	0.04547288729746752	0.15194521796403662
0.33990385739231077	0.047604265911699924	0.16529115526377736	0.40704576568274026	0.6298613337953672
0.464282652411377	0.028312001553671	0.0761304022925292	0.37993677894333866	0.30795263251319777
	0.8134381581056012	0.6448485526757828	0.005985654775798902	0.28237000545508256
0.2890342591823419	0.45033038416929927	0.2000753675766103	0.10828161550963825	0.03257827201975263
0.3946592495591594	0.2270408808508998	0.5916787315853458	0.1753060187034409	0.1431610360112028
0.24665636523190457	1.0	0.15818960906661964	0.05604328573135292	0.04776115463229263
0.21468814727540986	0.39103427006923047	0.15220478267133575	0.012087317962372751	0.037504363230140815
0.2060004151350312	0.1437304453048773	0.8726265519601758	1.0	0.33845968436982937
0.983295786721643	0.16674334669847116	0.8038762134571983	0.493258162505271	0.03207002709984607
0.0012313281989282342	0.3820500483064065	0.003923285934149309	0.47782416760646973	0.22488678200762183
0.16213359062984875	0.15330891440585967	0.5221624873863906	0.10938477476798655	0.3659223295104044
1.0	0.6976482492233097	0.06302618261900331	0.02284963027544972	0.11087033719528772
0.9620238451944549	0.45576049833466614	0.45810274788665206	0.6075458615917586	0.1407419428399026
0.3672038543046529	0.09213366409141995	0.27052761833491956	0.0649039321248391	0.3043564747789583
0.8840796278845263	0.6698299849392159	0.6007044560666337	0.032175325422698034	0.18211494971709935
0.10672106457063661	1.0	0.2505581013930683	0.18826384308111083	0.5478106445908251
0.08578050377220438	0.053932139275295686	0.0644226280286934	0.006325440127513701	0.10326840290269117
0.03187543749487434	0.008796034109688102	0.21611533639452427	0.06402062140814262	0.11310993914430284
0.17790300662234246	1.0	0.8872572050750132	0.17807023569986935	0.2054716524150558
0.17731594076191257	0.8380928014205532	0.2630507676131633	0.24227989134525846	0.36710563879648045
0.6561550764179135	0.5790637831174561	0.20992350807950855	0.04528115022041342	0.2617733461969853
0.044314476757916575	0.02651910456403929	0.17144561746290912	0.022419257885374556	0.07843721140995116
0.004698460062761857	0.08213436075804849	0.5628523755361978	0.043984247812545244	0.5236249803466008
0.5917331200152591	0.24045274615435216	0.3501771658865537	0.4150149125040051	0.2869242624840871
0.02487802332182642	0.038382064760163065	0.6088155686941042	0.5475132062322721	0.311511161234506
0.14594061867399777	0.2054998065667859	0.06242265153219848	0.4957339522284498	0.1628315404532817
0.14076535882218547	0.3979116076712263	0.34754459788085545	0.040178793231746945	0.26973978883981803
0.1591721944428314	0.32398314750494744	0.6164378125745568	0.07714894500475158	0.35356920554533716
0.300226091584061	0.7754229053082783	1.0	0.100634277931621	0.7126374784318694
0.31956037373769014	0.41452254430099783	0.25750528883650126	0.2483841306250703	0.003921165393449257
0.8430778059470788	0.06871328390382614	0.3227465481929457	0.25937809844811593	0.07482043640010268
1.0	0.059625748835850645	0.014370944263068397	0.14738424481489235	0.43178827441811735
0.19633095627468664	0.09078302661728326	0.0021513885545071947	0.0017347142374576545	0.10326142191143395
0.7580367138471483	0.3576208691173468	0.671206787966705	0.2302768928760692	0.27777926538330494
0.8165319769064048	0.02180253842942788	0.04510503954343839	0.13729022941639749	0.006785284868603411
0.03586744249276335	0.9267453679138566	0.4978455773547428	0.2996985122171963	0.0002210597901611689
0.6154391139245734	0.8845997653308041	0.7282801492596495	0.4812164797510431	1.0
0.01413661838604499	0.048922098689423044	0.2967757115038007	0.4869688046842717	0.18596115422524193
0.11078480425198375	0.22959156375143872	0.22745292914062465	0.580631691990168	0.19538075688787918
0.2316579533163232	0.148618361813126	0.15782964491081464	0.04148240848253434	0.896421765532315
0.013132434279700296	0.3567750598691544	0.05245070088581948	1.0	0.14357812584259141
0.09270318031280714	0.06176592613040213	0.0736245106315724	0.34656745986792303	0.4074965604262579
0.13358964151408234	0.991027980921411	0.549960299366522	0.22734427571277913	0.10074336045943137
0.29018410068064876	0.02112437207989303	0.6110055213756048	0.4762431339116554	0.24047460603424956
0.13816472923876588	0.15224347862138846	0.0038349306125574777	0.027778254601219236	0.3587933840400979
	0.43486739581309536	0.03813882699709965	0.4852995185625062	0.2540092320532711
0.880591108924356	0.5598850797595464	1.0	0.21594935644729446	0.27296581614170934
0.04176128706664627	0.26021735488013464	0.06540067574620899	0.255098291735556	0.10653220028293821
0.024233273338796404	0.1055333033286336	0.3768639134518053	0.5607175708741176	0.161988022172431
0.3009326656916985	0.024211910984717307	0.44678366745851583	0.31326348487097083	0.0393628871518871
0.3769037135936349	0.030105391933835657	0.7155771103798972	1.0	0.633412279186088
0.2517780557156201	0.20544391631581335	0.5503230444625927	0.4157298262897343	0.10299333187030041
0.2961340041182277	0.03445383436057356	0.2584991455221918	0.02992457485741805	0.2673488042129906
0.430075106099174	0.15491330600100378	0.10843201510067627	0.04120716955973008	0.028414185033835065
0.2871724378818918	0.545293842540791	0.08853929777201175	0.004892724083325812	0.14659217464743438
	0.23442775035430932	0.2847878728941817	0.25740548287528175	0.8292655174443456
0.8665053805623296	0.026816645403649485	0.11677163654300891	0.24770377653745485	0.2292502311621304
0.1638008990735792	0.2088645440131068	1.0	0.46368365457406535	0.30060101886113444
0.21548731373390947	0.04612567254153483	0.16563517101188802	0.04283145391352149	0.06096985697878607
0.024987058990743046	0.67390725927447	0.08900229013872436	0.10503769282717391	0.10350596904301353
	0.43947647714720434	0.5337119291617102	0.17812891120824978	0.09471434729235956
0.05094977016355521	0.12465955927664549	0.6839057466975703	0.2642579413032031	0.044699727123403775
0.3680945576796014	1.0	0.4087177178750865	0.11226327840845433	0.8571339779231879
0.23019949471783768	0.01549041602458044	0.1446080370892477	0.19153355697591326	0.07907551200115444
0.6813027591605715	0.4131646420454284	0.044044210961919204	0.27479563653799416	0.11904915226953716
0.17534587864931364	0.34213644239653646	0.49628117247854653	0.3048762305087705	0.0408305561491496
0.25781239745969453	0.04547633976693319	0.04924060766380026	0.7005594261880406	0.2593655154680834
0.048851839139045256	0.5775000468224236	0.07735635481378042	0.15797362937985973	0.37189471375612776
0.25194907661249066	0.1195095474493903	0.3750288806818624	0.08508023572162714	0.03333048158453428
0.712750837350036	0.7906365976741822	0.5371841088118293	0.15515370014288957	0.290901698345471
0.11167642582260025	0.5310987443153519	0.4202429936147734	0.13892410464443225	0.2908720248308293
0.7886487614521062	0.23455562731731144	0.0993091575602361	0.09444237621776481	0.6647468591784209
0.038659395732041656	0.25585647312204385	0.30840525834298776	0.027207597058953092	0.6924216869671708
0.0069335846672826905	0.3610774785899176	0.4735234373973814	0.21441432940696967	0.40095544305387937
0.015421460199239331	0.24805587131570056	0.037715623438783215	0.2501240093570259	0.38848477669859754
0.10118689657615257	1.0	0.37632629069474716	0.35669296544735923	0.05554191020970537
0.06537113933710054	0.5858554512819351	0.07710576058733266	0.023205414063548053	0.13859364131725488
0.2484996965950162	0.437627008702165	0.5400574152556419	0.25859024993442736	0.3053355378889709
0.02045080833102459	0.1833150543819412	0.01191332207556092	0.5135210624089359	0.06097654690234762
0.24243829856570787	0.03889977540808877	0.2501238159920894	0.13788649894161317	0.2761032457033408
0.4859048021258318	0.7327228984790368	1.0	0.1777725502818106	0.18149603905745856
0.23621820197546725	0.15677535919159352	0.014906003522657993	0.26214585880560065	0.5771448862434039
0.6081638059108234	0.5211301690140674	0.11666466454100077	0.00650263999392166	0.08083370035839386
0.2680774316039686	0.13415632799685448	0.07838124137649283	0.10076913451661734	0.445015693594122
0.6219814386068022	0.9974341825564292	0.17566756301161343	0.10382442339663861	0.8098858434905243
0.4843329540056997	0.28010555785085856	0.326226444746041	0.3659130944310593	0.21194373673258016
0.11159565233238243	0.19514604635642652	0.32503834951156857	0.5354757651327788	0.08886959238517066
0.051507751761378825	0.14365173483202634	0.011463714096381406	0.7194259848182465	0.3521686673136414
0.016046147770044403	0.24898690249889377	0.6970844400328784	0.3017855680592204	0.2595894128916839
0.17940541857133102	0.20578645782524105	0.06999137837994553	0.6485119628933941	0.2796852390424004
	0.3939889166181562	0.6826638435862744	0.12846492736202	0.010555019094853431
0.12761112206763653	0.5292430895980509	0.6253301131615163	0.2150273851629583	0.07198056354829209
	0.305248745617631	0.10909942698849419	0.23587774113607546	0.25949081090268555
0.1987787396934957	0.05250696645094266	0.3390932003455743	0.4474839323146099	0.13565833680736158
0.3179332426146178	0.7359256540769559	0.20424306886526875	0.12678455061686303	1.0
0.08444993437039022	0.003197788452682571	0.17420499666230457	0.05768469234056316	0.14099980589829106
0.09695707265474308	0.08509463320056508	0.04065059092384637	0.0013555698057188246	0.1852775032397454
0.04473797161979645	0.05031677031631441	0.021467028689334762	0.12071196898952768	0.5707544660656869
0.03024138005064181	0.1447597777723216	0.08964551661145662	0.021244331151477124	0.07925548839218666
0.08955592906658409	0.08841137637275197	0.02215815222877714	0.38039231343196783	0.2229532867590268
0.6067600118192612	0.2864149945323818	0.07165288749831625	0.2720485060174945	0.6347116554902882
0.05144560902486913	1.0	0.5545236848941099	0.9344770142742862	0.39565259664979696
0.6017736769084784	0.7474556621698675	0.0006315319275024927	0.1736132053025383	0.5185797382227632
1.0	0.013883771949752042	0.21196877609016368	0.674825265706664	0.3775320755412719
0.5881943910538789	0.09782498973796906	0.12095632051891297	0.2240335446330964	0.8885779691896074
0.4646138807179626	1.0	0.029400612015534358	0.0678262367945379	0.21584998758214388
0.25926257506286576	0.19127255675285998	0.0567852866351238	0.18999828199299476	0.678515352730055
0.3322897989199323	0.1112821038670789	0.12054182921998564	0.409030453219163	0.6512912151632504
0.7527163207307487	0.1611164808166788	0.24450983613839827	0.07944701321018717	0.8299813769597565
0.016228622786639862	1.0	0.8416984453480446	0.22306628729311634	0.11529606928458241
0.0580765532430499	0.022462182403764554	0.8346790564146522	0.6118405396013367	0.0910426883981103
0.2321146082791279	0.19411196438038755	0.8999061304120987	0.08537668435188132	0.04125183892574919
0.12523824495896962	0.780983249292118	0.07815020325910246	0.09641849556158699	0.26549930877380346
0.01081743662115633	0.28323957586091336	1.0	0.021089555206923388	0.5626879976939304
	0.22856142136081578	0.39267507698184895	0.1876341471676606	0.42393480840625497
0.41658083775434696	0.47438267613718654	0.774331413479755	0.25230189401892594	0.6279727704791603
0.051913592770618	0.02157645041976539	0.10488642777863669	0.7908927286598207	0.020249076838145523
0.02750621304737541	0.8318677690920273	0.09272256515536031	0.7111307875754974	0.06851938075616852
0.049675121146043236	0.4624393549432773	0.4809095459848866	0.5712002474238357	0.3147056479316466
0.6344249560689063	0.49547795991068966	0.06389912117081882	0.24572571374415364	0.6370464347421367
0.4785454336076078	0.07912899525041155	0.3889725028068983	0.43374745721517455	0.47476573428667707
0.11396486924761391	0.10732350236195974	0.045328973760895945	0.012319962439348096	0.09452352413335173
0.12062375378290008	0.12195163655488339	0.06099927419824185	0.0013812666291174763	0.5146987982354513
0.4618299492019565	0.4391456699783747	0.09868681047574526	0.558642672645253	0.17639845170013357
0.9207672444117254	0.18118912526797823	0.03518388793500381	0.1385164890266743	0.9054621053421527
0.16354136410401213	0.9783805742077348	0.7394965273083339	0.0627363034606701	0.26971643399782097
0.5976244050987142	0.20687365030496704	0.5975471123287516	0.08115714585961172	0.32397155025559426
0.726095084794035	0.9689837125699406	0.12764447875581283	0.13052459207800632	0.29781710687098745
0.07098973858025803	0.8726587871768102	0.008297886579914955	0.6038104309148299	0.07639384671519657
0.1479078786273651	0.16497053496724629	0.6220194468018924	0.029493215086379792	0.14052701926241803
1.0	0.012625063810214544	0.35156966661367584	0.2139888471737387	0.7958501156825045
0.13661485018199257	0.3065730635498058	0.35143448908961084	0.4270733442065379	0.0005689381554748368
0.08030313211004234	0.21503918983736794	0.012115349169583125	0.32215396544970154	0.1572692570446534
0.04379294091913159	0.19093677706892254	0.23927947823091375	0.3477787089612704	0.1332257002415982
0.6627230256445826	0.26112933499441116	0.011424849336160912	0.04095958918836044	0.2513923957836901
0.361852889312593	0.07658034524257933	0.138924542658071	0.11662408182220015	0.441131895044542
0.18289977025680754	0.041825506546148784	0.14260394644273466	0.048200280636477535	0.10537901465117495
0.01968987316452785	0.023016304894401166	0.07545230086834816	0.22874373296308476	1.0
0.2904671463828741	0.42499588870396005	0.2958989792039767	0.09752542769924988	0.2025861544754454
0.21154575318146948	0.5558246670280129	0.22365016036543486	0.3596446786027602	0.31959000241358454
0.02444831668081439	0.36881307917851996	0.14508438838441384	0.5927846757691686	0.3400195865367567
0.13625663067807722	0.08746205001876718	0.5668293793987262	0.7419396450900325	0.122449902146446
0.619593882856734	0.0020744959884050995	0.008457217148765662	1.0	0.08748369676575839
0.229094812451703	0.11753933937706829	0.009286991011512202	0.04748163493665226	0.7968393839840497
0.4796634262866561	0.302423877038514	0.06366451682621387	0.11015797610818902	0.6412698465693883
0.14764708506878946	0.019122058989546532	0.39852213895080296	0.34231369819580604	0.04012342745085011
0.3448167962895079	0.028760897305645686	0.0958166837074032	0.06547997610886856	0.09340293750796418
0.9934685268059098	0.40771100198544247	0.537948609249672	0.015929297568239884	1.0
0.3138989757763952	0.13234254177441312	0.3131257791935423	0.20923169406151473	0.2188812381172158
0.18911814827168502	0.15209361696316753	0.0027760540716613145	0.07947097225805468	0.14383885794510584
0.10819430269018988	0.2707490753574499	0.18634183351658204	0.008148922673944334	0.11375761344044842
0.28677857985649385	0.3115094345475067	0.2679757243155292	0.4835834274940817	0.4614047788344985
0.21944587800916185	0.3560537783749437	0.4286048153094797	0.12040381526913593	1.0
	0.27033296251345224	0.031147963677423413	0.3900264333139075	0.10818869171342585
0.28626430275636944	0.040324364645639495	0.07708408118783548	0.738371794564766	0.18914787207876957
0.552936653109213	0.15140170082589952	0.7435497867477668	0.022569022982447125	0.19348280861111608
0.8496521021923421	0.4367705787777145	0.11543372082728863	0.01176795683119721	0.42177642694871154
0.10811303892340378	0.6910339051525395	0.013630309154562203	0.021705086964552252	0.24339316781806683
0.19842939013644323	0.9722017503835783	0.5138239999337257	0.5456895215918531	0.05531395123000698
1.0	0.03821933761831598	0.5815709701807208	0.05320413762322232	0.9790564481143884
0.9953752942362964	0.0882943050803057	0.10670323311296244	0.014450816751001443	1.0
0.20241656117962004	0.08087718146520459	0.1811254593896208	0.04643663648012062	1.0
0.3195183812186985	0.0013291050766265286	0.06162230794526368	0.313166522738051	0.7006313170933208
0.373057381109097	0.08585797170192055	0.12901579348639494	0.15020504621687836	0.5765515528656675
0.20610927866339462	1.0	0.20938660610774362	0.04716624178561569	0.12707084524067727
0.5407874853061938	0.49778856893109485	0.015779391817241084	0.08397527860616448	0.01795490363279978
0.2956917103046839	0.022668961557687356	0.7474888719440879	0.30038939333186837	0.12753031835235884
0.08909096402566712	0.13922020431005128	0.3960130434624776	0.005432912555583797	1.0
0.14616391968461917	0.427968686119043	0.24280246404153194	0.2608415843441457	0.1468495951415185
0.05221767519593944	0.4327128262642412	0.8307971092513503	0.05448076699141436	0.11813441551801517
0.6248204798890563	0.054278696196508706	0.6566127030079165	0.25767336131147084	0.37008978013628585
	0.6529910013580745	0.565585555019416	0.23029512901161656	0.09671708809300504
0.22323332141844668	0.01647317240190989	0.5438887816671942	0.18928161170559765	0.5881763213223304
0.09351955391634366	0.09437513242941757	0.3723234333970967	0.11319999516462122	0.1035145258872778
0.2117149083824657	0.6387758373466668	0.5947033741715152	0.2793059267639641	0.05766321693555557
0.001549678406408219	0.8530734975355636	0.03989721290143446	0.30410344817226753	0.054040494785454085
0.011464668894753794	0.22398227971968496	0.1793630305870821	0.04516068445046866	0.5200976979292422
0.3327123161820572	0.39706241563301825	0.08544947734553705	0.481380801827421	0.3419217401249324
0.20066218709727043	0.4143152700694945	0.004701887390469862	0.29539497533778225	0.014041543957162709
0.21693751875802753	0.0006990378100027156	0.6430496214911419	0.2173236478243256	0.2766484956511207
0.13656399182178197	0.1376119546531729	0.2403716606965945	0.01224102762958007	0.32886134925426663
0.05348526825844357	0.09391927952009607	0.22275978346335124	0.025576356240949467	0.20496750981300033
0.291437682505689	0.053743279342522675	0.3161251915331764	0.2336607924564587	0.013283741761658306
0.049096084840410066	0.14381105601281138	0.26775762271679615	0.28000251808446264	0.33795636023766723
0.006077823752960262	0.29903508805489126	0.6602602087775284	0.1274524379920053	0.5732006209194785
0.6282802866261414	0.028149558333418416	0.6407642470177934	0.3709493163009204	0.05272978661084366
0.08704436894053011	0.7211640196918511	0.023620379322323734	0.43398561652712037	0.03293952296890446
0.5239687206468782	0.07550000153218879	0.32312837739801054	0.20829591686353557	0.2776512249656494
0.21590685118114553	0.2293359129915411	0.10680815788513821	0.2269382273007196	0.3979258382182981
0.08245288697291737	0.5613133411682644	0.17382719998369645	0.4699398995939872	0.04704335198037465
0.10451308891291136	0.038521744192137115	0.42787384862836375	0.211660930155388	0.11219563007968412
0.5709498603702973	0.018819957093158163	0.2853793571320001	0.21958943841837986	0.07037126037056983
0.44000219272574675	0.06419675101682137	0.07307993677500757	0.3866532533962306	0.0013012344839899513
0.08402257372383908	0.4618653770000701	0.1223761027959521	0.022539476257109867	0.3352542675767074
0.046724906489163685	0.8620986937929939	0.12989915205493174	0.19263666636735602	0.26169390425382016
0.36897980273842584	0.5733262760841552	0.060265757217564754	0.08170236940681716	0.07116761504385717
	0.4908234183810831	0.568141011449527	0.17978174951242032	0.3230576706003336
0.046733367191878074	0.516379535921275	0.4321528642702607	0.08961328887353504	0.11715675010023657
0.1222237951632511	0.43895148554333613	0.0043917881413165875	0.1079018878312145	0.898530973014113
0.0545767789086404	0.07101882514074333	0.05153176798454909	0.41447078524933406	0.210087674323784
	1.0	0.4199335925243099	0.2783081268847657	0.082987514237427
0.23747976898341905	0.06841798150363121	0.2941647957838588	0.4096345757209819	0.4026263336434242
0.61245462830501	0.021482242285032385	0.1503646622108228	0.08699184793867376	0.5318219640476121
0.7910757952967985	0.49993239251168553	0.24928580115319962	0.049770326658870725	0.10459277273177296
0.926070037666546	0.008835485545321849	0.0745857610939907	0.022855093994043788	0.8905742672258493
0.4855767817013036	0.17061496849363242	0.4381516205961361	0.12008084413932038	0.8627168871493703
0.11662787921266785	0.4684505296347316	0.27193650269855163	0.030262062860863227	0.14251424138847238
0.10780348989407891	0.08973105050273344	0.16376260355995653	0.1496966046564943	0.26276284193746496
	0.3751875342201054	0.40342417054927626	0.18419305755874285	0.19422214032153698
0.27475266378086005	0.11807878360654761	0.18085412623088326	0.42624053275928236	0.15179113221591445
0.21912760945107326	0.008704722775332704	0.11165921822022945	0.15329989072257605	0.7204259770308477
0.07508897031830515	0.016837802533873594	0.06704366871159302	0.6303714478335033	0.008223549181841873
0.1702998849762344	0.0027156476144521943	0.5091288198344122	0.42256212116141845	0.018692351126568724
0.6972999480278114	0.36337339226384663	0.005986069659725436	0.45279656958510706	0.3865095467095624
0.40178982691379544	0.058055704206176444	0.06380845074482776	0.07986731135201798	0.05087207666195305
0.500117703898729	0.5270679408037063	0.3210365760119879	0.20728130368896655	0.38052164249736525
0.031088282651017672	0.2275499334598347	0.19214255442041145	0.1238195072502383	0.11195057375712167
0.08718152812875148	0.6652376469522683	0.019520435560215106	0.0230639883547789	0.7813659315835756
0.0995380711298587	0.17773856382369776	1.0	0.5571833283866238	0.05936322095063622
0.06535515367795469	0.966405941148253	0.9223856249898252	0.40577574421648915	0.0036052719750032125
0.10536844675712237	0.5817807286741093	0.12085592357095577	0.06923967392355644	0.1451502956690062
0.507754067989475	0.7432567607853596	0.09708345138165318	0.3415645080254134	0.1259162213916179
0.24552168901609342	0.09339262553125764	0.25100978834339643	0.3228429108456956	0.49910963687293214
0.22932127725503718	0.5677515390985589	0.4960621430881467	0.8269547560153859	0.07414749040500121
0.4441726324782989	0.6377644633926131	0.1841443348188085	0.7807453693361598	0.1215213590490272
0.1606800360731597	0.07995536361347498	0.4441456337404082	0.01063972359556191	0.0545431944508736
0.182690336960257	0.7448240328240382	0.15502520384728682	0.05467115560879976	0.08871027150837091
	0.10882354371529027	0.31331727056709985	0.6545137307013451	0.11322636196143819
0.025090487197937026	0.1831389090956892	0.003368515764908746	0.14766627773615548	0.015466927493419222
0.7816446230996162	0.32834207314295544	0.44623135367921846	0.26754950837229924	0.09813951719462088
0.08153682179738861	0.10612034460406364	0.03003046204604879	0.11331107836261309	0.06528867851712206
	1.0	1.0	0.06088122898379468	0.4224186343298121
0.7460761490862081	0.35719002888530166	0.1715813515048663	0.5651917894328953	1.0
0.36626955214934737	0.8513469752864338	0.25336033235866834	0.05863020926457338	0.009791909754054485
0.3374434091109833	0.1575245094512779	0.3811624867000099	0.1272082691957841	1.0
0.3909102625204301	0.052894566256568305	0.10868101839009033	1.0	0.21231458115533183
0.493953697075072	0.1446347220823669	0.19115650847585083	0.2857785569942332	0.07238456718000037
0.7241358830022789	0.2055483902559227	0.327818058159908	0.059836885636329995	0.061601343167030836
	0.3018170145980447	0.14730702974665938	0.19459063294210757	0.7628023670034307
0.2576610175343747	0.018467554186806692	0.5917668924261257	0.13078356942748062	0.19042783972690033
0.1759775110080027	0.15987716003882335	1.0	0.4572488883924539	0.01171259314691058
0.05211652468491217	0.45911986003350996	0.32251200331877505	0.0663065267096326	0.7260624159571687
	0.16779918326987947	0.07719578238485429	0.05474982883633541	0.8591129601920301
0.07518460672211702	0.11304184148163192	0.19573916694330531	0.06701461951797108	0.0562384666057306
0.4093945051661943	0.0948349738223402	0.39369367438119846	0.14165783352483502	0.9489456912954501
0.27333628955662365	0.20498880638936048	0.2568357886664296	0.05019055572940722	0.29904808549102985
0.09355172778816152	0.4178610710498386	0.24983181693940434	0.47577549802743146	0.09038290257802176
0.27250793623660297	0.6974564936454474	0.7800484055301448	0.7769885496940496	0.22805266002119007
0.07991171978305163	0.08429776310719146	0.13769837623825804	0.5000037623052519	0.01890559572491809
0.6509631791873424	0.013564603998583905	0.15738632889157814	0.05877727713964839	0.026191295350091102
0.41721400035953443	0.30143177416699823	0.11923623643673487	0.511977855139409	0.4359473914863999
0.24307870099104512	0.7006150277048966	0.021830173264274094	0.1257932589091898	0.41492410506947774
0.22706609782813622	0.032210938456695946	0.09105510409810788	0.062212775490903295	0.3404116613407159
0.20520882577013866	0.6936005473357211	0.19662684198360283	0.0834418810250075	0.24500308005428395
0.051512652998622774	0.3153102194841356	0.589354365571694	0.18673777422001192	0.5669520824464876
	0.36429669961756683	0.5680285033745536	0.15794690742088355	0.37716177781610744
	0.10540216419571286	0.18518394065514157	0.27784687404215425	0.1457096247680811
0.10047063049571497	0.5699480282834691	0.42020456681811486	0.3419642598667339	0.11207295117184267
0.28107177123042204	0.060702547514831416	0.5022152736763396	0.16222447341319654	0.5671619788623955
0.2708601101649879	0.480021521034824	0.6609567011835156	0.19939087080778126	0.21795635039789538
0.6272252114695659	0.14728562603414158	0.5875424635163801	0.34717329057481117	0.7195352809855844
0.3623784618457371	0.3615863942502133	1.0	0.06300031283023516	0.8454598752274591
0.031951957418418185	0.25645083529648033	0.21118403314199796	0.22178422316174115	0.5933414718918971
0.19155799577848537	0.4542574553379837	0.12121153929853293	0.20440241185963695	0.3871475068654949
0.10301499261223354	0.06371338432657003	0.0717187216985422	0.375761579615689	0.07126188274160242
	0.629756173389242	0.8868258597050909	0.21249908646238105	0.29558747614258446
0.05077463375078615	0.30421044428244387	0.547305071563367	0.8715249911426559	0.2794081274425734
0.5166632737898836	0.14379288779208643	0.23755735310269033	0.005774253539291201	0.13203846582422352
0.4153519403775062	0.06755751268993367	0.13879342441500184	0.01584118058974675	0.12254761482623874
	0.24997730750617703	0.13343523861795384	0.1934743026661044	0.5984409407547541
0.056062727680546605	0.05766784491350757	0.22373150033444056	0.24719018161888917	0.27456209456187824
0.16999821614683042	0.12072289479040058	0.08173112695979184	0.11316701138910817	0.03883332023961071
0.17086512285375244	0.03966607788217241	0.6507781405209354	0.10823931060015911	0.2996840740175525
0.06352481357708029	0.04138427308553744	0.19962728927214432	0.27508340751329985	0.2615274475862554
0.008300578268986133	0.09938179169459443	0.17090496426658783	0.08574763589082765	0.22596114173149384
0.629589334856234	0.030569701339176556	0.03265063110863826	0.09427251265967507	0.12321302075146039
0.0911381767921965	0.37615787596482164	0.6516881737039067	0.0629583695035807	0.1789056106871672
0.24055917721748382	0.0020976860757614285	0.18018642704912777	0.05228098421876671	0.16284664687151587
0.008132814110690303	0.2710633429783087	1.0	0.09336416614405647	1.0
1.0	0.4095269476313177	0.6495103060170697	0.2514800917795995	0.17496477831947937
0.10293014505295099	0.19537637807069466	0.2621203247974746	0.03979173767022459	0.12516621874656222
0.45334323429797296	0.41277246745304336	0.010404060554007251	0.22864526357571285	0.15583444309816258
0.38431151689406073	0.4167660937695979	0.3109087641601303	0.2574856812653532	0.09110558679157814
0.10345215073429427	0.07275579455471144	0.04231451934085676	0.11870435346684936	0.11123560697028936
	0.42204576060651033	0.008575171733335723	0.7900579791006285	0.2501398179827124
0.4582521298569157	0.7307755298401244	0.2227408430435184	0.3133000498057393	0.07448609701231396
0.2366915085254351	0.08493233509685001	0.0474819993980261	0.03234365167644137	0.39725907523087384
0.8158130053810967	0.4207655704086359	0.18676208536313638	0.3840950094553062	0.7360504134514836
0.06867806262805409	0.5212263661963783	0.0023664895982127565	0.34181725783652994	0.31844409695187104
	0.2022772087868339	0.3326958184642601	0.12239952969218168	0.24829694074021125
0.33368623705309114	0.4823862025389418	0.11508865863191277	0.05158034682445715	0.17109852755563573
	0.09095690157388772	0.14933202763177128	0.004273604727779908	0.40695000204131204
0.040503583934995493	1.0	0.10453593842878516	0.42147930039526144	0.42495235157271616
0.13701941189733957	0.13630142066991857	0.43313069772753815	0.11441718673429592	0.1670638300712247
0.20437631253253605	0.03847530429334363	0.016848142567492428	0.35349604443642263	0.09418284447701546
0.017735888867048886	0.22829373245159568	0.32894309014034295	0.2222315733597557	0.0951735948498461
0.07165669084627442	0.2917519890594355	0.5130577860554617	0.043853057158500804	0.2824609071591444
	0.575749128564047	0.06602677101200119	0.13559691630618126	0.08840381952650629
0.21174726361951013	0.03955509640487834	1.0	0.21169970031637478	0.1643706670054961
0.3113146174333321	0.6641657132164405	0.16841233824685498	0.2920782676099737	1.0
	0.2681518819147709	0.6114114091011319	0.30082141645168525	0.2693155616395115
	0.42106531349776777	1.0	0.21029360270602562	0.14407135749400574
0.37404977173424087	0.17899942772574934	0.6466154670962632	0.1814790273650463	0.7919012218127011
0.1566631519301944	0.26230117451165735	0.07731400328034337	0.26875834680567956	0.14660783784035822
0.9170915221554407	0.33953923256359353	0.01171644351329114	0.21220158617396098	0.22645298939292463
	0.2807071049010344	0.12949019255414013	0.19263161589990968	0.6636114581066819
0.44603958970473706	0.18672040589133113	0.15583175134498847	1.0	0.012311369134690851
0.30337422693348887	0.2662727966133617	0.08291766472072652	0.14583934287607456	0.20247267170286745
0.4313795789292227	0.2353228562109097	0.5249271856890582	0.5878319195786124	0.09595544275889341
	0.7484281922654553	0.024567963241206834	0.08814639199861356	0.003020099243565079
0.6016991516375906	0.07840251547987946	0.012790974527654184	0.19757014798664185	0.10296105957082081
0.7058556039046563	0.42634905555929753	0.4075926413990741	0.07544941410062471	0.2819741263758702
0.31316550974971913	0.09003288844947546	0.28049980483351716	0.02270609973441904	0.42673252111397303
0.034208309370660474	0.30307845436712444	0.860054997885282	0.13012591935891388	0.20857904736581837
0.14173982755633993	0.34872470138545164	0.1664321345281316	0.036182410367615554	0.36748648069374473
0.3836365228337408	0.012994340048190249	0.18402865560597886	0.037979443956593154	0.10191531408583317
0.23466029694439833	0.7823947793400844	0.5985668263831183	0.4732045972939357	0.40701643732259857
0.03748975619971096	0.3805513969603453	0.4654424085201215	0.45427033666824146	0.03732011948377464
	0.9978765688972037	0.03151210152542062	0.8438013428912038	0.06768639043443876
1.0	0.22354284732528087	0.18399547175532788	0.20643517042934842	0.12560261769895972
1.0	0.14890506731870498	0.487495294953839	0.44742679135850366	0.034560784243746465
0.13019763064789786	0.16265160802858333	0.04559983766045304	0.21088113338841363	0.4743811924893509
0.023988138416003137	0.18764575533104524	0.09222339573463446	0.2511743640574366	0.18796689203879502
0.47252878161814177	0.07074413436404144	1.0	0.021664769659995912	0.050897729373702405
0.019800646540133967	0.004779423897375656	0.0900522600888576	0.9609143356719486	0.026765952257304597
0.03454512930453597	0.01881880705205431	0.05058535861303092	0.22286086383585835	0.0846111893135035
0.07052658260484856	0.257276219310289	0.041626706456177415	0.8015072643999248	0.3305145240214315
0.22606932320887507	0.07850758776707777	0.8498900990373758	0.6273931954398172	0.2700540080779882
0.08184989559749128	0.16128303626470908	0.02685808185323928	0.022712282482099475	0.5339534934032694
0.1998728884817019	0.6462233460096019	0.4212767837995626	0.00984595723861729	0.017544505720203395
0.26921044559263774	0.39727916962517035	0.2501999451247299	0.06072186528488701	0.103984221947093
0.08120729618397883	0.22777206543070616	0.09944362001538692	0.44762342952965933	0.16236442104099222
0.02570387385254726	0.13535668486464653	0.26960473241817	0.7379400861578186	0.08573641525303588
0.022078288340353962	0.18702168046589948	0.2957293525941758	0.6180400251216981	0.17779887104129163
0.2020796920013125	0.44318747490595267	0.6775065239336427	0.3360289615178746	0.28156880069694235
0.2024603530341109	0.35750144861872674	1.0	1.0	0.11264246026657057
0.31920485666403503	0.20627717324216402	1.0	0.2389264026061787	0.29206448998804824
0.6174083808940517	0.7786505686635686	0.5262168708004528	0.3420736139380163	0.2422837441255756
0.08372787914039458	0.06569754217496772	0.6520564888218723	0.03094326395827248	0.17404022635043986
0.1468950922317184	1.0	0.9276595019377584	0.4731155054375635	0.1940673432542296
0.661643031613305	0.5317413904593152	0.14059297400996115	0.21392003680241053	0.38807025991643374
0.5932846493474694	0.011414963742285953	0.20297389579163094	0.05080298136906656	0.17439113756497246
0.1581997305938552	0.3620815189151733	0.5075969908030583	0.27154800012660335	0.16064983363237947
0.6592002145183831	0.23776710289494013	0.5968200311301516	0.1488730955670257	0.8813786999575404
1.0	0.0691038755518197	0.16896177722518838	0.74284133137095	0.061366765164375725
0.22064425375883792	0.7618706904113128	0.03859621533225306	0.26116133608719094	0.3740790840242242
0.2838842573718513	0.7114487523729879	0.3594350165948981	0.08007740576212842	0.10042342211545137
0.08629795147055892	1.0	0.10303913798012618	1.0	0.32241492996443327
	0.5791822519563254	1.0	0.11029820297975068	0.47598420410384035
0.10473956164075175	0.14228141203567501	0.8702011125403741	0.3391622901047042	0.25551764074333666
0.22138094053180962	0.0007386114892506156	0.019120736387549023	0.3431157145724572	0.2531846210203318
0.11462083376074336	0.2726317803768361	1.0	0.14887639178208015	0.008936257749146753
0.10294428381975483	0.20542346123239993	0.7846559208542506	0.0603431792075926	0.11168787918958421
0.287309905464117	0.045967616345165815	0.21097537775664418	0.16295213320709806	0.25596570351270403
0.5976943649564238	0.06491826463631643	0.02853288901947981	0.14055593006517075	0.7158516357243763
0.09763501847594179	0.02193665110272413	0.3349712289829588	0.015527041317880953	0.019706217006251813
0.0011779268745282393	0.12825664875576975	0.1125200916654628	0.4670728212744622	0.18268230928305182
	0.22614839290102406	0.24764460501357688	0.5961170779461149	0.17301702229596275
0.9140052927477641	0.1913217293072853	0.6480378178652272	0.3641382555663735	0.33634376094680235
0.49920870065211564	0.04947045021334493	0.19840562415535737	0.5244535744131177	0.4942973287478518
0.005934586634599587	0.18620755724964003	0.4986698669483327	0.14357358601928658	0.1885142293330438
0.23682955278095047	0.44114060655327536	0.008378920164897748	0.02301611944032423	0.12675575996944957
