X0	X1	X2	X3	X4
0.18785928960404324	0.2691887802192779	0.39810984033271163	0.25042525531342597	0.29003387387233587
0.2590044452322204	0.3922721942162447	0.14488644109788118	0.4047469967186951	0.3715193752595227
0.14149337308945426	0.5531006384191662	0.5718520054235111	0.24039110112571674	0.5539827609320773
0.2763634927244979	0.39245057958718943	0.5740349641679346	0.16139881759032132	0.3595288286449626
0.07902003239060057	0.5401704846667975	0.0780010342083704	0.4511113909659334	0.05207478521677786
0.4992768597881283	0.14704787939858216	0.21981452704914442	0.17067091917383834	0.14623884905736872
0.18297993666477688	0.46088275793880135	0.1892557631884671	0.1109660594784345	0.27879901706247784
0.35199714530296183	0.1770103881500553	0.3576409079957978	0.2519584275115486	0.23718005357547375
0.16877411136202128	0.12816363036748793	0.1742819300646819	0.2262571803223269	0.28753601286327407
0.4513170268291172	0.058938020093205215	0.353399675801837	0.12128875548505931	0.5872167827202689
0.4974678891504078	0.10515183724457641	0.1850929108043306	0.08424788398507463	0.13675315980214636
0.26091658056169365	0.14095220599301966	0.25750737192014483	0.5991674973451959	0.3576983375119775
0.17415030628450806	0.2224042510338554	0.349449746908284	0.10941254897428072	0.20529424772620497
0.4258948078546243	0.12300729568128638	0.36970862405402233	0.5995694503967298	0.1088096215744746
0.3485116961330002	0.3483797471180115	0.09896489501183652	0.12093773914593155	0.3712421429095962
0.25362278522539633	0.33505726492995014	0.18072600861265534	0.05658894987085943	0.31537004145226155
0.07598633451746294	0.06271214744958441	0.22827458708307816	0.13347584728976059	0.377158052202932
0.5204940750933456	0.28503310053070247	0.4777141654974268	0.23206277024389513	0.3915810598670726
0.6551860425419408	0.40848951380805776	0.2850045126947904	0.49660532503070365	0.2103796836901806
0.16323437236004093	0.20475361489125588	0.22494101025741048	0.20126768278974183	0.3348433112478761
0.1668857536039229	0.6573253019622937	0.11845861334005714	0.3053213544164638	0.30307872732939234
0.2865491264347294	0.18588778996522107	0.16795068049961345	0.20833617888743716	0.37332065384991675
	0.20908373942265732	0.4085940181060988	0.5519604192403612	0.06526316471059034
0.45023905995005137	0.5428894501873794	0.09248393025228284	0.2051517401097135	0.43343740632227384
0.2623418126878655	0.4146975049501659	0.419205311116628	0.07234468259127426	0.26715841958492814
0.18155644396257722	0.3415586261764703	0.4658427150933575	0.21475745832201665	0.23015781840438856
0.22401533989906222	0.4746665368771798	0.1861450679221321	0.02197379913545394	0.10968705743209736
0.6426803066180126	0.19312083351908024	0.349991897365725	0.08492858979291176	0.5149707102730177
0.05447587670360425	0.4117708367192895	0.5862454070961128	0.11900374029489237	0.15699990441770617
0.5658513751746912	0.11007747129838245	0.2349101459385369	0.49417425828528894	0.27210808498584393
0.4053952331597014	0.41399744521147663	0.20750930925385833	0.027296991831323784	0.37879488634094
0.26905055430712743	0.2397276848385356	0.3009631824176915	0.05192010223651271	0.13807311451816784
0.390629935231802	0.027643648132966207	0.46872076051168754	0.399613161190262	0.43739334121024404
0.26531700886323895	0.2290272777265003	0.27092664149711204	0.5018515203597534	0.2625631276753936
0.36597019564271044	0.16601996149533074	0.22834725386871654	0.22023812110233273	0.16416927323791253
0.2515845656251992	0.3575165404363618	0.21396551184602342	0.39137066826365136	0.4049046858302343
0.18982776213231964	0.2732898623388244	0.21640081311401546	0.10626024027159908	0.12763758915901252
0.5683020141531018	0.14537548162478167	0.18409079181994117	0.3255789503585723	0.11808086790811023
0.049156008298777434	0.3434835819381269	0.4490575871033657	0.2658554741328042	0.581596710158703
0.13113303846504373	0.15928428192560834	0.12516972169226392	0.6740161398431092	0.41485383602900944
	0.34202827686533893	0.32990928254862706	0.14992613055954698	0.5672951143382693
0.1882952737593469	0.4788727466649359	0.029911142072102385	0.1600900382487914	0.27077959091031945
0.21252789891082993	0.5876370316357271	0.36600676687360423	0.23735543050067442	0.2648878359395915
0.27959660399919617	0.3321412101248864	0.18870632890005434	0.2944011510480195	0.3427329666986471
0.13949235248682862	0.06481312536789333	0.3203184466530745	0.020532619474599813	0.296451524414451
0.28816542225110886	0.37010384534156165	0.15001629250643864	0.09468618623403578	0.5125057922598061
0.1333045649231766	0.07617176201541896	0.10176556487047367	0.4287922912044427	0.406137090268691
0.1191795042854121	0.5238823585083165	0.11966436141535118	0.46598398380853817	0.28039189379952717
0.46542823570344816	0.3310404747084421	0.15598232057504455	0.7296251677720746	0.12058432864628224
0.10300190627367263	0.23022337442697682	0.23057136287185714	0.42347148882446006	0.5779655954159433
0.6373286394284403	0.35275816767828805	0.6642509401619987	0.5145467371078469	0.11431417590564438
0.0960901216023345	0.45936133464857426	0.16313177575719048	0.18735672648441898	0.33859823305250153
0.371542677600417	0.5261153103136949	0.026655214048342004	0.09946283740503996	0.4207819926300931
0.27041085678164123	0.17712175866540883	0.16343448630493648	0.24019975625883708	0.10333826586096163
0.2650316963212818	0.30738425690369336	0.06630271379140754	0.17700439917501504	0.2042575367071182
0.1252998421593026	0.11070080969145686	0.5461049873954721	0.08561092727679083	0.303678391743518
0.5536866788092613	0.07865916954906303	0.23632283860157033	0.21371127977661877	0.22921649678328243
0.14139567469943096	0.27196692239539394	0.1512541088340448	0.36473836935690807	0.2679630537810158
0.6058210153952359	0.04964681590122037	0.14494761333639783	0.22668531347550555	0.3413805993816875
0.5662963108309169	0.43833621884996526	0.16622796722351887	0.460110603987139	0.12015341557949966
0.23471837276770288	0.44273905967821	0.24167974700846184	0.2660590924702339	0.3871443971768044
0.36960853619220335	0.09491417220813389	0.046610489129036814	0.30567285735773914	0.34841229638798205
0.22970276676948162	0.01585888104652937	0.48033622597576986	0.2524672908941921	0.33039431803619873
0.47827369902220573	0.454964317080928	0.2341748375235688	0.24020961302052268	0.24287652829661144
0.6127254482483027	0.13009989196869548	0.03824035529027059	0.25646501105052627	0.19313947128883888
0.3516206450396172	0.11755073211627474	0.373542368340445	0.15582155904290107	0.22349245762432915
0.03203940866889082	0.3089103078238341	0.39472168057995144	0.13558683816144892	0.05108607991244447
0.24127350086198324	0.18607036753209877	0.32479792238312605	0.3092399318580385	0.3827960961091117
0.3964949286672927	0.1575909675963221	0.05008939405600278	0.2797941119786449	0.1879757789305296
0.13817256570003852	0.39699357832344456	0.16430803611946782	0.25677115708415066	0.26766994573874936
0.40702673916481624	0.2589673295970793	0.460148230246198	0.05189522300962011	0.22208132965166655
0.07890561538194163	0.062413496575285075	0.3124261311404998	0.20583341364883595	0.06328025589744685
0.15099135471959493	0.09180829908288254	0.1525973675483387	0.3269963301097105	0.07772848838729805
0.31893413070190674	0.4242116509267793	0.3197121390996731	0.32177332258936	0.16111316574926796
0.2842112034448666	0.1622812995764332	0.1141944228724597	0.38795468052232085	0.0717310716298341
0.23545107275764374	0.14237785759881452	0.0855283802898031	0.5639475939299011	0.3251465429408558
0.13329905498153882	0.12737009259899737	0.49177500225397325	0.30222361912425966	0.3729227915172167
0.147566705563486	0.5439745628694369	0.40613512626376463	0.3325184437364273	0.06802444573332242
0.36987040769947	0.487899329570422	0.13848976995723095	0.05698083306962389	0.09308640609706037
0.46416648145115785	0.14189053938313426	0.3350135223308177	0.18586541137811938	0.326267796963837
0.29520238009951655	0.14050259255404596	0.16494495372390425	0.14041428960536328	0.3328394492567725
0.3214591634207806	0.24288388809592806	0.39122542970508767	0.3034291657409511	0.13081402481740867
0.6223802064398924	0.34016749217480324	0.10671045281276385	0.2866661121495629	0.5576812752182301
0.3493388262596899	0.20469647792928872	0.3070501572015585	0.6495045763687286	0.2246207204740178
0.2811108459271874	0.08216551636357554	0.3028584289280206	0.36086646281148693	0.38470468160004057
0.21181691860231017	0.40761291054102516	0.1505799152493652	0.40311903800089727	0.2364757863424565
0.31942188726243587	0.5826802302290592	0.20936402262205225	0.1860118763688384	0.1368717156669385
0.5236867848796669	0.09562544598293862	0.27287556035890653	0.29769635916501946	0.3206957647810297
0.24032628438319031	0.0695285762385641	0.2844182280187121	0.501766483523781	0.024473151111752647
0.14020127849767652	0.14688165203135284	0.12082302337405727	0.1154342670333075	0.02683364753829516
0.38939558581772027	0.08788527300955042	0.1689543658532173	0.246346939118881	0.47850920826292487
0.15955462468539489	0.3164924865011118	0.05220653060535433	0.6841822080212336	0.336629708295609
0.13972529364678418	0.15983174709822864	0.22729847818363086	0.5803454550372494	0.16085629618101469
0.6220296272584656	0.4051422678981205	0.16518101629751994	0.33060004309992325	0.5161938035634955
0.14478281284177125	0.4697295218153992	0.09512777092138114	0.271949240081983	0.15340824237456016
0.04692307335716379	0.34147017220412196	0.3500833124621095	0.5340759721929551	0.1237245935853062
0.10547161208564414	0.01919208214883711	0.13815376086355904	0.23915121756014535	0.3300780361431885
0.4761688459159878	0.5338623005710564	0.2032800164532203	0.07777129727628272	0.14645369219259521
0.18185852701871305	0.15453721539014947	0.18525260844500732	0.30546446540375943	0.14356986516873138
0.41865581935977764	0.2436002778625584	0.09053116470663673	0.20029832181397236	0.49647519940660323
0.12785691035994104	0.2738164944009217	0.4363425523677472	0.4796697415953208	0.45101813776324573
0.15995534785021107	0.6245474415585952	0.41003476737566524	0.06512565351443142	0.5571116050966891
0.19429667475740026	0.5368347816554625	0.31353340741995767	0.41894619915512177	0.5546253985828292
0.10129208863514884	0.6301369182399372	0.4570737869993588	0.13917945967623468	0.30305030430292323
0.3163053161442099	0.47171765012754996	0.22165711915724653	0.3879166370899737	0.26820275519921055
0.4200075277932756	0.07361631371274406	0.3773605352384987	0.25535321625987717	0.3177676117669602
0.12171027266406687	0.19755344415813159	0.3251057086906831	0.5186520722959135	0.6465376839124598
0.07051317151265166	0.4834610631487821	0.16681133417226943	0.2844518684192226	0.3654718442644625
0.2029380980222998	0.1535336857203875	0.3953901820862721	0.2613301374718802	0.26568888538085483
0.312465320348559	0.36832328596139147	0.40411579154951116	0.3919061067142953	0.37240826910916824
0.2109112015277666	0.12577406874090538	0.34216053112407485	0.39914768920325616	0.4138377395531884
0.2984975287163478	0.21139581425832166	0.28030783222483585	0.37293575768452786	0.3488586033537604
0.1271301804590719	0.14064818766165746	0.26461062894500526	0.4319451075996129	0.38853167100506586
0.16733969679789512	0.21234562560432646	0.3617626258722521	0.11044150324067335	0.09554832460355517
0.042690644722503134	0.6968325655981321	0.4235103079898496	0.19769182399093543	0.1641578296334431
0.2709233136073185	0.12187818978558179	0.28954839807663696	0.45928740811980895	0.12427515035706174
0.40178313194483983	0.045026254702818416	0.15875203271975366	0.5128906853603376	0.1018690619161705
0.17726092681245295	0.28478378970315077	0.32663364296291375	0.5059736414853958	0.2516784843147722
0.05933126693130655	0.16633096550482235	0.2684259817978585	0.4160886564545079	0.07085812237731387
0.6357596767557783	0.166310532912776	0.2610333249371658	0.07622852927941383	0.6220670320609694
0.30147406831777807	0.16087575548498356	0.6014672046977514	0.45833780992732553	0.13842431720125897
0.040696233371938825	0.09071242364043056	0.4080352862862611	0.21530934468534643	0.3802434333762862
0.32533339551799	0.06813776079596638	0.16337656462579217	0.28389200837757644	0.21872591979559702
0.05277451664352536	0.25295986545168403	0.07245595495748038	0.1787288112566334	0.2326352309898169
0.23231620026385408	0.3438146615162295	0.012143172200204218	0.15465976508069906	0.11606161488298629
0.563351059165169	0.08505763756840638	0.10765551851181956	0.040264215866995405	0.32826925363909926
0.10462486955402124	0.16902518481582038	0.16764083725405607	0.22692092404745562	0.1865008605222766
0.5359677116033204	0.1444738648810497	0.3518472718775874	0.2154570652167928	0.2567911346036738
0.47949258815385026	0.4863116704284345	0.17348826575036558	0.03830194604306224	0.1691962125336869
0.254135055615359	0.19830888456711737	0.23478319808815976	0.11597406867394251	0.374810265559685
0.2301747457960353	0.20123750205358532	0.08577828905123495	0.1296534802362497	0.41858332740911147
	0.19653525700478733	0.4772567961746961	0.09441329265205896	0.2822761727793362
0.1858674806957131	0.6233645109048002	0.7078291051787381	0.2587830224155594	0.3220144764566952
0.30885382291134744	0.2854541696681998	0.08749804205086008	0.35217632331063015	0.18316950469325866
0.11913219360955103	0.4275369113927156	0.24748968407115407	0.10510812340782057	0.08710635224667578
0.2627970371018645	0.04472781817058569	0.39033931950785994	0.06567685053152178	0.259002518004356
0.33645978054213893	0.22244322097193314	0.07785530127230651	0.4677933117920371	0.58028378126101
0.586436541095975	0.037346929069720126	0.39853207703216503	0.22993071523579106	0.16405275089270574
0.09835427646135193	0.17155084440432058	0.37085601382791533	0.39662020664423775	0.09339229815204539
0.26181876069413323	0.49349523512115	0.020940260014514687	0.42524487364672303	0.21269295290436746
0.4218357637182035	0.3319459274800137	0.06584728980357202	0.20216038690629215	0.11227708723079002
0.5118035709768365	0.17981486824332604	0.262175500574323	0.3855449327582806	0.6511866896504007
0.15077869431862664	0.5430002318153953	0.28024583205075715	0.4007814408246186	0.1728020736151699
0.29096452694801117	0.5194267034612742	0.03472527908769863	0.5925432963320004	0.198416321671938
0.21667941086246906	0.19288799810745372	0.2410615898222455	0.13067112048936544	0.2934063693232679
0.10670528418836289	0.43221677145640575	0.06405923713733074	0.1050194671076073	0.2514622872783251
0.2900124252300752	0.39131179683720235	0.22918973710101906	0.35318294901598324	0.07066346657888734
	0.3600906068907141	0.3852119047265664	0.24055452070296449	0.5626631465051071
0.06719091541075346	0.23290888102804247	0.14264832853988552	0.2667956739404837	0.5977689221311923
0.20170837834650535	0.06217604594598466	0.4065569242274607	0.28274608281292946	0.1892357713911728
0.524644371257999	0.18864998066852023	0.30373818915943335	0.09535681257106483	0.2517847264377439
0.8308734559011924	0.40619239310100347	0.4088959493133456	0.3015978811462873	0.31364440879592725
0.30115584088839853	0.13920581690316788	0.42015059347710115	0.588714076853521	0.4953444110240515
0.3264944953286665	0.524011534319048	0.49065185140253254	0.8584562351414414	0.22504488190436933
0.4591293533964806	0.3189078213512235	0.4881370607797556	0.15856891716880817	0.02178379091173854
0.22861479208548413	0.3858846994619301	0.4303896934171319	0.19470220412546976	0.02505262215678742
0.47953654497700454	0.13787110655203524	0.3398206088504788	0.5598013072920249	0.46551276293467514
0.057550592355461345	0.3968362378601256	0.23060547500672385	0.39177358367574683	0.29707325213071906
0.3321388587642636	0.1190804567250492	0.5616246754810162	0.2648954951549435	0.35132610488519156
0.3827373438785728	0.6311246661377713	0.3872489158773139	0.2507772624372958	0.46638923843215213
0.29754333920042814	0.3194519852088457	0.3307107946935655	0.28616347843597884	0.3862356306465121
0.32260396954863	0.34793949172337296	0.46134221229226563	0.26715210208038437	0.18365206113119548
0.10424268098093843	0.2710053175267423	0.36712352215275673	0.1708546577322598	0.3288242715602105
0.28967907271804977	0.27037565855218976	0.23220975058643664	0.4691045126902886	0.16885269834150818
0.33376589215075814	0.23683747490565765	0.06641483368345225	0.12642508517619627	0.18362308002135488
0.25529288510784776	0.2460850151439252	0.1233883968872399	0.3902205945846725	0.10616224588518387
	0.45484537351137727	0.1988317365706679	0.18154761628047947	0.15583809397046414
0.3905136492523769	0.04387897075165195	0.4085348529445322	0.19825535116132204	0.17927868128086447
0.1050310057934197	0.23177198379726727	0.32456509761509267	0.221624550125431	0.39700566716499186
0.14309781699268034	0.5125875035698726	0.18385814963513433	0.6331250706540105	0.2199796931622892
0.0658002785497274	0.29381332068561716	0.36978376691764164	0.31042928451314544	0.45730992031135775
0.2730501281960296	0.14964725884026892	0.49733327086733614	0.3713623752336335	0.35438630885989447
0.5158196362173338	0.1454899024482596	0.21711782179393355	0.11402466460092384	0.26130758850012664
	0.28198164166556844	0.1980275877056727	0.10173197280831853	0.4428102326363398
0.3734570594390932	0.38263458360331754	0.2502164072705067	0.3086030470831812	0.442258026947457
0.41618803013202454	0.26397273101739904	0.23905732706140911	0.3584582009938913	0.3828628377139164
0.2399266141103243	0.18057974988321973	0.20825452990130594	0.16343933950241596	0.49474608948584836
0.11234136779391914	0.19410411717243206	0.21227356915742565	0.5418190817982037	0.412371493861589
0.3191284426050384	0.670663043033782	0.1428856709204197	0.18955746944142032	0.21477731900006572
0.13024297730864123	0.5793633465140628	0.40018396613564033	0.30890300550774275	0.4339436285292163
0.29536950683195096	0.5954512060407511	0.31039067507591295	0.2607698376870523	0.4932668964029565
0.20915494620003472	0.42302131322445935	0.5199336037118234	0.2622792198515352	0.30043217003080075
0.33248418208398783	0.14385348624393085	0.17945541361771633	0.5089241157591189	0.055624546928042196
0.08476969044009496	0.3540577172887157	0.26806007563650613	0.22308822414173454	0.27011829844910146
0.11441928148627939	0.342776443582632	0.30107165791700974	0.06826114586877	0.4097622045149547
0.16463537411651846	0.24015270157277885	0.42892588043587215	0.4877548771898446	0.2625149879678588
0.2731123042346788	0.07830387299393679	0.1911720474445286	0.3446143358733907	0.14598802148381332
0.05405245359495969	0.31243210481271283	0.285794931835658	0.3014009807899251	0.11827091689771761
0.3364298454962712	0.15310669545365047	0.23346217935997152	0.07397122802157223	0.48009310432984137
0.12649668209877818	0.33785794325256624	0.07799985518406907	0.6459330797879567	0.24402792206492885
0.2994831059059722	0.22519594918469857	0.6217497614015789	0.13613821459290412	0.1678354924498344
0.5473332724234184	0.5724365932243228	0.1735049382103102	0.3760949396099948	0.2505514125801492
0.5420490077107495	0.15487126449939298	0.06614424709330116	0.5696111121414299	0.731810472762662
0.31380191411702824	0.4213424284515265	0.42709573042808846	0.3521393515619082	0.11220367869433925
0.34826575423890577	0.5304427744618089	0.3868822065114148	0.3083352845855858	0.6707735660007221
0.2891172442991397	0.09969932355488442	0.1698693354518474	0.15527482733905737	0.3151965933120178
0.3526843745117531	0.35611656392865204	0.28885460715455125	0.015980748246991975	0.24410759467864893
0.34537410723424405	0.28928461577366993	0.24350266608398033	0.2263742953601955	0.44344099647612273
0.44953695537396166	0.3492753644742472	0.4147120039669047	0.23254005997917737	0.3979410586530111
0.45946251217408174	0.31909015331554236	0.2052801347567305	0.31572170118062515	0.015346428752585841
0.144307343835147	0.6426808770824515	0.19053068845499493	0.3458788782850155	0.04932075413531202
0.2925150808590738	0.3076637895665243	0.31563813633003684	0.41679779505915265	0.3768920122355362
0.40484681198817557	0.13211693800302854	0.4634640649022031	0.42320166922742014	0.12071499934878761
0.12470563209993116	0.3457558902440358	0.3368160173371585	0.30271942680955505	0.1494776027869732
0.17921463452149036	0.33566327178314936	0.15570232608479123	0.31585490094292856	0.11261870889367115
0.5060324711278013	0.07335334551450226	0.520980933700366	0.061842992901355094	0.34388355397582915
0.294519488398563	0.21017101291361764	0.7200687626094011	0.3319718302021073	0.27432779089727277
0.47415630741534937	0.30514514550143707	0.3315345284776627	0.2629101423785872	0.11091489414285671
0.42047553342917987	0.07125567333162937	0.207629142138335	0.18683197876604238	0.22522730304156655
0.6377602210714681	0.10660466343217523	0.2645248219782059	0.20382131791301059	0.26508199114141917
0.272257372984138	0.5011023814879817	0.5052634210310241	0.3945698315121036	0.2279519928275183
0.16508719293419366	0.45400333434114826	0.26796428955290713	0.0948403217091729	0.5150255801375271
0.2672388297091054	0.11811916032124163	0.32066038297646104	0.3395206254358952	0.17367716780804002
0.24554969674700633	0.2702907729430964	0.1935599531696087	0.4494116432091248	0.3112101821043547
0.07377113216831326	0.1764487661359116	0.046670660216556095	0.3930760255043307	0.7064687102972309
0.2803663206124308	0.14457391375763023	0.1400335813734046	0.6336630067802099	0.3745859983546366
0.26189822833936666	0.2566665388909447	0.06766884430754933	0.6104033549527444	0.43138826043370915
0.44585940152675596	0.26896270072034845	0.46769936542976914	0.21274211782187477	0.3007605733817656
0.49425891633274127	0.6328107380455009	0.3609794912888671	0.27789309957951275	0.7992622035738105
0.13727157438091525	0.574170520942256	0.6686734560660416	0.16970512916787558	0.2988986514961998
0.609322163527446	0.08035842672844723	0.4375491859580393	0.18818423026157943	0.12411210296102089
0.28374000584177994	0.16291160894143597	0.1622498855970549	0.29456009960123164	0.23620728393524315
0.21296875397390438	0.11403758461095498	0.34637303442124934	0.5315960419031032	0.3414737014336528
0.34635564759658566	0.09084123443939528	0.2527959805976747	0.3196558814365175	0.41161574732968614
0.2780517411563847	0.2766649989660304	0.3103675338375522	0.6995853347813995	0.634393541488508
0.26454884996064815	0.018478225936827478	0.4062574616890026	0.2001837171192266	0.40900402573637773
0.6108204833240013	0.13147090099293418	0.6001469615972532	0.26197012454002633	0.24024455562566696
0.06040432476132126	0.4457969347364633	0.2905377419735443	0.06644992259224279	0.4078838115244144
0.12266754787834318	0.5756212218481207	0.2081648017715503	0.7931687876074168	0.11487327069284525
0.35484318244974744	0.39446526373237056	0.2720539523818109	0.41483687603994596	0.1795116185807704
0.1954180307490294	0.33717975305132475	0.2512143919608308	0.21840031331367557	0.14951489031831613
0.09749253799749397	0.38175914570212055	0.24771931847303663	0.3489175535106974	0.2884601421349221
0.13627930839932056	0.4991331916538222	0.5481095110281838	0.41270898933870004	0.12908388839785728
0.5033030725597453	0.40636294769640074	0.24372897505781455	0.4634485915609338	0.3085918986710075
0.22364914733961952	0.2677902367450895	0.48986522908049324	0.26659125062070416	0.3216477703673105
0.13863991561889946	0.14654312778596895	0.20457007182680578	0.061278993461982574	0.25588791431240726
0.344281151961522	0.4162328452567388	0.1497761905239704	0.3381134907238082	0.17554711127380704
0.6918995484328971	0.02740844893000134	0.034035260210798036	0.3963559385904611	0.10174892394475178
0.4792053514600696	0.24488157129190444	0.06878587566771882	0.11822923894502263	0.11198144224559292
0.3255151916581172	0.29844547585014336	0.5108879653881208	0.2585936316940501	0.5800184254915393
0.38510235067139176	0.18091925129123895	0.21407879940763083	0.3765565203343147	0.3118001877283492
0.07877663489598795	0.09363224124932758	0.40259862823876447	0.3238005030255781	0.26776453387509636
0.49968028403293513	0.37160416846556027	0.06458522094491899	0.10649553035494506	0.3923319898047325
0.3096067881986313	0.16795224347232168	0.7236132221998273	0.2418859226786924	0.14886332422868045
0.2556095115758003	0.40504283736585284	0.01758786290146454	0.35054200020729753	0.12212695921654998
0.26209887021815254	0.1277814480445443	0.050374788578066675	0.23674230488401024	0.3612608405533012
0.034173829068818884	0.21333282230610504	0.20066272484064362	0.05060796576018781	0.08826073125719765
0.1371015613422765	0.2174081889992648	0.7872427789740906	0.6245417844954108	0.31270941518573053
0.2606649904977418	0.2748766980340576	0.22956507587195668	0.5254547316855208	0.15613822180776424
0.33765520321009046	0.08145202590508163	0.1459721764531678	0.2931610227790058	0.08174238662762556
0.26853399537226225	0.37619848865272076	0.28480978879365754	0.4304125609126301	0.2733048091311816
0.2055133769296335	0.4173474471890501	0.3047695027345095	0.15019077392230348	0.07237775794539539
0.3368131644612669	0.425676460939304	0.27203444166279067	0.16526715995259295	0.4029525941005005
0.1491979175803062	0.287457935374083	0.3463411571120207	0.26352149531626595	0.21942359664974467
0.18544845484567252	0.2847002079753792	0.4825361383186026	0.2759575462196003	0.18063727752929817
0.19033720075184135	0.374143954819309	0.3091711210804888	0.4433381095160421	0.2550038093285453
0.587465916836022	0.43444699425767447	0.232060066757717	0.2766002914721198	0.19376320859391838
0.24451830005827344	0.19020298336557792	0.14523488563211898	0.2986655001015145	0.5133073696388472
0.061951608819488996	0.14524817028798295	0.2093147146728585	0.14892533022523946	0.08953805688776403
0.4386390074816984	0.12045310118033488	0.14905680240933186	0.4608488251322228	0.5525195172703189
0.026228120772207153	0.4769955171692087	0.29779664903480935	0.2966751797196949	0.31848914356078606
0.26057695676164283	0.43265016131093237	0.5036829923387636	0.2631648131245285	0.1698674394570929
0.2608133059409828	0.40700886949101295	0.35671533287497903	0.41519950520100446	0.16980805486542438
0.844290761316159	0.02722782974807104	0.40959398057918783	0.15172892384115733	0.19719891347609814
0.27792601462703104	0.3459745579188808	0.1802761865301144	0.5063645343142368	0.4724541385585691
0.3356512603807578	0.1138433592006635	0.2757767173739526	0.08659068534391987	0.039377172402496864
0.17967628364878527	0.289977863654238	0.6025710398034166	0.45461252733042423	0.20630916634220403
0.16187799111565968	0.08245910034633556	0.14701008582099606	0.3522053352930041	0.2824150297521397
0.18245946332784438	0.2673588122651598	0.3742955697605762	0.2765329118436987	0.3358310319177234
0.5188933797552486	0.11980346206833332	0.13186496319714713	0.3621955284253283	0.452439902774887
0.39730086666080866	0.2989051805228224	0.010505839422838857	0.05301832494020892	0.27355580918576256
0.16314234086779764	0.44839151290396084	0.13917803473373477	0.11805408327203948	0.5196185216653235
0.15465112804354555	0.22660588914170426	0.24977274082778525	0.25196430077969917	0.6151351904527467
0.45031892987081973	0.1705696456158381	0.2066985387326763	0.07599484819644263	0.6277480923524971
0.35422337066915555	0.4465756637351574	0.15441398558083425	0.0693946438582213	0.21187410409830673
0.31422523127318397	0.4686636936938588	0.15025613168781277	0.19449386729495247	0.44516804069201554
0.14209592966741058	0.22202692620219072	0.26752223434745254	0.034471875223324074	0.3005750369066013
0.6820162630017766	0.5852627321595701	0.40019950982922853	0.6215173009796058	0.12390658252994431
0.20112573974930814	0.41903813559100855	0.07296111366796787	0.6406686471566382	0.18839781593076202
0.4841109605779711	0.15984549129033368	0.18098282723187223	0.208110199098263	0.2810543769984296
	0.5760315945717633	0.20622646772377604	0.010031681075546577	0.44042924866864736
0.36071430609835586	0.1422115789033102	0.07129071040610936	0.05067435657361857	0.5564420062046818
0.34254452600566776	0.27340944817799573	0.758761546846792	0.24650702946062644	0.6078850286869162
0.08875507326100848	0.2092469058967168	0.11373483060840447	0.1839724809899873	0.3695732400313668
0.3036912083736302	0.4264273592472331	0.3055444158814664	0.43741090039134023	0.08596311714225331
0.029166715702243728	0.4981731045197443	0.29951279734917086	0.10894233916993847	0.15820719050378984
0.3879512532433532	0.14707292559845195	0.3610192187801558	0.21080229954402036	0.2654845141093531
0.5656851536727673	0.07913207976248454	0.3267308015158436	0.11536445337061461	0.35971469260154126
0.17286715944867118	0.5193362459103095	0.24559699091624151	0.09706337205194232	0.21431574712386608
0.5280969880799361	0.12499897024897158	0.34228543094068525	0.4226449643068183	0.5105857163212388
0.37207294694334	0.38069127630910626	0.4808509228492895	0.6798598840609517	0.28670667617505063
0.16611396915050297	0.22676473664140176	0.09446086782722987	0.6154532342261078	0.48094756106725123
0.07374388228209097	0.123214454570442	0.34831668149147565	0.2408665455773273	0.37077851310447607
0.07062926797264679	0.4890291435063299	0.3485925991939664	0.19426833633610863	0.23772478940339675
0.11366108955085161	0.5262506352005253	0.2529832504409322	0.3289042525138905	0.20012836309040954
0.2164649228272178	0.10549186785756029	0.18738967446799873	0.147809021767887	0.21251075528634694
0.30430945297132667	0.49666218596488326	0.7258003137464184	0.3278058722685277	0.1933851970443127
0.10007831746527977	0.06933216984176044	0.0930485578624957	0.22260710989076604	0.1933960126283297
0.20038122339014672	0.6560435715593548	0.0789537763754334	0.28080253098998054	0.18025206046738046
0.3473887693023517	0.26940685162724304	0.41008821785730337	0.195104909857087	0.13435334046308056
0.295862438344105	0.19450984588645948	0.24957535721723278	0.18288677068597542	0.2639147754293483
0.18940694694595456	0.4183923332636832	0.30363792245699844	0.3785271692411139	0.20502738594015232
0.7129163531641936	0.5726736265619928	0.39575705551832907	0.31093891545027885	0.5481601743588499
0.25485914525770714	0.3030293847056828	0.24405895982828182	0.276894963993152	0.04246051230882449
0.2619594734825474	0.30531346023017536	0.320762365194472	0.05162953544642554	0.23909227671731062
0.29136685998439626	0.1402849370675983	0.2304661911453272	0.8006795464572125	0.14288915141841324
0.12133021884635353	0.27873822128307757	0.3487145243536143	0.3305197939483326	0.12540387766338054
0.11356502693926332	0.1616331289573159	0.40056504301456486	0.5899234053894531	0.3528560321249297
0.6310282306967293	0.07441463012607528	0.1380791736281799	0.4620759612325796	0.5837326873076432
0.29792840591158176	0.2490270103901617	0.4873439065470595	0.29993616422419106	0.1334718017159973
0.22959259731638718	0.4860562841295419	0.5314173788010432	0.24748795309713978	0.3488348279174552
0.31467117160961117	0.07621808344252995	0.21550612792975704	0.07269414745508683	0.4287236084321486
0.13600058823911476	0.26974465872124725	0.1963274427370781	0.2430890148948641	0.34548084716135136
0.1477284456672412	0.18121655442661935	0.377464860556643	0.36498012638463456	0.6883465766939647
0.2149143973613877	0.27705546704050693	0.18054419341422484	0.19484170125531414	0.37994850055838764
0.3033081966064977	0.17971468862717702	0.07303957563114889	0.22340778552612012	0.25155100385699897
0.13453082951434023	0.514922593900832	0.16315542294437416	0.4592060680335646	0.28564792029274005
0.3526027760248305	0.1702905213167043	0.1453028003763973	0.2994885100724665	0.08469021403290344
0.5260774894421871	0.10894190980044482	0.12326954518291017	0.1933580851435169	0.5855934678410002
0.5751096067693752	0.36548671664033927	0.09302984618528058	0.5344321534431075	0.022784779757441913
0.13001930564607916	0.2834391032134864	0.1811847957241162	0.5181060555585406	0.3758760486595782
0.24313157992765477	0.6022005194125775	0.12535041342973918	0.14738731995826906	0.10107688452171988
0.5857912367012332	0.17358569349930011	0.30274500163400947	0.4241388836187818	0.5384906530763328
0.31887293598427435	0.2693389918188702	0.2590921735474866	0.06755597027146167	0.30886363238962544
0.19946084742687836	0.33477093621262854	0.41497878727647497	0.5824442838342325	0.3197752048524734
0.39505308888038976	0.08431576929354902	0.2032608156407662	0.2949275840418884	0.15898562172301006
0.35669907753282004	0.16572045648854575	0.42259394332329564	0.15965452131444935	0.1587606473184137
0.10794064193657749	0.26735384198781426	0.10032125005285365	0.10377881066905337	0.061341511338654155
0.18678743850661533	0.3667310352646944	0.23206973437872122	0.3303968890742708	0.3174976094651124
0.17828463217741866	0.4526687100149999	0.18206554772171676	0.09906490141082858	0.5620384406437947
0.2991422744536814	0.1305301328891606	0.06472196381653646	0.22712396569444568	0.16457024268687673
0.4783354253708427	0.052622073777708986	0.5361601306222142	0.11149807759184151	0.12872461307680663
0.17638788514023498	0.25624878575373566	0.6222670260288157	0.3637052271955588	0.15100982257161985
0.19647629814027703	0.4717138730307735	0.013709733852738333	0.5931796754627339	0.19748222231857762
0.3050368422110303	0.4727822656559204	0.21859638427572656	0.4162462484544258	0.32719655126207486
0.1350492884162489	0.4965417476026226	0.44032881525316675	0.2081315550919214	0.410560532074841
0.2349316987280181	0.10600958912519012	0.2410976564189009	0.14042291182581584	0.19595148001851254
0.4117712009514404	0.4853468634207125	0.3714210364299484	0.5659548442993886	0.27853044684944384
0.4101245334635472	0.2815007903486804	0.5254471377165973	0.5035633158447413	0.07290959335564183
0.47621020488501414	0.4199772351343176	0.3936846209152313	0.6306170280864698	0.3746786734575455
0.2681923065332964	0.1553896544119174	0.1305748261704481	0.21232361858766305	0.2192418560154611
0.16743763532638087	0.3983596047401859	0.19503484412305813	0.3700693557949636	0.31743893060980594
0.24867385200729641	0.321533090822405	0.19901104578538473	0.009861079169288784	0.232819401239951
0.07252509799570055	0.12853586859392885	0.37143006562246594	0.2566261487968671	0.050438600990512956
0.08326746699864908	0.2817370481777017	0.622606752257487	0.4104321676831675	0.06249212694192119
0.32376945428998904	0.25230043409336766	0.23156349226423895	0.08995073942652143	0.42081344003505383
0.33318279116646404	0.3359864326610505	0.3173191179154797	0.177689277283139	0.06405477842175919
0.6219380034729723	0.401626143983602	0.3754223314724605	0.2770271320452454	0.2850589401477978
0.051558001257456625	0.29297512300574335	0.3843773896348663	0.2636777304729802	0.08369863654904884
0.04642083154699954	0.09784034644735695	0.2981370629417088	0.13575942615275235	0.19172010133303366
0.40057713607639023	0.14776354376517623	0.35724789778231053	0.5640389104215379	0.7093632188733034
0.494723947915761	0.1881432712065831	0.16140727134896804	0.5406280152234013	0.31351834137166046
0.3434949290623641	0.33048609368626763	0.569278273769342	0.24974456364060452	0.2276346396622816
0.3423399850777561	0.48255138894886945	0.34396858654515283	0.4108948553175597	0.6218235514900617
0.42706013967645406	0.6785295728910503	0.477025500193416	0.415923984943529	0.279617495688192
0.3087330701053866	0.01788585235684468	0.2870536262391707	0.1463844422708065	0.9065302073457198
0.02834109538148255	0.44277785933079533	0.30892131208707085	0.15742133969654912	0.1612082339249416
	0.47014884069451146	0.10418234428192376	0.10930519558123132	0.22330209651123853
0.27463606914057254	0.3572806420908874	0.3577697958905492	0.19055664642182457	0.08777309289923176
0.35649672594419746	0.18212496217394464	0.47348793210891343	0.0738748406546429	0.15241224924683794
0.1364884722187947	0.37279810157867804	0.23059036335011107	0.5079350890262347	0.613386940538688
0.6950984330893406	0.6718696315955867	0.14861337993116217	0.06781568311070871	0.345720121975184
0.2385317053937054	0.1614769202075337	0.2227562320501153	0.4590840312133622	0.3161081418621163
0.1489059935367651	0.3172119515743142	0.09482047250124062	0.5215811772536207	0.049524088984396815
0.3708925523436229	0.12691427232859803	0.15370053494827457	0.3793513392278384	0.36795113214306446
0.20912612636967165	0.4478307406650344	0.13469214567209575	0.33253470425639897	0.2761704570946773
0.23139423925452715	0.1868170684199498	0.1858840212599287	0.14056757440530118	0.2430909554466203
0.15444626175583548	0.24129120772319382	0.40694650308291813	0.21256592789680992	0.23155760213711574
0.10587176107077936	0.14637138748255055	0.2233029019564323	0.08905288004267656	0.55748688954907
0.5657047262112557	0.03672426247442668	0.270750109136102	0.3853309081180206	0.09468746374169465
0.26946365948388074	0.3318814831735865	0.315350583126188	0.12093113011436159	0.3727181021392263
0.14032339226905627	0.014104012180041058	0.16123058228117304	0.25900549682425406	0.1175399734200633
0.0954944023633725	0.1382586805733404	0.6963705845181752	0.15578512282982476	0.575263556083152
0.683116778849475	0.33361159313023603	0.5514930914941303	0.4365231708375748	0.4601610368582802
0.15343095084504757	0.0830657700585191	0.4762773978150477	0.31599465364889134	0.43760406130100105
0.2188538758828657	0.6316030490770198	0.46422394274332635	0.16300917793079694	0.4562212827780283
0.5686814706304569	0.3895557842400017	0.20507130954030056	0.5848867897310073	0.27959912882778865
0.039946272317271464	0.13341923368678701	0.5710019034215292	0.5835592021053958	0.1686666604861815
0.1413163949241758	0.17165690224941058	0.056095072400578296	0.5705281307145883	0.3158796261776418
0.2565592186047746	0.1692713168146139	0.37605665007983025	0.1302538751233673	0.09914395403270594
0.1716250287647203	0.5398132100053775	0.11942829647276527	0.25372549764375857	0.16707829045689132
0.22062988571616	0.34622891789931626	0.5858905020660987	0.5992713287942726	0.1069454782431633
0.41253899418908924	0.2967821671425044	0.11124464567327966	0.59997493270146	0.35334587863463934
0.2458908164300699	0.18467025930447645	0.01780457341752622	0.32335855350437265	0.15723008649203296
0.3570224168591477	0.36512935026020493	0.42477657858485696	0.3487939513668921	0.4031519477141753
0.1795518724479265	0.5079671058720495	0.654130500332781	0.09463190535427142	0.5471401435874835
0.1312731077471726	0.27137930507018443	0.0806597986678411	0.2050398708967184	0.2795165004132134
0.46022483757581595	0.2190993910975832	0.14486663129071825	0.1128793320641649	0.10170998057379903
	0.2956530773666963	0.201217819437718	0.23539809394659542	0.3610034109598763
0.504833316578744	0.7643407813456047	0.4880436736442958	0.0227923094811109	0.532257228954825
0.6579348881317602	0.26311723078994254	0.1777687915489693	0.49171400904278817	0.2668759664246631
0.07991283375321065	0.22267850885897722	0.31162433996174366	0.09689191272964182	0.1875409956466031
0.3370654959627514	0.10957556172632509	0.3992153763888928	0.5423528805622205	0.3297908655350391
0.10972353712810505	0.1947927642900173	0.2511089462155246	0.5964107006835057	0.8203852489907741
0.15134821514832436	0.5143938287653462	0.45118704361289846	0.05521743681033099	0.3239328988084845
0.22218245706167658	0.2718710685787608	0.4636986839063287	0.680308032584457	0.1568091724745552
0.21030558879477193	0.34002561877652343	0.31755640090131443	0.09493269884774493	0.35793298777563015
0.08347956615367604	0.22630929165459773	0.41322676892160914	0.5264627201433354	0.15578122074126613
0.21761315988816765	0.2681099327748952	0.21857999544639983	0.18288080084574884	0.14173971618674222
0.13581074680343588	0.2238161247477412	0.0026306372635871204	0.096272184042078	0.40054430439995187
0.3848452163124154	0.195006077886184	0.3294409399118949	0.47972746772659275	0.019564191491613918
0.2920290660170892	0.23539919233782633	0.09338495913624532	0.11129144803574793	0.4143499476559487
0.5365841777135454	0.4081868389879675	0.15231311316855167	0.4712596071832066	0.3290005428322387
	0.6351237151857304	0.3620463831308866	0.3703557505908029	0.266312773105584
0.14436011674812538	0.3005555720794356	0.35220639912148227	0.3912294400870823	0.1447013422304446
0.1942161199094502	0.10267400710130256	0.2744719363693051	0.3136721871081643	0.37268288689172374
0.2529182441098273	0.6017545269179552	0.5037621575911891	0.15082801870196388	0.15331275356508198
0.29916668154513765	0.37642532174759186	0.23917232266691796	0.39200156871630615	0.3575385094013783
0.5757555757100293	0.1905040705361977	0.4132655549324465	0.33954503114492224	0.33021901478088844
0.5384621971056234	0.5441629135147021	0.36429534333784974	0.23055250587611337	0.29825678585070414
0.5069597375751083	0.39475898289210815	0.44275405147557423	0.33934636083167025	0.3180537851709129
0.31444756443962757	0.14001886909521072	0.22606043851898672	0.13544993112618492	0.19703491179496013
0.18753022366683447	0.3635729014298342	0.06118990922352999	0.014841450543151233	0.06630682833499961
0.39481866967134926	0.6767701613195682	0.5281174697360072	0.15498272678071767	0.5030969065061657
0.42008046963474094	0.11115169971529991	0.23395143381775668	0.8046467384401054	0.250258989352109
0.36146716129894507	0.49561763369849265	0.30338731405088865	0.47660791813914144	0.46607552010806746
0.33974320366010524	0.2430323377897842	0.3316159912805974	0.21789345605468108	0.08256460326475304
0.38021999793352645	0.1863442039281164	0.19501152875357752	0.11525651931788361	0.46209263318930494
0.4299711214802461	0.3193990827970446	0.4935928769886172	0.20223583590795957	0.16429737083851592
0.3154267577563881	0.32109949954749334	0.2865030165546387	0.05380077821015614	0.6471981509332723
0.2029048032197391	0.3565805568046899	0.39211454865341683	0.4271397928186971	0.26152720904015775
0.0732167715604017	0.27538863728956237	0.27734091402960626	0.41342894666981683	0.34219918208737665
0.06371100631376443	0.24595538475606332	0.20998752853679634	0.2157520086574152	0.21297363794976806
0.44062278727525	0.3046555313349602	0.42306812368803004	0.5163975065647135	0.4192973928715938
0.05357790329439222	0.3765929058971874	0.07462600077167902	0.23699998740868305	0.25755759596544586
0.17624057947500554	0.31472007648216294	0.2532620478949559	0.43044356379469434	0.2613794354568972
0.5072575013854683	0.2674510475908426	0.1610631560128741	0.07972800164369097	0.5479795905850712
0.5302829523211935	0.22916876086374616	0.3937126259148326	0.11714825368095028	0.2713448913315453
0.12434398519872755	0.639179009761444	0.19126466055054092	0.39444245612060075	0.18821928330773974
0.2838215161227958	0.08246587935747735	0.009561536704779938	0.1726013243085621	0.3205481887188434
0.51196463514031	0.39206872838538576	0.043676981382197534	0.02039810110328967	0.4222949753914819
0.4853559180770978	0.04411358480400479	0.5906551321519676	0.10500217083004454	0.21502721488451987
0.26494928878775775	0.12426437418696798	0.11828611475557228	0.43620026044135124	0.36893789963752366
0.45192936353688873	0.2633734518005397	0.3640465040922946	0.2720266969326372	0.17304941468317614
0.23346192222797474	0.6367990831929646	0.04897699465231678	0.41257335381151794	0.35033767293983387
0.7041621459384954	0.36373735598697243	0.36566603144484827	0.3278727684352555	0.15736594974845478
0.3261308398546867	0.29560576453797754	0.04313501318636214	0.5650121047318218	0.5155481766554612
0.1502474445230952	0.4945501577258676	0.3114490170420933	0.38184421957506864	0.22487161778363848
0.26387524243883664	0.05608703178935212	0.29995653592699983	0.1699209741672099	0.30269898366927656
0.18704075917995006	0.3975772160078776	0.046513280972462365	0.07535658508833841	0.13203280608236878
	0.301430176941601	0.2574988027555425	0.16607278293448208	0.2807675427314665
0.023831839138366895	0.28414742515676816	0.43289603517020153	0.4368882562919311	0.5821697633226568
0.16216011183974827	0.5635277727129051	0.19680951644103614	0.21336868104202758	0.2314975877032241
0.5250762899002357	0.20505886294590966	0.488379215544076	0.14568112565432392	0.5845567682778219
0.4122817831492132	0.47839346491494145	0.18352198857149757	0.0894006866467086	0.3722522104815012
0.610593852911579	0.06002717433526151	0.2564352385464187	0.06408310850638409	0.13889785040462307
0.5355273297984463	0.19672565819365992	0.21809990844618501	0.15777470725638085	0.3451850817874869
0.44067056612950756	0.14043618956032425	0.2938606733478926	0.32011989694976617	0.2709109722659885
0.12466806458861969	0.23842362723654245	0.20048686363730167	0.26184685048040446	0.3053864092893245
0.11144799321318108	0.3748687677017782	0.16969186720998403	0.1493088020791324	0.1709387174043243
0.15691378382860852	0.31107099808964334	0.3348081093764549	0.10805751362108358	0.1436936908397465
0.07266060427945396	0.394337486290777	0.3156428933615061	0.2439209332932096	0.06809348530130213
0.295367029768816	0.28300241439125384	0.13906315875044273	0.24209476839942679	0.186456139969827
0.19830208946555786	0.15955280934377966	0.06853242737735145	0.4119375913977941	0.24837214825613793
0.17930195607063865	0.2633320472677808	0.13669853052591455	0.3101813208043301	0.2654732188270466
0.6936924696216822	0.4547155667879314	0.2592289124826693	0.18436466529670617	0.10814744792330314
0.6866577813238811	0.18037547124310643	0.35100079629039505	0.3981372952395747	0.2722408852445447
0.5685732850743295	0.4884209310514275	0.27900417952625745	0.45478978981008394	0.4422654638254427
0.28266974037177006	0.08829203377151075	0.4848888511948055	0.22196664244009986	0.11404405162942112
	0.2625654970046006	0.20020909933915756	0.3110410057578374	0.33266168683523323
0.1762057855387988	0.622833563605013	0.37571500837933586	0.2814832002935625	0.4497999508939855
0.2271590893302824	0.04428857890638967	0.2007456782528678	0.17063758651148742	0.3310059285175315
0.1337688314822661	0.1374787662037605	0.009653776050280082	0.17500685894444415	0.2542030932150489
0.4603418297443196	0.2168880870539363	0.5879866910176285	0.42135531018774364	0.3020491386646177
0.21506825079656036	0.2632725687103656	0.3772121582600224	0.1120335340956504	0.42183353960791875
0.2885034001246634	0.5144114809763842	0.11299667715510774	0.014797095174264835	0.07537720886534213
0.5361476813693752	0.3181877529204504	0.1366447223619049	0.39934301122099114	0.20572846734410355
0.468512872154339	0.18454909487301974	0.03358823078219802	0.11446311689253974	0.5087724680940526
0.28493394966523933	0.23951484039079335	0.19288790183260004	0.25731234336417264	0.32577106455547955
0.22819587749888817	0.14121905051753753	0.3640127424263541	0.5975617847370521	0.21570022505510694
0.21988888564151027	0.1073291991453591	0.16358270676314196	0.17933773607918038	0.11491818266184513
0.2850185187318081	0.35877484188992953	0.06168894701640796	0.6920226184061783	0.22771978496270145
0.556956849992855	0.22601237631291946	0.14493237969569314	0.19746276699568727	0.538178743680133
0.30420149500599464	0.094780481525214	0.3056872426438421	0.3821301496583453	0.2887928919491463
0.11199550164436133	0.37905128205763766	0.5318810366204438	0.31619389439079665	0.43113757648257195
0.22049879143976392	0.41448857129681527	0.2491473740462405	0.13284268407940425	0.452670238107229
0.48566399077030353	0.05095867253455449	0.4134725485572279	0.2539640839350197	0.19564447243432231
0.6228005079934394	0.1583981526104822	0.2008238135591562	0.1381359672448919	0.2092828725841423
	0.47633995817799746	0.5424226982262303	0.12020202576469374	0.24258150063525585
0.450333607562772	0.045993564315310785	0.6116993178790602	0.3506613845930929	0.47398796753544803
0.17543172805431906	0.08402467438471943	0.14394337564038848	0.1405090093843693	0.22945693815234844
	0.49789022109604114	0.16141150516893157	0.021730728223455776	0.2822443098282738
0.43578480369284994	0.35488295543806636	0.6088269638684404	0.2310301792056541	0.24968921408043288
0.516648099541383	0.37308280507835223	0.19963134905928884	0.3822030281573893	0.25823878270909717
0.11748793351562713	0.05868502013233883	0.18459128255538096	0.28183766668893223	0.08884974766337683
0.37940360358654157	0.454991679835659	0.20413823914607107	0.3028119861448483	0.21780648624497945
0.2622176729537734	0.1500787434451079	0.3046092424528891	0.0954343617762798	0.21586406442806583
0.3515292191756298	0.38062927864300855	0.2614779390351276	0.036009520483835315	0.048724843379668946
0.27554330414407474	0.393310662613393	0.11163208226861494	0.23944597358957823	0.32161221775555565
0.47233908606598973	0.43767283046309974	0.4306496688660994	0.5981961986064167	0.05220304445727963
0.11093282366977107	0.10926008528953723	0.05863400088404848	0.5336173809583195	0.031012455029164818
0.5350747310430365	0.15732187620608454	0.13947196895795494	0.4740181379807464	0.3411530485326326
0.5549362432529595	0.1098391441161253	0.1577392776119366	0.3647513447568929	0.23216461812202496
0.17644206229697978	0.4363414956027709	0.38258901530675155	0.13050252391644054	0.2552660734688622
0.6490281940647638	0.1878621464099838	0.3075287333075531	0.06205645791921199	0.09351019725737013
0.13093579486966836	0.725638072431106	0.1398111094820322	0.19096265312762312	0.13555181549881468
0.11856308503194668	0.08501172556954363	0.09588627793311603	0.6970795177895696	0.13725563809013444
0.06752470893779124	0.2953005259788577	0.3236367783669219	0.25717537199828355	0.2635430151851265
0.31899414036065726	0.599188194741705	0.3309780782717513	0.22812096970544968	0.30696986605754917
0.17634317197162613	0.09596607029938498	0.32344718347414	0.1599517616612553	0.2427384178626136
0.48584218703546017	0.03242744572343234	0.5263630133377981	0.19092241783778582	0.22974091142932573
0.42074394320423897	0.2115439036438705	0.35177634244998474	0.17613364843617027	0.6672140175887438
0.05677549991980793	0.3329527436147205	0.38555569634426967	0.1472896148385414	0.1754741155927762
0.13165337082956266	0.4351437293739797	0.19723337417447268	0.25705723257894086	0.12015904048385896
0.18072129736498818	0.3014202644191068	0.10169788566667104	0.11382920637318003	0.31158959842989176
0.3019453877360878	0.23093610816261945	0.04905746607950728	0.2930337351123783	0.28345859399972395
0.3685267839550275	0.39948789295467246	0.4088899631513751	0.5980178309302718	0.08302890166897689
0.26108091430207503	0.3192140824026165	0.22869996575946633	0.12592824361536223	0.11444582620823772
0.3140537281130703	0.36580306101622867	0.39299297149378604	0.12495322920624768	0.07745009202903562
0.21481863312937963	0.18327307565639522	0.15423040653794293	0.16596566104688784	0.06431962825499744
0.23993925323143556	0.07311619450886989	0.23465379785355794	0.7522681754658684	0.10734717359914446
0.23428595792114945	0.21053929108852912	0.12665352390088397	0.38430513093641194	0.1030027197004546
0.22111061604495794	0.12884219853601242	0.07486203932158021	0.26185288919979494	0.07466009562776514
0.14044240016724457	0.1616822318013764	0.06890851719697087	0.2694633209019726	0.34410649522547043
0.5269891384469014	0.27109464814947865	0.18211266964594577	0.1517074333589964	0.6341325526452876
0.6819502739949466	0.2374697585435264	0.4084159969732949	0.20596732149109362	0.5793420709991103
0.5566506928392625	0.19313161652153174	0.14175546233773526	0.25214107774252414	0.25248923001934315
0.36348895673188686	0.5660291257461875	0.20537195068536002	0.2519698552919127	0.2994510926822724
0.19478144296468022	0.3552680828729524	0.28592970412967444	0.3916591817775495	0.09599351671863973
0.5352768180652308	0.07236590637446978	0.6316571943462927	0.1421591131724463	0.25917084297373827
0.22628138437653603	0.3792002426529699	0.17918706296009562	0.21120405416784638	0.4559759669925312
0.30232357648503455	0.07396447122169587	0.0382601622255193	0.3610603033584327	0.578762367926926
0.1776708073418061	0.28761295747087084	0.47185804209354665	0.49694016571297983	0.6108911264186847
0.4011230314365291	0.3022833148947924	0.21173770607911965	0.5070987014612559	0.06164764374160541
0.27727037794610815	0.5149921044232006	0.12945636057549106	0.21752033162753967	0.286869013444681
0.2864124444935926	0.28709055464470273	0.4223865834527251	0.16044037758877067	0.3314183344470061
0.18649260560015152	0.26218491342203903	0.1816926810133551	0.22002403248139515	0.22522892215335752
0.1163379207740457	0.16699509740270777	0.7270304245906671	0.17862244149753995	0.1697024730704668
0.23728474995146565	0.28502340162686296	0.18591610852588522	0.23264716697339496	0.18526622668979467
0.16367004577824493	0.25161337165676845	0.17043813440532707	0.15106590592302566	0.015747534155564017
0.19458998662496418	0.12916003304925405	0.5350507808913251	0.10793444483900222	0.33522231487355364
0.42150771091553746	0.30364451394932357	0.44363737147773413	0.2845226362777224	0.11148467151758683
0.5884344409500407	0.11908969457321206	0.3010617068880383	0.6032162996991713	0.5764793095078888
0.2772675211980687	0.2344566704095854	0.09286358440314484	0.07687193309540036	0.08492220372574508
0.05345648834726097	0.11867962572778214	0.38665668586139695	0.11100826335318023	0.4219208312652561
0.4020315059580988	0.3550993252183285	0.32177858850148316	0.1685978225942009	0.009412125810942515
0.3019472035721892	0.4591841209096041	0.5090522729047279	0.10910958247996701	0.34089472641739277
0.18516656827801173	0.21714964856278926	0.44321322898097454	0.18836414671740379	0.25465526778895786
0.5462215392152738	0.5225218453919505	0.31539849489481875	0.33329482346078315	0.1777800033003655
0.17409284712305126	0.2175312165623412	0.1550344336795967	0.13928575558326234	0.2920933428333628
0.46950589097753137	0.2953236566809823	0.26477914019504944	0.6219385278286161	0.24187775306965384
0.3733363074452341	0.10909782070924653	0.2308293928646866	0.2590544794964239	0.40019478833481037
0.16535173060894498	0.2263266198185795	0.05294707713388281	0.23069931942040925	0.33607641312941783
0.2142827950224903	0.20289507494800596	0.15307277834571661	0.14996648281918035	0.3124879208560797
0.09047471288929783	0.32093243652029063	0.46155442297018895	0.0896202509923255	0.31888412333838284
0.33072138902374465	0.5263835364117593	0.2085673562437685	0.0341002853037102	0.06597051880862825
0.2617461729296148	0.30912122724082575	0.21563036522808565	0.5461469391974225	0.3725777808409698
0.31248115665860715	0.6479572424070289	0.35446855501658686	0.13979780887796103	0.2564403749670445
0.025079820183272213	0.31065899818185544	0.12202302804164097	0.08693212284180145	0.22342986312333346
0.031442499325873244	0.482886785592577	0.06178449922494749	0.21742333562036584	0.15195562455850575
0.41282328655704326	0.4002699068533053	0.22277901167447914	0.1252747568724275	0.08199339470338445
0.19662153378418332	0.7132957956797863	0.6591906940161515	0.35543197700986134	0.22871019885781443
0.2714273351648661	0.09481960697246199	0.20328180769148296	0.231538066257627	0.2086333278211657
0.1431008710974049	0.573344424279872	0.5809308767601807	0.5142853398542226	0.5166770053490065
0.28291077340957255	0.13771846161597878	0.20578530724760974	0.6499527124738489	0.33953207922458645
0.09179126069780823	0.10225696589139464	0.7321398248803672	0.09796127066827687	0.43598325450669306
0.39506588244001695	0.08417160588208476	0.16879373626124686	0.13647458266249946	0.32111383948805616
0.3607685793315591	0.23697857747143752	0.3732597745736892	0.3382164055961807	0.4971655961919397
0.24525652821036828	0.04277845588558568	0.14132872816009123	0.3313516710876014	0.3841891904511035
0.3763124429090785	0.3927959815287171	0.45925585357405146	0.3762606453449878	0.46349179157395026
0.5185702382860017	0.2900433989524136	0.38789712589057396	0.4033635892987012	0.5849520628638796
0.5450998963887513	0.04859232693881817	0.13438719802711505	0.17525070616896077	0.2749083869614674
0.12018329464266585	0.07781107583458474	0.3883972771570356	0.04066433400674253	0.7061890570220863
0.3020943071216974	0.12177192244562662	0.07115562028453311	0.4543222518115187	0.1976652247750373
0.20092822161251866	0.20974043427592326	0.10938672766029509	0.25805282242836347	0.17239791928902032
0.5552413355042026	0.40994112525096627	0.5380036721399574	0.5044278891677078	0.2550227435163931
0.28300271014040096	0.211870231383886	0.7151395439524079	0.3561954008596515	0.24445280894862723
0.2634883774872349	0.5105961082789882	0.060287157643179885	0.14124137988298424	0.09035775297215798
0.2632240628154842	0.3065881373454129	0.15006531539182627	0.22465837194840974	0.0735337289054217
0.05483599263543135	0.4795140055981967	0.10157880133962172	0.060686871508351184	0.13489292550981502
0.6193639611203112	0.19486509091409093	0.2714423718730561	0.3294664292928572	0.24514826982586663
0.3819775288585945	0.4467550285508719	0.16906500056091006	0.15464841390759612	0.39954914953172516
0.3341623950485265	0.14755535461132518	0.1636678641243732	0.47831472894883914	0.4620708138163315
0.5095434982232003	0.14585460270449008	0.40955203556183456	0.4106082377577855	0.07356725951184599
0.13106084952228078	0.08147012196953772	0.24952432733647564	0.22883101916180554	0.12377719355902475
0.15994080361795787	0.1143149463367297	0.40367708660875407	0.29042421988081707	0.19596615791713703
0.053855142856400105	0.3074741360382975	0.2651069091547465	0.2212048710191455	0.3200563975722053
0.6615490363859009	0.29048573271031175	0.4701825865511273	0.17826417984185663	0.19604309065161798
0.36514531331223615	0.557033816659824	0.3149510670807708	0.16073745351264734	0.39169888525522734
0.1939857312785009	0.07820937341197275	0.45162447713113446	0.15301283073642727	0.40620970717103266
0.2307113496064282	0.3643426793603574	0.3611057439042342	0.5706632309322378	0.35470205426585805
0.2519956425043139	0.3710891888291465	0.22960255111662436	0.3378422628259434	0.11689590478403164
0.10734279452843189	0.4696843308791011	0.3160698666846488	0.254820965422783	0.10382856790536518
0.4798556656716726	0.09404708155769691	0.36296586373046347	0.31156088767612067	0.27575911519756935
0.37488088394520636	0.1883641685982478	0.030870204057480977	0.42465179517560914	0.14880440029221711
0.35726865168228694	0.25710453853141507	0.3674979943801452	0.05540977932740747	0.15587323483643986
0.24880284898331534	0.45536572961074145	0.5254760518645223	0.1609085654404349	0.18565851157619392
0.18802579027706556	0.3078227852459645	0.36858505029402827	0.051932369169257385	0.37379669484163397
0.10340158059006396	0.11493532674684002	0.3877087295360404	0.21322036077307344	0.07430181970386539
0.14154777947599292	0.48696926032217547	0.1684109622011198	0.1208012650926894	0.549340866534019
0.5939009340773705	0.3005477760780979	0.3691033127710722	0.4649263103199773	0.29206817106726085
0.22753241384138392	0.4320471999088233	0.2901931596100154	0.4194329802282524	0.24368520779182934
0.18260263505937976	0.4285216349042027	0.09062620652037821	0.13824142218001967	0.617071314408835
0.602231060903275	0.38684599735249375	0.2428222957556789	0.48927838176582295	0.11600515038474594
0.4723560097876868	0.1441431472694013	0.23022249463412295	0.09369795055623252	0.1822686989279026
0.6087953730825453	0.11640028379956183	0.10075870755022269	0.24574953529747548	0.3703821961688503
0.24802243662153958	0.5120629354392471	0.10789777431124471	0.332067094842399	0.20805980216995007
0.31234181407000333	0.525866783404186	0.1475929090495024	0.24559798213035816	0.32244540304230235
0.15025051976680803	0.09194169482031816	0.1152074293605769	0.29238363807757817	0.21351254203377024
0.19441426639256448	0.36744717196871857	0.19011390532901318	0.10083618784409776	0.22619315598742623
0.37580557226503314	0.1332689386620175	0.14768155627100715	0.36765455453480683	0.16389956929664826
0.29138685355126176	0.5170633743583757	0.1242422754960499	0.33540682665109106	0.385028448344306
0.15376699997188337	0.17114802479982072	0.08400410955452137	0.10710949597729091	0.2003103388002981
0.21587185645326895	0.1308726296866714	0.4314302241334081	0.19655158410371906	0.20323347831694719
0.2578615727643893	0.16343371645876711	0.4118479915409086	0.35462968415394736	0.23710924327360072
0.14916694651566298	0.17154105368340603	0.44987630055380934	0.27941608096296805	0.09576429615094181
0.09104699901694473	0.22053563606520452	0.6088536355491037	0.2763408510569763	0.13033919368708166
0.36684884994403805	0.15481071417607134	0.07783442825599941	0.5905326473211332	0.07525289920171174
	0.20303290449639513	0.6551026498602498	0.32236652211801076	0.27628155118061815
	0.436382229311715	0.11557855846515847	0.17760477862614862	0.315169702033182
0.28231401491910413	0.3247892225795399	0.16765117238476468	0.4944847152019719	0.33482743870900794
0.23231349212162103	0.3456346879560656	0.6284273977035382	0.1940762055562018	0.13471119316204577
0.34217325211545935	0.024350316830824757	0.17504914661023985	0.1267449194458919	0.5652910481403178
0.17598688564574438	0.27434763444422805	0.3998351062275834	0.13079246935213862	0.12241815012616179
0.1749605811694737	0.16731177353507495	0.16650412513689702	0.3581453508146388	0.22787280087504452
0.329901596393	0.3538704977655883	0.4133357849111505	0.28615034575508735	0.4735804454877132
0.2555262948458091	0.23112737107674863	0.7151471181325979	0.14794856106104928	0.39081303635813774
0.13836892419925556	0.2584188089849571	0.17415413095159463	0.12916207018422984	0.29491888529346033
0.05157478397262218	0.24390545972282698	0.12064245477987073	0.46084527482433824	0.22704265257054485
0.10143193773228744	0.19687795239021916	0.26769123012555196	0.5539367566789544	0.23487417560825075
0.8568347191443353	0.11384644275396556	0.31126861813544615	0.40263882070140034	0.35076159047711725
0.30495094507051673	0.4336507525735666	0.24369664407311137	0.36571450924146737	0.5674611970485774
0.08086394591084115	0.3224289984540212	0.1719992410958265	0.366238521372766	0.12050969748354463
0.17449357663460177	0.34564833836087727	0.3631146535938097	0.3084959227016312	0.323166553371423
0.20994715560303662	0.3561219191241491	0.1361074532604501	0.34250196868016397	0.45066063041223337
0.19076354913662194	0.11382902013533905	0.3596877767669611	0.05327067158466533	0.07866998026756457
0.029308911727593152	0.05379712440001344	0.33805310154884943	0.34403078599401365	0.3880401927706009
0.2730721675643273	0.3600542068143082	0.300598052639244	0.21022808187334063	0.08137489155004685
0.22132983973230483	0.08972980063949841	0.12136281728408164	0.12429114048507632	0.1940957687479521
0.1854981397460963	0.41302506884852297	0.3680927132362606	0.3313176232317902	0.014181408893863509
0.3279041714806832	0.328401284818347	0.08508400861479391	0.46158597353326936	0.34690090555012654
0.04701808334778421	0.17269112432946782	0.31360198920551036	0.3258518493042035	0.27197840448657074
0.12919806202734285	0.14434621617770563	0.3203403173375924	0.1798266525694385	0.11160074872407579
0.09407411232008936	0.11385442129471177	0.04043082098492625	0.19337939105783716	0.202615344956939
	0.41459255573514237	0.29362977325615475	0.12247766571830425	0.41365595254971077
0.27096228144703144	0.03507559597227543	0.4454087754844557	0.2274859557061329	0.23303172205087308
0.42634086402213706	0.4298333655301074	0.28690160265559744	0.3154903813989878	0.24643356651934972
0.3775017247426216	0.4374592971438403	0.40618411460816434	0.3139137534481893	0.45459109325761815
0.2331813721203337	0.22846491493303	0.1885076414483301	0.23033475597812816	0.16229933034296362
0.2835593384479556	0.6829559476415245	0.1780619003155835	0.2364994006961013	0.22858390074054635
0.16287125527377927	0.43645345285635706	0.20357125423483596	0.542996410920929	0.06621630520252726
0.27454514601698615	0.04226732858214908	0.31880042514467044	0.38205449030528793	0.5004272729282854
0.4485903686224939	0.6706904828386157	0.39003555108772714	0.344089524812386	0.4235064264592225
0.12947977378612416	0.38083578314779964	0.49764187770198015	0.283068700437092	0.09136062301618725
0.5647837556960178	0.11498027005980255	0.36016935354291296	0.7267902123592493	0.2760602580130967
0.16622044278275389	0.26040300374111963	0.32232045722804564	0.18305820525834	0.2682679815235455
0.25428110191256215	0.0702995271902399	0.3845683971898111	0.2276833473543061	0.17316087079054085
0.3039313153611617	0.3054642030484215	0.3740921868988867	0.4725800175942336	0.36655665400338316
0.06045826523103609	0.3364832890499086	0.18612711086912287	0.06961787280370305	0.2796800853591681
0.21656258167303424	0.17058516200184193	0.25247558720059926	0.18918948425829166	0.13642478314749934
0.4837763269261556	0.15206717359672606	0.276939817020334	0.05536650516860048	0.27127083954608844
0.33318502635904884	0.23532243659029864	0.4527982113213426	0.40298023761480695	0.26959160327981857
0.1192634276906687	0.1941678654291633	0.3775104118527463	0.09483021588960887	0.3749081649013978
0.14687537349290292	0.1108154961487411	0.5766487735610283	0.3709829329637962	0.46415842171283694
0.2799282492351688	0.06894861763057651	0.29156457761533194	0.2382315899148389	0.5322810103866888
0.5674081761237292	0.19071028236113993	0.5359624740153478	0.16789468627115256	0.39483133756002187
0.2365327456556098	0.29799819258496874	0.11886088606876109	0.5281958018477677	0.3603033659925238
	0.37876668344505143	0.4215149424939058	0.13755996085085884	0.08591718553462291
0.4832667282558948	0.29621619477718325	0.28344546136890997	0.3794140047604896	0.1587461188825116
0.4074667681300362	0.42714006246697955	0.09963992524781921	0.31592571015671445	0.38805366217674725
0.11825143126636531	0.23811864058358195	0.1798200245374634	0.25187134322037935	0.5956933662280044
0.575799275640761	0.35487117594677164	0.3308115748825257	0.042962036406512714	0.22469073378055926
0.1563657134844795	0.08548797488304741	0.6479634983989395	0.4178368726897104	0.07622944286023081
0.34110615641594655	0.43903874382898206	0.237212778059163	0.28801557573330533	0.3673671425685609
0.03256723339393738	0.26758422370554097	0.47690502125932666	0.07678576521294868	0.09891649894632926
0.14964393636619835	0.17890533697619465	0.6927626051853358	0.45909776117472245	0.11483751404244256
	0.31063139667649253	0.46226631526517253	0.09699318390900964	0.12908493452428627
0.2010928616417533	0.11483028822076989	0.16732226467698003	0.161348036515711	0.12743000055352063
0.34644018571021146	0.1605370534742026	0.49343702983923154	0.1651577423558893	0.562592138456226
0.1744579704718741	0.2864683821826438	0.3929816861180253	0.5549631168766195	0.1890436012019044
0.03706213609564096	0.2703724913967942	0.14474767157870091	0.6078075179528074	0.39302724472568196
0.11193697949151145	0.04992459023993905	0.30305805258645957	0.21269432605097927	0.3499360723028417
0.07150769026874583	0.23401894391281372	0.14857393972850536	0.5148332561518505	0.20570746001530568
0.2768519384083214	0.19005138717038098	0.19209546505053202	0.515026311214855	0.4048685891739902
0.18875347509467555	0.05947946098652337	0.5427219737305087	0.2027138578930019	0.44036999842903907
0.11999137668194748	0.1441697149686617	0.7032927164970157	0.12761951784598516	0.13721782243620384
0.6470150108719722	0.1349370639888401	0.3951822198834386	0.414691273744902	0.4167459466996038
0.09646083026232397	0.39819562414355436	0.2143161887524104	0.1560777866640628	0.49249920622735693
0.44276986174739746	0.29516500502451326	0.1722109456302917	0.20317265396728187	0.2733504934941965
0.23975179416995468	0.1344199773470972	0.33966940229815645	0.2907712997920229	0.15926348591464257
0.1237000748031661	0.6603542696906483	0.05736025032837705	0.2468075492220652	0.6374974516672137
0.37516506614447703	0.4849100331679458	0.2884268272018422	0.5250313816061549	0.09850921593764327
0.25486983942954317	0.34820509637048186	0.6057547256936765	0.24843885604071067	0.34315437833054724
0.2545856422628733	0.2937205404113223	0.40597227251839024	0.2519371165300771	0.42542464198257446
0.1440411234047529	0.3455038133833471	0.4554021435753242	0.3417838916518836	0.06234816634531166
0.09292329005983965	0.3226410398101497	0.22948502796048328	0.05425195618486294	0.17701454085710516
0.2839263735332621	0.456062326215846	0.415450779252028	0.10646615172792775	0.23191070457078447
0.3073692695281879	0.46856942203190555	0.3117491157269421	0.5725945537970841	0.042567518210397934
0.1122131686727242	0.601786468069335	0.051881604440085334	0.05392109176279138	0.32225420341868743
0.11646499858234173	0.2820201311715567	0.3884468760703217	0.2853149741406221	0.33048249498793375
0.23861087397418246	0.5648285895506032	0.46323877538733327	0.4574081902719841	0.35162925209428136
0.2590850159653833	0.28236574430898176	0.3152032526315024	0.33091125791176385	0.5143668699876506
0.4072658635130247	0.085338464664587	0.1588119400659277	0.3272650292951686	0.08489076284655554
0.028399950587137384	0.2835626720610452	0.05513194193583032	0.2616457504300721	0.4210284916387339
0.29413794438719243	0.12315337708247777	0.16389973522253604	0.32958441947123684	0.1437509885704954
0.34492211545640034	0.325985470804843	0.1814095454266198	0.3504628880253598	0.5613011141732092
0.5625244586726998	0.24843098931746088	0.2142968437372718	0.19510968689035652	0.3106720478927738
0.6476335707068893	0.6207700694140549	0.36576962531769036	0.6099929754418393	0.2640593851972659
0.6080125105311446	0.3542287635794038	0.32912064531707974	0.18862272431468677	0.5195444535076288
0.24315375049127108	0.19121811768579328	0.2311688157863505	0.5142296080690094	0.5699486736008372
0.4045065363011775	0.4709985759099392	0.23762145396844872	0.07853380488372931	0.17650956455620326
0.1074926770508312	0.16926788658321665	0.2273928361537359	0.05792503469088932	0.22596457894849217
0.39206519776925974	0.3712748442283215	0.3115517159800611	0.3285315736550028	0.4962004571533733
0.04346697588835949	0.04181482116817006	0.3445166972793067	0.1968721338750291	0.05141417417743173
0.2225855980702812	0.41485848492829536	0.1802488980377767	0.31879798232531514	0.09410812783535012
0.21347267363783004	0.22352340834339424	0.4889597709103402	0.5465369973248656	0.30481268310480625
0.6418438630361162	0.5007184145391266	0.16139067881698196	0.08789427463829803	0.04723361371711844
0.14631882747134065	0.15580641747492271	0.30788889512904605	0.18033823106635946	0.23075242007368593
0.04422123631463474	0.1185403750188679	0.34880023447779296	0.22267949315850064	0.06894050341496845
0.16618030025619565	0.26422651108032325	0.1165140366363385	0.3538575382339335	0.389389002099999
0.44424727543737796	0.2943071180359473	0.3355180328870863	0.1927964175134992	0.21027092320841825
0.10336138248917276	0.1578326351814444	0.10526102351871736	0.4079502787161578	0.22709861141814863
0.10252636659583676	0.12379332737413566	0.21337258344590274	0.30473965548274085	0.65686097080634
0.24067306404175892	0.2808004542784051	0.21808467906505427	0.08110513243959559	0.1811152025902409
0.3603145485282294	0.29245612111052866	0.11944134249172798	0.15624829941547674	0.5150593611195377
0.22963781440202727	0.35692522515884395	0.2106677401055933	0.5845324823688948	0.3392373826822258
0.33454039073155795	0.14714323044074637	0.05424003792895464	0.04675064251761184	0.13385451697965833
0.053485465319041775	0.1541162471934655	0.3794342697401061	0.09724569281227631	0.461027128693574
0.5411549875942062	0.059080046281390776	0.5241597866038885	0.18989706219888455	0.42005873294829166
0.03152216030051162	0.1468052346991678	0.32705287670694055	0.2081789045239245	0.11217221259975972
0.25239037582192986	0.3765397739274501	0.713246425997754	0.16009411676261628	0.5914268678189819
0.2953186550426186	0.15576152516435457	0.07239437886343766	0.1693769054254008	0.35351686457702014
0.05989285887616568	0.27881674928012723	0.21650032272937286	0.24497289649696857	0.4291688969751116
0.10005221772540503	0.18146453189714723	0.41445524898724884	0.16472896861848238	0.2738159137391491
	0.642689254080132	0.415125789938369	0.5838896118329825	0.16620474825254092
0.22529094706360914	0.26116202737225563	0.09915367412461493	0.3100572025654763	0.16549584192691927
0.3342112489216924	0.31652618931067356	0.40548603576609704	0.44946725804562326	0.20537599414275232
0.3274847070971443	0.35780976209559606	0.275944010682914	0.1677624494996479	0.15483133176704494
0.1403969272009749	0.24968436525755186	0.6037296553271286	0.04719595963118717	0.0936795935035195
0.45263742666791407	0.5133021810004953	0.1355381114226472	0.5827706242912347	0.31865634074405674
0.23046613444403208	0.4691318825843068	0.19737455806381368	0.43315639808020884	0.24865727336164808
0.36404215073184837	0.4303707824819805	0.3517664565391018	0.3561424484128292	0.26515811082073965
	0.2779860952095528	0.043976379475130764	0.2716910560532994	0.19764232397477893
0.17822069696866746	0.21037589445723526	0.17152858943675592	0.12403199813838882	0.16471760814263356
0.4076438158488292	0.1407093712191108	0.27908067124684033	0.717730633101341	0.5357355232656127
0.27674360191105557	0.29463233372958986	0.2244808029441195	0.07723811416781792	0.5146361987086869
0.03249771769707071	0.6830731018900235	0.10776237757623745	0.5544105229046665	0.49892351556342196
0.281349562736678	0.057618203515981965	0.15503959834796388	0.41754658964502916	0.5439770846970766
0.2060793617137274	0.15089116210681533	0.14071339254026605	0.21740192976016778	0.7072877244937782
0.3017389080650274	0.5994959502840451	0.48052661082673215	0.26643567604613433	0.2302525321388693
0.16600800640966443	0.3973744352490313	0.5091889039963806	0.2493254999643484	0.19005905613855315
0.2472845327807178	0.3332805760597384	0.14745353278473763	0.17671375858235977	0.4958392913508767
0.3185457757580384	0.37258815559235153	0.2982449507209648	0.2807796009636487	0.18628478792326775
0.6890727884853691	0.24708336935696795	0.2005708937181621	0.5992802206334132	0.2243147931282503
0.10749177980346901	0.08026766187912468	0.4169461737989165	0.10601807281297111	0.10046308256130104
0.3167545288722451	0.2731374689249846	0.3089229557438339	0.3135234151741423	0.0755430153086297
0.4091819143679312	0.2891817032477982	0.1876380608603274	0.5078952956926651	0.2424937458225999
0.1662177479683978	0.10270784967692184	0.23747225370404443	0.1007025103854719	0.46156181919881417
0.5287424250742272	0.4587277241296792	0.08434355752804233	0.24953795021764671	0.08772076194117777
	0.30619180087541803	0.15492030009869112	0.13880109148898626	0.20450171582079243
0.08837107889084735	0.28542143775276413	0.2778353403364258	0.2747010794428107	0.3539894361924531
0.19574734155652396	0.2969430891616426	0.24276230244087627	0.3844297452027312	0.17586893933993303
0.06129454510398166	0.49866583230889266	0.04358232230469348	0.2177772244586632	0.4649315043763126
0.06234427821014154	0.02147045087626853	0.5119771450455448	0.11980972179000665	0.3861457801411551
0.6243417344394739	0.28877306819521464	0.22700292982788048	0.10084394013100546	0.332696248493063
0.6639230570714558	0.4517997220422268	0.4291934969602105	0.3553071690108271	0.2635555957278323
0.2880750037926779	0.416762582892365	0.3253781296783545	0.30576147494724026	0.670605096483288
0.42762495035990566	0.1285056110919466	0.1105062204772705	0.22430155073771846	0.11155427107010282
0.46370690288324	0.009228197494001588	0.15384376945871975	0.6903320709550592	0.3632337109277089
0.5223903022144044	0.12849597519834774	0.21920037101927536	0.3889734578398377	0.268104037627986
0.2519142848800482	0.6715528508868799	0.1996677560267723	0.11137637598051323	0.22173191095005396
0.30017869803787567	0.13649158102538755	0.6190251129258622	0.3928001026954484	0.6357975612574193
0.0870642773386343	0.4683816979330039	0.40315477113973996	0.597675983479939	0.13000241199669882
0.691719183005294	0.4707755306971565	0.19344717228769073	0.2871078990292238	0.16320636221701731
0.2104215767568987	0.45487972287187517	0.395987061366903	0.3972082396976903	0.10373511073827758
0.0863513166165324	0.45384416285948076	0.09487393228480277	0.043947520761682964	0.5441831135451168
0.48465777882498917	0.18523057026091172	0.17978006653592563	0.013667909862672096	0.12018709305304688
0.4020596963894496	0.16361635815652434	0.21075713939150706	0.3987686507651302	0.35556871556405
0.2843040838019792	0.5138209333879977	0.26043504931347294	0.11776058581781201	0.32846360175722544
0.0272098114992371	0.3409985101602328	0.3973047546908987	0.09174887950658496	0.795635934506112
0.3337397754710607	0.2003058492886393	0.23248554887664735	0.14682110820769853	0.19116541898605924
0.12133821724889605	0.2149484096691617	0.16050815504314042	0.11831059247758235	0.25199604347436105
0.4426435453674427	0.15700071320677256	0.18255270333626972	0.33791626578245204	0.2604284401284757
0.020522959103672467	0.13613225398452233	0.648966588994843	0.3926303836763572	0.32413610574839696
0.4799630404297944	0.22678621492135698	0.22420785975367583	0.41292044075299533	0.03868148785650539
0.17460636612672087	0.015241185429002694	0.15538595562799615	0.425456871208531	0.047592065129924414
0.1095774114115632	0.20727131061656145	0.16336848187471686	0.44642240463462846	0.42590982113955833
0.24646466570751763	0.09205211070752983	0.7001442444290291	0.1195966299018064	0.23244134822510623
0.5663087286887751	0.31062582772535624	0.5228093923593534	0.23140359723338952	0.14740781111846907
0.20223099456011384	0.35476477580651633	0.07614758067975318	0.3058245408493744	0.029094362293982486
0.3618388093928027	0.37929814741910806	0.39990185695952546	0.2251997074673971	0.0667046553679484
0.3377773513176061	0.381393051663748	0.528525907567907	0.39330594254488294	0.529711420516361
0.3572774064011271	0.23232511243804682	0.2501264658673897	0.4063688281860097	0.6061561947859146
0.35247776878240694	0.09154287316515702	0.4369758271072016	0.16615010207698613	0.03479262747669337
0.2698225631655744	0.43214991398418856	0.09654194950172643	0.35438693218057443	0.3285572977116472
0.33157171446286154	0.31738368076262496	0.25239035356312917	0.11438112322826781	0.1510277028869822
0.3302151988869251	0.10042009313108353	0.261769241789248	0.661574669265481	0.1176109009031669
	0.28148559932640643	0.08459613706099602	0.1575542411053752	0.15380378199751685
0.10103807160914986	0.17394781078513846	0.3000098599597216	0.5105925491020005	0.2565955505252477
0.17853542873532113	0.17235354467396372	0.3289498800401237	0.12284853431876282	0.20309927204576061
0.44169146994853337	0.2609405264677055	0.05928341122448156	0.3236183353757332	0.10330527643459941
0.03205463500837948	0.23905770522675732	0.23612401326047439	0.08473531684275627	0.28790572475691734
0.31382477647956725	0.3162067686607694	0.18316624691926378	0.5153187680807526	0.2476923498965135
0.15736229001040025	0.18150918434040966	0.43128705282395713	0.4990377231087208	0.15714078860723268
0.5953243097105012	0.1738760824746679	0.16018193453962287	0.2977872094472565	0.1474417619221219
0.6476005700038622	0.054623143775929105	0.32019927204644816	0.10104055547806295	0.1525667353832872
0.36307511358860706	0.35382179046071194	0.18797586285327716	0.2782966468858436	0.3281673155608008
0.5884270525232719	0.3867479814693153	0.304531400202369	0.2304662983225619	0.3102046560030867
0.1719489862516626	0.5721192816663071	0.3619867668253424	0.6076563929231212	0.07941495668753305
0.20497863487555565	0.14099971269823292	0.4300147285930216	0.3462013590368072	0.03463630149249881
0.43265640414413487	0.07315527678791513	0.2789756237962223	0.47402839127290797	0.3392091044602403
0.3571021861044309	0.4526625363758327	0.4329696978777657	0.057820298785438796	0.145060032897061
0.295641028346	0.3368419098722134	0.36467128606918664	0.14579848528684444	0.3729230962413499
0.2920035421311865	0.2896576449827465	0.29269382426265894	0.11062082751194399	0.37762982248520865
0.12239193043691475	0.14200842383628484	0.2105713437077079	0.2626820093910692	0.3907645037741837
0.5443154865309214	0.5897908666348703	0.2662614352913339	0.11462184064749628	0.22870386230801348
0.20825842855178778	0.0703173013717785	0.4925623656132676	0.05021978246452998	0.49750825102816765
0.27224313785341503	0.6526185986569015	0.20525809249464175	0.20800883630429848	0.161729630080929
0.031027779210701014	0.3432002595172639	0.18178943475955628	0.39928250390152453	0.22894271586356627
0.5256463052188918	0.2788733884376444	0.5186945582433355	0.22460524915944935	0.031178639339524764
0.14292001734065954	0.016423793443027954	0.4612604379569577	0.5152457651108178	0.28423285092660977
0.5037213827827725	0.642790113003594	0.27712692929583155	0.12580605030786612	0.531786177788798
0.3683780147145701	0.09046825668947131	0.14938317201344237	0.10076790760943778	0.3220702204951245
0.3967931131756382	0.5078430983298726	0.20381634727676626	0.27470000918860904	0.1330621919416162
0.2155204220831501	0.10376116362770695	0.16382033904233198	0.14105586756617167	0.09159016060729204
0.17696732883180297	0.002865180408375379	0.1251958766369522	0.4845084782259169	0.2833849143675911
0.5168213961340311	0.4245334220760513	0.10172381002873553	0.4315875015008597	0.052575610938007104
0.46712975845941856	0.44007560866084205	0.43178589918287535	0.5442420048245443	0.3448109869207445
0.16565914975096369	0.18516381097431406	0.5528537947615111	0.2041032117427302	0.18436263898944294
0.5364241038900636	0.38264305809290405	0.38410315661181765	0.39924820580198245	0.28169588370347254
0.04400246072007263	0.2016461570676898	0.3557246348874666	0.6579464697905527	0.3298775813257268
0.6134124656273492	0.5205209437277215	0.3676769321523693	0.0558153374754389	0.2498260201146451
0.10054330384059962	0.3809346316224395	0.4231352132896638	0.1693562686246194	0.2750388484278515
0.06945230029076965	0.33837542403071025	0.2500677106239706	0.34660724090125167	0.2518695581668606
0.30173485373380476	0.17464854166942992	0.26141576387413024	0.3997056901812086	0.21526465642520193
0.0952059222501839	0.23647252147735268	0.4684320687696369	0.10299930157421389	0.10479388691713223
0.31316585365326294	0.18044443199551582	0.21212085322043725	0.10708130572707325	0.16641063369003134
0.32875247052755324	0.21087591855381177	0.2776726180660562	0.23419810188190684	0.6442245342662748
0.107563066361387	0.6784596375761308	0.2616754556591807	0.1996456460440112	0.09989228606905183
0.20602792628802383	0.1895105625412473	0.02837381568314171	0.1597818200958309	0.4636626233932157
0.65545374469178	0.11193282914427206	0.09303442141627014	0.23231280629840573	0.30874116581318145
0.47338385212833417	0.24460536580735265	0.13321865415540238	0.25269245918493016	0.2962000731546736
0.29190214905803097	0.1638601469850198	0.35304265221038933	0.09223819984254404	0.2876430990157658
0.15626916623549797	0.18496276688044594	0.033329951763031586	0.10589992469385663	0.14132914838824745
0.6114084141601166	0.4134769918878269	0.386195920893061	0.09418042029465672	0.31060336899637697
0.3361870774602506	0.5653285933053256	0.17142563046327067	0.12251599671875228	0.36589574040344763
0.3862180182559216	0.2737597235228648	0.17321825827818865	0.08708818552785014	0.24156572118633682
	0.4420141690981016	0.26602383522038997	0.10297388269641207	0.3754241386531429
0.2636698539761478	0.2690273351652073	0.17775525470029743	0.22091012633870988	0.19235335557297709
0.47581216948559873	0.36088485781213064	0.2976504249526025	0.11562423184700658	0.0957575476671065
0.3339474469299149	0.19508095695236186	0.14272795318278958	0.2992773699895927	0.5211482269018645
0.26510484169297943	0.41331127839263326	0.14070001149056294	0.6347166626100657	0.44099425160551453
0.26114783761559845	0.3064929818012348	0.1927679589346692	0.16782158226531577	0.12681337311243848
0.023964340322332356	0.1482538197863773	0.5232122408610581	0.2431439416564075	0.22313595710449055
0.14614102705346155	0.20706107234583915	0.19645833302735044	0.05870163774819773	0.14806294943534562
0.41000979451333613	0.4205795143783229	0.15064018516907365	0.17226840191516196	0.215980289841929
0.48859998281754635	0.0720731670204369	0.18404726197801058	0.009893857026914156	0.144493157740295
0.1563578894943035	0.16091082656984695	0.6010314783076134	0.49803204007549773	0.6094703065732267
0.23636068544330383	0.2527475125201878	0.5304212736667872	0.5108920721936941	0.18889318775331324
0.13974000711536008	0.5823700233014542	0.05393171435260387	0.32449138242614334	0.13725757218531878
0.10612497341680892	0.2532002922038207	0.2947612059628652	0.3086873820552381	0.29687943327984867
0.08214622167726737	0.15661282697970688	0.49169112334283516	0.22858163250716748	0.10109842727910176
	0.4063104022484984	0.09512303657611366	0.16917144825435326	0.25640910914441384
0.4194185581040714	0.6480641148881693	0.4002866503920211	0.30781895926630953	0.1891225736976811
0.2784536972151546	0.08343881680632109	0.4508154390805016	0.18287063359032624	0.09604814471594611
0.2568865856577588	0.3708664698859983	0.3447358805194402	0.24808917891438667	0.5526992945858274
0.23800580612212477	0.16755663822485878	0.22897126754541036	0.23230326425467077	0.03077288049706329
0.11028550812628456	0.31920331806406216	0.3281911784135696	0.056444101712219745	0.26658780987364805
0.43109108162440174	0.1618707313222887	0.3318937449261225	0.523425728738348	0.25540553223158385
0.3618814256112137	0.41989852429610064	0.11003240139589766	0.03947872177709145	0.003246547095113331
0.4550638051013845	0.4126790495712208	0.24575720711790958	0.1040266368245995	0.30484557194771605
0.21479155216281792	0.23247598873618325	0.15426894577016179	0.2517236079616921	0.16093037351588718
0.23276417067429794	0.3211802832767983	0.16141401472094996	0.553647977900869	0.14679113093047447
0.4004035328099468	0.6395469551471451	0.27840324322705384	0.436285454572427	0.3912167637922281
0.12593100080088884	0.3153262317607011	0.5264710337656984	0.12661674585992383	0.09301192067752498
0.47957334556073844	0.23509160156707343	0.49179134822886816	0.4846747756709174	0.31202778765505607
0.3393375707055446	0.15770738362538472	0.1432191165911041	0.449710499347563	0.4925204731096318
0.3678502672548964	0.38194529126013593	0.430522543755902	0.39436133724275746	0.14249346152174874
0.573254768342658	0.35587218859772146	0.30604612789708946	0.1270651552533735	0.4155004538842452
0.06653429572061911	0.1376224135613237	0.3089044972746883	0.3963266094746826	0.2904545357115244
0.3292455305619658	0.1514806923429245	0.46588285703977195	0.2471641447153685	0.13140740175612775
0.25306068426091277	0.21929016141289587	0.39220450920223826	0.600389651774984	0.6688557018771245
0.05878439524269795	0.17667755836031107	0.11095175424208069	0.2920296561868206	0.12865427134334337
0.48138393448603556	0.188107654420717	0.05454162345493518	0.4219077667007306	0.21075808707159344
0.13701328307640978	0.32044938295552394	0.11621740703452225	0.30368083365049314	0.2620626407930455
0.3093059315371573	0.1195644961642244	0.18958003201694232	0.1267637174035933	0.2249658597724058
0.17324136230880374	0.31536375923522114	0.2726604280769765	0.547627774247468	0.2802567319481129
0.17095176504273904	0.2014396852181725	0.3382988970289302	0.18841096238013308	0.509104235217689
0.28032524450294716	0.3722467567850693	0.10422413108900852	0.3416663932778564	0.35869580828106107
0.2629041213126982	0.33612826059278883	0.21757210291079487	0.25071896298355356	0.4096321379111479
0.30987086358178095	0.187252570854641	0.19035070147510896	0.2102282312293184	0.5831936703818388
0.5103017429556633	0.2629754985351464	0.14019157447139038	0.1744350682997809	0.4095128332467263
0.21488187364200828	0.37699258442693123	0.4641731274254943	0.4287229139590523	0.11553975324989857
0.43828209837047777	0.4050017697564321	0.1433517029387692	0.2690036275361175	0.4345936420999153
0.23610996437166157	0.4263323711378462	0.26429068809633666	0.21346171506392758	0.31288899588810176
0.3067465078220595	0.45071955980716977	0.26897209520607324	0.4652140743482402	0.18668557558583457
0.11774712763108228	0.11117084600768377	0.23014160369983944	0.5389203798970003	0.4248350447330906
0.20860598179295028	0.11761124921785165	0.48522868418259574	0.47247629854310125	0.23419082866548838
0.250229850065345	0.24828027050317192	0.5459288884389832	0.20347613173170978	0.04646939928231338
0.31494394053189356	0.1644612424589149	0.298146500543742	0.02299967155606545	0.39397862654764
0.37928033268934663	0.1257647012431002	0.47367673023781404	0.20960517555524918	0.28217607212778456
0.5023097493120234	0.07808908083131247	0.18688330965897887	0.5983550428339136	0.2926505683731601
0.4329561831102805	0.4713439415414838	0.5827962370701054	0.6167385413487775	0.23826145745013863
0.5842736091153021	0.4386123144224193	0.06536327152655523	0.5327768336018955	0.04904591001564896
0.15009284112973642	0.2912652539184649	0.3733315518562765	0.24016535397966488	0.14906176286082987
0.17431341339943415	0.49154680105457565	0.21327898796580852	0.1969725047234812	0.23933932087765003
0.3612396611712261	0.21277330154220783	0.387903111166168	0.20849065091918384	0.43361803907753815
0.2824536470322978	0.23896986652808908	0.2176381751504501	0.18435904528962602	0.16276484035371705
0.29239574083365033	0.4319208684070785	0.21203028224795942	0.2099783490515893	0.6250460306265867
0.42201563779343065	0.23657428284784524	0.24438911569097413	0.22575808371665063	0.2431212985691399
0.24887798055519433	0.07153120503854792	0.4283927709238644	0.18346379268248594	0.13730935764663957
0.07064482998707922	0.5188322981503756	0.2559575670241975	0.05987944080619094	0.21721845638376325
0.1278535696324248	0.6077145369352555	0.47516264906599726	0.4208832281942586	0.3043439215348663
0.14478079939496546	0.17846630510032715	0.19367846700332716	0.38140551885735924	0.3688380633005679
0.42637785068279643	0.2767165794869777	0.41879419218989367	0.05704099503547471	0.20240074769150165
0.2496348119381137	0.48487315303771905	0.20346444322681123	0.3980756134905128	0.4708806703890001
0.26056774876782257	0.27708318748572375	0.303729642377587	0.07087703137102393	0.44294278318409347
0.5031077954812353	0.4404935788256524	0.24319146049001855	0.14338274359031764	0.30143373244530636
	0.43883879848641333	0.06474398625829056	0.28540331906885574	0.31315762935975555
0.27113314233181685	0.07444735564806543	0.4150128373953393	0.45413956903947195	0.32270826474521025
0.4000680334441003	0.268324926713593	0.2005507431527465	0.40795555149340473	0.2459710335179603
0.3069671646089074	0.21599013090251515	0.32406049786718366	0.30749650998402256	0.06368817828532794
0.38874585630906433	0.46274034806805314	0.14553738000956373	0.2398843374699597	0.08553907134237244
0.21639003788262778	0.30230865075490704	0.5399236049330168	0.14440542308099685	0.6751665452166016
0.22112716478697245	0.42414303835715017	0.16801355060082143	0.4410434681927439	0.2687158722926122
0.2749908871676502	0.2240084474495464	0.29870603535876183	0.47058874264431105	0.5209035344944739
0.2633100319602359	0.6115428558443933	0.19673333604627005	0.15711895865465075	0.2459037409224253
0.06628841475362836	0.44950811425037385	0.47602101646356176	0.3159686086124805	0.12184057025918964
0.14413898344580708	0.10480900438370486	0.29171942381956695	0.34338350727638495	0.5204686966253601
0.45479324942089255	0.2953558886966267	0.21962888876533676	0.2021651129567759	0.23013721349444194
0.12064281223775977	0.2897228335718392	0.2735991032843732	0.21367925136682137	0.19134186485925478
0.42371925015339734	0.16343636621938673	0.26264752850891093	0.14836393955831775	0.3212908624177032
0.21425607119724688	0.14411841263171302	0.39745737776373624	0.2569239143175689	0.17701116055655663
0.13018955807908494	0.06721432610301148	0.16642549937019802	0.28451422961151207	0.30713779187279155
0.4246926716799429	0.11469740048740205	0.1928045372960571	0.44763045069994917	0.586672085335636
0.19777785736681555	0.25580586539068195	0.2916137923940816	0.2831420770296262	0.431776309609742
0.4582954022676325	0.35120920149147355	0.2065761534653807	0.21893497727115102	0.4296534486152925
0.49546482231738165	0.2649501763716593	0.5511524749689262	0.2941095921425059	0.32821507839414354
0.6589585810469438	0.03655089219351632	0.277235492351909	0.169345165195064	0.2652849479009153
0.2020385422291059	0.3687697251716544	0.2975044224155143	0.30074736736491425	0.2537660092224775
0.49157936202978625	0.19944519582372353	0.10924899714768306	0.4270195201793074	0.6316418866281831
0.01910523598094582	0.290580028209118	0.07535560432051382	0.29442527606957347	0.20894945199946371
0.13868148973992878	0.7470526305291262	0.47324913072694935	0.3759162752233602	0.3294579660865918
0.14417211521668133	0.2054067502043126	0.5386172112706274	0.3597342673453167	0.42327302559493557
0.5432933965522958	0.19450358778993948	0.4252083503765482	0.14757447285360156	0.5186555035414161
0.2636075607961616	0.24804314366010075	0.24208492604313483	0.44292221067618315	0.21076515873588728
0.18638131612843628	0.2789654255380743	0.12337868532537859	0.49640248855380237	0.09707515531245199
0.3885155816686814	0.25900759960940706	0.24629392377295423	0.2157113032843365	0.6120798455399538
0.12705424497631757	0.1490523293937494	0.2559745105566572	0.07055807758018484	0.5870421432161601
0.28726107836072523	0.4255775105828681	0.1257476880690366	0.18337158307523585	0.11276380546996358
0.5571818658636795	0.4238053995516067	0.505459634561975	0.4424148631512197	0.35057461015599783
0.21482737579009387	0.42230613562011965	0.27542322920598333	0.380622725347559	0.3271892806643097
0.025252601592140957	0.5308680200422993	0.7607397107276634	0.4400960660841044	0.32702656874202835
0.36906994122217834	0.49039320930967484	0.15360016210571156	0.12634261907431069	0.10999765560790244
0.4620538032452192	0.22410330893557198	0.26621982451114184	0.12086220828336289	0.14073209616920124
0.1648713000076283	0.32518732868675343	0.2737009280273514	0.19946754746928705	0.14058799866276878
0.11887068078494734	0.5393009380934674	0.1497529126131263	0.20631366520898162	0.09677387942959229
0.497726666704453	0.30127279573197324	0.1638084440257759	0.5163201913236675	0.2858464435600602
0.3803287825458738	0.07543592380626492	0.46723963919098227	0.42987664618173704	0.32442378842263164
0.12693782490989106	0.5886626979636929	0.4163996649822517	0.22919367363255388	0.1268112170937924
0.23666896077941188	0.3869432791777136	0.39564875347087936	0.1260114593578012	0.08545742661285853
0.1794478711620178	0.3229046835365053	0.13841153057069636	0.17247725431598818	0.14182113438638652
0.4691602371601212	0.44600399253752704	0.10883667969131681	0.13622242923830521	0.23124338992229768
0.29813722854921465	0.2540052724787357	0.5839640372804628	0.6876172739316736	0.352302577301591
0.2946850799840486	0.21205938758973633	0.44896733045137244	0.6127373162100618	0.1723222289606415
0.2867879976511104	0.8100891146786345	0.3205640178398221	0.08123211563372361	0.2500921369432886
0.3644747993215032	0.32951479635157094	0.5268229146313896	0.19616462240609384	0.10559364228259144
	0.37345824103305136	0.3033674183894792	0.7988371725018448	0.2551077602537216
0.11962303316603833	0.16779972419248013	0.4440988337602385	0.43836659658779975	0.21982009115079332
0.32385422771184635	0.09493140745770279	0.6114404902253058	0.6350304537889817	0.16268492251697225
0.3709596669520683	0.12380532073401267	0.15660941261852476	0.5907086619273817	0.13105557049748978
0.20344688426692895	0.15193388462423554	0.07978600618243359	0.3273313450605758	0.15573988060051489
0.27449776636604634	0.18790465975647622	0.21396986998266188	0.15507273514090172	0.45074493649618136
0.2693105205964499	0.5128710611185638	0.18918278352511533	0.37349873210900253	0.014048477924684983
0.06330474273586353	0.23847414206134293	0.2628125765442803	0.22290050144558654	0.5366286085586622
0.06316584589027355	0.17664544520423187	0.43742030677306304	0.16657874390417848	0.618369318961261
0.1590119079749615	0.21773804551590287	0.21028156756748823	0.3071648720065812	0.09930291806197226
0.04842494907713395	0.30897711545727596	0.18673880027997158	0.265288999303507	0.19670994487315202
0.2217193128118642	0.08962398586045416	0.43246316904267035	0.39257094270065	0.37500402924716675
0.5759643662880584	0.10722717051383417	0.2924448491716272	0.2187170648011461	0.236932643746908
0.26648022609257477	0.18479459306526352	0.4070198869025735	0.35104758133952346	0.0839792120819482
0.17759722785312915	0.6426375405334447	0.06706063666517433	0.30616890846580214	0.1977355085480379
0.19841888195956345	0.05873477624405373	0.5459718722935334	0.1614736952846204	0.23358133692162358
0.29687144567004586	0.5285264356799858	0.29028405912976674	0.3482521730874922	0.20947546235493741
0.5079436479368572	0.46128617901317204	0.38057497494749265	0.10997456751780753	0.25987917948461436
0.013121129331045447	0.49876550656704205	0.06856134564839968	0.42229164186043044	0.6065827060538364
0.8435902240540636	0.10013373125848431	0.10287595028109751	0.6493724878076853	0.33220115755262086
0.41038184312031056	0.12660364214194492	0.33352678245813505	0.24825746954010766	0.30782094215791317
0.26931905277999113	0.30653303749395494	0.22939421385458802	0.2606373799234193	0.3321684778576217
0.23212820057516637	0.5670444003584025	0.08199147254623396	0.34881868847350056	0.17504013831471574
0.11113211060475137	0.35953388779527323	0.5913835920036189	0.36618027569053335	0.1396689817473735
0.2647290287379711	0.030103475729114808	0.2956000170519028	0.30212478806106946	0.15931005961638567
0.5584950003927258	0.47146906414070233	0.23043696527312166	0.17993564662591663	0.45342581199155363
0.08643051182464474	0.41089015015872477	0.37252157356565235	0.13314596518561045	0.16511399468601595
0.11507883621956455	0.20063183853525365	0.46957427915710864	0.15347452066569453	0.3270852890760929
0.24528921035188211	0.4177094654639082	0.20435091231780073	0.19077943273876388	0.21861499910762547
0.14424680064601006	0.4570703531168484	0.33356124131805076	0.25167577028040156	0.30251694842153704
0.44195765137648013	0.30031094458171675	0.21773206821452426	0.18479702335579232	0.5682301885444438
0.46798098041308495	0.5142196019543562	0.41398811543158887	0.03721906761840742	0.2819015346038695
0.2485189546820413	0.09811648014911538	0.190467363116071	0.6457516596948177	0.13348423368069956
0.0533545691342219	0.5474339072659843	0.36515852516699737	0.3176116502477234	0.5519877395576396
0.22046989747671314	0.507015331340767	0.12677189870546693	0.3118181125108713	0.20414579209298958
	0.30793397297447794	0.32170532574231786	0.12174451578667919	0.015676734088717923
0.17018187742692834	0.4549864501756724	0.43542879494629105	0.12087480211692153	0.3144107948038398
0.35967270560101205	0.29755802157547334	0.39368460304278785	0.0950534862013066	0.041412537733706664
0.10935385341814133	0.1523674850223313	0.37019427064854327	0.3573746768385761	0.23101094444797718
0.13499882767967775	0.36654648595649625	0.3595031482589887	0.19588747734008807	0.44290624442256316
0.6563727996199297	0.08499087177429104	0.10446662852944805	0.3423828639763317	0.5845546373574868
0.2630933744081486	0.20642880460298213	0.378117054733112	0.12351092068975597	0.02179318571084423
0.5900278022322798	0.07549160927633368	0.1438214873239117	0.05443704056580292	0.1487115505375412
