X0	X1	X2	X3	X4
0.1329158958303685	0.6784718320186497	0.2444444444444444	0.23	0.5025641025641026
0.4308381955315212	0.7101640849691258	0.2666666666666666	0.1733333333333333	0.4051282051282051
0.1722641240927849	0.6717059655773926	0.3555555555555555	0.2333333333333333	0.3076923076923077
0.1457236373986054	0.452962957173576	0.3111111111111111	0.2466666666666666	0.5948717948717949
0.0904191034580902	0.525451587756815	0.3777777777777777	0.4833333333333333	0.2974358974358974
	0.2872588909835421	0.2222222222222222	0.3766666666666666	0.6102564102564103
0.2595702291162658	0.5488148398019854	0.2666666666666666	0.26	0.5230769230769231
0.1977372989896115	0.3869054913391015	0.2222222222222222	0.2666666666666666	0.5538461538461539
0.6694179592998435	0.2397681215311988	0.2666666666666666	0.2533333333333333	0.3435897435897436
0.2697808453109435	0.6726964678053365	0.2666666666666666	0.2166666666666666	0.6256410256410256
0.1476803756937526	0.5976780651784115	0.2444444444444444	0.3533333333333333	0.3333333333333333
0.0819695460367155	0.1544640554843527	0.4222222222222222	0.49	0.676923076923077
0.2291874199516152	0.6231297125968472	0.2222222222222222	0.2566666666666666	0.3076923076923077
0.1258004838480148	0.0955898487900086	0.4888888888888889	0.4133333333333333	0.5230769230769231
0.2861107158104454	0.7141850395622173	0.1111111111111111	0.3466666666666667	0.3076923076923077
0.2400384232247047	0.5695893741221537	0.1666666666666666	0.3666666666666666	0.3743589743589743
0.3460936388216877	0.5274084889179136	0.2222222222222222	0.2666666666666666	0.4256410256410256
0.2291874199516152	0.4757653899835536	0.4444444444444444	0.3866666666666666	0.6102564102564103
0.182723779706845	0.5188889287958841	0.3333333333333333	0.3466666666666667	0.4923076923076923
0.1457236373986054	0.522516236015167	0.0	0.1166666666666666	0.1641025641025641
0.2443788245339405	0.5786696341561347	0.5555555555555556	0.0666666666666666	0.3333333333333333
0.0982816223139319	0.5743859297851932	0.3222222222222222	0.3166666666666666	0.3692307692307692
0.2960011384659172	0.0779180767193554	0.2222222222222222	0.24	0.3435897435897436
0.3278781841468621	0.5626566937892373	0.1333333333333333	0.4166666666666667	0.6256410256410256
0.3327878184146862	0.622055445453349	0.2666666666666666	0.3233333333333333	0.4769230769230769
0.1252312508894265	0.1352170973022566	0.3333333333333333	0.3833333333333333	0.6512820512820513
0.3848014800056923	0.4607309001972055	0.2666666666666666	0.3866666666666666	0.4102564102564102
0.3939092073431051	0.7429656860961099	0.2888888888888888	0.2933333333333333	0.3641025641025641
	0.4268191156310225	0.2222222222222222	0.1866666666666666	0.5794871794871795
0.0736089369574498	0.1159821907675551	0.1333333333333333	0.5066666666666667	0.3076923076923077
0.2116835064750249	0.278870347780713	0.2888888888888888	0.25	0.3692307692307692
	0.122413713486044	0.1777777777777777	0.45	0.3435897435897436
0.183648783264551	0.1248717722615703	0.2444444444444444	0.23	0.6205128205128205
0.4827095488828803	0.5323127934680548	0.2888888888888888	0.2466666666666666	0.4461538461538462
0.2937242066315639	0.5462021381054356	0.3555555555555555	0.3666666666666666	0.2564102564102564
0.2459086381101465	0.4000311672306877	0.1333333333333333	0.44	0.6102564102564103
0.2026469332574356	0.7280268935494691	0.3555555555555555	0.2533333333333333	0.4974358974358974
0.3007684644940942	0.8258124093068787	0.2666666666666666	0.32	0.4769230769230769
0.2163085242635548	0.4771976268516431	0.1111111111111111	0.38	0.5282051282051282
0.2066671410274655	0.7000335417631942	0.2222222222222222	0.4133333333333333	0.6307692307692307
0.218585456097908	0.5641956056352548	0.1111111111111111	0.5833333333333334	0.2666666666666666
	0.6767057287207582	0.2222222222222222	0.3333333333333333	0.4717948717948718
0.3468051800199231	0.4639047790986728	0.2444444444444444	0.3866666666666666	0.5692307692307692
0.5422655471751815	0.6608952798947378	0.2222222222222222	0.2666666666666666	0.4461538461538462
0.1343389782268393	0.2855284653348681	0.2666666666666666	0.24	0.4461538461538462
0.1158389070727195	0.3107174822986954	0.3555555555555555	0.4133333333333333	0.2
0.2339547459797922	0.1345966164462985	0.3333333333333333	0.5166666666666667	0.3025641025641025
0.2311085811868507	0.5583132084742889	0.1333333333333333	0.2166666666666666	0.3487179487179487
0.158709264266401	0.692361057332789	0.3555555555555555	0.25	0.5846153846153846
0.273231820122385	0.594742355467039	0.2777777777777778	0.2133333333333333	0.3076923076923077
0.2481855699444997	0.5084601968093682	0.1333333333333333	0.25	0.2153846153846154
0.3762629856268678	0.6059113688440096	0.1	0.35	0.5794871794871795
0.1741852853280205	0.7359733441424281	0.1777777777777777	0.3333333333333333	0.1692307692307692
0.1466486409563113	0.5373482342606379	0.2222222222222222	0.3733333333333333	0.3743589743589743
0.2979934538209762	0.5312626296193458	0.3111111111111111	0.3333333333333333	0.5025641025641026
0.4525402020777003	0.667696704661971	0.4	0.1833333333333333	0.2564102564102564
0.0670627579336843	0.689127397487315	0.2444444444444444	0.3	0.3025641025641025
0.3386936103600398	0.3728851297825202	0.2666666666666666	0.3666666666666666	0.3846153846153846
0.3213320051230966	0.6311365407500206	0.2444444444444444	0.3266666666666666	0.3743589743589743
0.2003700014230824	0.720521103687482	0.1333333333333333	0.1333333333333333	0.3282051282051282
0.30510886580333	0.5731215807179368	0.2444444444444444	0.3466666666666667	0.558974358974359
0.4091361889853422	0.5141758994019161	0.1111111111111111	0.2133333333333333	0.5487179487179488
0.1158389070727195	0.7267261508935462	0.0888888888888888	0.3533333333333333	0.2461538461538461
0.121050940657464	0.4964084300915555	0.4222222222222222	0.3733333333333333	0.2307692307692307
0.1229543190550732	0.3002650049871149	0.3777777777777777	0.4333333333333333	0.3076923076923077
0.4290593425359328	0.1617187892461599	0.2333333333333333	0.3133333333333333	0.5435897435897435
0.2519567382951473	0.5190441683331152	0.4222222222222222	0.42	0.3948717948717948
0.2898818841610929	0.6781135043243339	0.4444444444444444	0.3933333333333333	0.5743589743589743
0.1201081542621317	0.6093475202303607	0.3111111111111111	0.3933333333333333	0.7333333333333333
0.3246050946349794	0.6605376681398711	0.2666666666666666	0.4	0.3487179487179487
0.2119325458944073	0.7657327992265944	0.1555555555555555	0.4	0.3743589743589743
0.2965703714245055	0.6251936467055986	0.3333333333333333	0.46	0.3025641025641025
0.1058773302974242	0.6468864926925851	0.0444444444444444	0.48	0.2051282051282051
0.2102248470186423	0.3953295928679066	0.2888888888888888	0.23	0.3794871794871794
0.0330155115981215	0.621757614642489	0.2	0.3	0.3743589743589743
0.3614629287035719	0.6568503413300985	0.2666666666666666	0.2166666666666666	0.2615384615384615
0.642094777287605	0.6057562486300201	0.2222222222222222	0.28	0.482051282051282
0.1912622740856695	0.624537488200423	0.2666666666666666	0.2766666666666666	0.5692307692307692
0.4742422086238793	0.7449589808458753	0.2222222222222222	0.1733333333333333	0.6564102564102564
0.3362743702860395	0.5617857534493068	0.2444444444444444	0.32	0.4974358974358974
	0.6222229752844577	0.2666666666666666	0.1866666666666666	0.6410256410256411
0.1419880461078696	0.5821297695140334	0.2444444444444444	0.2	0.2974358974358974
0.3324320478155685	0.6624945693009698	0.3555555555555555	0.6333333333333333	0.241025641025641
0.1814785826099331	0.2601485311845922	0.3	0.25	0.6820512820512821
0.2595702291162658	0.2303891954236673	0.3777777777777777	0.4	0.3179487179487179
	0.4708017817823718	0.2222222222222222	0.2333333333333333	0.358974358974359
0.1571082965703714	0.5171228254979926	0.3333333333333333	0.47	0.7897435897435897
0.5500925003557706	0.5517505495133581	0.3111111111111111	0.2533333333333333	0.4974358974358974
0.333285897253451	0.756222736876621	0.2222222222222222	0.19	0.3641025641025641
0.163939092073431	0.5624658959260301	0.2222222222222222	0.4533333333333333	0.3743589743589743
0.3421090081115696	0.6106241595914945	0.3333333333333333	0.3666666666666666	0.3230769230769231
0.2111854276362601	0.7353768472580174	0.1111111111111111	0.2466666666666666	0.2358974358974359
	0.3678854859623963	0.2444444444444444	0.36	0.5333333333333333
0.2736587448413263	0.3542346684848346	0.2222222222222222	0.37	0.5025641025641026
0.4758787533798207	0.6692239228303186	0.1555555555555555	0.1666666666666666	0.4205128205128205
0.3392628433186281	0.8027824270753027	0.0888888888888888	0.5166666666666667	0.2923076923076923
0.2054930980503771	0.7260103307676053	0.2666666666666666	0.51	0.5897435897435898
0.1371851430197808	0.161754586218619	0.3111111111111111	0.2133333333333333	0.7435897435897436
	0.5463929359686428	0.2444444444444444	0.2533333333333333	0.5076923076923077
0.2561904084246478	0.7206762239014713	0.3111111111111111	0.27	0.5846153846153846
