X0	X1	X2	X3	X4
0.6407185628742516	0.331578947368421	0.7073170731707317	0.6605504587155964	0.5
0.0718562874251497	0.5736842105263158	0.1951219512195122	0.7064220183486238	1.0
0.5029940119760479	0.2421052631578947	0.926829268292683	0.5535168195718655	0.75
0.0898203592814371	0.331578947368421	0.6341463414634146	0.5932721712538226	1.0
0.3053892215568862	0.5421052631578948	0.7317073170731707	0.2293577981651376	0.5
0.0179640718562874	0.4210526315789473	0.1219512195121951	0.055045871559633	0.0
0.6526946107784432	0.331578947368421	0.8292682926829268	0.6116207951070336	0.75
0.3772455089820359	0.3	0.6585365853658537	0.7522935779816514	0.5
	0.331578947368421	0.4634146341463415	0.3914373088685015	0.25
0.2574850299401197	0.4526315789473685	0.5365853658536586	0.5596330275229358	0.75
0.0479041916167664	0.6631578947368422	0.3902439024390244	0.0886850152905198	0.75
0.1137724550898203	0.5157894736842106	0.2926829268292683	0.6605504587155964	1.0
0.0718562874251497	0.4526315789473685	0.4878048780487805	0.0611620795107033	1.0
0.1317365269461078	0.331578947368421	0.6341463414634146	0.4311926605504587	0.25
0.0898203592814371	0.4210526315789473	0.3170731707317073	0.7614678899082569	0.0
0.1796407185628742	0.4842105263157895	0.5365853658536586	0.7247706422018348	0.75
0.3712574850299401	0.5157894736842106	0.7073170731707317	0.6513761467889908	0.5
0.2934131736526946	0.3	0.7317073170731707	0.8195718654434251	0.5
0.0359281437125748	0.2736842105263158	0.4390243902439024	0.3792048929663608	0.0
0.4311377245508982	0.363157894736842	0.5365853658536586	0.8532110091743119	0.25
0.0778443113772455	0.5157894736842106	0.1951219512195122	1.0	0.0
0.2934131736526946	0.3	0.7317073170731707	0.8195718654434251	0.5
0.059880239520958	0.4210526315789473	0.1463414634146341	0.1131498470948012	0.0
0.5748502994011976	0.2105263157894736	0.8780487804878049	0.8103975535168195	0.5
0.1616766467065868	0.6947368421052632	0.8536585365853658	0.8685015290519877	0.5
0.3772455089820359	0.1526315789473684	0.6585365853658537	0.5137614678899083	0.5
0.1976047904191616	0.5421052631578948	0.2439024390243902	0.9174311926605504	0.0
0.0778443113772455	0.4842105263157895	0.2926829268292683	0.8165137614678899	0.0
0.0	0.4210526315789473	0.073170731707317	0.0030581039755351	0.0
	0.4210526315789473	0.4390243902439024	0.8562691131498471	0.25
0.0419161676646706	0.9684210526315792	0.1219512195121951	0.036697247706422	0.0
0.6826347305389222	0.2105263157894736	0.5609756097560976	0.6605504587155964	0.0
0.0898203592814371	0.3	0.6341463414634146	0.2140672782874617	0.75
0.6526946107784432	0.331578947368421	0.8292682926829268	0.6116207951070336	0.75
0.2095808383233532	0.4526315789473685	0.6097560975609756	0.4036697247706422	1.0
0.0359281437125748	0.6631578947368422	0.5853658536585366	0.1253822629969418	0.5
0.0479041916167664	0.636842105263158	0.6097560975609756	0.0519877675840978	0.75
0.2634730538922156	0.4210526315789473	0.5609756097560976	0.6269113149847095	0.75
0.1017964071856287	0.6052631578947368	0.048780487804878	0.1773700305810397	0.0
0.0898203592814371	0.3	0.6341463414634146	0.2140672782874617	0.75
	0.6947368421052632	0.048780487804878	0.7920489296636085	0.0
0.6826347305389222	0.2105263157894736	0.5609756097560976	0.6605504587155964	0.0
0.0359281437125748	0.2736842105263158	0.4390243902439024	0.3792048929663608	0.0
0.3772455089820359	0.1526315789473684	0.6585365853658537	0.5137614678899083	0.5
0.4311377245508982	0.363157894736842	0.5365853658536586	0.8532110091743119	0.25
0.1197604790419161	0.4842105263157895	0.4634146341463415	0.6819571865443425	1.0
	0.4210526315789473	0.4390243902439024	0.8562691131498471	0.25
0.4550898203592814	0.1789473684210526	0.7804878048780488	0.8226299694189603	0.5
0.6407185628742516	0.331578947368421	0.7073170731707317	0.6605504587155964	0.5
0.1137724550898203	0.5157894736842106	0.2926829268292683	0.6605504587155964	1.0
0.1976047904191616	0.5421052631578948	0.2439024390243902	0.9174311926605504	0.0
0.0479041916167664	0.4842105263157895	0.3658536585365853	0.0519877675840978	1.0
	0.2105263157894736	0.7804878048780488	0.4464831804281345	0.75
0.2634730538922156	0.6947368421052632	0.6097560975609756	0.7492354740061162	0.0
0.3832335329341317	0.4210526315789473	0.5853658536585366	0.4587155963302752	0.75
0.8023952095808383	0.0	0.4878048780487805	0.1590214067278287	0.25
	0.5157894736842106	0.5853658536585366	0.2782874617737003	0.25
0.0898203592814371	0.3	0.6341463414634146	0.2140672782874617	0.75
0.0479041916167664	0.636842105263158	0.6097560975609756	0.0519877675840978	0.75
0.4191616766467065	0.2421052631578947	0.4878048780487805	0.7431192660550459	0.25
	0.4210526315789473	0.4390243902439024	0.8562691131498471	0.25
0.0718562874251497	0.4526315789473685	0.4878048780487805	0.3975535168195718	0.25
0.2634730538922156	0.4210526315789473	0.5609756097560976	0.6269113149847095	0.75
0.4610778443113772	0.2736842105263158	0.7317073170731707	0.8103975535168195	0.75
0.2095808383233532	0.331578947368421	0.3902439024390244	0.3394495412844037	0.0
0.1257485029940119	0.4526315789473685	0.5121951219512195	0.1957186544342507	0.75
	0.6947368421052632	0.5121951219512195	0.073394495412844	0.25
	0.2105263157894736	0.7804878048780488	0.4464831804281345	0.75
0.3712574850299401	0.5157894736842106	0.7073170731707317	0.6513761467889908	0.5
0.4610778443113772	0.1789473684210526	0.8780487804878049	0.581039755351682	1.0
0.1137724550898203	0.363157894736842	0.6341463414634146	0.2262996941896024	0.5
0.0419161676646706	0.9684210526315792	0.1219512195121951	0.036697247706422	0.0
0.1317365269461078	0.4526315789473685	0.5365853658536586	0.6513761467889908	1.0
0.1377245508982036	0.4526315789473685	0.2926829268292683	0.7064220183486238	1.0
0.1616766467065868	0.5157894736842106	0.6341463414634146	0.8134556574923547	0.75
0.1017964071856287	0.331578947368421	0.4878048780487805	0.3792048929663608	1.0
0.0778443113772455	0.6631578947368422	0.4634146341463415	0.5626911314984709	1.0
0.7005988023952096	0.5157894736842106	0.6341463414634146	0.8807339449541285	0.5
0.8023952095808383	0.0	0.4878048780487805	0.1590214067278287	0.25
0.1137724550898203	0.5736842105263158	0.4634146341463415	0.7584097859327217	0.75
0.1736526946107784	0.2736842105263158	0.3414634146341463	0.5688073394495413	1.0
0.2574850299401197	0.6947368421052632	0.6097560975609756	0.7003058103975535	1.0
	0.331578947368421	0.4634146341463415	0.3914373088685015	0.25
0.0658682634730539	0.5157894736842106	0.4146341463414634	0.345565749235474	0.25
0.2574850299401197	0.4526315789473685	0.5365853658536586	0.5596330275229358	0.75
0.5029940119760479	0.6631578947368422	0.5609756097560976	0.7859327217125383	0.25
0.2275449101796407	0.7578947368421054	0.2682926829268293	0.7186544342507645	0.25
0.4850299401197604	0.3	0.7804878048780488	0.6299694189602446	0.5
0.6826347305389222	0.2105263157894736	0.5609756097560976	0.6605504587155964	0.0
0.6407185628742516	0.331578947368421	0.7073170731707317	0.6605504587155964	0.5
0.0718562874251497	0.5736842105263158	0.1951219512195122	0.7064220183486238	1.0
0.1676646706586826	0.4210526315789473	0.6341463414634146	0.3669724770642202	0.25
0.7005988023952096	0.7842105263157896	0.024390243902439	0.1804281345565749	0.0
0.497005988023952	0.2421052631578947	0.975609756097561	0.7033639143730887	0.75
0.467065868263473	0.1789473684210526	0.7560975609756098	0.5504587155963303	0.5
0.3772455089820359	0.1526315789473684	0.6585365853658537	0.5137614678899083	0.5
0.0778443113772455	0.7842105263157896	0.1707317073170731	0.0397553516819571	1.0
0.3892215568862275	0.1526315789473684	0.7560975609756098	0.0519877675840978	0.75
0.1317365269461078	0.5421052631578948	0.2682926829268293	0.018348623853211	0.0
0.1736526946107784	0.2736842105263158	0.3414634146341463	0.5688073394495413	1.0
