X0	X1	X2	X3	X4
0.1030311655044827	0.4334534878601131	0.5777777777777777	0.5	0.3128205128205128
	0.6167578514991234	0.2666666666666666	0.2166666666666666	0.2666666666666666
0.1419880461078696	0.5781446118934009	0.2444444444444444	0.3333333333333333	0.5076923076923077
0.3278781841468621	0.3952342535979238	0.2777777777777778	0.25	0.6666666666666666
0.4371709121958161	0.8008851875349692	0.2222222222222222	0.1866666666666666	0.2923076923076923
0.2282624163939092	0.1254922531175285	0.4	0.4233333333333333	0.4
0.2519567382951473	0.7230629273785627	0.2777777777777778	0.2666666666666666	0.358974358974359
0.3136473601821545	0.6166267152566817	0.1333333333333333	0.2333333333333333	0.5538461538461539
0.3820264693325743	0.6356825176058459	0.2666666666666666	0.24	0.5487179487179488
0.4146150562117546	0.708958800906427	0.2222222222222222	0.1966666666666666	0.3948717948717948
0.171339120535079	0.3888980701494177	0.3555555555555555	0.2	0.241025641025641
0.182723779706845	0.4933656874325301	0.3888888888888889	0.4666666666666667	0.6512820512820513
0.1942151700583463	0.2832496300681205	0.1333333333333333	0.3833333333333333	0.3128205128205128
0.4308381955315212	0.0331600481445415	0.2777777777777778	0.2333333333333333	0.3743589743589743
0.2424932403586167	0.4091831405328283	0.2666666666666666	0.4066666666666667	0.3487179487179487
0.1944997865376405	0.0578240428456349	0.5555555555555556	0.4666666666666667	0.3230769230769231
0.152554432901665	0.7207476985231482	0.1333333333333333	0.2666666666666666	0.2307692307692307
0.1494948057492529	0.7035650324195282	0.2666666666666666	0.2666666666666666	0.5076923076923077
0.1675323751245197	0.4907288824411912	0.2222222222222222	0.3366666666666666	0.5230769230769231
	0.3377684191233631	0.1777777777777777	0.2	0.3743589743589743
0.2952895972676818	0.7534187600238981	0.3111111111111111	0.2166666666666666	0.5333333333333333
0.4417247758645226	0.8811777967607797	0.2666666666666666	0.2	0.3846153846153846
	0.5666419707331113	0.2444444444444444	0.26	0.3846153846153846
0.1480005692329586	0.8183903843604459	0.4	0.25	0.5025641025641026
0.2163085242635548	0.1968714162010177	0.1555555555555555	0.4733333333333333	0.3230769230769231
0.183648783264551	0.7674632248752684	0.2666666666666666	0.2233333333333333	0.5641025641025641
0.2738010530809734	0.1013412290317742	0.0	0.0	0.0
0.1944997865376405	0.0578240428456349	0.5555555555555556	0.4666666666666667	0.3230769230769231
	0.5999329164736117	0.2222222222222222	0.2	0.5282051282051282
0.2999857691760353	0.4827817159087831	0.4	0.62	0.3128205128205128
0.2519567382951473	0.3748537246212889	0.3777777777777777	0.15	0.3692307692307692
0.2920876618756226	0.5841945388854756	0.2222222222222222	0.2833333333333333	0.2153846153846154
0.1131884218016223	0.4536788966227585	0.1333333333333333	0.2366666666666666	0.6205128205128205
0.1070157962146008	0.679294804415485	0.3222222222222222	0.4	0.358974358974359
0.3695744983634552	0.7138872087513575	0.1333333333333333	0.5566666666666666	0.3692307692307692
0.2282624163939092	0.3956639365906748	0.2666666666666666	0.3666666666666666	0.3487179487179487
0.0512309662729472	0.8405726942841899	0.2666666666666666	0.2166666666666666	0.2461538461538461
0.2010103885014942	0.6983389130869793	0.3555555555555555	0.4833333333333333	0.5538461538461539
0.3825245481713391	0.5052980115855707	0.1	0.4133333333333333	0.6410256410256411
0.2985626867795645	0.5540054008085582	0.1555555555555555	0.5	0.4051282051282051
0.2140315924292016	0.6168889877415655	0.1555555555555555	0.2666666666666666	0.5743589743589743
0.2282624163939092	0.5299262093142052	0.2222222222222222	0.3333333333333333	0.3230769230769231
0.3096627294720364	0.4647878904092393	0.2666666666666666	0.31	0.3025641025641025
0.3916322755087519	0.574063995679544	0.3111111111111111	0.4166666666666667	0.5897435897435898
0.3648783264551017	0.6039901453321285	0.3111111111111111	0.35	0.3076923076923077
0.175323751245197	0.6647136236237108	0.4444444444444444	0.38	0.6615384615384615
0.1305678098761918	0.5913420010531469	0.4444444444444444	0.4666666666666667	0.3230769230769231
0.4827095488828803	0.6367924623985619	0.2444444444444444	0.5	0.3743589743589743
0.2628077415682368	0.2870319381781513	0.3111111111111111	0.4833333333333333	0.3230769230769231
0.2031805891561121	0.7366178089699337	0.2444444444444444	0.2366666666666666	0.4769230769230769
0.3643090934965134	0.880629387142706	0.4	0.3333333333333333	0.3743589743589743
0.3460936388216877	0.6697847420655116	0.1111111111111111	0.35	0.2153846153846154
0.3115838907072719	0.0998140108634265	0.2777777777777778	0.2733333333333333	0.2666666666666666
0.2117546605948484	0.6498936770256344	0.1111111111111111	0.45	0.6410256410256411
0.2356980219154689	0.6057803519248092	0.2222222222222222	0.4	0.3076923076923077
0.1741852853280205	0.5567859903059412	0.1555555555555555	0.3133333333333333	0.4461538461538462
0.4834210900811157	0.7382885729978426	0.3111111111111111	0.3633333333333333	0.2102564102564102
0.1571082965703714	0.0623105967271782	0.4222222222222222	0.3666666666666666	0.5641025641025641
0.1457236373986054	0.846752922256016	0.3777777777777777	0.4733333333333333	0.2769230769230769
0.4151131350505194	0.5493639653595084	0.0888888888888888	0.3833333333333333	0.6564102564102564
0.3354205208481571	0.6505381418531401	0.1111111111111111	0.3666666666666666	0.5692307692307692
0.2730539348228262	0.5517505495133581	0.3777777777777777	0.3333333333333333	0.558974358974359
0.1821545467482567	0.2450896994569718	0.1333333333333333	0.3766666666666666	0.8307692307692308
0.1608794649210189	0.7989879479946357	0.4666666666666667	0.2666666666666666	0.282051282051282
0.1887007257720222	0.2230985453661594	0.4	0.4133333333333333	0.241025641025641
0.3415397751529813	0.5478607311627084	0.1333333333333333	0.2333333333333333	0.5692307692307692
	0.666837338676469	0.2222222222222222	0.2	0.5282051282051282
0.1656467909491959	0.3558337192445837	0.1222222222222222	0.3666666666666666	0.4564102564102564
0.071723352782126	0.8290460691523528	0.3777777777777777	0.4	0.6512820512820513
0.160559271381813	0.5481233616173168	0.1555555555555555	0.2333333333333333	0.3743589743589743
0.463355628290878	0.3824905314024765	0.1777777777777777	0.2666666666666666	0.4974358974358974
0.175323751245197	0.6666465408132619	0.3333333333333333	0.2666666666666666	0.3948717948717948
0.2368009107727337	0.0614514693881593	0.4555555555555555	0.38	0.6256410256410256
0.4579479151842892	0.5610574043830051	0.1777777777777777	0.21	0.558974358974359
0.1157499701152696	0.5560576412396395	0.4222222222222222	0.3066666666666666	0.3487179487179487
0.1457236373986054	0.4689998815120212	0.4	0.4	0.282051282051282
0.3961861391774584	0.6986250502201693	0.2222222222222222	0.3133333333333333	0.5230769230769231
0.1466486409563113	0.4415557746065107	0.2444444444444444	0.4533333333333333	0.3179487179487179
0.3712110431193966	0.5059541700907465	0.2222222222222222	0.36	0.3435897435897436
0.1514159669844884	0.348161115490937	0.3555555555555555	0.25	0.3846153846153846
0.2937242066315639	0.6502163270707326	0.1111111111111111	0.4333333333333333	0.3128205128205128
0.2481855699444997	0.5084601968093682	0.1333333333333333	0.25	0.2153846153846154
0.4326170485271097	0.0894804988236518	0.2666666666666666	0.2	0.6205128205128205
0.3668706418101608	0.6800106245414259	0.1777777777777777	0.2333333333333333	0.5076923076923077
0.2093709975807599	0.594742355467039	0.2222222222222222	0.3266666666666666	0.3948717948717948
0.2058844457094066	0.4134309286080693	0.3333333333333333	0.4	0.5641025641025641
0.3961861391774584	0.7101284073199081	0.1111111111111111	0.4166666666666667	0.2205128205128205
0.0774156823680091	0.6665154045708199	0.2888888888888888	0.3533333333333333	0.4
0.4259997153835207	0.6596541988595801	0.2666666666666666	0.26	0.6102564102564103
0.2140315924292016	0.5808531301528996	0.2222222222222222	0.24	0.4153846153846154
	0.4426412581347129	0.2222222222222222	0.24	0.4
0.5609790806887719	0.3118274270914113	0.2666666666666666	0.3866666666666666	0.3384615384615385
0.1400313078127223	0.7445649755023418	0.1111111111111111	0.5133333333333333	0.2974358974358974
0.3025473174896826	0.7394341954397761	0.3111111111111111	0.3333333333333333	0.3230769230769231
0.30510886580333	0.1844499860809439	0.3777777777777777	0.2533333333333333	0.6
0.1381101465774868	0.5124815093721844	0.4444444444444444	0.2333333333333333	0.6
0.3278781841468621	0.5813781524156334	0.2666666666666666	0.42	0.5487179487179488
0.0500925003557706	0.9808845360300704	0.2888888888888888	0.4333333333333333	0.1128205128205128
0.2443788245339405	0.7842874439613311	0.3777777777777777	0.2766666666666666	0.6410256410256411
0.4254304824249324	0.4971960828088977	0.1333333333333333	0.24	0.6820512820512821
