X0	X1	X2	X3	X4
0.2367149758454106	0.0704845814977973	0.0035755054292965	0.1565420560747663	0.2315521628498727
0.3768115942028986	0.145374449339207	0.0003679279993207	0.25	0.2646310432569974
0.5507246376811594	0.079295154185022	0.0010660477929037	0.366822429906542	0.2849872773536895
0.3429951690821256	0.1497797356828193	0.0012924650232549	0.2032710280373831	0.2315521628498727
0.2270531400966183	0.1365638766519823	0.0122548325927603	0.1962616822429906	0.3002544529262086
0.391304347826087	0.0594713656387665	0.0041415485051745	0.1962616822429906	0.2010178117048346
0.2898550724637681	0.1674008810572687	0.0047075915810526	0.2313084112149532	0.2977099236641221
0.357487922705314	0.13215859030837	0.008103850036321	0.2850467289719626	0.3129770992366412
0.4444444444444444	0.0726872246696035	0.0031981433787111	0.2149532710280373	0.2010178117048346
0.3333333333333333	0.1740088105726872	0.0148963669468579	0.2429906542056074	0.2824427480916031
0.6570048309178745	0.0616740088105726	0.0002735874866744	0.3714953271028037	0.2493638676844783
0.3768115942028986	0.1167400881057268	0.0045189105557599	0.2663551401869158	0.2798982188295165
0.2318840579710145	0.1145374449339207	4.7170256323172855e-05	0.3738317757009345	0.5597964376590331
	0.0594713656387665	0.0079151690110284	0.1892523364485981	0.2442748091603053
0.3671497584541063	0.1519823788546255	0.0043302295304672	0.2453271028037383	0.2620865139949109
	0.1365638766519823	0.002632100302833	0.2710280373831775	0.2875318066157761
0.4444444444444444	0.105726872246696	0.000179246974028	0.3247663551401869	0.3002544529262086
0.4347826086956521	0.0726872246696035	0.0030094623534184	0.1518691588785046	0.1450381679389313
0.4396135265700483	0.0969162995594713	0.0039528674798818	0.2126168224299065	0.1984732824427481
0.3043478260869565	0.1894273127753304	0.0014811460485476	0.3341121495327103	0.4147582697201017
0.2270531400966183	0.1365638766519823	0.0018396399966037	0.4906542056074766	0.2951653944020356
0.3140096618357488	0.039647577092511	0.1094255606184964	0.1682242990654205	0.2035623409669211
	0.1387665198237885	0.0013113331257842	0.1588785046728972	0.366412213740458
0.4057971014492754	0.145374449339207	0.0024434192775403	0.1985981308411215	0.1984732824427481
0.2946859903381643	0.0616740088105726	0.0048962726063453	0.3107476635514019	0.3944020356234097
0.357487922705314	0.0704845814977973	0.0033868244040038	0.2757009345794392	0.3027989821882951
0.4106280193236715	0.1013215859030837	0.0020660572269549	0.2593457943925233	0.2569974554707379
	0.1101321585903083	0.0010849158954329	0.264018691588785	0.2442748091603053
0.3140096618357488	0.0594713656387665	0.0060283587581014	0.219626168224299	0.2671755725190839
0.2801932367149758	0.105726872246696	2.8302153793903713e-05	0.3014018691588785	0.3969465648854962
0.3478260869565217	0.079295154185022	0.050934442777762	0.1985981308411215	0.2213740458015267
0.2946859903381643	0.158590308370044	0.0086698931121991	0.2079439252336448	0.2646310432569974
0.3768115942028986	0.0638766519823788	0.0048962726063453	0.1869158878504672	0.1959287531806615
0.357487922705314	0.1519823788546255	0.000179246974028	0.3925233644859813	0.4300254452926209
0.2801932367149758	0.145374449339207	0.0015188822536061	0.1915887850467289	0.2519083969465648
0.5555555555555556	0.1255506607929515	0.0005566090246134	0.3481308411214953	0.2697201017811705
0.3091787439613527	0.0969162995594713	0.0039528674798818	0.25	0.3053435114503817
0.3429951690821256	0.1762114537444934	0.0035755054292965	0.2336448598130841	0.2646310432569974
0.2077294685990338	0.1167400881057268	0.0271606335908829	0.1144859813084112	0.1857506361323155
0.3429951690821256	0.1674008810572687	0.0043302295304672	0.2102803738317757	0.2391857506361323
0.6763285024154589	0.0726872246696035	2.8302153793903713e-05	0.4532710280373832	0.2977099236641221
0.3768115942028986	0.1123348017621145	0.0031981433787111	0.2359813084112149	0.2493638676844783
	0.0969162995594713	0.0003679279993207	0.1985981308411215	0.2111959287531806
0.3140096618357488	0.0947136563876652	0.0396135812602005	0.1728971962616822	0.2086513994910941
0.2946859903381643	0.1740088105726872	0.0062170397833941	0.2126168224299065	0.2697201017811705
0.3864734299516908	0.0638766519823788	0.009990660289248	0.2102803738317757	0.2188295165394402
0.2318840579710145	0.1343612334801762	0.0065944018339795	0.1518691588785046	0.2290076335877862
0.3333333333333333	0.185022026431718	0.0003679279993207	0.2546728971962617	0.2951653944020356
0.3381642512077294	0.1079295154185022	0.0009905753827866	0.2149532710280373	0.2468193384223918
0.391304347826087	0.0308370044052863	0.0060283587581014	0.2102803738317757	0.2162849872773536
0.2415458937198067	0.079295154185022	0.0058396777328088	0.1985981308411215	0.2875318066157761
0.251207729468599	0.1519823788546255	0.0015000141510768	0.1869158878504672	0.2671755725190839
0.2415458937198067	0.1013215859030837	0.0048962726063453	0.1495327102803738	0.2188295165394402
0.3526570048309179	0.0572687224669603	9.434051264634572e-05	0.5654205607476636	0.628498727735369
0.3140096618357488	0.1960352422907489	4.7170256323172855e-05	0.4696261682242991	0.5648854961832062
0.4444444444444444	0.066079295154185	2.8302153793903713e-05	0.4906542056074766	0.455470737913486
0.4589371980676329	0.1674008810572687	0.0015000141510768	0.2850467289719626	0.2569974554707379
0.3188405797101449	0.1387665198237885	0.0037641864545891	0.1822429906542056	0.2188295165394402
0.357487922705314	0.0352422907488986	0.0015000141510768	0.1892523364485981	0.2086513994910941
0.4009661835748793	0.092511013215859	0.0003679279993207	0.455607476635514	0.4580152671755725
0.2270531400966183	0.1277533039647577	0.0028207813281257	0.175233644859813	0.2671755725190839
0.3864734299516908	0.1696035242290749	0.0077264879857357	0.2663551401869158	0.2748091603053435
	0.0726872246696035	0.0058396777328088	0.2149532710280373	0.2646310432569974
0.3043478260869565	0.0506607929515418	0.0048962726063453	0.1518691588785046	0.188295165394402
	0.1277533039647577	0.0016886951763695	0.2009345794392523	0.2569974554707379
0.3719806763285024	0.0506607929515418	0.0030094623534184	0.3200934579439252	0.3409669211195928
0.3864734299516908	0.0726872246696035	0.0011226521004915	0.1728971962616822	0.1806615776081425
0.4396135265700483	0.0550660792951541	0.0035755054292965	0.2336448598130841	0.2162849872773536
0.5362318840579711	0.13215859030837	0.013009556693931	0.2897196261682243	0.2315521628498727
0.6859903381642513	0.0418502202643171	0.0016886951763695	0.3598130841121495	0.2315521628498727
0.6038647342995169	0.1497797356828193	0.0490476325248351	0.2032710280373831	0.1450381679389313
0.3429951690821256	0.1674008810572687	0.0043302295304672	0.2102803738317757	0.2391857506361323
0.4106280193236715	0.1541850220264317	0.005084953631638	0.2453271028037383	0.2417302798982188
0.4444444444444444	0.039647577092511	0.005084953631638	0.2780373831775701	0.2595419847328244
	0.0814977973568281	0.0015000141510768	0.1915887850467289	0.2646310432569974
0.2946859903381643	0.0770925110132158	2.8302153793903713e-05	0.219626168224299	0.2798982188295165
0.2995169082125604	0.1079295154185022	0.0245190992367852	0.1962616822429906	0.2468193384223918
0.2560386473429952	0.145374449339207	0.002632100302833	0.2172897196261682	0.3053435114503817
	0.1497797356828193	0.0128208756686383	0.175233644859813	0.1424936386768447
0.7584541062801933	0.145374449339207	0.0015754865611939	0.514018691588785	0.3053435114503817
0.3526570048309179	0.0903083700440528	0.0003679279993207	0.3481308411214953	0.3867684478371501
0.3864734299516908	0.066079295154185	0.0005566090246134	0.2476635514018691	0.2569974554707379
0.357487922705314	0.0837004405286343	1.8868102529269146e-05	0.1915887850467289	0.2111959287531806
0.3864734299516908	0.118942731277533	0.0022547382522476	0.2172897196261682	0.2239185750636132
	0.0704845814977973	0.000462268511967	0.1985981308411215	0.2061068702290076
0.3864734299516908	0.0991189427312775	0.0017075632788988	0.2850467289719626	0.2951653944020356
0.429951690821256	0.1167400881057268	0.0001415107689695	0.3060747663551402	0.2900763358778626
0.3091787439613527	0.0462555066079295	0.0024434192775403	0.2149532710280373	0.2620865139949109
0.3671497584541063	0.1629955947136563	0.0084812120869064	0.3037383177570093	0.3282442748091603
	0.105726872246696	0.0039528674798818	0.338785046728972	0.2824427480916031
	0.1629955947136563	0.0101793413145407	0.322429906542056	0.3180661577608142
0.3188405797101449	0.1497797356828193	0.002632100302833	0.2827102803738318	0.3409669211195928
0.4202898550724638	0.1519823788546255	0.0002735874866744	0.3738317757009345	0.366412213740458
0.4154589371980677	0.1079295154185022	0.0056509967075161	0.2079439252336448	0.2035623409669211
0.3285024154589372	0.1431718061674008	0.0011226521004915	0.2827102803738318	0.3307888040712468
0.4589371980676329	0.1762114537444934	0.002632100302833	0.2219626168224299	0.2010178117048346
0.3140096618357488	0.1167400881057268	0.0058396777328088	0.2383177570093458	0.2900763358778626
0.463768115942029	0.1431718061674008	0.0035755054292965	0.2523364485981308	0.2264631043256997
0.3285024154589372	0.1343612334801762	0.0082925310616137	0.2242990654205607	0.2620865139949109
0.3816425120772947	0.1740088105726872	0.0015000141510768	0.2850467289719626	0.2951653944020356
