X0	X1	X2	X3	X4
0.4021739130434782	0.6098191214470284	0.6660051034873831	0.3511904761904762	1.0
0.0108695652173913	0.0568475452196382	0.1338247802665154	0.8154761904761904	0.2
0.5815217391304348	0.7312661498708011	0.7204423022398639	0.3273809523809524	1.0
0.2391304347826087	0.2144702842377261	0.31811738020981	0.5952380952380952	0.2
0.1576086956521739	0.0568475452196382	0.1451658633399489	0.3869047619047618	0.2
0.1358695652173913	0.0749354005167958	0.0601077402891976	0.2499999999999999	0.2
0.1195652173913043	0.0594315245478036	0.1054720725829316	0.4761904761904761	0.2
0.2391304347826087	0.4056847545219638	0.5012758718457613	0.6369047619047619	0.6
0.1576086956521739	0.0749354005167958	0.1848596540969662	0.6071428571428571	0.2
0.1847826086956521	0.1395348837209302	0.2375956903884321	0.5059523809523809	0.2
0.5652173913043478	0.6098191214470284	0.6461582081088744	0.2678571428571428	1.0
	0.0775193798449612	0.1227672242699177	0.6547619047619048	0.2
0.5	0.7312661498708011	0.6640204139495322	0.3095238095238095	1.0
0.1304347826086956	0.0775193798449612	0.1437482279557697	0.4464285714285714	0.2
0.1358695652173913	0.0542635658914728	0.1068897079671108	0.4107142857142857	0.2
0.2934782608695652	0.4702842377260982	0.47207258293167	0.5952380952380952	0.6
0.0434782608695652	0.0749354005167958	0.181740856251772	0.9226190476190476	0.2
0.2282608695652173	0.1395348837209302	0.2514885171533881	0.4226190476190475	0.2
0.4510869565217391	0.6046511627906976	0.5988091862772895	0.3214285714285714	1.0
	0.082687338501292	0.2004536433229373	0.4642857142857143	0.2
0.1847826086956521	0.1395348837209302	0.2375956903884321	0.5059523809523809	0.2
0.2391304347826087	0.0775193798449612	0.1848596540969662	0.4464285714285714	0.2
0.2554347826086957	0.1033591731266149	0.2205840657782818	0.4464285714285714	0.2
0.5652173913043478	0.6459948320413437	0.6073149985823646	0.3571428571428571	1.0
0.358695652173913	0.1369509043927648	0.3558264814289765	0.4464285714285714	0.2
	0.2144702842377261	0.4031755032605614	0.7440476190476191	0.2
0.2391304347826087	0.4237726098191214	0.4530762687836688	0.5357142857142857	0.6
0.3206521739130434	0.421188630490956	0.5009923447689254	0.4642857142857143	0.6
0.2934782608695652	0.4237726098191214	0.3334278423589453	0.4166666666666666	0.6
0.0108695652173913	0.0568475452196382	0.1054720725829316	0.8035714285714285	0.2
0.2010869565217391	0.1860465116279069	0.2908987808335696	0.5357142857142857	0.2
0.1739130434782608	0.4702842377260982	0.5559965976750779	0.7738095238095237	0.6
0.1304347826086956	0.0439276485788113	0.1068897079671108	0.5357142857142857	0.2
0.1141304347826086	0.0594315245478036	0.10830734335129	0.488095238095238	0.2
0.1902173913043478	0.3410852713178294	0.3966543804933371	0.5714285714285715	0.6
0.0760869565217391	0.0594315245478036	0.0530195633683016	0.4999999999999999	0.2
0.217391304347826	0.1395348837209302	0.2217181740856251	0.4761904761904761	0.2
0.6086956521739131	0.7312661498708011	0.779699461298554	0.2976190476190476	1.0
0.3641304347826087	0.1369509043927648	0.1760703147150553	0.2678571428571428	0.2
0.0163043478260869	0.0	0.0720158775163028	0.6845238095238095	0.2
0.7010869565217391	0.8578811369509044	0.7859370569889425	0.238095238095238	1.0
0.2771739130434782	0.3385012919896641	0.3291749362064077	0.4464285714285714	0.6
0.217391304347826	0.1395348837209302	0.1738020981003686	0.5059523809523809	0.2
0.2282608695652173	0.1343669250645995	0.4698043663169832	0.8273809523809522	0.2
0.3478260869565217	0.421188630490956	0.650411114261412	0.7738095238095237	0.6
0.2771739130434782	0.3385012919896641	0.3291749362064077	0.4464285714285714	0.6
0.5652173913043478	0.6459948320413437	0.8179756166713921	0.3869047619047618	1.0
0.1032608695652173	0.0465116279069767	0.1151119931953501	0.4999999999999999	0.2
0.5652173913043478	0.6098191214470284	0.7496455911539552	0.4464285714285714	1.0
0.1847826086956521	0.0762273901808785	0.1454493904167848	0.5357142857142857	0.2
0.4565217391304347	0.6046511627906976	0.639920612418486	0.4166666666666666	1.0
0.1521739130434782	0.1343669250645995	0.2897646725262262	0.6130952380952381	0.2
0.2934782608695652	0.4237726098191214	0.3651828749645591	0.4761904761904761	0.6
0.217391304347826	0.1395348837209302	0.1738020981003686	0.5059523809523809	0.2
0.2934782608695652	0.4702842377260982	0.4885171533881485	0.5357142857142857	0.6
0.6467391304347826	0.421188630490956	0.5194216047632549	0.3214285714285714	0.6
0.1576086956521739	0.1007751937984496	0.1678480294868159	0.3869047619047618	0.2
0.1141304347826086	0.0749354005167958	0.1054720725829316	0.4999999999999999	0.2
0.1739130434782608	0.0749354005167958	0.1635951233342784	0.3630952380952381	0.2
0.2391304347826087	0.1860465116279069	0.1845761270201304	0.4464285714285714	0.2
0.2282608695652173	0.1343669250645995	0.1550893110292033	0.3869047619047618	0.2
0.5652173913043478	0.6459948320413437	0.8179756166713921	0.3869047619047618	1.0
0.5108695652173914	0.6459948320413437	0.6016444570456478	0.3095238095238095	1.0
0.2119565217391304	0.3410852713178294	0.4130989509498157	0.5178571428571428	0.6
0.3478260869565217	0.421188630490956	0.4043096115679047	0.4166666666666666	0.6
0.2391304347826087	0.1240310077519379	0.1445988091862773	0.3571428571428571	0.2
0.1413043478260869	0.1860465116279069	0.225404026084491	0.6547619047619048	0.2
	0.2144702842377261	0.4031755032605614	0.7440476190476191	0.2
0.358695652173913	0.4237726098191214	0.3464700878933938	0.3988095238095237	0.6
0.1032608695652173	0.0077519379844961	0.045364332293734	0.6547619047619048	0.2
0.5543478260869565	0.7312661498708011	0.8630564218882903	0.3273809523809524	1.0
0.1576086956521739	0.1240310077519379	0.1545222568755316	0.4464285714285714	0.2
0.2934782608695652	0.4237726098191214	0.377658066345336	0.4761904761904761	0.6
0.0108695652173913	0.0568475452196382	0.1054720725829316	0.8035714285714285	0.2
0.5543478260869565	0.7312661498708011	0.8630564218882903	0.3273809523809524	1.0
0.9456521739130436	0.9974160206718348	0.7771477176070315	0.0595238095238095	1.0
0.4293478260869565	0.5142118863049095	0.564785937056989	0.4166666666666666	1.0
0.2282608695652173	0.1343669250645995	0.4698043663169832	0.8273809523809522	0.2
0.5652173913043478	0.6459948320413437	0.6597675077969947	0.3095238095238095	1.0
0.1032608695652173	0.0465116279069767	0.1409129571874114	0.5892857142857142	0.2
0.7282608695652174	0.8578811369509044	0.7391550893110292	0.1845238095238095	1.0
0.3206521739130434	0.4702842377260982	0.4933371136943578	0.3869047619047618	0.6
0.1630434782608695	0.0775193798449612	0.1505528777998298	0.3988095238095237	0.2
0.3478260869565217	0.2919896640826873	0.377658066345336	0.4999999999999999	0.6
0.2282608695652173	0.4702842377260982	0.3992061241848597	0.5059523809523809	0.6
0.6195652173913043	0.7286821705426356	0.8060674794442869	0.3273809523809524	1.0
0.1304347826086956	0.0956072351421188	0.1522540402608449	0.4107142857142857	0.2
0.2771739130434782	0.1343669250645995	0.2531896796144032	0.3869047619047618	0.2
0.7989130434782609	0.6098191214470284	0.8843209526509782	0.625	1.0
0.2119565217391304	0.5012919896640827	0.3975049617238446	0.5357142857142857	0.6
0.1141304347826086	0.2015503875968992	0.4641338247802665	0.8214285714285714	0.2
0.1032608695652173	0.0439276485788113	0.1409129571874114	0.6666666666666666	0.2
0.0869565217391304	0.0542635658914728	0.0657782818259143	0.4345238095238095	0.2
0.266304347826087	0.1705426356589147	0.2557414233059257	0.4047619047619047	0.2
0.2771739130434782	0.1343669250645995	0.2531896796144032	0.3869047619047618	0.2
0.1576086956521739	0.1007751937984496	0.1692656648709951	0.3809523809523809	0.2
0.2934782608695652	0.4702842377260982	0.4732066912390133	0.4166666666666666	0.6
0.4293478260869565	0.5142118863049095	0.564785937056989	0.4166666666666666	1.0
0.25	0.1860465116279069	0.354975900198469	0.4999999999999999	0.2
0.25	0.1860465116279069	0.354975900198469	0.4999999999999999	0.2
