X0	X1	X2	X3	X4
0.575	0.5172413793103449	0.5000000000000038	0.25	0.5789473684210527
0.65	0.6896551724137931	0.8000000000000062	0.2	0.6842105263157895
0.25	0.3103448275862069	0.2000000000000015	0.175	0.2105263157894736
0.7	0.5172413793103449	0.525000000000004	0.975	0.7368421052631579
0.625	0.6551724137931034	0.7499999999999979	0.25	0.7368421052631579
0.575	0.4827586206896552	0.7744999885559142	0.825	0.7894736842105263
0.5	0.4827586206896552	0.5750000000000044	0.5	0.5263157894736842
0.425	0.4482758620689655	0.4500000000000034	0.525	0.2631578947368421
0.625	0.4827586206896552	0.2999750137329124	0.5	0.2105263157894736
0.775	0.4482758620689655	0.5750000000000044	0.325	0.7894736842105263
0.45	0.5172413793103449	0.650000000000005	0.4	0.4736842105263157
0.65	0.6206896551724138	0.4497499942779575	0.375	0.6842105263157895
0.625	0.6206896551724138	0.5494999885559124	0.325	0.3684210526315789
0.475	0.5172413793103449	0.650000000000005	0.775	0.6842105263157895
	0.5172413793103449	0.6250000000000009	0.25	0.2105263157894736
0.725	0.5862068965517241	0.5247499942779581	0.425	0.631578947368421
	0.5517241379310345	0.525000000000004	0.4	0.6842105263157895
0.875	0.7241379310344828	0.3249999999999987	0.9	0.8421052631578947
0.45	0.6206896551724138	0.5000000000000038	0.2	0.4736842105263157
0.55	0.4137931034482758	0.5997499942779586	0.325	0.7368421052631579
0.725	0.4482758620689655	0.4250000000000032	0.175	0.7894736842105263
0.55	0.6896551724137931	0.5000000000000038	0.6	0.6842105263157895
0.575	0.4827586206896552	0.4744999885559118	0.375	0.2631578947368421
0.75	0.4482758620689655	0.7000000000000015	0.7	0.5789473684210527
0.775	0.5517241379310345	0.6747499942779592	0.95	0.7894736842105263
0.9	0.6206896551724138	0.8000000000000062	0.75	0.9473684210526316
0.875	0.7586206896551724	0.7497499942779599	0.425	0.7894736842105263
0.775	0.5517241379310345	0.4749999999999998	0.525	0.3157894736842105
0.4	0.5172413793103449	0.3500000000000026	0.075	0.4736842105263157
0.65	0.7586206896551724	0.624499988555913	0.575	0.6842105263157895
0.5	0.4137931034482758	0.5494999885559124	0.625	0.5263157894736842
0.75	0.6551724137931034	0.1749499917030348	0.425	0.5263157894736842
0.5	0.4482758620689655	0.2249750137329118	0.25	0.2631578947368421
0.65	0.3103448275862069	0.4250000000000032	0.4	0.3684210526315789
0.675	0.5862068965517241	0.2750000000000021	0.2	0.631578947368421
0.85	0.5862068965517241	0.4744999885559118	0.425	0.7368421052631579
0.6	0.5172413793103449	0.3249500274658228	0.125	0.3684210526315789
0.55	0.4482758620689655	0.8750000000000067	0.45	0.5789473684210527
	0.5172413793103449	0.7749999999999906	0.9	0.7894736842105263
0.575	0.4827586206896552	0.4500000000000034	0.25	0.7894736842105263
0.525	0.6206896551724138	0.4500000000000034	0.25	0.1578947368421052
0.55	0.4137931034482758	0.3500000000000026	0.825	0.7368421052631579
0.65	0.4827586206896552	0.3500000000000026	0.35	0.5263157894736842
0.575	0.5172413793103449	0.3500000000000026	0.4	0.4736842105263157
0.5	0.5862068965517241	0.4250000000000032	0.825	0.631578947368421
0.675	0.5862068965517241	0.2750000000000021	0.125	0.5263157894736842
0.475	0.4482758620689655	0.3999500274658233	0.125	0.5263157894736842
0.65	0.4827586206896552	0.5494999885559124	0.175	0.4736842105263157
0.75	0.6551724137931034	0.7250000000000055	0.25	0.4736842105263157
0.475	0.3793103448275862	0.4250000000000032	0.025	0.5789473684210527
	0.6206896551724138	0.7000000000000015	0.675	0.3157894736842105
0.35	0.3448275862068966	0.2000000000000015	0.375	0.4210526315789473
0.525	0.5517241379310345	0.4749999999999998	0.45	0.3157894736842105
0.8	0.6551724137931034	0.624499988555913	0.125	0.7368421052631579
	0.5517241379310345	0.3999999999999992	0.25	0.5789473684210527
0.475	0.3103448275862069	0.3750000000000029	0.125	0.3684210526315789
0.8	0.6551724137931034	0.3999500274658233	0.5	0.6842105263157895
0.775	0.896551724137931	0.7000000000000015	0.85	0.7368421052631579
0.8	0.7931034482758621	0.7250000000000055	0.925	0.7894736842105263
0.9	0.7241379310344828	0.8499999999999911	0.975	0.8947368421052632
0.225	0.3103448275862069	0.5750000000000044	0.575	0.3157894736842105
0.75	0.6206896551724138	0.6000000000000045	0.025	0.5789473684210527
0.65	0.5172413793103449	0.3500000000000026	0.75	0.5263157894736842
0.325	0.5862068965517241	0.2499499917030353	0.25	0.631578947368421
0.75	0.7931034482758621	0.7250000000000055	0.95	0.631578947368421
0.625	0.5862068965517241	0.3249500274658228	0.075	0.631578947368421
	0.6206896551724138	0.525000000000004	0.225	0.3684210526315789
0.875	0.5862068965517241	0.8247499942779604	0.825	0.8421052631578947
0.65	0.6206896551724138	0.650000000000005	0.25	0.7894736842105263
0.325	0.2068965517241379	0.374975013732913	0.425	0.2631578947368421
0.825	0.6551724137931034	0.7749999999999906	0.475	0.7368421052631579
0.65	0.4827586206896552	0.3500000000000026	0.35	0.5263157894736842
0.325	0.1379310344827586	0.1499750137329113	0.0	0.5789473684210527
0.475	0.5517241379310345	0.5494999885559124	0.575	0.4210526315789473
0.675	0.5172413793103449	0.5500000000000004	0.25	0.5789473684210527
0.375	0.3448275862068966	0.2500000000000019	0.175	0.4210526315789473
0.4	0.5172413793103449	0.4250000000000032	0.175	0.4736842105263157
0.675	0.6206896551724138	0.5500000000000004	0.55	0.5263157894736842
	0.5862068965517241	0.3000000000000023	0.475	0.5789473684210527
	0.4482758620689655	0.6000000000000045	0.25	0.7368421052631579
0.45	0.5172413793103449	0.2500000000000019	0.65	0.5789473684210527
0.475	0.4137931034482758	0.5000000000000038	0.25	0.0
0.75	0.6206896551724138	0.4749999999999998	0.2	0.3684210526315789
0.675	0.4827586206896552	0.3249999999999987	0.325	0.5263157894736842
0.825	0.5172413793103449	0.5997499942779586	0.375	0.3684210526315789
0.9	0.6206896551724138	0.8000000000000062	0.75	0.9473684210526316
0.375	0.5172413793103449	0.4749999999999998	0.55	0.5789473684210527
0.5	0.6206896551724138	0.3999500274658233	0.25	0.6842105263157895
0.625	0.5517241379310345	0.4497499942779575	0.25	0.631578947368421
0.55	0.4827586206896552	0.5750000000000044	0.35	0.4736842105263157
0.875	0.8620689655172413	0.4497499942779575	0.25	0.7368421052631579
0.6	0.5862068965517241	0.5750000000000044	0.25	0.631578947368421
0.45	0.5862068965517241	0.3500000000000026	0.5	0.6842105263157895
0.75	0.6551724137931034	0.7744999885559142	0.5	0.631578947368421
0.925	0.6206896551724138	0.650000000000005	0.55	0.7368421052631579
0.775	0.6206896551724138	0.624499988555913	0.75	0.7894736842105263
0.575	0.5517241379310345	0.4500000000000034	0.775	0.3684210526315789
0.575	0.5517241379310345	0.4749999999999998	0.25	0.4210526315789473
0.5	0.5862068965517241	0.2000000000000015	1.0	0.2105263157894736
0.55	0.6206896551724138	0.7497499942779599	0.5	0.6842105263157895
