X0	X1	X2	X3	X4
0.704382683077137	0.7531895953254427	0.13387755469642237	0.32255641677554237	0.976978421169629
0.08459694784280414	0.35540571613407745	0.7984974381548458	0.046113252748776534	0.5128393715031329
0.41499415260192496	0.344794139738126	0.21741155073914797	0.6944321347741373	0.5056274131849233
0.16097188957862896	0.9144118832836943	0.11334863060526168	0.7151906765782454	0.9273184031710111
0.8299451699009399	0.22277650536332683	0.6897276464254436	0.2886300912972556	0.1393687898936271
0.5150006299812122	0.7964420785158569	0.9727277454664285	0.864291360212844	0.015564559436384351
0.3710851489218471	0.8496571226691915	0.2328920532863915	0.014704696765374337	0.4342092793424991
0.37782337762871676	0.3943308485449768	0.8712431347434574	0.6467538626173531	0.2843981419650783
0.9167753925915918	0.39705286496606196	0.6269512657113222	0.6626388017168044	0.1807009187535077
0.5229104161047355	0.6717997769037933	0.5539478691080028	0.5561077401957643	0.10906374641220151
0.8788628911256677	0.9559477213354775	0.5472376990056416	0.416636353707155	0.39449406004979726
0.06829779228707844	0.8747434853138162	0.9577951570916764	0.27686592242814234	0.314951403724516
0.8705573704584827	0.0010996061457613227	0.6592590612170285	0.012798855819338262	0.5296775788997039
0.9257710950825865	0.956272488016078	0.7946314789094608	0.5808566799503923	0.6922597777041442
0.5669885995156264	0.961879299900971	0.3031432107721699	0.8837987354144196	0.035915029610317784
0.995835732578317	0.6153562184047981	0.4853867234193976	0.12021800179226882	0.38839376670395964
0.5400803790565674	0.24616824176724117	0.7956060528327259	0.9785900689698795	0.6056018330783726
0.5053214932118734	0.09081467409691091	0.1051698498228929	0.11698997454235771	0.7838614447255743
0.08454882827522725	0.6263050631380808	0.28337412504562776	0.14940984987389483	0.397784805276868
0.7786947254789138	0.6281577489916923	0.8868693089465531	0.3007337012493496	0.6263199883058187
0.6977119365326204	0.8347470263445109	0.3718354764158376	0.1897709484478296	0.9238129849656285
0.09153829925759649	0.42504678747535296	0.5386356003972681	0.7411753086634895	0.7546567272987239
0.9868550424037088	0.31595478508864794	0.24479007803254593	0.549352986808071	0.189261379191197
0.49472563542723047	0.7311030119307417	0.9029861870969399	0.7146188546052222	0.8692855754036175
0.04628947011393336	0.6808331160375015	0.8728832308259601	0.6058051813660308	0.38587908744443367
0.4893270109268931	0.0691221566671748	0.21821554137349775	0.6908616636806798	0.5039284566324649
0.40585022354763767	0.4319956497005697	0.9996096361585671	0.9753657890047037	0.8029170013170832
0.9429289251315376	0.3344887821314413	0.7908176728836546	0.7236635111211285	0.2904777602060328
0.7251308659822118	0.7707508171611032	0.13222230118350686	0.4644226857957622	0.20171435569428386
0.617917566674742	0.4690334491819814	0.1092809280960716	0.7432625186788185	0.6140837731763685
0.35524353794624186	0.37583107039687713	0.9949078743249732	0.865199416734124	0.30622059666076173
0.44491210147568716	0.4338738968295648	0.01423827393692445	0.9141893028362474	0.47284380389891245
0.8152504427929159	0.9812304633923401	0.868141512271933	0.5884928749086038	0.6857484848268938
0.9263310089016294	0.7911395519561794	0.29193136270001974	0.8869941404044627	0.09056755352359847
0.7050985045983859	0.022581427923138553	0.8731766367915075	0.7455676437388423	0.17119493578524925
0.5033950658783686	0.30809060816426825	0.584460508002539	0.013690411914297651	0.27814323325533574
0.21882590389774714	0.4455318543587915	0.4318404830554532	0.6625857865512467	0.40594830837538554
0.36595284613515533	0.372889969851971	0.1578797554529362	0.9051921484989979	0.3180296892547826
0.2642087142059595	0.1774136396243915	0.8974142755397965	0.1932472435411714	0.6257790378564293
0.35197156352587766	0.7701191474525185	0.0038391561792417983	0.15725449772117572	0.30380226891788986
0.7326461409514164	0.32491727887054034	0.5286120691066288	0.4890322990983176	0.5803693536776097
0.5435245002947824	0.6285445270030555	0.2563050812431138	0.4785273481882769	0.34775952114128617
0.915116445930502	0.8349518973716045	0.5360081526076129	0.42711221242783826	0.6549272982681543
0.6296611155377934	0.7683728634098093	0.9647253040327021	0.37670712463557177	0.42989669935919683
0.007471320649192648	0.7463709553074801	0.9957269835811173	0.27973857088518805	0.07127215778470775
0.2331304519006958	0.08332130395537496	0.026790350899387638	0.3249288346990298	0.8588330286220919
0.5278710841345347	0.20292214086892602	0.5121818215934286	0.6977468191783412	0.3802681346731023
0.9111320025888725	0.8182716699507768	0.9902787441565623	0.45558892039893395	0.3688290518929781
0.029389583548980247	0.6572347047115312	0.18353101956380424	0.13405333358593374	0.6352466938637357
0.26788937918569755	0.6003987650675675	0.37793856836080275	0.49321025846055366	0.5874866529411796
0.555826498481738	0.7247094979188095	0.5715389742473997	0.228826398692337	0.8336051804531629
0.9359077474154087	0.06547830699567692	0.22694801893220573	0.47543757242652285	0.5280549317242524
0.534702255870422	0.9160294500512774	0.9431079453587297	0.4644258657807938	0.26710097283314316
0.7109530052862184	0.17907360224816848	0.7582858188367387	0.3375600671762381	0.6782774342613036
0.8651775455597721	0.9917235945123465	0.6499341118782425	0.3930476659357617	0.8900410039560096
0.17900534570040527	0.5593171617847471	0.33869469535007424	0.6131736101113279	0.8663089466567291
0.19434234967883057	0.4918928266317394	0.3621875095082163	0.11590111812475834	0.5190751626773771
0.09867164402277251	0.22268349787480513	0.19270817720250288	0.8996341012291911	0.08224875990404801
0.7692150579649124	0.7245240882256779	0.7995651755218424	0.565832551269862	0.11526157347754562
0.030923139875585703	0.12108901865960786	0.7745915819351363	0.24637730450650042	0.8932210120502699
0.9324374919007794	0.776170481182223	0.3038854204300503	0.39217252462692687	0.8217188348760737
0.28271612428764215	0.9489685144628595	0.7658601731240352	0.8786744053539234	0.2730228897389998
0.027939965782718623	0.6416796591417909	0.3212793666284599	0.957045108993167	0.08686774129613017
0.8459324474990843	0.8271524380411428	0.7535025373572052	0.5099622903542667	0.803496490005786
0.4748582655962006	0.8107656746206872	0.091410509960135	0.48206490940634816	0.6678848648384729
0.06430807581482201	0.5122670748892558	0.04049292454361697	0.023627726591151865	0.776924556584059
0.08662107119519669	0.8236332972422076	0.11096330006157784	0.6187263977784583	0.8820642290066744
0.6356239671138674	0.9265283991847106	0.007832987719912698	0.040512185030318726	0.8114732037632335
0.1919963123586348	0.39387156337161355	0.14225752744507547	0.39070335236128206	0.738679983661126
0.5001699876058967	0.7082768747728319	0.6265767681056065	0.7752205907530184	0.46197943432284205
0.4354469645471052	0.2591270837165689	0.621250079714832	0.16910522956252083	0.2748641439946875
0.9648326207822856	0.7227670269586014	0.5820793985679041	0.1769558266209983	0.8034497605721014
0.2467475764769791	0.21546837070661196	0.40824651834122494	0.7923903884811263	0.18385500328469806
0.1516549698638926	0.9452617555199483	0.07843915407965374	0.9548407663013638	0.38846000257544966
0.393169854379537	0.4342690215428572	0.05875605200017919	0.6051802530574643	0.41893632280001536
0.7701627704160875	0.8744416541818334	0.8459436658828966	0.23519304502800242	0.9017068036221173
0.745321657499892	0.9245196241888679	0.7907424938874458	0.23086173425099132	0.5317512619929304
0.8847479568979241	0.5675155241901421	0.0723723750685975	0.9958254181145398	0.3305485647419225
0.6194813202401416	0.2882160689750479	0.4517851788650151	0.21105484997442914	0.3760891299909106
0.8900991698374827	0.3512301439780636	0.057740658242592224	0.13060779614222107	0.717443893044805
0.8304080393075638	0.46024683642330666	0.6901895164358212	0.7388741306999697	0.5804049931506879
0.4066003649189178	0.3099395249878645	0.765275382470161	0.8536776360471495	0.3957563803522285
0.39682157681096186	0.9446708956348153	0.2991962619299824	0.7765717117108061	0.1374905912138995
0.8739322180487442	0.7958242871017847	0.46191463905522734	0.43323022374357856	0.4248583280366227
0.3477726496930078	0.3261867695131839	0.11535170742704093	0.9025647699438178	0.3241318939889989
0.1932357545178094	0.6493011178925189	0.2803661049637527	0.5023449704534638	0.35969087318490034
0.9418539362659364	0.4747876483530086	0.5301923566928655	0.7916434735021859	0.07810562019972656
0.3024013577647098	0.38672274545741236	0.4945598160247694	0.9693224154941011	0.8548868321212275
0.8154136997712746	0.06443866882515015	0.1948961097583407	0.445188922688564	0.3435584066028333
0.32584400394341906	0.9548943282713945	0.46531483867381096	0.20135357561693634	0.9718342396746816
0.14227607306241496	0.8977957477909763	0.5571484589748553	0.42237736989965324	0.8619881060286816
0.36085365634986155	0.18502279547901157	0.9869265251709786	0.36186017290334827	0.6062145074675629
0.22999909760662074	0.43500082914863725	0.014557106300472578	0.7469239074264444	0.2807832067447219
0.3138661467463182	0.2728689861558755	0.030953080003539135	0.4026781405713168	0.9770695594970367
0.5724076553217402	0.39649290639464674	0.06114538029353711	0.8188724817137487	0.7523856944644718
0.3299541203553331	0.48303553857321635	0.7397366764591035	0.25034667886014783	0.013894000736460077
0.5407610144602896	0.47569967522338097	0.111329361125448	0.7300704310160075	0.5393591217388137
0.8910757539488209	0.799521598457854	0.14233302731575637	0.6238002724336281	0.5415341554967321
0.49637709747440695	0.6780590641995571	0.3301610091083874	0.8082429260734458	0.8258706289932929
0.4572673073147733	0.07427929528986854	0.23306826351250876	0.6240289706032179	0.7086976877593507
0.26420745753780517	0.7710779675371701	0.551542747419645	0.9726352121413047	0.9771412782989981
0.7959783419430732	0.017848180879175946	0.755659410072138	0.005876727309032992	0.16949326705720735
0.24247686066388452	0.9990182541428418	0.21299263390884215	0.06278933122691432	0.06320579906634738
0.6501281147057026	0.06807015679345019	0.44603529696125177	0.7544496804378965	0.049001815746249844
0.1984885548832146	0.754335482236517	0.16843956812579997	0.219467093430324	0.9552044677617726
0.4731697390292521	0.1265157399213629	0.5811395548960245	0.7847768116807019	0.6032375691627749
0.08731166485390152	0.6427473398990278	0.21060685826989667	0.9891452588972708	0.2665290442770064
0.06821239464525275	0.18705579109310477	0.25313650892288253	0.37001245501093116	0.09545813256327706
0.7405591584340893	0.26037428985317446	0.9589967847162829	0.47157997699643706	0.7623344668303247
0.8637278505940117	0.7972770410448135	0.22605981239528605	0.9746102377549519	0.11420174740456368
0.5626066284988829	0.5656455730750933	0.2627244390155593	0.025017381465232802	0.9047520341984225
0.4675971862913917	0.9989230113089616	0.15121064097500236	0.07016501210844617	0.09525625771156321
0.1977523954185595	0.055125193726123345	0.9872268211077859	0.4367647027635104	0.6737773573076068
0.4063224820312695	0.8235794247676603	0.9346189945916403	0.40325261540215196	0.2564071134776279
0.6980586452887124	0.3203998763346245	0.40790729949125915	0.6555630130860428	0.6733748944428143
0.3009671909245356	0.06458834360859034	0.07839695447184136	0.6521041287414171	0.053715020732024166
0.261245395594221	0.46457264611199744	0.990760954610874	0.8342031089143451	0.8196090333393526
0.8401841863871891	0.3114894580502514	0.7301859657108881	0.22522371207139502	0.5558553550627233
0.5816352826086745	0.8050278593322138	0.15566334177724084	0.6018649937470707	0.2514191656200162
0.5242793534920994	0.9464558622954008	0.5913022093259201	0.06939399567260729	0.770503620835466
0.8289381129301535	0.7804853250625652	0.5121578676599405	0.592364474463734	0.5641271967312756
0.08387763731822284	0.4583168124802518	0.8916452402950447	0.14022391052145677	0.5162635216644972
0.4153825789967336	0.6334526672095099	0.4564482385362624	0.8602181601557941	0.39697260547415847
0.45501236118875377	0.8388437049319813	0.34162827556436437	0.7222736219543295	0.30775766645193003
0.05806783374881053	0.7969453256410399	0.5929786608833947	0.19772833885190155	0.4522507853904433
0.9956965107581345	0.7442393993298476	0.9190197801201139	0.6058952456234741	0.6828864879810547
0.37059091253964194	0.08903389544745122	0.6809147290176468	0.1708585251443141	0.5103766171680181
0.9913104106441661	0.7673920352683561	0.5380021313371023	0.7763455946614656	0.732783529080105
0.43503761234386806	0.8373540400852463	0.8774049494667998	0.766932817415421	0.7714241430666288
0.6904713960423849	0.46188916003600655	0.6203937708467588	0.8413672109705937	0.24756606443485174
0.46292685388158317	0.7950112254836879	0.3658199255754182	0.38622349795860467	0.6533985148052598
0.4090868690438877	0.16517872788141374	0.6157808704350709	0.9556006598170059	0.736852835719918
0.7881427319627492	0.18072514901416403	0.26507950196977326	0.769822755179848	0.22562853357673307
0.5409642934694984	0.2737294313624574	0.6198645031727971	0.8452114542410829	0.8967316371512672
0.13268318890780395	0.7319277974809607	0.7064011874816154	0.5818011020723896	0.6018248678110727
0.7675422375650826	0.09778197524439469	0.39076824413310884	0.6800690254255243	0.4084095314167804
0.812724347437975	0.43891884037442697	0.5468212886088301	0.8573562545851758	0.5005504953171678
0.06962351915317211	0.8654197835736205	0.8727822329599387	0.6105868664136299	0.5072711275845618
0.9893405354007054	0.026511029320248958	0.7844289449134497	0.4416137721938562	0.9843389535220748
0.28974223901395346	0.3791493412664051	0.9577404068525884	0.5958320454048582	0.10052123492941567
0.8641722057955299	0.7823981713678744	0.9669042929095331	0.21168099464878853	0.04486511178611874
0.6603508596496676	0.9017769256415722	0.8837821215048904	0.5771819765278975	0.6894790365655078
0.7387822604291848	0.3599753191280347	0.7759894014600381	0.11563051574899019	0.3493959749118273
0.8161038090190604	0.2801664325861679	0.9600343154237181	0.24625640343120636	0.5124363087133101
0.9387538093867737	0.06568499724552912	0.9114060202936853	0.17182372404213586	0.38097990553091965
0.7656574379029017	0.49329877906090014	0.10692067123412219	0.26842799163207043	0.21729282017083706
0.03315781428132558	0.3952707748728621	0.21032625209499478	0.8982784525932977	0.9038588878525531
0.5951541386278383	0.9782616462022033	0.8599223155802715	0.5731555924797715	0.02931918332399408
0.6205959761393567	0.23725948181852963	0.06158308941677604	0.6685281509917163	0.45632277383566855
0.4282899790595118	0.25269480086635887	0.47986573411579414	0.3597644523411794	0.32423295685514386
0.7994238404226013	0.3721366492535785	0.19703659684402242	0.8376747673458547	0.40747235192250675
0.27086959852242476	0.24901837327300835	0.9081745549739679	0.5202706782010224	0.3540716387202364
0.734481509322598	0.010844987575044263	0.2058044949017075	0.8179352727460708	0.927100253431815
0.5163616740171318	0.7436642963700194	0.8115240660737836	0.4826900348616976	0.7407247269780681
0.8594116723533964	0.6877878554174011	0.41516842989735636	0.4455572858331661	0.13801774942216716
0.7355662597467777	0.3788599626270527	0.5788870349861613	0.7970298367604034	0.7455678817820769
0.4490896516318481	0.9049349749846681	0.27359718137191014	0.28096546906596154	0.19932755221701193
0.2979297088873205	0.4512130616806177	0.5017298619514502	0.8548382912104759	0.6768268103484296
0.7013612266448969	0.9327284709642449	0.6052344322587939	0.49844844352570417	0.48373078213346254
0.1651089339238927	0.9219073239794511	0.6095853221573274	0.9967311696424191	0.03985031632280067
0.20276894243062515	0.09454986320022529	0.050179946653245655	0.27932126496789456	0.21980248229497612
0.9160231125037982	0.5204872343922016	0.22730035098888723	0.2712420267372734	0.8419702047104201
0.7704619944766358	0.6948062767441646	0.10748832774438721	0.13325974808060737	0.5664173672459182
0.5903146574666374	0.7229493627971554	0.9967909206619376	0.9146348375989942	0.5230764068964229
0.014279658282965069	0.011802760622741326	0.20356908859048484	0.2959408361497453	0.1892013819617736
0.06166088896934019	0.7151375878726165	0.24265382558908244	0.34908453094182557	0.04471545743235872
0.6422064420505244	0.026125757840597785	0.09875922983070995	0.6533883585424077	0.14978203036400128
0.9442727029609764	0.37786073883999083	0.2001871379652722	0.6253139043604055	0.5313561729264602
0.028127881729299697	0.6615005978945074	0.43857810375748685	0.33622587468530685	0.5393466907820713
0.6742231970562398	0.038642562029468586	0.7915381311255794	0.6214141086422992	0.09739578905626722
0.19287151000071423	0.2330626669824284	0.5854733185614319	0.49796551113300325	0.730156298022426
0.3960320130502347	0.9668842757828742	0.9067236778079439	0.0573938456282399	0.7285530485069633
0.7695365709142082	0.3614916075106964	0.7216709208712098	0.7267874044875421	0.13039058333346654
0.7875094054588624	0.8341615310697524	0.07884327934304092	0.3941722069233756	0.017645135233755105
0.2831559589570357	0.3869987460746016	0.8590905044535847	0.7942755069091321	0.4736703026502749
0.24809455725707452	0.6473814859450294	0.16645536401177796	0.38656844926886114	0.83816300623515
0.12904256352792032	0.508829943940278	0.8955470414698722	0.8743797182642421	0.7181788685741872
0.05126690122880473	0.25315273682711636	0.5996844596004394	0.08061488835760156	0.2892238779795899
0.36423104117905836	0.9523483431027587	0.5443662013132855	0.8373968371679188	0.2085065562713645
0.36103866755467595	0.43879856003955353	0.6698334724859799	0.8362175921342145	0.8114308271963255
0.3938860919462672	0.9798679126919672	0.1126240088699173	0.6310105047325415	0.7116422772013541
0.29674652152748615	0.637361819759377	0.33119464383049424	0.590907851606179	0.5598493295394409
0.04952782009762913	0.2793428428140091	0.9986844699464743	0.6820037764452098	0.044345757226265325
	0.44110708120118747	0.11031945619296712	0.6008269422638445	0.1539795794018366
0.7487684634543857	0.6984487871961762	0.09385112425761333	0.04461437068421581	0.8362961227249207
0.9490286242440872	0.002570498084692896	0.060575556149996546	0.20876419234948185	0.1781454582531693
0.9500805722868836	0.8659572210578477	0.1197503672077036	0.19698304119199816	0.8422698742520572
0.16060314330974923	0.3989414722295307	0.3937405231415594	0.17606500095889277	0.3884371674396163
0.7603453166543022	0.10612128631364948	0.9210606057611128	0.23952445740122497	0.6876465352118887
0.019062555204270692	0.86292103303506	0.9961024328127742	0.6615040523601949	0.7707074392953173
0.8343551984053357	0.31614841996935306	0.4490731967814404	0.432934857889666	0.04589970669217747
0.7362398020407442	0.16517881534957235	0.6522767988372628	0.3114016728689617	0.7864223437540749
0.9822153671310938	0.8646675577755547	0.11272158444586555	0.05630139305910564	0.567687545245003
0.1144281023246072	0.21514482250126854	0.0696967623077771	0.3779925946453506	0.29166181869062957
0.6877572614828351	0.37631864004503235	0.8924052906995286	0.09170008671393926	0.33627903070787146
0.725173227630976	0.308905733378094	0.29128636488536086	0.38177637084553195	0.4079748122150161
0.6369132782229089	0.09141051408317358	0.06939856185369242	0.5180020727826242	0.5087874728005052
0.13460814745961558	0.9381867163602232	0.014301642763339117	0.7576359279750526	0.08823916232328932
0.9482072832060946	0.718747050774676	0.4678156018777825	0.2558477493288023	0.43944043713423864
0.06623866303904047	0.023064068538748983	0.3346341833174282	0.8458888543464976	0.3280301374975364
0.779847946218918	0.7105736423731968	0.4042136692321989	0.23233504827897722	0.37389472021491166
0.10512512005424013	0.902209442182233	0.5602852207629255	0.8510980202900544	0.8646129800496352
0.29934041239339204	0.5614563485096616	0.32062100303938734	0.5326824534335886	0.45419706676960503
0.14448758145911522	0.36892768073450255	0.17712516533721157	0.1833086728222233	0.6746140477722457
0.3823642436770205	0.5854350845328989	0.9836551872250536	0.8857646423371011	0.38211837373996604
0.4155734337246576	0.5396941700383685	0.36059890835848185	0.6221795917061643	0.8957925963930321
0.623934936042981	0.24600452377396953	0.5188927446284741	0.9313188385070673	0.5768695728691771
0.7012124931278712	0.7371564593471318	0.595958918213114	0.9078130383267057	0.1445583350472066
0.267683710809406	0.8050756046544408	0.890686509078964	0.148116310388836	0.9626711560417798
0.6149789222916708	0.2544071425217257	0.9240843387512174	0.1980284146882394	0.6832017200914583
0.7337005595053551	0.8754019503841067	0.8877249254112929	0.2437454000514162	0.4437183395866394
0.7524689144861403	0.7275028646285552	0.18922524882638003	0.7668094925495746	0.25603859994534284
0.23927603785056073	0.2755891324525417	0.7107929468014141	0.9631178730818091	0.6923417324617487
0.12218115514995609	0.7567903551246116	0.6881232920235832	0.1263721222142411	0.08756918718011586
0.16210087396583706	0.2762859903717326	0.9148546592297215	0.6964837284762104	0.8456579547277367
0.13699457570711737	0.7437786058726	0.9155398329619875	0.6844417094082049	0.32634613580441907
0.6020241860048685	0.6765793063743171	0.8198618450387013	0.8732570379613347	0.8812123082223468
0.5812963218461563	0.2987997006535287	0.03968547982007098	0.5245751896932669	0.7248934462508118
0.6659538627143313	0.6039018230080649	0.4865608994072649	0.04226699691093738	0.15707500440338296
0.35231527357632375	0.23669665068445211	0.7734384379641144	0.5817326228506439	0.9860315759074576
0.28553294716846844	0.5230043830934913	0.9969496448639666	0.7421257571962837	0.010365729536860768
0.48500480785954947	0.3346166856567925	0.1488812806135008	0.9939959521528781	0.5600815265326998
0.9977217800608456	0.4588867763531407	0.1328388441132241	0.8582409813106602	0.7264631926246078
0.07889235730018473	0.7918825668851963	0.9822905788610815	0.8145831780195208	0.09044035398251593
0.5111796837315755	0.6542614778115253	0.11084223788785352	0.22617662423525164	0.45060301205648656
0.15324549888537975	0.31933939648628296	0.7202348940677658	0.6133718432413838	0.010062016860426959
0.8071205358824577	0.8364387928813974	0.9846763177241671	0.07814661559604108	0.8058942215449016
0.4060444483815816	0.22892354371158463	0.011922959481741713	0.16240265147735578	0.5965444282916386
0.4540932159887646	0.9784491372144005	0.8785546286878573	0.5060969589976377	0.6814043836464146
0.0021214677111700553	0.5358021633477715	0.42991963402630706	0.73118718275547	0.2588249912221533
0.5822459423788053	0.7867037110529204	0.7599689082050921	0.5459968009488376	0.5804959034471319
0.21780055850392543	0.6856685516533964	0.28690881841689686	0.0872083542720763	0.8957511725889484
0.021956573597236795	0.32194595336072973	0.10352927010514468	0.49723422031771913	0.8536597295582629
0.14314283623962043	0.9108880220452522	0.8856992894169541	0.31222702679312897	0.8619141605084444
0.10142191786055677	0.12891043518185719	0.026563279686160346	0.498518160086292	0.42137723620747325
0.24563367423305904	0.6884849356021119	0.866121802037355	0.7521730868883262	0.8123181076387552
0.4063029899485666	0.8308775178966604	0.4201212140504449	0.7187386170085192	0.9029844450652986
0.8534778814414681	0.24699000693312823	0.18154637138530227	0.3018884655243579	0.6549515830245403
0.5187440831161318	0.7080652241267594	0.01141732108452076	0.6969143397455222	0.7774836611307582
0.04466269328974426	0.998126101285145	0.892848369197191	0.4234523774350992	0.677209920914755
0.6654270719987517	0.8144189912995647	0.458949486066222	0.2690113576378942	0.4126966827915368
0.05765820328185467	0.3065564259262207	0.07077562341609744	0.37556160856040677	0.6600831343073983
0.24163665219491548	0.4349714685585486	0.47396924997818146	0.3556810153811727	0.6053779323956118
0.7148888691395671	0.7493574944444602	0.7349903846041188	0.3713371097227619	0.04161763814659891
0.024298789559473732	0.30129322828076444	0.19989109196569066	0.5146113307498982	0.13152580379976608
0.26767738916143036	0.062370865446878976	0.4129315553153462	0.08213538078209293	0.37439377556525555
0.1499183650005278	0.8197074149391486	0.6284177814654678	0.6507349014602336	0.996785451566753
0.6786966961690237	0.3238010505441542	0.012354079032521614	0.3985067223345796	0.7106179195992018
0.9688850666303658	0.7987771518364645	0.9070625871557021	0.5351080482057359	0.44518434322046274
0.249904015812777	0.47234804552426624	0.8585698149289929	0.8247426108943774	0.15904229528755043
0.8769954807675165	0.8348947371036987	0.21026267129782705	0.7412182800771709	0.1269384808661993
0.2845448005634945	0.6673396283338549	0.9961692853251679	0.9898733795470532	0.6753428477490137
0.74500316078595	0.16777185860970434	0.8577212820313109	0.06892465486311994	0.5590090433884315
	0.846103846712396	0.8712106949605762	0.4966802339343551	0.7393395478260931
0.510218952283389	0.44582361889173105	0.8452036411515131	0.08934885148803384	0.3146611037826277
0.28205662709888313	0.3695874422911932	0.80418245901984	0.4959469266501204	0.25726922174951194
0.45849803500437436	0.7264990286976971	0.40280549828564616	0.12449947468049749	0.8554121385020204
0.6078782623297143	0.7083764441784655	0.6222784791391215	0.5781737674560452	0.9162858882855602
0.0034673442340209526	0.17244953596339507	0.6328086027897755	0.329487366079635	0.33022418800724085
0.9857695304941364	0.5858312320185904	0.4109317188242877	0.9559875944135418	0.20376087725466807
0.07462799323542302	0.7022906094085755	0.9434703562996336	0.36498445884995956	0.5708216498916507
0.606736807507265	0.393515662063466	0.13651330725479038	0.33861409794129205	0.13564119814336661
0.8644627637522428	0.5047572566666761	0.446595139762188	0.4651448142860589	0.8657922878995818
0.9159896847301681	0.9161237059332736	0.5768494005112819	0.5215809435013704	0.1348726767188948
0.3023058747398836	0.19132127753986072	0.32551903606734833	0.377011565668124	0.15866715632586037
0.9684227532133307	0.797990286455964	0.21689838542404527	0.6982556669579008	0.4666375027184475
0.7081160532748833	0.08254189917932264	0.8563332562625632	0.3675196182556847	0.5864249319856787
0.19687566170935722	0.5828236388273792	0.8434950531442587	0.23993444399821262	0.8673752822684373
0.6093374060429808	0.34952953436774814	0.15702524358531023	0.08770874840338438	0.3831123956858793
0.812452095508475	0.24007630463964558	0.3672687020572205	0.33173986488352414	0.14284978194894948
0.4431939419438061	0.9746642971802651	0.27181376668800705	0.13433213919289821	0.781251743870167
0.3625396729664827	0.3798126947267153	0.6490150800911039	0.31176689703102767	0.24975739072014003
0.5743933816111035	0.686369329869586	0.8919917894999387	0.7714443219034745	0.6270363529379898
0.20846996677862428	0.9056249408491226	0.6027940624369829	0.6658139759451496	0.7108103233560761
0.4493293259454829	0.6857149632667271	0.4467814061880965	0.6997454379181991	0.0082738797406251
0.26783698496824127	0.8426167313819969	0.6179723321282659	0.5281969905722002	0.5116214631863337
0.8671858550131464	0.4273188856502804	0.6766244712496575	0.7821243061259914	0.7952793601664578
0.9611253983638196	0.21024236181937495	0.692752013191695	0.4077833734693773	0.8009398509317667
0.7853971422551774	0.5299377453003394	0.6867294877701106	0.9363797025898729	0.3587277724742223
0.6718207755999697	0.6434866213532541	0.6356275170067807	0.049930250919592356	0.9613536388644105
0.9404045524626019	0.7413248278434068	0.7763942900492667	0.3547339037024716	0.6191443948946042
0.144335348120739	0.6177336699734625	0.8787195120921083	0.1857178621913197	0.4973363692550776
0.7869906068748448	0.9453091819614213	0.050982554522793655	0.696953166692558	0.2729488838572579
0.9554674293529366	0.8953790828019929	0.7793097514203494	0.13576334210630703	0.12514932872365792
0.4384185070618142	0.9512828489969893	0.9972576279622553	0.2793341610693819	0.2481518735387045
0.6341926646176016	0.19030769940422854	0.5428094142805496	0.4760378794812009	0.5155154006675761
0.28482534517909097	0.9996827997935089	0.050637366377577875	0.8068593777570467	0.6790409198168381
0.6514285314877708	0.2603883222556377	0.9512646984385389	0.10831754011179162	0.2002410218816303
0.023890251037398613	0.582167903573631	0.7090195796432098	0.3516028757116809	0.019737094090995444
0.8932222333196058	0.4579696747880081	0.9392957802893007	0.7505011516496357	0.2777912721697833
0.42704147388103164	0.6983075226710783	0.8049076437566614	0.8868786336775448	0.6754565711573461
0.30046998561178295	0.03444560705884325	0.30662175577213613	0.6729223712391661	0.736944363497715
0.03067096133256897	0.3377305536251931	0.531449956456843	0.9041768169043408	0.42924574329803566
0.891606153226695	0.24912545452181212	0.4707974894491813	0.65156085818718	0.974083954904612
0.5797285618073533	0.3488026713682162	0.4209928876244331	0.4206802107296356	0.5243204955086134
0.7976979429706306	0.9988535781422532	0.8953766016864425	0.5168716895448358	0.3189140782908295
0.6646229456647531	0.2512285763936961	0.8854509705231338	0.33806580980784207	0.9194120860989445
0.4953602255743571	0.21222396405946764	0.2738408589177992	0.5598109096819649	0.7872553698109603
0.18236477544646346	0.45251445016907443	0.6687462814655832	0.3089551023384187	0.07666074812627632
0.3555275951819463	0.5397864329421369	0.9939025571890394	0.4301488296599133	0.6543291523635802
0.0822407091925359	0.31267597243645595	0.22820579076660585	0.7057907820400057	0.18083961033046136
0.023886334041831714	0.2336006885519416	0.9491520111736094	0.5207265726361057	0.4974195874759837
0.9925565544510058	0.11911964770960426	0.7358604815147318	0.9897866557718705	0.23897065377544835
0.5921078084274602	0.4441273423279306	0.6950952218213883	0.9608864353756736	0.20699220187350909
0.9379426083527602	0.3499895678380135	0.639332480917491	0.9249383353785144	0.86908250232284
0.5073310489580611	0.9843901517160828	0.5808578968645464	0.7850831745289973	0.5725952868917731
0.9906595664242729	0.10182694673302439	0.006626717818974059	0.09532902302776758	0.46932617911776364
0.5802799976210814	0.1611460540011721	0.9035096488880016	0.5505271004970262	0.03404041675264735
0.35035891183896906	0.8295021059689929	0.19812686271841118	0.8203080499901763	0.9963633031951373
0.8138146831732225	0.21743233248166305	0.7238703556261236	0.4673678936340133	0.4118324322366962
0.3346757181785892	0.34131667797371745	0.5231060416913657	0.9444429353725865	0.9723535418942691
0.5953016183269045	0.5633089383293985	0.5313831055408714	0.6441182512204996	0.36018607569192773
0.07941302238424153	0.6066745764713282	0.13851459182538384	0.7338121975934645	0.35838595525839445
0.06907883686379823	0.5242832402377262	0.3932552768798039	0.5957991844301607	0.20632991436713144
0.331596258760924	0.40499539341938384	0.46200791721649415	0.0217773366371673	0.2853035513344343
0.703305509094448	0.9739676338052029	0.6907918540873588	0.07766034863363347	0.30065601478562565
0.6259945340721406	0.20908328557092992	0.2414813175738182	0.29374980167980336	0.8577182813650992
0.6090750267869379	0.6982615345914119	0.6222091783211267	0.5760684185130773	0.09630383010840515
0.5200150002916375	0.48986794804626044	0.8338265030488506	0.05219587657314184	0.36501144122121554
0.8029956808606612	0.714475850081789	0.13603189227150958	0.8148671781446811	0.8387875277323849
0.4181145424230813	0.6114407593064786	0.5807142296805038	0.7978579689822125	0.9770280555819661
0.1511210951998636	0.2933780287171537	0.6989047164017295	0.8369990065342983	0.9721863038688605
0.1723359840661418	0.5539395316505883	0.5247170159501399	0.08848210202512341	0.44952998099593
0.4828753337841579	0.9902579961683086	0.45352872869951777	0.2989888381067479	0.4413803107595786
0.17224214433400165	0.1538507459277092	0.19365939556580192	0.5536391720770971	0.7925615554979621
0.2830151194607057	0.34577968826200933	0.0663634004066519	0.5557619650208159	0.3885474034574957
0.8501475718525129	0.9158359177910592	0.9128033155799675	0.15294726178347873	0.6451047580591049
0.41242983814544865	0.5548088687390197	0.7062305651098006	0.586244682063344	0.19516130739833815
0.3909439279228074	0.7008825469126803	0.9745289104695349	0.41790851116710914	0.7346325534061057
0.2104433309809255	0.021990440579428783	0.7663082913552063	0.4763957858705822	0.29814142627495044
0.979535117023039	0.5480830138493256	0.5694116415488715	0.12404005204579849	0.8761868892246192
0.41365665822139575	0.5958135040082002	0.8496350029727078	0.9344323970375569	0.6763454836318491
	0.3184758546057961	0.9485684503164311	0.7024993680753647	0.3914597456112391
0.7513106400347058	0.7253991480430224	0.19272967467910707	0.0452767160902241	0.031689673318426204
0.5665056632118962	0.7188051065182004	0.3025674497703372	0.7220666784386464	0.4547980684148548
0.9575558398468641	0.20403413114201774	0.9928728845272039	0.2504202131520469	0.2016914186766492
0.4064485776446157	0.4441223412808123	0.11163569336713242	0.0898052250825494	0.7783245990457419
0.06905399526830536	0.7029580709983685	0.9062229983194323	0.9389568054783238	0.13182854787876175
0.680516081279342	0.8147959663733855	0.5965268366970068	0.19936613500657518	0.8039748601161734
0.48272787496501124	0.9222283987680913	0.22451854978015717	0.011552918691640657	0.8708147106751649
0.08182097129618504	0.30995645725289	0.9748148693006596	0.27015791558072566	0.5777939399897867
0.13443064824931017	0.22644702585535403	0.5013892886267489	0.96561580537208	0.4307603604230661
0.7395233884864272	0.2975612340940117	0.4804403091729331	0.36531069592386367	0.8845922831964539
0.46596480727865397	0.9505096359671897	0.5531125281772837	0.6108500321886707	0.1922479881424346
0.6788565201249442	0.6205702844056038	0.6466393674640968	0.1085603317884355	0.7558184282241817
0.2542599678546702	0.8188831819272869	0.291295166458747	0.40265823929087574	0.48922368408883854
0.9837841440397704	0.06856643587706746	0.41081718579150595	0.2988673036692663	0.5685586136844605
0.8973105170813119	0.5886681712417322	0.8368582852539566	0.35295427154774583	0.9853201561543221
0.9849634272200096	0.3716323647732561	0.38952394215131925	0.12213779783601486	0.11676322574650733
0.7946857760675834	0.40347974955007815	0.6886022012503537	0.017907594435638274	0.7675892579064626
0.37308352710859405	0.11573166475813113	0.04235710873972143	0.5166437966257167	0.23150725050173027
0.1160992755225142	0.9883797077304977	0.9353550868878375	0.4851143758522428	0.1518871137903458
0.8520493103123323	0.675973711665318	0.9509720907885453	0.9516623029305415	0.7603432790494671
0.9065714276423484	0.8803706830857952	0.5002725179076458	0.6451940076838169	0.7384613430130623
0.4534985811747474	0.43881548309419094	0.9222318239692037	0.2345794919285099	0.5554422381791848
0.28303763443014673	0.49331573492805625	0.3016131543582201	0.471457403896994	0.48627403648486345
0.14006319195062988	0.8638276513594724	0.7414482225500757	0.41980473665196794	0.03220487896901847
0.558697696734485	0.7403083527252968	0.5316466029741133	0.3818453077698698	0.4035417674472832
0.3392141331258991	0.8434424430315903	0.6654467964767833	0.8414259181609018	0.15665144247132978
0.5523266756409749	0.40370774637768736	0.6275646122872274	0.016501979899742003	0.6229942009647688
0.48690378900613407	0.10197368882338897	0.45254760868080635	0.059373619039762904	0.8119490687962742
0.2763750478297923	0.4677071055827974	0.627006429223844	0.34825101577253903	0.028550419643238012
	0.25825177179684	0.5944384609720254	0.45608296507036217	0.8876143230105517
0.43206224457497955	0.05261204464029745	0.22485189977482467	0.11972934325312123	0.2694224554744359
0.4437325100647228	0.4559841673318865	0.6285281234165541	0.9902268508948581	0.28620533157435724
0.7586302470845196	0.5173263753027197	0.11489332357403559	0.9896263598773609	0.4611685924312232
0.335762080682913	0.6681937827151176	0.7133474721806118	0.0695575916623058	0.3413424687693565
0.03479021014848849	0.5818567513452199	0.32286371700722505	0.11684512320958595	0.5621645072601723
0.3487207432394275	0.7164995812350942	0.17099657707087657	0.6615324334958296	0.6018705692736968
0.38922616749783334	0.03228043474164899	0.5240959058617252	0.7441212042271468	0.6590924755507624
0.8999033045890273	0.9698683739247042	0.20030576300411318	0.2924152060913744	0.5764333205850077
0.35506890784758016	0.9733831712537884	0.2935117193120409	0.40952910645186735	0.9592096260204578
0.09834779441084807	0.5209416091776488	0.8481068851940619	0.43403401095333916	0.04628451282052792
0.04022060092376745	0.8457818975417223	0.5805449089638199	0.7900308025085472	0.6387824705046683
0.02228526051019264	0.6157756580876275	0.17078724289889435	0.8878489102669213	0.20341268929480605
0.4321548894270848	0.8731616643919495	0.46412159303437295	0.7389355487081704	0.15925286508828507
0.13500778293718707	0.7595590387189077	0.121430270911563	0.5582446973534463	0.3641628405145899
0.22409037953717903	0.9590376460529204	0.6780180571834589	0.232518327387656	0.2911752271813126
0.13716639497070993	0.8506320577579156	0.75229004170123	0.8960792961460707	0.17387885393440194
0.4031854182624258	0.7290574891069973	0.8907180086852294	0.09014175510537403	0.30307320156353235
0.005086533000620896	0.399695149352711	0.5065599748953896	0.469350905360019	0.9002992722192176
0.39133097407295325	0.9535581903851532	0.6153662179027501	0.716246163793331	0.17608267443902426
0.6632332505927742	0.04356274874545807	0.7484271129954444	0.14455607638350065	0.6806890256039875
0.49839436077553556	0.43528084904371955	0.46842630757803405	0.5791428739969008	0.6117108326687117
0.8108872782478457	0.15394600941495562	0.7635931293217255	0.27260947423748494	0.5973921056512951
0.07099398111484789	0.5170814912749171	0.5643668090268641	0.2962458169056016	0.3337952259740862
0.13165118634338624	0.9845467277939524	0.9143108134235535	0.608119913987795	0.5385614944539917
0.6622589678292865	0.3356235748846692	0.1475308167044711	0.2598344806536129	0.7092150187060992
0.3507028987583547	0.6034560086986044	0.14639787785548086	0.5051285359170694	0.30291287411770706
0.5186285902992167	0.5663919779818909	0.8335070606102495	0.4524596972638175	0.6790878921984059
0.2765674753809153	0.9669332671035687	0.557595998819202	0.7649096425919594	0.03085217229778714
0.10777012656970131	0.16096127312765218	0.22716738132749537	0.6846142788393264	0.021158553871204466
0.8767305909028791	0.5357775763787026	0.23921487355572735	0.07003399098392715	0.8219973717774055
0.27839001282976716	0.5013511541411879	0.910138398531355	0.11788158552398886	0.5671054828773494
0.6100596780341346	0.7392872920477725	0.2217776540928672	0.5955424445830056	0.11234638565278365
0.5468664176993469	0.2352054258440469	0.3006025250170087	0.04896711096936168	0.44303761300232636
0.7095100435273076	0.8078024931331816	0.8791867257504001	0.017256855647120872	0.3995404437771073
0.21046095716446456	0.7799137909566422	0.6947187447256575	0.7804744805437531	0.922506129019892
0.913649583326365	0.8938760282302154	0.02888631549477949	0.49132445779959577	0.15962701057112116
0.42954424395874935	0.04121884898566264	0.5109495984760275	0.9588544814860896	0.42311061871143185
0.5871127030867722	0.39957355091622193	0.13628250120990248	0.9978283206656205	0.8249791339476645
	0.998121699581456	0.23567572471279374	0.21259487129650645	0.8537199124759224
0.0003203786797102426	0.8680620484887498	0.7828886275039765	0.32403956832851355	0.24808996694501928
0.7252982902037286	0.8535737628324708	0.8665671512884306	0.7068716952866109	0.6374393565563427
0.21040189386489228	0.978576676783807	0.545418030273537	0.5631314205304617	0.12102128620649288
0.8157386204111207	0.6424522843817798	0.4163063301746992	0.3795117212127823	0.20377797968739408
0.2429954348678408	0.28865093076961346	0.8588519344962544	0.8318085896980234	0.5257541607626594
0.5543652441227049	0.3521587110519684	0.02204480799824904	0.8543283581768252	0.7971243820666118
0.056809379789602654	0.9463157273855273	0.8003066855209449	0.9720291266181851	0.4859583204580248
0.8124378190772492	0.24687617109821147	0.93507677505689	0.520410092417729	0.12859110574883126
0.9804440118820399	0.11797816653041193	0.5115926958701402	0.8280579260357899	0.7949858202770753
0.4126124209216323	0.8903882093008262	0.2410843394742963	0.21683595783709853	0.613207886206583
0.2676344551227482	0.6524035399619862	0.8549981376326177	0.9575101818885654	0.7661554550476797
0.8360195572901593	0.10362783385991903	0.8862671906428655	0.548990096784642	0.8843112040160228
0.8862843506044809	0.5410987214098674	0.7941530772988996	0.1884711998806149	0.42328367099001074
0.7684620709616227	0.83266404425801	0.27509539281110684	0.19261958365710963	0.7701233562361335
	0.6126631126580303	0.8591416708546671	0.36223999601944523	0.9324244355241638
0.7311425997613823	0.1061673407660606	0.7816965039630218	0.013669979918276232	0.7599594423961291
0.012924825181282684	0.3975561960916062	0.823035634409856	0.6225870865915378	0.6278716133733142
0.5298571516496409	0.7062740127471432	0.8938802932157108	0.30891366785445284	0.7089889267670471
0.1957983651008942	0.8255413999787992	0.8625107028579433	0.6198353790195696	0.03258815560603956
	0.8873409236418193	0.45230345605127786	0.01222792565193287	0.9758228331854124
0.8733808307003526	0.7948848191947813	0.41294638109518944	0.9362078221490114	0.12525821196155718
0.601739582931148	0.08105576620558963	0.1351921488982889	0.8925472888006731	0.44020876516610186
0.21185993120816626	0.7587294740892886	0.24606648579098966	0.8802413701298004	0.7941153552767146
0.15182920821967227	0.8195934282116099	0.809172665062151	0.8144038411262803	0.37012290937645254
0.025773586387449865	0.5612679360552095	0.42959713493754903	0.4724498337994366	0.4312718998249603
0.7556658588463269	0.28604116069487184	0.3270080067697153	0.7346602108031158	0.3800480913417851
0.5126786495247524	0.19109791539481347	0.3283729224951948	0.27516554552355077	0.17459599072153764
	0.8795560607051958	0.40800163541361767	0.2704809917751969	0.6103621484892688
0.4098011727553753	0.4697800536115373	0.6345696144736362	0.3423867885854307	0.901080048010358
0.10467409072239453	0.04543453339695469	0.9461051878139614	0.050607442336409125	0.0802136888796231
0.03403096754730095	0.0962701763809114	0.934006040778704	0.43304841088227275	0.14855091790139963
0.40727977951380756	0.11309545733574577	0.8164691039089567	0.4692331235649294	0.13368081673125887
0.91057550428367	0.1996220254011618	0.6308992994791454	0.06745194467394111	0.2812919201763002
0.6883118103287615	0.37980164655554605	0.336118414134849	0.0492136539830661	0.9397687294766279
0.25025110687514207	0.1098214497427773	0.4342145453952728	0.7388661838962034	0.8497825430615922
0.7856288753008716	0.3482993467129816	0.11506477917086155	0.9362541660082613	0.14534192185286932
0.232557568291882	0.7885780296724321	0.7974024366577513	0.9637849595312891	0.23712915847297522
0.39960044525761285	0.285364830204773	0.5083950578841134	0.17116745848358506	0.6482570601181177
0.18148421511201984	0.45411933429228446	0.5087853405939987	0.30909948501260787	0.5564668351231757
0.8257251033075385	0.8328493654204779	0.15978481610801298	0.9120046874540506	0.9642814716453849
	0.896576837322858	0.2281276406525793	0.29772012342044263	0.3575385435978752
0.317070808934635	0.49355083641254527	0.1480582900091778	0.7865180382366187	0.01352678953344022
0.49878122906984024	0.7276409455718087	0.33312284846228046	0.529765003733987	0.6541147616599912
0.24709195698450392	0.7431103421793499	0.6613172539309086	0.7380454398871805	0.5382027576369253
0.1642360450890613	0.6914887045011312	0.5602913506043345	0.09101905221367745	0.05943248118968547
0.5931752887739373	0.5502915835317974	0.5341115094714877	0.3516683706561986	0.5455938596060456
0.580472015529853	0.5619936818209673	0.9326063394628151	0.3885344279178262	0.5046923843127507
0.07870074265085769	0.9068268556957333	0.44034593939953404	0.6903345212174047	0.4120147054606248
0.28774622463646515	0.3323886935261081	0.9030128512925002	0.08547851685737551	0.9319624352724885
0.21891926875463263	0.5527685269873269	0.7460207684342787	0.7129037725481266	0.7034367340627268
0.1261521660942042	0.9147452336125657	0.21157907603552217	0.7656863917337968	0.5928046533430822
0.1426258658842391	0.30479604492347	0.039637811520928934	0.09276229833453531	0.8851118683832476
0.8839492585217308	0.3656669238863812	0.8146528054846317	0.8875015869611705	0.672335057284826
0.16263644989306913	0.7156384826818055	0.6812185624095421	0.305894458475767	0.3102325133380125
0.5504515367649463	0.9162574189134283	0.0677168542758062	0.8523265575649481	0.3628811523970801
0.9267589511589153	0.48732469817175184	0.9460694517720513	0.3382858346124278	0.12221702227688225
0.7735990418427839	0.6190795090347202	0.1696726671461991	0.332393799248607	0.6614262412140067
0.49713661260107844	0.15658890165602324	0.5795357448935436	0.9717012919926279	0.27264236508285755
0.45633174722247527	0.7165791071892942	0.5457856850931447	0.9307227432596914	0.8501078974677392
0.5917712230738835	0.9736380667883708	0.8875731903053766	0.9110775703383184	0.051339581607772744
0.3558859660431589	0.7033678694291347	0.7170067629117225	0.45631664220970314	0.6007501520768208
0.08397852776643233	0.7780421805523209	0.37065468413214453	0.0311387243570026	0.1471596963445405
0.34812304526835314	0.3933094258677208	0.4175566172823131	0.9617084388644186	0.8844835776535137
0.9208995789960063	0.7818376850520873	0.6226133585134138	0.4160565863760438	0.041292713279423854
0.20848298892627837	0.6505513859189664	0.01635258159323849	0.8362723972179811	0.7024519545596177
0.9325146421148556	0.050676105046772446	0.07363377778709268	0.2120068193661373	0.08319663643260977
0.23061217335250073	0.4384469317614733	0.926502975780902	0.5053680600098654	0.6743865218986339
0.8053178067528798	0.7275182546667585	0.3830278060630301	0.23206874963755353	0.20098025644934125
0.7596212337283459	0.5978081802420157	0.16798127163881094	0.7569759050716788	0.6475393536493222
0.7636019595345577	0.7156190075354246	0.7963055282344498	0.744064721003217	0.8901246534106275
0.28705352580057075	0.5773019337439305	0.3381497706628024	0.6603090374842939	0.9604936104460934
0.9672804960586248	0.44236802267787967	0.9614166206489096	0.23531771237659604	0.12083985420268462
0.2386813197243357	0.1450605602331596	0.24332218865675037	0.08030153311772259	0.021153329885453598
0.47408151367302553	0.04342180765938097	0.026899618329400687	0.4104086839464419	0.2820894603731817
0.7022620192593841	0.3817398622290973	0.030398814656549367	0.3924405923302744	0.49677523412099245
0.7739130127949808	0.4312533946595585	0.9051398509492194	0.4153109778045492	0.8428771076317173
0.02705503094633821	0.9547708215965369	0.17392440689849709	0.9214511948873134	0.9129241497719133
0.5473569487650989	0.2995607937921613	0.39133487036418013	0.22876706977916716	0.41698615202945666
0.11987748758460992	0.3043828186725098	0.195672093564774	0.040316196696977724	0.6808591668190902
0.6143290768532783	0.8600841986299748	0.8161831340474444	0.3864461314271441	0.7663503723701983
0.6936569470381159	0.4398214866535708	0.39527105530799533	0.2091455800865385	0.5836930793500681
0.5839735953782168	0.1295436350326269	0.21968814474131337	0.6585690405429406	0.1919921339288716
0.2724593166001005	0.053669465484882606	0.791326988487522	0.7854393804157352	0.6179396264343695
0.9329631203411517	0.288170212148088	0.44010899269746817	0.9923321931065363	0.0005405725524616489
0.43567774748378185	0.49696713570207074	0.3596067459602954	0.05586027513340086	0.4935792423987666
0.0765516079163494	0.9329163337284352	0.8383495510361388	0.7468754936697628	0.007908810286629264
0.6158277758645895	0.7003576700598356	0.8809583362017194	0.43114418052868375	0.3922258447406196
0.3925234234923065	0.8742203496333415	0.4522932003609502	0.26218516211174614	0.060926366691271605
0.7486010668923354	0.5538204885467738	0.9943773554273804	0.9882843082106763	0.06647085914416229
0.524916820181399	0.01570566434117371	0.5667929791394639	0.23468024211217897	0.9350873803089917
0.7601844234296777	0.9701326146443113	0.36753307910927435	0.029863607694288308	0.8064789172091391
0.9967331508399019	0.8902274247889488	0.794637983860392	0.5808906713979097	0.012462074727125239
0.4172485916450396	0.5009460151096178	0.5778513535413151	0.5193991141620615	0.05906276089157003
0.3189509792978852	0.664584053213532	0.34724247268495867	0.3606151350625787	0.1370458144117308
0.4772546081429657	0.9318182519457419	0.9287495075092074	0.9395387905641182	0.401313955097923
0.9360064121862515	0.4788461855596865	0.0300302422731058	0.8988332468887759	0.9765684860673499
0.9953922026018264	0.8971995153600705	0.6568020232436607	0.11506261291349584	0.6240274452894691
0.9994800372998482	0.7437893009442194	0.8210724045397564	0.37963774610939127	0.8426189930179141
0.7043398126346538	0.3244486362911062	0.8448339361622222	0.17171515454493913	0.4596145596282323
0.9549153522263338	0.5446887770584196	0.12435753643537684	0.5791674677012298	0.46630585685571857
0.7203645251284692	0.9009929209166498	0.8065698114490558	0.25570928505177615	0.8742450911385388
0.9651031624657453	0.01630069241586507	0.7109795623521992	0.03730152012344101	0.5923762189933127
0.2401231105246302	0.831858240232275	0.03858766923410939	0.21709368194858092	0.515984177903353
0.901002393333934	0.6518465887735013	0.2604647504227172	0.36205032456989883	0.057647618648738796
0.47610722205361844	0.33775213434512863	0.12819589772120688	0.9721032954932434	0.8475176031106123
0.9899022552641374	0.6704192633573964	0.6986692652418076	0.09080907063232546	0.9591783563679018
0.7887818215312317	0.17349085703259737	0.0627839318737542	0.7129202772193477	0.3435489133778452
0.886948777687034	0.5393419003882524	0.49939190039362213	0.1929955471318202	0.1262925220656712
0.04071723821816953	0.11984946660031948	0.7982251490393425	0.19332191447637836	0.5123143433703164
0.11083126125432752	0.21201282552945455	0.6664651631940007	0.30339037297305416	0.3320968132235086
0.9349780479088634	0.7948142480010039	0.7490254930799455	0.3258716599688698	0.7327304160841221
0.8286893990970806	0.5390645302582726	0.5023980725874007	0.33056872999383624	0.5461290503902009
0.040538058713227465	0.15605717397556151	0.14320854706475372	0.9237210649690559	0.39601572092884196
0.6414592658334608	0.8798135863747026	0.9104465745632423	0.21729085869042164	0.33654387618597315
0.9809051439341813	0.4034585337931167	0.5583947506687452	0.6245288608352406	0.8779201419052212
0.12659959557447964	0.8904265737742847	0.4452455488603788	0.8331610081142503	0.29693163849571125
0.08315840291166587	0.3279261300304718	0.9027958438692651	0.3683097627955825	0.7346945273319447
0.7971874917278667	0.4126359180761696	0.30168683802023755	0.4473032912241143	0.09835759458517779
0.5366967477877449	0.8518412186555979	0.9337964986273286	0.10857261092767356	0.28622784916716393
0.5297593756123162	0.3157753253688106	0.14288841083672887	0.4768654918385239	0.7229601082075976
0.4928017265484247	0.20165615285690652	0.9972037121961146	0.2517126319188402	0.43882848895707405
0.10453663705981053	0.10354330347726515	0.5004081095395471	0.3651536614030536	0.8620830660520324
0.3273794625857841	0.6096556838464817	0.19289262833152276	0.4735031493649744	0.8881507391423038
0.6147732249854208	0.4926457393629221	0.5136333584540009	0.10858799164572086	0.9905954744913611
0.512651422435004	0.7227321865753217	0.06800541485375977	0.0445382558921702	0.2857275350593681
0.8682527278677061	0.9738203302801755	0.398120101749982	0.5262153497786889	0.9198605744591931
0.3270293359400357	0.7333047341894202	0.11952660034109464	0.5670484924429092	0.5657806055381274
0.3833085323756673	0.8609395567315548	0.18269338623486475	0.3980179271216987	0.9697723501607101
0.3395984957740874	0.29650143147163477	0.10363568903254106	0.1653846333493525	0.8395356757480196
0.011857017205465281	0.06174399902157768	0.06634550964365793	0.4103927485022755	0.31934678626385393
0.12892010521105035	0.3427620624165135	0.15767765421224644	0.4699490451450291	0.4396879847594034
0.28704535950236976	0.6818251690582409	0.36947407747055183	0.4650598726856502	0.9799620589710959
0.6713288053204992	0.9115737151941397	0.9469518543360849	0.8910502587417004	0.10902793495752205
0.9525796207839946	0.4018646515725903	0.9425637346582215	0.6337406876228378	0.36043204889918357
0.7733817708081159	0.7686712434704279	0.2561340483803831	0.19927715651163036	0.12039762292124156
0.8364639868537371	0.4419776686816268	0.8556801550922698	0.681074784409712	0.8897870183008914
0.8480879563840997	0.455228705741453	0.9667352611061918	0.37531143559400293	0.46764281240900263
0.03556435916592704	0.3860209199502491	0.08435136402363619	0.9982009915138697	0.5398064933088912
0.7875820876796992	0.6704460503821288	0.5748622200318416	0.15117640990225645	0.8287382979018547
0.5614924212477285	0.4553999545350209	0.3647855804649285	0.2827660945547852	0.8376342158986518
0.6542389716889677	0.26183125264275686	0.5683527392223373	0.37084616873725607	0.4718845487051686
0.4734151872320116	0.9609557425174536	0.925192408274526	0.7222692387114475	0.9549454593999788
0.443437121031358	0.8026377065656641	0.9548777782090534	0.3445470229716021	0.923194373859537
0.6555442587951603	0.30494669110881234	0.8798549722763134	0.9768446921788809	0.10367268522062323
0.8087841027303999	0.5827520895056215	0.9459899484768853	0.6093273180251834	0.5908326180913648
0.8132784982698762	0.9424934138571515	0.7085240414950859	0.7531145716273328	0.08902883280955287
0.8933163883044168	0.6627175515541935	0.019639725551078846	0.8729178183696527	0.7717998753823141
0.6436931106979961	0.8384759067732666	0.11879467227415252	0.29655876032897766	0.5909931125057182
0.7109249217927432	0.7654754607173992	0.06466597976333388	0.40897999134617347	0.7469820294780302
0.6904347969558864	0.08811994259082978	0.7909692680328371	0.09049491551419642	0.2001429358811907
0.8383176941105058	0.024933869685467958	0.11511474149865042	0.48285367090695774	0.30367065899035295
0.5627220277261769	0.5124419157667399	0.2135756293675175	0.35670611716686174	0.4637061086792612
0.7441297512283295	0.6882413924561561	0.6193585935026382	0.03628618603909184	0.32597501516375216
0.31832429906214865	0.053358479271712334	0.8190510904607553	0.3250394082515725	0.23865190317788954
0.4559318646039541	0.3772540855016354	0.48236126450911054	0.08569095068704935	0.4451390484853539
0.22003018186725465	0.7481593545464709	0.21268983039468536	0.04811601667895449	0.13992776561346043
0.9039703640993955	0.9275166660467221	0.5110456242361817	0.9390757983430602	0.827524098626863
0.9391926572853366	0.43608399153352384	0.05550627027601407	0.7025430034585369	0.47611500319594013
0.9453403119549704	0.5292096255543524	0.9975023944225322	0.6487749513443288	0.17382165688482365
0.5265393297198424	0.8125878558598225	0.6116095565031042	0.4435139285619927	0.3987347975576305
0.51273832665106	0.30437645839373784	0.2504107027964282	0.5012748278983886	0.8945773467753152
0.5131427812085728	0.8756407891970401	0.6237816910899485	0.5961442471164531	0.3541021445386535
0.7576482677435779	0.8700668567678176	0.32904650198008345	0.20827381008170043	0.9718931145163506
0.9033094632642371	0.586869969196924	0.04625016745138266	0.035157555071501534	0.831570044475111
0.43597439043108444	0.5015395867705529	0.5796578130507933	0.1440828591419938	0.7043469742531492
0.15392847262130915	0.23649582035467276	0.4981915414060253	0.2752672742449519	0.8740959512754173
0.6520118021005528	0.2587532904524035	0.769313018059788	0.4730591688645106	0.29705965757543373
0.002025142056599205	0.1446368220533908	0.923291449444356	0.4956321042491124	0.552541576788625
0.6894074931228428	0.4307780720179223	0.6804801966187715	0.8848611216513133	0.05782092160550523
0.31830218218853923	0.24079213124222676	0.0789438593613132	0.40507724535286493	0.6330685952133231
0.3803354665266625	0.72220990360358	0.5286013188035845	0.8254596810588044	0.9337734030701401
0.695399835817338	0.3322481003596347	0.6957567289733634	0.23172536252596387	0.2749247996900347
0.3918737609101942	0.38357891859632065	0.4920680181734005	0.921331024579849	0.6235119775613958
0.5569836420227975	0.525305574826616	0.42979957995276463	0.7582414539410147	0.08752777270167433
0.8207795631096854	0.035250078243090566	0.5583830926843909	0.1095282211553964	0.18405444388740244
0.4431709109983001	0.40002132519535805	0.29707298307218966	0.8778787288044183	0.04719278207678024
0.5103440991233058	0.35210318250388206	0.6734965244144039	0.22542321876050797	0.9405061654950424
0.6446683399774171	0.08878398248228248	0.6082074315644209	0.0895667597756502	0.8591203188803318
0.5418214876753404	0.04152772227144352	0.5209442945813124	0.10613064975369713	0.15078296820328696
0.4580525000481205	0.9747879678156961	0.6980598354994128	0.9161855711987872	0.29372414325198126
0.17742314742150644	0.7728638096362842	0.7634381497637379	0.7508021453746527	0.292954938494254
0.3439844023751316	0.11480947014356913	0.9929759199276632	0.7652946079560407	0.3170747223316055
0.6486336041632833	0.3873716358504976	0.5677984666825939	0.9952218727383781	0.23110963721077193
0.7760556443264512	0.09770575113069213	0.8266128829083891	0.9802390577776539	0.9411132885997727
0.2751093388754515	0.5061057951911418	0.6902087488309492	0.8684647618162863	0.6147190707619283
0.03658199526614281	0.30310166990095266	0.3931218457734432	0.23747274887084124	0.33786596616621245
0.7630180138170437	0.3046030505824284	0.4587078181422781	0.5769372954983581	0.6688265938490416
0.5907903250589243	0.010452468751853461	0.7261858656019451	0.7937544061009206	0.12847476886537568
0.20060029426417403	0.7186763070672376	0.09164165525085843	0.694952817882823	0.9085053000170796
0.582350263099088	0.5698032474690247	0.8004385859288059	0.9603661058776748	0.22729813611365113
0.8350620999769195	0.33694784188570814	0.5666178955501925	0.6913251451980525	0.45958188987249304
0.33005659123673825	0.8669697087457668	0.8494034933414081	0.9635241199937722	0.8531673816550362
0.6081007886640917	0.4492019814694814	0.8877425047268757	0.2664499424728921	0.35541202627035695
0.5366363788631496	0.6862272959436494	0.6143132568597467	0.07148652460017302	0.0010827897154295218
0.2365429901997389	0.7063159040370205	0.7764385024461271	0.9012074628351561	0.7882483127200061
0.26300173545873906	0.849808400800045	0.6128137668982909	0.22336104671166723	0.5874316923562106
0.33971665473446444	0.565882408739753	0.7478674676416458	0.6622305917688688	0.9012165530225449
0.5603671181389922	0.9505792812452208	0.7902662776474708	0.4673707016554781	0.4138685151147091
0.49356141778199236	0.13352573936189316	0.7062064591653097	0.006178948271625351	0.7626876578619332
0.15577211675176217	0.8347903078716202	0.07576118674611143	0.23639851042373905	0.34444604080162267
0.07859168744921197	0.9385359845769552	0.23159339838684634	0.8182390329938124	0.8044850714800715
0.9861037550103299	0.39616285210675106	0.7946338943769764	0.8559646963590645	0.46273607465457123
0.9156254970904035	0.8149860268726281	0.4476414061710092	0.4734144740691719	0.8115080812439156
0.08294149429885245	0.825949733542985	0.6581198937564011	0.22217876577814266	0.8893653276720671
0.2195460333784076	0.3530527523152671	0.7138038525147856	0.07325326236014784	0.34620249464654396
0.4463813599476275	0.878379191075803	0.661826294327668	0.6744001778597236	0.5481122772305739
0.9637014205420278	0.30677089672871005	0.8739063456533922	0.3438447923948631	0.0740395722869388
0.4727289094643661	0.9108212708028574	0.16906248999918605	0.6243152714722786	0.4395761037972111
0.9721300046503885	0.2647730900371884	0.07575672801429312	0.3436079952172416	0.1527078295698009
0.05629215748942229	0.453666775300827	0.9714529103239912	0.948826717904231	0.3783679154788723
0.8360394043715376	0.19291242182798274	0.41916281798199084	0.612021385402301	0.9996313521513128
0.29137109493383795	0.49107883317987755	0.20948941594460424	0.25226269964466896	0.6668678405350287
0.6225274624585586	0.7042710055255053	0.3723844148091562	0.9221052435797202	0.9375181281778819
0.121251583397052	0.9957144944396568	0.06946790836828909	0.2550802851568067	0.32362328888582037
0.009048982976928799	0.19910821672577927	0.846017748534419	0.6507652302274336	0.0262183976205993
0.8665425672073791	0.6117335129408643	0.47039468739287227	0.6052457353717087	0.5417119316000797
0.3832871300881101	0.34176513080159776	0.008061793648666882	0.26233558830478765	0.6084517362150818
0.9758825399194809	0.07762182471952417	0.06982401773860059	0.19502349575907363	0.9104241935527226
0.9924499649795543	0.18007451524365803	0.04201943263599439	0.4669403694012757	0.7570872946289053
0.6556751164613842	0.9694977049645788	0.8812846333819004	0.5122792273034787	0.6950969691720166
0.9869362189285629	0.12336348998320346	0.48169355898804556	0.4168921459848972	0.8237654205660008
0.6711868197130506	0.7039006039908616	0.701168938067495	0.8111462716785971	0.1412785149839907
0.9902560342078658	0.7957220297384153	0.9007193028240383	0.11451371556711076	0.5442038714274577
0.12494299331773195	0.9213168146970095	0.8109634425454677	0.43749446811128767	0.38661330047610865
0.19030168821379323	0.5897954196085908	0.10952196327205155	0.841644847440416	0.4683666203386988
0.9089379472713576	0.04312590346629419	0.1638967870460749	0.6235728036322385	0.1369305890514606
0.5390287276805457	0.21893798615537852	0.21842142850697743	0.5187636459552133	0.17213174450374502
0.6672933826085061	0.8698312584500042	0.6532057642333373	0.3825824049930263	0.6245628907484483
0.8909915070706738	0.16699667310219346	0.8544619650886851	0.564936043304256	0.01636772242337181
0.018596813966795578	0.4944489031893057	0.44752765232567204	0.16242567101512873	0.4824023866746805
0.98109211750837	0.9636340288316598	0.6732800006885701	0.4221666519008861	0.33973576822866247
0.06755199695036873	0.23937629939561456	0.039486789239631115	0.576753486994742	0.7403090491661257
0.7615552851848832	0.5294211737811274	0.4530307456569007	0.22244366094675616	0.9332374235958059
0.03010825266691941	0.8519286823340338	0.995706261509157	0.16845487001721715	0.7976430522021364
0.09645683092702284	0.27524136891618345	0.23614696185531336	0.33625895935124583	0.2343775453135697
0.8404205612665319	0.9380981939730271	0.7704694170613432	0.26967477133994333	0.7841866922278696
0.6424585817377969	0.22049034460082795	0.5558102976186419	0.29899980057499953	0.2763111653793533
0.9673305970535898	0.6365141407847921	0.44661957199656466	0.029509132683803507	0.39376457475423354
0.5402049410146591	0.231055646689437	0.1505840842016728	0.737961371552575	0.1124187921814307
0.14473138983395373	0.1272519166640228	0.5406562025860974	0.2959842274579466	0.7848778845436802
0.3792760129420456	0.30760503619411284	0.5890874601138859	0.7936221732047607	0.5546795731539154
0.1861123062830602	0.4173292723725852	0.32890419543728633	0.4706899708393445	0.05022515922822246
0.014746826192291396	0.0030811062217346308	0.4935879907171602	0.46152343984043676	0.9641405367226765
0.6556728893927274	0.6626563219743623	0.3694999641165325	0.3252437469588988	0.29540807135438674
0.8185419311051856	0.17325995240505143	0.94950810217193	0.09204894259143226	0.7479032466549688
0.26290783767914083	0.9569331676145211	0.005284867048149677	0.11649075568011502	0.04645144471055107
0.714886406813607	0.3009993002155812	0.6270643983435031	0.7337235249111053	0.4393579250178996
0.2982922051961078	0.5216401781799156	0.22018230142193174	0.8362064136950765	0.9881115515593354
0.307699092265141	0.1196316270790283	0.3048223655895468	0.30002195032063983	0.2812872581411334
0.5064481835134246	0.3972102377788823	0.09235902419446351	0.7275311629210611	0.1775178559617856
0.3354934308748574	0.8294974797172225	0.848426912517618	0.11234535668110068	0.4346459220179838
0.15532454526001638	0.1515599522890837	0.5877541893380229	0.6386183878587866	0.7038048124685208
0.705910866755586	0.01179069270919697	0.38466719064175225	0.2657608790541247	0.33159940084611816
0.9637459704416799	0.02297541038849482	0.1570802622611065	0.42250073001640076	0.08485467924171641
0.589271500037384	0.11698842019009137	0.7541404667035164	0.7138075805889522	0.5603721298141201
0.5461659729246969	0.9970798890670259	0.22963458399484538	0.37054431789863607	0.9801832607360564
0.20261711802080307	0.05937260965620439	0.6397271491609469	0.14927044586300098	0.7261280012908441
0.6610692338628061	0.2260989854975033	0.47547481294466454	0.9439968557869456	0.5350911069904616
0.8544355312704748	0.1403180323152351	0.4655507245856517	0.007034276063708211	0.1435503547647483
0.24410595001580893	0.7772175808938484	0.13751285307332617	0.24678601904725594	0.8198145481752145
0.13487009586473897	0.8605059806584785	0.028120367563090776	0.652188840131485	0.3872219378456805
0.6110250658923368	0.6744703876248349	0.2605689987711217	0.3075338038903084	0.2567164247528503
0.6776613670559204	0.5298388545750349	0.25261442111596455	0.1037164771751411	0.5538063035738916
0.6477283822414713	0.4028928045738289	0.02449578228673177	0.5823669544096463	0.7578060180430315
0.9186490674773535	0.6309956000230099	0.3300907926448099	0.3525982241470865	0.423048857021773
0.6979205864177419	0.464092130186221	0.6145996774077738	0.2891762234739296	0.5683507972656117
0.7777633546591555	0.4223081477833328	0.05662757825964859	0.5052492700125002	0.659380104039469
0.7309459093906261	0.4308872249773208	0.465726226604566	0.38534944971704577	0.683605239556373
0.033539965508410985	0.39675357146751355	0.6606159784098584	0.5819987921848916	0.06203691996853755
0.30119414355361995	0.7664421155816808	0.9523581886075434	0.4770189663428075	0.17645327617480822
0.2241452828785918	0.7859622426531565	0.24676055608100333	0.5184918544725757	0.3240687770117462
0.9250895535087367	0.6698961086312223	0.9156998650280845	0.8086243489488918	0.7465734417561625
0.1081760373145988	0.3694409039975137	0.5921931753840727	0.5303793152548228	0.6384857658909274
0.7610117345159697	0.23644141676259334	0.6802037522591177	0.44294653791645733	0.07481496482771133
0.8141574788972135	0.2701709703033941	0.06878147487075059	0.4915752279693617	0.5427954535366053
0.7120237346376758	0.5329058087661279	0.016448032767554577	0.7859184658885167	0.3031934946270255
0.6559591835870602	0.4105605567973901	0.8485817983747435	0.18758735000023907	0.11156162091534749
0.9299875856343862	0.09405342227468116	0.18233810395977434	0.2867829163422002	0.5333100087393563
0.9880825274826194	0.8855998746269045	0.237618338166955	0.37658964023096264	0.291268374577744
0.19911007420882276	0.8940454115197258	0.7253420767592471	0.3320403843234795	0.8796503232161736
0.7726282464049874	0.5051130541659252	0.6519109604061848	0.474848792817843	0.15674301700470838
0.8169770412376409	0.9843337370204486	0.037893485188522424	0.25490828270054156	0.2918604268930496
0.548150937078013	0.685500477286377	0.9019374721903094	0.48037158129464297	0.9049834022837571
0.18630266058918332	0.0969691020942548	0.386150351822786	0.751832126613292	0.0028493769904240906
0.5354475430873805	0.29655095137957777	0.40529295789797914	0.5699510736786196	0.9272326658345517
0.09095617985495841	0.05010242797879083	0.9054303875220829	0.6679559620736001	0.8952999333649033
0.27761924949522176	0.09309302578785272	0.6605649171274725	0.7799667880576362	0.3647530518623572
0.6771100940245087	0.13170244154878963	0.41576927725944757	0.17954671740819705	0.6204459020768738
0.19125137045661234	0.9101248804428792	0.6095310898179643	0.2652234638370967	0.5948599100852808
0.92182531476024	0.1551740864463551	0.5263615685195059	0.37139652489623054	0.9023706620719656
0.7128102031158882	0.36988080312099936	0.42488795088327747	0.34590771675828724	0.1664373823163433
0.7318332438370531	0.9979529306769569	0.9695567380911966	0.07395290382250097	0.06411008379791283
0.5384674468113834	0.4942287596022539	0.08065436530270309	0.5655500005791557	0.9747396260994203
0.7429957617328403	0.7474539884506907	0.18412146624354186	0.36693789680138666	0.7607927613883875
0.5412593013399309	0.6988395356815242	0.1069495529780472	0.3756235122890038	0.7862299547995762
0.7528935890340728	0.5656616342207074	0.8990220616674401	0.1318971564540441	0.21629881002841644
0.8973388367542471	0.9367732257825458	0.3794798995324996	0.7848907857859132	0.3815051331768702
0.4545950163076642	0.7684310818440875	0.7570193631575445	0.716170095438247	0.46508935473076973
0.9227625225846088	0.3446488573789085	0.8844501922305625	0.14126014853361102	0.25482407472579527
0.37768587899963557	0.6505690617153356	0.9906796500295147	0.9625924921182659	0.5913104175912699
0.9186293344932874	0.53951660056412	0.7465961416560619	0.7512346520650145	0.4258037802580086
0.7369621205478942	0.8283295834683694	0.8131618200934713	0.02537735762279414	0.7556179066666138
0.8758411543998286	0.844722909074735	0.6775885343010667	0.0010205794877246044	0.16679934218419812
0.8263224669563307	0.2921892785949297	0.47412093650314135	0.379271510681116	0.8284632623685042
0.42826071598764437	0.18962877648161824	0.6382652939601265	0.5902726284326946	0.8738923497819479
0.19388196365815802	0.06091662033029188	0.6063904130899753	0.17686891920783354	0.48154841002845505
0.3596456154589247	0.7394001655622373	0.8620080519679576	0.24402262572585987	0.7854994271253946
0.22205399911241985	0.7023223769295162	0.5245382821142519	0.08986301249312278	0.7948403726687836
0.08257683361232437	0.9086939991536835	0.9779314030446481	0.0738401686491259	0.3798258659771879
0.5864137513869719	0.8462125637925483	0.9552225849926671	0.9063261229023781	0.08043730786966874
0.8721765752168615	0.9250753466873212	0.16201440928736388	0.18053442216964444	0.5707978999995265
0.33250407674999183	0.3480593405499134	0.24733052751589835	0.6581920476407946	0.32068012549242275
0.5422025128343613	0.21502653613668998	0.3302951816695262	0.018616179821638323	0.18318849211197674
0.6582194167614513	0.36140550134963423	0.25873844798203727	0.5460412602426377	0.4736359206691919
	0.8624510889105977	0.882352097111595	0.34196164499781856	0.041210376542217375
0.010670744669657894	0.9660128184778335	0.9640744801188953	0.4415777055164566	0.015091587563417552
0.7261299970114543	0.3125364004866976	0.5164395052388289	0.5074476376545021	0.49110526883153194
0.9205303204035628	0.32205110499715484	0.4088607160756724	0.8184880698587276	0.43885203954256025
0.45303232419119344	0.560700370260467	0.8313108061225958	0.6417052016671784	0.2319303385192194
0.4796219736183739	0.36897135399531167	0.8979811894457552	0.1492112939343302	0.05950464577236192
0.8484898121737251	0.06911893368102562	0.8224514330727168	0.9427848166049029	0.8980082251045041
0.5071875566204966	0.06165149114495161	0.20424382240254668	0.9073685358271851	0.8305208356735567
0.9393900909403844	0.7111512663179614	0.3163560937272819	0.21847241574615084	0.019917401201076212
0.6467401109509698	0.8456831601489899	0.28633171521595246	0.021332098644533004	0.8862400889541524
0.988862051547135	0.998616389842442	0.05429626348480421	0.09323055627381416	0.18150674565943992
0.8701475903961376	0.09643440270712278	0.08451697142675652	0.938052839646173	0.28628100088124253
0.0661088858819141	0.8298451122908004	0.48008131519070096	0.30494567299859476	0.8979354652467669
0.02845545798910809	0.5112361176577436	0.405865305747084	0.13693327252505083	0.1460258922357518
0.79066033629447	0.862004271556616	0.9122071321654674	0.26870275905968755	0.33185563132828033
0.9856074863888531	0.010405116506522205	0.07186289818627856	0.9229396525131914	0.8333895915845202
0.5477308936405282	0.46218650012411666	0.8880142841115787	0.4791721558359642	0.6656863172614712
0.18473161470563426	0.3376671735717812	0.2704708206100822	0.3811791297606628	0.608957564218043
0.6045638476736851	0.8311427415572965	0.3903570995346559	0.09463639946892666	0.617415104711354
0.305519922433628	0.37703053045071944	0.23657285528882022	0.6229661884630395	0.26433789052460943
0.2943628183422454	0.4055701932490525	0.9997428558300254	0.43338292724711514	0.7795273175501732
0.7859947743962933	0.7319810598916724	0.5308397528754172	0.13666731349873307	0.31190314872777936
0.5464323983797872	0.88391886173761	0.27539708677218777	0.3467073022562188	0.9265619846551464
0.8063232129689435	0.8971060407663451	0.03671126946468828	0.8024314127251655	0.24315111381924748
0.03317555809561101	0.7303633548659282	0.7954969890702827	0.9511796249474319	0.40781515676727276
0.11208500804980781	0.80883145064464	0.8381362653065207	0.1747913868499943	0.8874909602220945
0.9655835768726079	0.362951563860598	0.11380734278805793	0.9378887166304615	0.20344007266756126
0.4258021373430324	0.42671948967678297	0.6334370110478453	0.07411128838228731	0.003968583465389641
0.7618782461212726	0.5774732638238164	0.8060848328575965	0.9330655275047806	0.7212781380881745
0.6384609423506388	0.7471519947670865	0.1963801069688046	0.9561883509704348	0.38722121381788444
0.41418727684246315	0.6837489203477883	0.009708164505097816	0.3408240330310397	0.5326593591758643
0.4621929782375003	0.49580737188752044	0.05335468828073919	0.3011622679098188	0.05101552681719379
0.9120659610785379	0.17133534677512563	0.9238012072769918	0.9979032571591127	0.6828601798099185
0.28395246108140937	0.010612924945368363	0.31199398139698986	0.8488735112751556	0.8219912297509399
0.2770818825139897	0.2856295265947717	0.706313345136613	0.9334980815438482	0.7312972817765757
0.36886746442671636	0.19199471016652558	0.03284623736937009	0.12291588026251976	0.20388589399164347
0.9858154650825985	0.5638365996920464	0.10586881944466942	0.6054320740004848	0.7193860032015471
0.2047847508445918	0.3895561895702554	0.3279025283764848	0.962491168262088	0.6184018437771994
0.8594543789188324	0.1458053515278238	0.46310635073228323	0.011070697671423324	0.003396233153590056
0.36546503035832645	0.32962094101410744	0.5628223157103363	0.16383029914917235	0.00014252786148216678
0.9277825995337229	0.684614146746343	0.4358059812556021	0.18605291233215226	0.7049472020192258
0.13989569619514863	0.5870189755422045	0.5260626041098055	0.5255838565852655	0.22120372244624142
0.15052820759331054	0.4034546836840498	0.915878414866827	0.9875572171476034	0.1061307912598104
0.33005266671278366	0.47006833706794304	0.08808351822830429	0.5132457362755621	0.5929187257688258
0.7233298368948456	0.5413454866939246	0.9513674265702216	0.5764447576162866	0.6413973022623778
0.8279385860295075	0.4656744060065754	0.5067287975215243	0.42937254607721076	0.5764176295648182
0.3883890621093782	0.19835229348403394	0.4975685875690673	0.6210839994634422	0.15350334201545135
0.876454690222379	0.2920869008414151	0.9609092192966167	0.45906865760474724	0.6136720134300557
0.28993090537284183	0.7036706224311631	0.22921952045016292	0.887020705533288	0.7264790661166605
0.8328638304722424	0.25052557924829233	0.0010404339807342788	0.10451791346486672	0.2773145148628655
0.46670661454521223	0.5813966500774856	0.08154446145051086	0.45550295483195236	0.7466860342503874
0.4099054895605595	0.8029736120844629	0.9256746488109031	0.7998412441647407	0.3697233881148305
0.5077406858181355	0.2655911622585765	0.7641552009439223	0.32995317496393706	0.8680180162732151
0.2600390903695363	0.7028262125152557	0.6257230292965513	0.6373653957116948	0.3208020585783524
0.8997538442895101	0.14181404394838382	0.2124468181236837	0.9354738992492726	0.7094496362779559
0.5020314376817318	0.15600782951123482	0.8239636547394558	0.39637874019042374	0.49107858354118106
0.30927894551164725	0.5737206252532916	0.37596872982799723	0.0779705815595978	0.9937148231034224
0.7772843856812637	0.15281275247364035	0.14687397180493578	0.8078192984011658	0.42393561323954
0.35643761333844637	0.5480416077186918	0.7423698899883306	0.9731967103117591	0.5766190268967241
0.9844845470976339	0.03277524081538474	0.22408185882384668	0.7147587606560979	0.05934017123563362
0.656945580635505	0.8210257727882724	0.10177813428994353	0.6842561010750774	0.60306787091406
0.3271284597490305	0.12387761664109431	0.3726590270895893	0.9071307357160225	0.434621597635403
0.975026830516757	0.2558681569571877	0.34626837536044586	0.3590281249659726	0.40413682438954635
0.4462160811132583	0.6448726561545426	0.7408313933388717	0.3109596495779702	0.21095393968647524
0.7801755100158122	0.029545527982668962	0.43864982911431494	0.616146518388413	0.7239027085425951
0.3698787756037014	0.5380980875696503	0.6998015206956913	0.846101886099695	0.5012710103237655
0.128984859120022	0.9951081088623966	0.12843056658917562	0.6465899608527715	0.37072111465092505
0.47085221902356056	0.4239481290879946	0.74733664184115	0.6302157885252343	0.9108642564446442
0.9265038242942958	0.6469591470670003	0.8873691995897034	0.3232387323652418	0.09905018340189764
0.2590325979345295	0.38714861715383	0.6051487545379228	0.8015711607908406	0.46752421405107025
0.2590161724932657	0.11069899169738628	0.44863199364445205	0.8062405629208945	0.13246251118159147
0.08875344557714515	0.9004795719544506	0.7628334127413076	0.8710319255429696	0.38295321178935926
0.2916785024997861	0.29574117310086634	0.508439548176231	0.47270099768271745	0.9186533592158507
0.5161871619857533	0.6796071830795866	0.608065473202791	0.8821452547978259	0.9156959785142573
0.9937891051078322	0.7032314370592463	0.9850563417484572	0.21087729220427798	0.5615791786711453
0.5864231186858875	0.03966894867392179	0.6230663715764381	0.47620583223915103	0.024604720209217
0.9940932804299643	0.7215245277726258	0.9529993267125209	0.6091889923854068	0.3424593557451987
0.8478842310055887	0.570799175779663	0.24448517840677408	0.2792854909885878	0.17936550160941478
0.7368519202585049	0.8885828133100196	0.3776393707498773	0.24150723620458714	0.9417546037632331
0.9508247405897482	0.07996585223044317	0.4964309133253306	0.0689528712539923	0.7611178956522766
0.8266738427006233	0.4193782033006007	0.8146614057305008	0.5408516323716429	0.883002000271695
0.6096688189181267	0.25575107893964444	0.926667185956357	0.9106110305391177	0.30931005002474876
0.8881007049504458	0.4230127426263819	0.8434116373464893	0.5405565776200606	0.4640327478391464
0.6099429409353395	0.7039647070711009	0.6728714786595473	0.7478094915351483	0.5000952397690589
0.999852514868468	0.9267417612554564	0.7962019162012309	0.9987512204946946	0.04049892727223048
0.9199840518203267	0.388648163167285	0.1438100950300517	0.7270336677881567	0.24194687517358848
0.40245783952044534	0.8275002770858867	0.484504636496802	0.9064453356624139	0.2653377395886104
0.37328138860041227	0.5712375950451837	0.8674272489950269	0.5680034347230744	0.38581710307630024
0.4566402882471886	0.6704156989596068	0.4204381968338604	0.4063588479211757	0.5302087178005364
0.8726488418196038	0.67680105135958	0.18311001081195055	0.4486836414239703	0.6718148761787311
0.5336967218222067	0.02115258608668169	0.5034212399469181	0.5268122396742209	0.2791580247323635
0.23784676938231464	0.1522822526085602	0.935640217077218	0.25300192092149043	0.4726223234658372
0.10918782537824956	0.7367031588422199	0.80123949036866	0.09056503297654916	0.2964292905288617
0.8031880525927252	0.6730995224590057	0.3149421180141285	0.604428728453174	0.8973230172440758
0.4538342850228402	0.1577926781775565	0.7068412330420393	0.5285485833988275	0.8059535931526631
0.056465571708471884	0.43799533384226863	0.3520041886021392	0.01516237974749357	0.2545957918344678
0.3908840762880563	0.6106823764363206	0.05593783047750267	0.03940537401960209	0.8024746968943535
0.793871443225669	0.06293517688813643	0.4731844961042303	0.28894756706366453	0.7416967512093913
0.16463827055146363	0.4187480135263788	0.6385094833686898	0.8742870064910997	0.07821527819428753
0.17790418653711915	0.4409733796700287	0.6753509985405981	0.9681533857932245	0.5539844419267925
0.9376033976845161	0.949161945173555	0.9060595236144622	0.3403451685265464	0.6001634779949533
0.9843905290116883	0.946499765183506	0.8780886824225513	0.4002565342576103	0.13734787327064468
0.9906056171588943	0.4745039686784235	0.8191270106042722	0.1870233494662411	0.31421437131521146
0.6765860397679385	0.9624269233115065	0.9749755625990074	0.042255615491308074	0.9119791857913493
	0.06852735442695046	0.295531837240412	0.008423895625678024	0.9211198673973717
0.16611719730317664	0.3831058064620726	0.769145299641802	0.6382686393591401	0.6415026571797656
0.09447571861438975	0.090220341960635	0.9900197421422982	0.22712971340838195	0.7754226059837757
0.9270537429382598	0.3743580880935381	0.7955116283420052	0.6427797558730177	0.5120892694832704
0.24536704308082258	0.2844455242555636	0.6218688314777765	0.8550317422001071	0.8290696738586731
0.866829243099145	0.5250879165267238	0.2953407231373816	0.9944206957175454	0.5322154590947599
0.5997204775163735	0.7043999026853313	0.6086422995507168	0.44981426736831764	0.31706772744019784
0.3558271990737	0.6475746835437095	0.7868688555371758	0.34463062461631466	0.37761591118116833
0.22652406934216363	0.6668246609010007	0.8376768644315958	0.5429561975211117	0.37987012468080816
0.5347728609074806	0.3098524946017064	0.23172849964967746	0.7720109972947607	0.708667682396953
0.3156252357734449	0.8527392957813478	0.6651346260519647	0.26304427359516935	0.34264910076423605
0.9763384439188942	0.38415394472873665	0.933410730177204	0.18428367503467424	0.22132725891276683
0.7914296554168342	0.8312141723128993	0.6391989247987818	0.6904067659996437	0.19322075809946948
0.5601360901467095	0.24818788303657247	0.6162545244496456	0.07071362162769657	0.8466429851884599
0.5601248658557865	0.6634731892432028	0.673243497673948	0.6142424704521542	0.9102769710799733
0.17945417841896805	0.1484775310839893	0.9414324361361797	0.7323077041753191	0.997222763255513
0.43661757262678047	0.2764011763150096	0.0756234108480559	0.8843444101514992	0.277739523509397
0.38374183654470595	0.026923673019840444	0.39670019899050224	0.7918487230425384	0.0588073748462985
0.9949123559400401	0.3897537217437749	0.01992771861751763	0.17081784166097802	0.3772494037135292
0.9680723390773044	0.8226111232689881	0.05739496793314791	0.939625992137205	0.9765995873666274
0.14578509462002176	0.39256674615164167	0.4661204710141713	0.44431039869465117	0.3875440900636725
0.5222806312078598	0.5501827528175282	0.3208053879779921	0.21279086651966084	0.4921600834467882
0.5724408043257272	0.8735388823852202	0.12872786399541958	0.0024868114390683704	0.8834225887421971
0.8021714423643186	0.24635640472046638	0.8843260245730296	0.06612587660000369	0.828396832020563
0.2877271712601417	0.9985890016666604	0.8687326673045993	0.14832874705620436	0.6375136674062942
0.672887266690083	0.6788145606757173	0.10769678037208064	0.1709989769397583	0.014398242327919308
0.07807294500511364	0.6344941122225903	0.3254951492971617	0.5634497492647231	0.7396646762574168
0.23528929777106933	0.7719897960347311	0.3090072876299349	0.6076556071301473	0.6373704811669004
0.8298064320270717	0.22140818119409789	0.6656087818815192	0.2656994179605606	0.2458730871090482
0.5465107831035445	0.6025507125712052	0.11452805098243712	0.4848418236860319	0.6347924467711458
0.8129166008110945	0.3671332751166879	0.7686016196063991	0.45855734530685766	0.7234052222068664
0.782780780208979	0.9077447119159752	0.3444182820074456	0.4838925868043169	0.429064874371899
0.7203169989240528	0.8198695469226086	0.10638726456130876	0.7828132751592788	0.6487767676393456
0.6251724233583111	0.3213820356957048	0.22393009795947982	0.009043945949730792	0.2774969757264232
0.18029253875057982	0.8282215900370664	0.8722854178000041	0.06537066667091496	0.9061466556643597
0.7071549236448958	0.240724773002289	0.8437240235993659	0.4436837850643268	0.40705125418079235
0.9909001090702811	0.7825647318915454	0.12448332077195978	0.7206941317694691	0.3935342890330783
0.6069099950496023	0.7224357597335206	0.40284513641247677	0.6803288499950917	0.08397895705892955
0.1914089625271782	0.9620114057744658	0.5435244049445872	0.2398704301305603	0.5228954436710533
0.24335121141888894	0.08299240814851638	0.08703018492736547	0.7634396285932037	0.7865342192024549
0.7394824543854003	0.5226978216968028	0.7269493329125989	0.5103878893571152	0.9458369161770617
0.39062887472920405	0.7979715563574197	0.3383548433393371	0.43544580554936163	0.7361369849402738
0.4568763319770883	0.1374003949173379	0.5572202239179778	0.824898795277364	0.9544835809244498
0.30817651249924505	0.9461814662059623	0.25778464501754683	0.4234890814348917	0.8741224657984775
0.6795301823830115	0.6405708188355651	0.7710067023451161	0.19071968723093569	0.47063438642335886
0.13033616962836414	0.609420130580724	0.937865044934644	0.9510512537556871	0.4766756307492377
0.28455142432906544	0.3153524174708333	0.8100266535917398	0.2418217512631955	0.4390598588343001
0.9300447386680183	0.2978308082113079	0.5518910573155682	0.4261726708445356	0.842478937495968
0.736604829570793	0.8715394356382249	0.21579157463261478	0.1886298853445505	0.5301889938276335
0.19643214503456585	0.9958127000808559	0.995253096003513	0.5972501402216781	0.8867391508566784
0.6480959716181381	0.4123518035958472	0.5565347845455592	0.7243260573266428	0.9911932362115424
0.17419955855128633	0.5311288563167382	0.2247013898575344	0.780004870240371	0.6361099803732072
0.23828920406960497	0.9638744117465863	0.25141454746982506	0.7616190269534168	0.8781251023148459
0.125720578120863	0.08662510071478224	0.6019005273261028	0.2832790459153314	0.8786179583551834
0.8415243161531384	0.27160732436506974	0.8439066002820026	0.45040599237079604	0.4237378095386767
0.5687799251143504	0.5083776288512708	0.6638085843468572	0.803575581916246	0.05854799447052306
0.7369247858273988	0.5957106423145044	0.1286790268178225	0.8603767146256874	0.3570933396883069
0.6152878040614841	0.1322809502048914	0.02582370469717199	0.6689060130241989	0.2947531700386219
0.3464481505563154	0.251220151195636	0.5297844946446553	0.7801121863498184	0.09396438384573536
0.9330620178044865	0.2451427083331924	0.8708404106186596	0.6460995878061546	0.3729168612916004
0.3182736795871567	0.17984851281643277	0.8075962801293531	0.06302760416960218	0.4476805796739103
0.8974016068034764	0.5786926031017868	0.5432150257816095	0.48430836820900636	0.7132663823553078
0.8823963102052168	0.3368277561294777	0.2801211773050395	0.5997256880780525	0.8908069610620235
0.5503917187742109	0.942530528331493	0.7505351656359851	0.5245111399523171	0.22579005103267702
0.41300850855018023	0.20521098218230105	0.6493317057636456	0.7904544438413323	0.8046542397886043
0.45457807791604155	0.30422518191708225	0.49102548408804947	0.4079635209414183	0.2873383024722276
0.9830299669054996	0.870464432003149	0.30334122539685926	0.9455844136539374	0.5380868348187762
0.916218837377888	0.2212430514076914	0.24974713919859537	0.43234005954465815	0.8109037846823435
0.7398766957045212	0.9829726188297442	0.19235401341668779	0.43592943242214466	0.21169148189891107
0.7952219606708484	0.7236136131964489	0.658070027180106	0.6111414506984671	0.988527515365855
0.8605421556540132	0.4975086793319613	0.46263013054653723	0.3817842938713176	0.37640464566279397
0.6673871531795652	0.9469308918402194	0.06486847589449496	0.6861579888120831	0.9562429720428025
0.7022936055865932	0.16269926426882297	0.6127064111974418	0.014383727610105979	0.8799761893974389
0.013682444114873515	0.7529877908822538	0.286312747349199	0.038427325513854416	0.3030232310570511
0.944388186948413	0.6614786205228983	0.7208242656735856	0.3252867888398573	0.27003791842164926
0.21171512854527863	0.49702022045551575	0.5157607642725655	0.3948564276735276	0.817501081254714
0.4198871013915997	0.8672847226514102	0.7089031304669753	0.8962008172501164	0.4224263052803957
0.07770842092869046	0.26491127729285835	0.23341529169391184	0.9546824848753522	0.46397971635750423
0.3418223056872216	0.5658169111039976	0.8296948640217523	0.5692365894085382	0.0421767180292586
	0.6749438936652549	0.34827830285265493	0.42919575438621504	0.9027105631678617
0.19314581505680284	0.5634947962112813	0.6810166420468738	0.892839298114649	0.8640478523824252
0.08588849434948986	0.7878391852853414	0.9328554590715731	0.02961166604197485	0.21285786716167487
0.19767236207277916	0.6062253470024295	0.07220774311396638	0.5079974116667314	0.4380419991459573
0.7124279421057848	0.7095117452669508	0.3036059239783687	0.556414531674705	0.7059412957580417
	0.4462142103731682	0.07123133613677735	0.018176685008011728	0.41046169607921423
0.5632309995638332	0.654405799380483	0.1835340653520069	0.5525582168742562	0.7191142240915455
0.5525271153498348	0.09655911470067213	0.9673231750026909	0.11570645503223387	0.4917037084101158
0.6744181731318769	0.7930126038514984	0.79061760784429	0.6560276693508299	0.456609973958067
0.023222713905980297	0.49173247883034876	0.31232415362366905	0.8967922474835068	0.8562501506346832
0.758518066830468	0.12218569450143524	0.3224623273277004	0.6127351106454203	0.1578097010174766
0.3619245743112397	0.7351209961429933	0.8145049489751032	0.6826311776767461	0.8209188847662243
0.8460742193167956	0.6328729705736721	0.8360048863255958	0.8168357146230628	0.9575574968596745
0.25233911380009344	0.8658864122983762	0.8204593993568052	0.2008963322946007	0.5420431721270031
0.5539197430968786	0.17402515760248927	0.6750628890539174	0.9442409108513093	0.00919982663820329
0.48529064054242654	0.3718655094917118	0.8406530999347697	0.9905347506860562	0.2857816458489809
0.5312152098934689	0.12319739015460984	0.6914091219625265	0.051774870844498055	0.5546879580414605
0.6840489624197039	0.6325663492134436	0.20908040062541322	0.8924291250484091	0.3335348506464032
0.904109108774611	0.08159792031923485	0.9300922738175941	0.03534560266002362	0.35629555799038737
0.8555629343534431	0.029850587776131254	0.46515793638203196	0.21980243010823075	0.7755534554412242
0.08824625155850552	0.7594073570379766	0.750523307315674	0.7533530514665644	0.4978001730355269
0.9533175828002465	0.23538669615977537	0.9364459849057817	0.6550664309841455	0.3222628478711749
0.014203258811246622	0.08301721679649299	0.7850431832693779	0.805621995025662	0.184052117468388
0.8076422450372165	0.8386318913400336	0.6919640090786926	0.9462272237550859	0.14718782999571256
0.8026469571718832	0.11837352089046882	0.9971033663901276	0.9656268146033152	0.28171105201517643
0.5073556748828468	0.6382187846298674	0.48013718917709036	0.18572841245764682	0.6953135819254703
0.3224304072382418	0.9634015506701338	0.9478051025093794	0.8041211704399894	0.924204337503853
0.9436077380726229	0.4991162369268739	0.9843811627776363	0.8839745039269978	0.599014107620654
0.06043985412916708	0.15249547955717413	0.06720240916270126	0.5841258654552868	0.28687477617352397
0.21709225403737076	0.5881728824667961	0.27764415052457236	0.49512507223815894	0.03225287880159311
0.14093672691050219	0.741492628949413	0.0593088808073563	0.7414572342401268	0.45836650113836586
0.6106505994520046	0.20024742849641897	0.761286383735293	0.5305765406984168	0.36422576322087374
0.741203431711598	0.06834328667327172	0.8908551602676975	0.5166112752719694	0.8387895021197337
0.443347098597035	0.9235929134912426	0.933147293780853	0.7506059527044711	0.07161045449555059
0.9605525112843198	0.3370097133409202	0.10109357193198143	0.7861473798225237	0.16941494917950017
0.8362789556369756	0.16157268809282466	0.9042216057304618	0.7144544302309529	0.3129987643579547
0.17337191617366876	0.1989631506793963	0.6157616421110478	0.27775474041716064	0.9373322083191614
0.1265616905023057	0.588090489755825	0.8837041084419046	0.5269574989468817	0.7924463964884232
0.7624062177719937	0.4341955132210328	0.666269822887746	0.932306730101899	0.14165687530625626
0.2718324976534011	0.08614847881312593	0.461556590222411	0.9691832064147965	0.258708839933396
0.4247246665986987	0.9956531499725411	0.8199640488962723	0.5238960123575382	0.17454399973592316
0.70874842898103	0.05059095614739606	0.13528226452479564	0.17419871169885237	0.49877036606186986
0.7983269977316182	0.7055628258445639	0.5548888322492508	0.9092573903740767	0.6135181648552159
0.23873456010148708	0.3160919267492138	0.5535945200019691	0.3069552885106255	0.8275361331697652
0.36623912282318594	0.16965767078890337	0.5111179873618823	0.8965216215778956	0.2706185444694168
0.25321672003440454	0.0774546787703323	0.7653838432349216	0.7861712682481016	0.2977364363963668
0.1385258143193474	0.6763909135724031	0.7732517535890759	0.5282535507210406	0.9638839932797479
0.2030802009329652	0.7627088621622912	0.10323928996384735	0.8410877394750006	0.6419713450408837
0.18671244763989614	0.32828756422717276	0.24446851758780597	0.6370733815289247	0.8156547381796444
0.0594477639153036	0.7008555373041047	0.9059903323455342	0.08148628469704111	0.00015214449437028765
0.040549743460371324	0.18307189348328545	0.6906137655782317	0.10673127071272737	0.716795970664091
0.13692606417857733	0.3307088802654693	0.020860372896568835	0.5996772977537637	0.5245683743259354
0.4366279116524343	0.48828542973219946	0.36762924298803035	0.29172240400124305	0.38673464631578924
0.9510673250950937	0.73141292595501	0.29596758193180195	0.5537549602979698	0.10133001073278769
0.33670437788790764	0.8013895528490044	0.4104989579034436	0.572947492060224	0.06511143851999424
0.42282482772306607	0.7506537986504415	0.5596278267048599	0.7456082577680347	0.05197093324146307
0.6180202500230838	0.7551685695614632	0.031226606594742856	0.5437309717900938	0.18596549616987534
0.0030702275442373583	0.8781958165572537	0.1933145360730779	0.15804909139356238	0.637631755346672
0.5489708108178368	0.5650919068027235	0.989050046946024	0.16592856498167774	0.02897666910111052
0.3741420982885457	0.9517376278831372	0.5503114535000629	0.8307296714702594	0.7173720041740677
	0.7376631531905551	0.42028395665384677	0.9790359513285458	0.5454925185833851
0.4188976961622617	0.6050992033903583	0.1578211596464134	0.2695579527918832	0.6193132294484107
0.11259810920619784	0.4596213984148789	0.04301864170867964	0.45309669373926453	0.7028549352419182
0.7366278751685109	0.12667905239221422	0.04341382964804963	0.0522906924282559	0.3362447642238455
0.8934408014612069	0.13677167296022796	0.2853482583304069	0.9538766952236115	0.038222551819195094
0.3263633576008248	0.31288159147245675	0.5411419836468937	0.9550949321611257	0.16854049140428884
0.6486331392211977	0.2095684856105986	0.2879100660945517	0.1144105567135888	0.9100060363608271
0.00046156416206599715	0.7479843817706727	0.6383097670871061	0.27991613630875656	0.145487861084602
0.5014012966984968	0.39290020886757415	0.21212345624067241	0.9094243504530652	0.23326152303173808
0.6256003977353961	0.06065700831210086	0.07530782892639931	0.25052301410620126	0.7399513897438205
0.06610831173834508	0.7258903864784834	0.25251107503104064	0.2489331583277251	0.7610903854450844
0.36403444601055834	0.44428238079048554	0.9114625014432384	0.45238544517539314	0.0734195192194913
0.40966877709468774	0.9333989657487157	0.9236250308807027	0.22781794655299126	0.6054438867597486
0.3921487533601805	0.13912772204702906	0.34554648706752167	0.6528766191209228	0.7712573032731546
0.22342355674995673	0.6889109334013739	0.8434422833012087	0.1063691674691215	0.43521728426756623
0.7734315664104318	0.6543197710198628	0.3530386749320408	0.48363741911866587	0.07535707795225466
0.4262630422251106	0.05043654272513465	0.2893135118638218	0.051507077157900594	0.8934621961024073
0.20755725875928943	0.02273826798584566	0.48430231706265203	0.6342493092733053	0.398891628096006
0.9933988038084964	0.13715728669293514	0.6747685260092169	0.7132694831738418	0.7872778393293094
0.054379211509677394	0.3141565608734259	0.3512424850050492	0.6021803210618748	0.8347873946912415
0.007530449466201405	0.2597445111240624	0.2750896067470734	0.024732224795586677	0.961918416862715
0.2620503715291781	0.04758364755548328	0.020032788020860615	0.8227897957661626	0.2739165671566899
0.3219983514984983	0.018342770122731777	0.4530778570211279	0.320977641113386	0.27160478274944877
0.9129363735718875	0.8419723515933775	0.04742432612531833	0.7590682311289164	0.8821421037136497
0.6537460209752696	0.8638065211929048	0.46859790436040616	0.9858625058005267	0.862252177507019
0.5486565961927552	0.6573912410009618	0.7095459525036137	0.25130005044114	0.12366969867430344
0.4330231400443165	0.6804643291421624	0.04590840809383501	0.6728603308625646	0.33081715815048907
0.2995773828698993	0.6283549717309594	0.449123714240548	0.012219501106088937	0.32133212052519866
0.6815305885174281	0.48121665841912253	0.5791726173080838	0.16620734297852036	0.8335673349385344
0.4514626315998682	0.9970442477337649	0.5638863581029364	0.8289695461182809	0.8311553301900366
0.5322635702167772	0.4682754346132968	0.686293710761715	0.22524293467006828	0.3934168289701828
0.013995469421127171	0.470075083841215	0.7783738301360651	0.2677415627627239	0.3342290638667994
0.09453859589400804	0.12827996741835002	0.2918851796354692	0.06136012284796877	0.7180739930065083
0.2198773229892974	0.0911468123576803	0.4838795099924621	0.018680538329797658	0.6461552886040601
0.3501526209346487	0.8556045309852264	0.8101940286057162	0.46273888131090557	0.33833580007577413
0.0533667007543599	0.013531569309435887	0.4117507364930081	0.5365445446360433	0.266775973813849
0.9422969356591441	0.7564967608491104	0.11356721465855157	0.09601315213807327	0.8516665251527785
0.638814553566327	0.22038449601441468	0.44492482022491964	0.4795225285785639	0.19022627714704
0.679022363894172	0.4173176011881238	0.01986402899539874	0.560119341803607	0.8746487522174116
0.08081014192813518	0.850423694703595	0.8870536075671929	0.0013965553728326752	0.507762363874959
0.4890522596939393	0.0356533971267492	0.9125914428398765	0.14022157822513015	0.3714938068060494
