X0	X1	X2	X3	X4
0.7539580905273261	0.745146384621453	0.4761540008662476	0.27354597318431906	0.0044588539236094515
0.3125266125517169	0.7798739730435714	0.5651687034023848	0.329226135808532	0.3864732988514291
0.6689296381983301	0.9857532698019599	0.4680180503969308	0.05300194544282022	0.028519407606960034
0.40628085790929924	0.39780937983719034	0.9704802983437839	0.16934975561556487	0.04671634590450813
0.30941033750811253	0.5610927488679561	0.325459737205397	0.45043549983602227	0.3432730402493255
0.294052123486529	0.06739891974699452	0.044709624844564755	0.3880888425452037	0.7513942426853029
0.19351620115075396	0.6603646690709845	0.592003544550585	0.7090404352589955	0.7123864574012369
0.805017933158353	0.6367902430754224	0.4266540351165954	0.03268029323207189	0.1321469456032225
	0.6296059596559966	0.5062579161505922	0.8991545137235966	0.5301036099370882
0.6933955512753561	0.7807819186705409	0.27526128903373603	0.14585586994173627	0.17171894703149948
0.6823557130979915	0.07544782831924979	0.8477346200157906	0.48374173310673096	0.5026299630583846
0.02740700747966618	0.8508378487378643	0.7534637541754419	0.6069339930871479	0.17461618225842035
0.889179227912659	0.6041359431777241	0.16506424224833205	0.666956146724325	0.4517533783793244
	0.9176153406116562	0.7751655611231099	0.9338445138864263	0.08544998464896769
0.9188565400051106	0.41316309577435184	0.9984225402996639	0.8589487191468361	0.6525796334316479
0.2545495038187541	0.12339310827305627	0.07307473484499516	0.00909319953829224	0.586689745614167
0.658984070579167	0.1727837146927267	0.18641329745789426	0.11741717854803813	0.5580663654674985
0.7943602198963806	0.44493048343169994	0.8772655865602651	0.8017059953715082	0.3604945131794205
0.0664891789275206	0.34226672383171053	0.01279594749891999	0.8081163516211533	0.5850193745587176
0.8457539306202184	0.7889266512061052	0.10605701534679746	0.629026750211314	0.5732383303434758
0.2834975090523564	0.7914735527761	0.7076677166021801	0.2329517778119331	0.46963896633719404
0.03241524991950839	0.40412428912618903	0.3059558695694564	0.5399383913074052	0.34124800204167705
	0.44649191540785493	0.49647391926236695	0.8949890901942835	0.013294137909771186
0.28153678943713	0.8812847154518088	0.8417388414771678	0.876541281925279	0.9902214019590672
	0.9342437864287818	0.5763200071514523	0.07738215359815404	0.0711740012049511
0.5189718458003442	0.9036584169514251	0.7618545717182924	0.8204357798819454	0.5243588100049792
0.47676225081641066	0.7175538002284894	0.17711383100882627	0.41227021909306916	0.13175452632483664
0.3732729533814617	0.06989636582791914	0.4921020477985375	0.10483268099546761	0.32758934064433165
0.35060898540196583	0.3615559800561291	0.07555947650210804	0.659883812432412	0.4890538394453803
0.512544825600022	0.17536826781508974	0.9413370658555261	0.20448550507343055	0.3931157583803794
0.7402961419682336	0.8806644838802041	0.7607566559727164	0.31183846638838575	0.8575639005036312
0.24775774947412632	0.5998181827717893	0.809857292527211	0.22943362935820089	0.8344410031099239
0.1292341873792705	0.2472822777825341	0.9726579063815041	0.38072312373730977	0.9235129595845537
0.5118619207640247	0.7345476818023877	0.17861677062298187	0.6255174371653571	0.9422306421976308
0.16139272340292943	0.3986633999176503	0.847907532655031	0.8787353497671296	0.2644278337584388
0.3726056688295185	0.694208834540447	0.5153217426794122	0.35469268072359483	0.7997103190553214
0.537456615542877	0.4080850474328027	0.39730210812462896	0.5261973611750131	0.3915662206214229
0.4892111289396015	0.6737302147229346	0.16405382233516952	0.8683508917098658	0.2052200159528601
0.40843914916383106	0.40169261348457264	0.7494532670969214	0.7487383528526459	0.18012120467645198
0.7017215497427761	0.5659499977864036	0.2822756537268801	0.8766893836510546	0.2643911912204371
0.7687830334193378	0.20763653466872733	0.051551267385629096	0.19004539083840644	0.0630122021195586
0.030835957189660146	0.9714708564699372	0.821297853282472	0.5052139263392774	0.17815403469351454
0.8367884022145569	0.7188065989374537	0.9170106913699114	0.6240559411248763	0.08042421450147896
0.3470261871331416	0.2676106807642007	0.7716954061681522	0.8004222846980077	0.6653976021221751
0.598524321152074	0.1730879098776672	0.24918060318111634	0.401054792853876	0.004452984135786542
0.4388807503732526	0.37415862555433355	0.6253526872331948	0.29686375117247676	0.13892025677500153
0.21632636307832842	0.4146278153171562	0.06391332042218822	0.8670455567686799	0.4221307102049957
0.358624821216189	0.3212726281872904	0.6404238751523966	0.16184205932053763	0.9675333974186039
0.06629163197645449	0.5237209799587264	0.3968713486759555	0.22984270437680732	0.6696633387135256
0.05536206013940981	0.014407308484443715	0.6317174927623498	0.22102464030900915	0.7595941793709563
0.9346554814281075	0.5358695322011808	0.3970555104330664	0.6618975931541933	0.3985543049272564
	0.39442956211667024	0.26509870452374185	0.3191761638517773	0.5590560424180836
0.39851409294798223	0.7090822824054979	0.4606211394048272	0.2040695755069991	0.7735448937677508
0.14769174172625632	0.45906622657154383	0.8183715639196536	0.9229094339821267	0.8896056082774292
0.9668120554194077	0.11883368238439418	0.7870828181403928	0.7157636351294884	0.3458662700888665
0.6822311958943337	0.9520444153281541	0.24714969934224063	0.4631799249067591	0.9784673185750958
0.9684345198151566	0.2956056903770262	0.7885470610003952	0.8736098324180563	0.7392718217939708
0.8212054183592501	0.7331822821048858	0.5565654549560427	0.43796021268768026	0.4955439277490735
0.014547514696796493	0.15583994874489748	0.002119740336695375	0.344464582853248	0.4540971075273901
0.9596587212412327	0.1778242404825512	0.34371372551135293	0.08421310108953073	0.10145919149727023
0.4416935956455459	0.7405283677321133	0.7614646829981183	0.15018661429767943	0.3218898710848124
0.09139837047137223	0.5611681072737387	0.051943506403839934	0.10214213769411484	0.2568532036321688
0.28660320971027464	0.8840950876381962	0.7287702353872342	0.1524213775916582	0.34198180837396863
0.6328147823832374	0.7001646316866285	0.9346630503726967	0.8562466420692609	0.698057429197795
0.7223862465518024	0.28201708270964787	0.4513675781771338	0.4785771881352605	0.010789513050782573
0.7615068333075644	0.21198803844099967	0.8310852020116819	0.03525320016313638	0.3458820845898479
0.2319177150415368	0.8923361302241	0.38641254585252416	0.17107167913691457	0.5875745915386618
0.3840382784555568	0.34193738848818955	0.41385723131011876	0.7335095984460185	0.9267497393033857
0.7830686967835211	0.5883500163817486	0.5276254449407315	0.7442315702012516	0.2534727387561355
0.9353967166759201	0.20584281751951172	0.30432346580213265	0.6272647990819779	0.9351628599105418
0.6346171745686439	0.06211583792829001	0.21893868694098462	0.9040119508422335	0.939233453036157
0.7915665880223104	0.1846418758771593	0.2096567103926612	0.35946151308794794	0.44764004875285346
0.7564531628683034	0.26136380345043597	0.4601303002678756	0.15438625652611426	0.03502541879930243
0.41658903409305525	0.03495287486696319	0.6014799898731874	0.7432027600939336	0.6664745726930493
0.42143779432885486	0.33288319766716734	0.3695752766294853	0.11849947312160292	0.09955400106583867
0.9919639835007295	0.17472207431999032	0.8474365374026768	0.8858612627594337	0.06763209923079105
0.5969497485657452	0.031100465726889515	0.6671340005403928	0.524533852537012	0.31576973182816515
0.11866463809849648	0.11743505183000646	0.4485832566261362	0.4277570639096593	0.7501930243770524
0.07769616343621555	0.7835487102831996	0.6084033705268292	0.5177360813647441	0.6779034589569091
0.6364288517349798	0.7795982518746443	0.23963406061644965	0.40674981368786634	0.7735825703696098
0.07011220200383872	0.9641845931832397	0.6656739057808901	0.6379330320946062	0.18029702942513337
0.6655413990788082	0.6919023999341591	0.6502915640428872	0.9622130880154848	0.8673970574661454
0.4721072042601111	0.9803998704323004	0.8615464627550363	0.9212639684851608	0.16747634963755176
0.132265360305181	0.8604301768619476	0.10812188760774122	0.9744644803037799	0.41592746865503727
0.32289743235170554	0.8168648667662866	0.01933130194946009	0.20662675476160552	0.7252495084824663
0.2841076044439864	0.9580764395549181	0.6981285252366979	0.1310479753703594	0.8100882936275273
0.4229520033761808	0.3883501875922484	0.07128892352150085	0.6450384926973767	0.647367649822343
0.8655172758070245	0.6050183793111626	0.2752754109778349	0.1971628785366536	0.8846038591941129
0.7906920556279293	0.2835316148807784	0.40032163154589206	0.6102659247195495	0.12990948911490885
0.47385999473763596	0.9130020659470127	0.3596794770120251	0.24059871899501173	0.8605142213652566
0.7545073690628843	0.6168926331852853	0.7215722209362698	0.2153444638798646	0.2768771497747847
0.24902572330524142	0.6211463477243542	0.14918806749030433	0.4226402831132736	0.914019634258342
0.2536994124144759	0.32054890831516947	0.6098820616893073	0.759712005495924	0.2339273426091889
0.05927212254356784	0.8238919594331238	0.7801526339067782	0.5538632298142256	0.8985510269487642
0.29469317800947903	0.048087154277118405	0.5860681145997357	0.5867744519818054	0.9261277789058242
0.2761281358588257	0.5637046216346392	0.500165402563473	0.5413652216921704	0.7524350460143248
0.263881476715489	0.7415035094747283	0.3593311748747383	0.5841399934452464	0.41816543660568095
0.1753193681055032	0.2259492043017045	0.033139868774525016	0.12497129501492343	0.7876437943349702
0.015700626522255456	0.6755461761824969	0.2048378239255394	0.8173259944789554	0.12544732739337638
	0.1189760105092511	0.4002705530957644	0.9712139930756205	0.47328785314133326
0.4379717167846635	0.4120225753686203	0.2286998732088671	0.21188925221333377	0.04254668112435167
0.19639428656467706	0.6368399864307026	0.641611063686045	0.496657489899585	0.5683274919746552
0.30156338637666824	0.881105428837654	0.29454031256817603	0.16470404732827704	0.6949571566580788
0.2554972805136313	0.6357378066656901	0.7283352609112771	0.6407288354393884	0.11914534007661604
0.18393108853687068	0.0698241170417021	0.1175868370389267	0.21246458010657165	0.21122643316181888
0.3769329961630603	0.7686637340341909	0.28956555432037356	0.260991844841034	0.6250215180377496
0.35802289688108624	0.8016778322116046	0.7458704145235484	0.33561324787834723	0.1807975334529658
0.2995014378672213	0.32817349211280655	0.1330702346708269	0.030621116811362925	0.6368418032262702
0.2682775900104367	0.13581641625173246	0.6403218314642003	0.6793427090447725	0.8065303095291665
0.3666386943658193	0.30149846526629154	0.4216368617888897	0.8408620570872447	0.4880920430772713
0.75626359616889	0.5947407673099311	0.6549764288196243	0.09060539754281705	0.6030839790249737
0.07783359205494145	0.9805764690983975	0.07148586555713543	0.7761344939238715	0.23347540972104508
0.9621494350745866	0.8646346018311094	0.20255170396624378	0.047820577425144783	0.3290488130565098
0.43387474420051086	0.274527402641103	0.3220759008443982	0.9917526879365608	0.4733357100102177
0.7145585708419698	0.7740909101866874	0.12132428764881997	0.23313156683111702	0.1566228694358739
0.18648086329560665	0.7149373404787189	0.6734663621634456	0.9759529407226273	0.99787968483405
0.24727996431679	0.09468125632203561	0.4133407555830301	0.5105638995725081	0.20134355240640067
0.32215074463580284	0.5596159467527342	0.3036414995157407	0.8955670958981443	0.08230230177153963
0.27579911491123876	0.42434003221832595	0.5045795688645686	0.5316838147796816	0.6484543756375855
0.10459648701917712	0.2597667429120708	0.38026383335051295	0.48693646161549475	8.36936458679105e-05
0.8811392682492102	0.6386140927595617	0.1145696050973517	0.5247505180758232	0.5096545232956814
0.05795624030033708	0.803959522629576	0.21726366362892713	0.8332788728555083	0.32917627382859826
0.2541022378197296	0.5933474964397772	0.7367074524197106	0.33799307977489335	0.952018239714637
0.4272739197329415	0.24573656947999223	0.7597607303675196	0.5610079424382753	0.5695918157963672
0.48859541794442085	0.6249832430370302	0.7304160708325573	0.9717673081008121	0.6943895392010211
0.9591051665233534	0.11209253191622148	0.7257135881002206	0.7014864191521059	0.47722498503175304
0.12629738074966335	0.37016901450088624	0.7807412083457796	0.9076399575059214	0.1595050503388773
0.03271141550870571	0.6091762972902927	0.7591452389200102	0.005932463718909653	0.9867167748201041
0.9188184556643718	0.9650191342650573	0.9035360817525274	0.44746025169967185	0.023440014791050845
0.712301219780797	0.20293078451053703	0.42745180936888105	0.03850455914337181	0.7481240324085827
0.15557807422722858	0.007641598522102444	0.24107168066816487	0.1476374652746011	0.41476771634598164
0.7090622000716983	0.4602369236842273	0.75195903489425	0.11438103098858288	0.9883875319287752
0.639869201785423	0.6680855981733254	0.5753574800455372	0.11609757920475539	0.17436920635571396
0.6609043010097418	0.8841089076382778	0.9926074548079864	0.9878222646846802	0.21681905066881946
0.8781211365072871	0.5337981266581322	0.4625292322823744	0.4870273264229197	0.05190469346118576
0.1414075080891064	0.25722517662716904	0.12914183198022322	0.20408140371493222	0.8749217404406249
0.3138854545065115	0.9516977911408054	0.43630142639356706	0.5018119841217087	0.04466462087288425
0.5214667156066657	0.9021500788400773	0.7749137357324833	0.35737672715074376	0.9318779717285733
0.07280020870239723	0.5822238740740141	0.4898741778525304	0.9643910534982825	0.2447585152098306
0.599604473168739	0.6867971058707284	0.4538824504296891	0.8909363399959951	0.639183162771443
0.9572067658733823	0.12933065757998297	0.8176394670109387	0.5276541750318118	0.2405075426772545
0.6037003460596434	0.4094716607292228	0.6324031872980873	0.20955545593195124	0.5072783605595365
0.3071721692930285	0.1603400683551438	0.3383410538671606	0.10347819726172403	0.6067910883737002
0.6064309563576411	0.41364435678577427	0.5612646219351072	0.07549575483232562	0.2761499861378035
0.8838814151688006	0.653493952187946	0.5312536886827995	0.9347151169783662	0.7453944386361786
0.884278297513082	0.34079616457259765	0.48594120649438677	0.6560320087436049	0.7571187202665908
0.998683400075086	0.8760184661941043	0.5815727220380679	0.6006234649146734	0.02223523565175478
0.5308580725822748	0.5267229229628262	0.16781872087668726	0.2639786132322631	0.41194445375871924
0.3320050329374836	0.2543236779314366	0.8332086498372412	0.18623557585488448	0.6301763446739562
0.016472148400849207	0.6423007475233841	0.9063031049385649	0.34813152746747933	0.6064715330987523
0.3575002466158307	0.724196247505846	0.6175544577495181	0.005975263061553604	0.26255876954396995
0.6230869467093392	0.09470048603339964	0.039181099503677985	0.6057050658055474	0.7665305472480107
0.7659166490833166	0.07172984831274942	0.2857145897752532	0.6471733086302504	0.2762160306939383
0.0822455493848604	0.7829315994239097	0.1753443850966716	0.13052955668209787	0.4757804909237524
0.3403006218026262	0.8452866088536318	0.7843486988829114	0.6330260905702202	0.5378793511313512
0.6648772764631586	0.16198536686414078	0.8472675731328216	0.6630158274603367	0.5140855657455445
0.7725611216515609	0.9736065261387736	0.24068235902156632	0.17870181075363878	0.7300856052293059
0.7930552812009067	0.15882120057745708	0.6691767444817918	0.6299075231398575	0.5431224747873364
0.5933667565734577	0.16318223919939379	0.1370211766420929	0.3356245666767358	0.3398502088614619
0.9187189897103164	0.13217115129281765	0.38074901287164786	0.36824105287773146	0.5954040658389809
0.9596198221501477	0.9093746309253635	0.07471596966155714	0.4226997848513675	0.27334295064076386
0.09589941843196303	0.22405251685833805	0.38778665707535453	0.9862451659199301	0.6649526176004292
0.18900647833909778	0.4595600506475598	0.6361153682291287	0.04008406668379305	0.22029157956770262
0.7805309413976067	0.8838747892324821	0.8910367698227135	0.9274936093864684	0.514424153954767
0.8931845103562374	0.08518173639695881	0.8479255963162863	0.9481569436269391	0.2562878305028047
0.14219331694905368	0.258437009646563	0.2500162673836208	0.2273007734437228	0.32994317074989776
0.9404725880588398	0.4114100947016197	0.6512568637748294	0.6374747192835053	0.3177504405816932
0.7323705838851505	0.5626713185880302	0.928273937647391	0.6335392381128271	0.20201249631173468
0.07283337983225002	0.7923853640652233	0.15617081105893482	0.9651655917283299	0.5696070155126747
0.7303134351631241	0.17870995755017682	0.5480292197923207	0.14528601754181558	0.2667644136867847
0.9693609095952913	0.42928629159974874	0.5235972443827847	0.03662696544182287	0.6491313831246538
0.6344914012319343	0.8120760549023972	0.2767747642292959	0.7244411904824404	0.08357245677078129
	0.5813047476582857	0.2163036836417791	0.13514480932942496	0.8386166216863311
0.07740361825350994	0.9764833209377694	0.19962509203293954	0.5237379056914976	0.8403532710327526
0.890615082532008	0.763082146565806	0.0012917595272680105	0.9836050304689019	0.7748700006132487
0.9311345948959419	0.4499048257014069	0.3585103129011177	0.10630714896020099	0.7249067332293102
0.2565467820429903	0.05697124281609711	0.4463792283042729	0.7065450118043021	0.4213059276842568
0.3630446010113232	0.1775873499970666	0.5612483095288034	0.1476649393778121	0.4558318728818237
0.08008057188566942	0.8445732082173026	0.25594215973918144	0.09607072435321462	0.8802583108766155
0.06459395175541816	0.5957860212327061	0.9574366378906919	0.3868156335789993	0.27332659811154447
0.1475071086278048	0.018216174089876302	0.5101954795031061	0.19852642017610211	0.8756529700560028
0.9920720886819708	0.004125093650405809	0.7223115984787714	0.026082811008223628	0.7072717013799303
0.06825425607479985	0.005342975287461527	0.8846766347005938	0.5738564510203248	0.7116703528351317
0.15237702706186107	0.44470820824528023	0.4834951507072083	0.7518234124856593	0.874560009588142
0.27015770702870023	0.756844438102578	0.2022416717309342	0.36837206543125534	0.7672138307096678
0.4433400345625317	0.33485530929304985	0.12532977258901967	0.3357215075008997	0.7542195593168971
0.27349480543139115	0.603763462102633	0.49900861991539813	0.30550187035509746	0.018586909455133527
0.28488813245067024	0.41391615204064913	0.6150301476258052	0.7550671416814103	0.05714327683933895
0.5614636995972376	0.9861219788957815	0.20900239719238056	0.6581233295307305	0.8553817790143023
0.4173073784475957	0.9092196225360188	0.6105569679003228	0.3199645553691739	0.6997546409779187
0.8868861932593124	0.0016201645358097094	0.22840039470294626	0.26536945736579776	0.7974621217679455
0.7487980237111268	0.058038684137314944	0.6654924008059567	0.8105478232713893	0.013518746332500609
0.6312892055269718	0.7949120097302672	0.7071150074409599	0.7097204371794049	0.9485823909136497
	0.9713055580023862	0.6502240127453187	0.18941007525442666	0.4447986620886657
0.8270923624513341	0.39503280956790565	0.3773738926892857	0.21260458886933853	0.9219778784045948
0.6418923509739245	0.3685790447277366	0.7663570882140195	0.8717805221785349	0.7398760272485982
0.02677510826198304	0.7690277694014053	0.6997098448349172	0.6610477090112052	0.3994810577066481
0.9560679793041676	0.751118740859899	0.6392713277387269	0.11777871047819466	0.42897179512496875
0.2641182632240159	0.5702885753545686	0.03897196054250518	0.1142722976380719	0.5291603200380752
0.38182770291192136	0.07373305775350691	0.7401575984409008	0.5260195763337264	0.27009393442049745
0.4693318945713557	0.15983884887876387	0.512274495313404	0.2110047258869593	0.6263547944772637
0.0012282984237310668	0.7187065790092992	0.9708980991671053	0.5198436235267367	0.02642783510215263
0.8406478618730804	0.006818393485451546	0.9696954295141559	0.5523646049625862	0.26437172362448136
0.9268762025304131	0.13668981290584215	0.8082046361044933	0.49801054124937794	0.5024422869614531
0.8059141803975034	0.36594305033617336	0.8606384527515523	0.17829254634366498	0.4684296159723669
0.546537790199243	0.6246119326306666	0.48799852082036865	0.9023060676210319	0.11591980954305814
0.35495539047862645	0.7811561677309846	0.6617010797149683	0.7726267917391444	0.6346404546785265
0.020215603269743365	0.6339448850723447	0.7692106740261424	0.8809019143553032	0.7766270869251534
0.06672115882850294	0.9607562425250372	0.9230533476985423	0.829180390521661	0.748656882318527
	0.18933360105514463	0.30608875288359305	0.550152609728984	0.3512116718637154
	0.8552144284136352	0.9941583796948943	0.513803588105291	0.22032050974318296
0.6263541922101802	0.6949253120187319	0.0719337832571807	0.15720517113185706	0.23943064637056477
0.289834117087721	0.35630151614281635	0.3294481613353042	0.19441216904139402	0.719984861996905
0.05155017645288096	0.6838247264102149	0.2864029896910756	0.4456711295140383	0.9695110992659054
0.32269353484585117	0.917099174395209	0.7936061524935627	0.18522993879404392	0.10767376311600618
0.3858590945711843	0.4907955517240963	0.3747247422551706	0.7718431326712296	0.3119961311517101
0.6380039800859997	0.17256120939912123	0.746187657322334	0.5843310471324302	0.7100126728907412
0.5096746825677168	0.5676127464274554	0.34324933127385127	0.7374743061059083	0.6323268002663577
0.7314869697354855	0.6443302858567039	0.7685087286334382	0.34258829779345235	0.4451978502534055
0.5918681631239041	0.4116446745696317	0.14849881434077705	0.4144190676670252	0.4337582931629468
0.573156381060258	0.9657405651716072	0.4673807651423494	0.5354149707213632	0.7544966491774004
0.9546414564100516	0.2417211077916528	0.3671854144411427	0.3674213498951191	0.4870404975446352
0.9436745515269259	0.4881930295854562	0.20754820542986818	0.3870335949217443	0.7548721049239409
0.38811826038411124	0.8481223894249497	0.3511638992486684	0.7269379611165095	0.10934128549588118
0.3763339399840274	0.5098423245473303	0.5715900460669429	0.8107160652143619	0.637115145937801
0.05334578958820957	0.87893561584887	0.2926749256562977	0.674352012854275	0.9309527188882133
0.4608337338687931	0.8187196372321641	0.8084166291798034	0.18549060928347927	0.4208474729218913
0.4579511603614155	0.35746335625076997	0.6432997572612088	0.8627625285188029	0.8624047982312659
0.3238252348659033	0.15994210123899322	0.5224134395928256	0.4350921376206359	0.09871296691353004
0.7842399592042899	0.8252595313923689	0.11314881676146427	0.5754362895288708	0.48162367486612523
0.12164743782773235	0.3967056962487968	0.024237457352150438	0.2742912913498027	0.2115081428505068
0.4563178539139433	0.8669281768404015	0.9906884130971768	0.08282212984318249	0.5197823563967282
0.18172645296224266	0.09793854287401171	0.08120154998611351	0.36996251665460533	0.2902497243780747
	0.9185319773295675	0.7072007694394352	0.2543199244759461	0.023870641290474115
0.45096089474303813	0.5474145104735965	0.8150872521442375	0.0833391779780418	0.6670296970628468
0.09501035112230294	0.011481880468166006	0.39188514219735815	0.5793223018689291	0.8043262651745245
0.4563023737296148	0.9612131737546686	0.8886279641243869	0.8065129842735216	0.42156163648989065
0.3251978024690133	0.22470361629125046	0.375134140553544	0.9768190469476	0.1902832784916466
0.8622494472161648	0.30990690563567524	0.19010908654570757	0.05138844969721845	0.9471859497912091
0.4201871571767941	0.8079755869424788	0.4794087649857667	0.7003117493055283	0.5941144977678686
0.87069021916233	0.41703019020162435	0.9727200188110746	0.45733597095336787	0.6807353973348285
0.1652192371039427	0.6852784110759543	0.6531611607370378	0.8198573928532492	0.20553934303103283
0.8614308323660564	0.8389758916500137	0.1352829836620849	0.8765527230627337	0.8677254475273777
0.5597592948043659	0.7780316192791238	0.18365431793867437	0.626640207695775	0.4820826064722946
0.20671311026550943	0.25427773711958124	0.9806048718058646	0.8167582622836963	0.5347227745505582
0.7345701075386699	0.669040180394921	0.08495497928304208	0.10383432399347636	0.5488741389464717
0.0702272304971423	0.7131682673715499	0.44133436965975603	0.9474341881450917	0.20636712906218624
0.7942167711726191	0.35713055995293785	0.9834680192552805	0.47451897648710584	0.019543396443629124
0.024085342849083258	0.8587347358999042	0.7244401353648084	0.049679567747705544	0.6765753599355908
0.7669157834736849	0.49718759826212966	0.03137714508835976	0.2637266268887313	0.3982671760486055
0.7066644380097662	0.38925941022609944	0.7360002564537047	0.2011435294597823	0.9641101232588656
0.7739539140373509	0.16781494764886262	0.010037061165910188	0.4296205151435867	0.8021686280731006
0.6321038702026569	0.40496143724694555	0.17790683388033368	0.07932198703017201	0.05135420556729042
0.7316578268943876	0.21071095039377907	0.36113545621498344	0.5629042047227422	0.9876548106284969
0.9398936809890013	0.620311734787533	0.4290921655976586	0.19736720878023717	0.3014450887476342
	0.7524739010684486	0.3704828863087696	0.8548938882644416	0.5841066057428114
0.08937399029344617	0.30264071075434995	0.21046394485714737	0.9958832940902664	0.18585499676694694
0.9902585032059019	0.9153134160750224	0.03919328476910089	0.15734978718753168	0.5178888083130254
0.9846083826049147	0.1688754123311409	0.6403500020798338	0.3255144658448069	0.5171853843257105
0.5361317595857655	0.646466378449389	0.04791629481587434	0.25430041403846393	0.09538105238741301
0.973008200045921	0.27522365819359096	0.7330304451711934	0.6011493646206385	0.268750579501011
0.6438107535977832	0.0478657376192434	0.5797871034948314	0.24419761828736697	0.6912446514586299
0.2123933979180782	0.06889006491403338	0.2832270688887447	0.172335645342369	0.10359398703072087
0.0313395430210176	0.9480565568096672	0.8375345253647194	0.5436859949942549	0.9906441411178976
0.9030091970650668	0.4420332911249448	0.23704214931819334	0.10515698465067724	0.5317886090227757
0.5720072037858833	0.0720033087837425	0.08051565250578219	0.07618230144292759	0.13946831573586216
0.4293744388160836	0.8735795442621035	0.5164718988514274	0.9518356129389259	0.3017817978355837
0.8182072050603845	0.749288480764855	0.9847237065056361	0.671940996896444	0.3864507239927285
	0.4538842280770561	0.15939863623383832	0.19797957799303845	0.45566981885750724
0.6405758619017083	0.9454423725933251	0.0861302713544686	0.3475034285154641	0.11653646130591533
0.635721962701244	0.6730729351983924	0.8999124596969247	0.7760143056013962	0.8930869579367046
	0.11416587536842504	0.7674800591380563	0.6613239343785102	0.022940037563863536
0.0611950706607165	0.7890394797954382	0.9558922390674266	0.13554501710414313	0.36816052803438026
0.7040405936822578	0.877335478894325	0.2990102422098627	0.956332182380611	0.32398869183634527
0.7939798872553466	0.34317880311617677	0.02861128486752451	0.5584946201932898	0.06946829431681678
0.9825188213378827	0.5260960581166679	0.2777571709712502	0.2140562143344763	0.8361950722736353
0.8631138710799338	0.4230674003511382	0.7406677638788585	0.14079132198615352	0.779107739546234
0.6906974141993465	0.1546061282481369	0.5839186031060193	0.5504151268927819	0.7167462221783151
0.6505313948436219	0.9292582851500575	0.4121236268011318	0.48753860314875563	0.3978556313109426
0.4978620320673949	0.2367093843109448	0.4881754583955986	0.9354311883358601	0.5610887331568009
0.10409273867605762	0.05057625226129092	0.34456535473750227	0.4417510012340191	0.40050539120998785
0.38528616611549815	0.5454617032505633	0.3197319231011069	0.3889819010406721	0.6792490432836624
0.12440068772584445	0.173105659525975	0.9440189250676662	0.10009241542496705	0.33288209731925233
0.017841493514138662	0.7158257304846962	0.4979761853042203	0.06374109214456991	0.2131088483538951
0.4143906363815524	0.6950137003931769	0.264288593651557	0.7806514584028001	0.5806978091773458
0.912421283129521	0.5114539433484352	0.39005233744548895	0.6856195368638403	0.7298557321443153
0.4934927753389786	0.900438025110141	0.2176759724671098	0.13050871348096238	0.5785164769052992
0.13242642409530958	0.7770183717021097	0.7629609713328214	0.5347434654699719	0.41924412418913604
	0.8195021159366083	0.7089981155173554	0.6447809039373087	0.6087881449820173
0.5320462667908175	0.8162573523553054	0.7028525699942676	0.11840455493824098	0.37767679489779005
0.7699142016234709	0.38713291449932996	0.3373527052607306	0.8128370324283654	0.06998726284070134
0.20878828563885443	0.6700209362224615	0.9061597371842517	0.7988881357993332	0.13678028277453358
0.29294103105512237	0.6486434446691416	0.7071205642647996	0.3453144215144289	0.6639320739864928
0.6957049335804244	0.6757068106265001	0.7058656928465656	0.800012011976791	0.5124961780646798
0.4731467686625622	0.9201197125338031	0.9473017174088897	0.891130674794408	0.36598273090054556
0.7554610659211106	0.8204019569922388	0.8941253943790863	0.725756398197755	0.6146245189592239
0.6128614904826301	0.27941297158467504	0.99335417091509	0.11144950999719283	0.3738167581468642
0.6964149555444521	0.26560253775685516	0.9413054159626428	0.2540915157166853	0.4110457426156713
0.4439187923687251	0.726355181906484	0.8241995367758248	0.178247914078295	0.49321440685431495
0.998655779978973	0.9732282696821813	0.6725546802905243	0.35105114706645946	0.6848188792028468
0.41533346163499985	0.7188470362319206	0.31223438316254415	0.15903474906402493	0.21961741452710581
0.22582752819020968	0.8084676462536511	0.007713540805170616	0.17233923727422595	0.9741147573788238
0.020389516207123592	0.7845464906917002	0.4786212368432067	0.17533051316660275	0.7528706380037944
0.6633489678161382	0.9375088283386052	0.07042529995426883	0.744641122923363	0.5263448569131678
0.44323247342791683	0.5299086418942409	0.44968169946912784	0.5426223267786789	0.5343833547883259
0.5712720525789515	0.010481364301235918	0.12602798674875637	0.4662380606254738	0.6651507693308489
0.6545589059369384	0.3254411493166943	0.19986780434289342	0.0107457032925935	0.3398171871567469
0.799528038807715	0.38825685401655463	0.694070674814324	0.4088264538915033	0.5505425399291268
0.36873905407112484	0.19345862737107744	0.40389914826348505	0.24877071508135584	0.9940313303459408
0.09130166615452406	0.16772048555226915	0.6286606485688845	0.8705241303753181	0.5834760610708969
0.5154748072650726	0.15929835279177407	0.3629901992501282	0.7621416298336933	0.8291551559801877
0.6743430175815978	0.9193743907830035	0.856316497380074	0.7066851615788611	0.6538204358621508
0.8789160271577765	0.6657058474714872	0.8083451893794893	0.4052392675149846	0.1420305771173349
0.857719772594106	0.7393190376477073	0.6761791246469367	0.9578775073917403	0.5241872240011407
0.30688874272411637	0.7467297156299598	0.9293483070262009	0.6863395172417002	0.28834237708547983
0.16605940895145122	0.6249678976851422	0.5513414070734668	0.056782387907276854	0.41325113395512236
0.09368273279463257	0.30194635589689633	0.9285346735291868	0.8834355343376322	0.8363932815010382
0.4304183218470852	0.6539461780257066	0.8313281983585783	0.8901498626841405	0.9745443291273241
0.5174029769572864	0.8766260611998334	0.6214859141569893	0.5450754938101254	0.6457913248888946
0.16874654903053743	0.9166300494327965	0.6508449353270062	0.7697357529924733	0.8689182989779357
0.738095237219402	0.6381493155097122	0.8690650829179191	0.762112555664297	0.1755710933456266
0.06684863346578984	0.30760181757970373	0.9664435950355879	0.6887774593392211	0.09005272577520196
0.015146257641175831	0.7083799713677204	0.8083337072941004	0.7787064396163762	0.8182847445686103
0.902222120983205	0.7761323734141311	0.3831564659260992	0.26926933757377347	0.033136566205548834
0.3459552180078428	0.2618045065397615	0.09308824789213865	0.21521658357140905	0.7454250434862839
0.6993836398598171	0.8953256545464763	0.7518917237074845	0.8174236092577446	0.045976116793225
0.4605337043894502	0.3746324593489193	0.14113676027259314	0.29429054629587137	0.5693254673431883
0.45184683581216	0.28821340840772947	0.709616247364106	0.5403428005002867	0.17995261931397444
0.2856986102509659	0.9134824512963486	0.7868836656159135	0.7964025206382195	0.9567548612951343
0.2809591477758949	0.953004140263063	0.8932682134561865	0.5539102846772116	0.8547681205260014
0.9002937594244222	0.3833449310377812	0.5146775971293059	0.7523408645780082	0.15297695360018915
0.2180297915722489	0.8055476227602739	0.025815236390797858	0.7353160178634489	0.7451536637175025
0.8438070312838297	0.9154633792115086	0.33080220075946	0.5556302546667877	0.7604981163935929
0.02990515863271248	0.020158268958720083	0.51448331578066	0.002392653754359042	0.8055198353067117
	0.3087696041086425	0.5890115602622576	0.5269695798318735	0.099780245290233
0.7081242372233527	0.652824835236104	0.8045392353431928	0.7977104735419277	0.6778645257726608
0.47647374366737794	0.2935375124444831	0.29809075478392844	0.7741246702194692	0.43402966624963535
0.8195159346716733	0.24413850664529935	0.5767085850673764	0.18662706950080465	0.15018839091741976
0.6012279026136446	0.1530108670603456	0.9901566174927607	0.33265487588170894	0.32852453880340804
	0.4568635554403453	0.5129820938622587	0.8894751913810295	0.8014287283369178
0.9224583398528717	0.2367222924976674	0.9048260682699356	0.5727850977140946	0.7433466820395704
0.03732332684119788	0.8088093194520531	0.5554450666361498	0.1585712410528669	0.2841782343987802
0.46770014466560383	0.5986356195228769	0.38430587692732765	0.3351721178482209	0.5933276296941201
	0.7046466095414533	0.7902222777596137	0.7122328492111094	0.8696509965710268
0.6904339400384011	0.7097289859908678	0.6072338840801329	0.04952282175434963	0.3143840470576351
0.9952900786136795	0.3078724220854566	0.763381430417628	0.8621844623585713	0.48420217831260126
0.5715034679581504	0.10321863878054116	0.016391472265230078	0.7478204608770143	0.2972638129922487
0.43929521512423064	0.8979750368158845	0.8085551045342917	0.7568937915498766	0.7207821801238217
0.9933763419407197	0.6660937600228091	0.12368410358874216	0.20386174806677282	0.7958504889519208
0.6916052903632399	0.012012914580935452	0.9421556852077706	0.7889111356218852	0.23465500583141063
0.8347444185811864	0.46153393052290437	0.10828888556160976	0.039841560295385325	0.18413242203543057
0.10205285055624891	0.004380516812613977	0.5281765022385613	0.3596031375304889	0.06152236901584618
0.8593610888508031	0.3623832982848194	0.7860980597436891	0.9410994887962498	0.6221907695762638
0.8921599027413013	0.764661308080294	0.9084735774536297	0.30958145150688	0.533785216904033
	0.9934489825135935	0.14853862670192397	0.13728388061885366	0.09698708024675107
0.3949191710847808	0.0016792306617299246	0.09735225051465901	0.7576135957632122	0.986837987252071
0.5392009687604042	0.7536724327335621	0.4270099781478357	0.43708562057614986	0.45489003929004634
0.45754106063676825	0.4042605976128847	0.5546605107517465	0.888370331981416	0.576621176293005
0.7108699697843068	0.662859395523531	0.24849031162905677	0.2918176150028827	0.8882778276062898
0.030328856162944895	0.5975293867132248	0.7726225463242247	0.04749992649862833	0.8918402769592959
0.2582608135466844	0.11591307819465868	0.004395428401259394	0.4535401540862215	0.28496694549975
0.7250030994520953	0.89755223579028	0.8504265654323502	0.7539140614936822	0.3500905373562567
0.07711797675382559	0.5458593002562074	0.3499399586133699	0.17603133702381812	0.3733846443989205
0.6860655042564938	0.8971903782826958	0.9151703911709289	0.7626439099006757	0.848816127552684
0.6525206484530206	0.1256516066611032	0.22199936577799162	0.014214555564271425	0.766565729174765
0.8994428632437492	0.16113964715356888	0.08910083228588894	0.7076129004097591	0.4378249663415147
0.8842624378967061	0.5332396484355693	0.4147527148094535	0.9939614801232414	0.20587248830596327
	0.9672583727062045	0.31354616067593066	0.2957341428582143	0.13738215589828306
0.037236712409872474	0.4262619626545744	0.8370385966878489	0.5048250584877975	0.20168842738149828
0.9857511100423638	0.9900092341349621	0.5597129069406988	0.6448553257118208	0.2909968560422107
0.40345605744667745	0.35422475700963385	0.6962798061187606	0.6160064882256003	0.1904698935346507
0.27614500963104405	0.6534480427927528	0.41508098452601205	0.8987821513715217	0.23731244677843522
0.9230799323264883	0.8426023950438969	0.10251428698519072	0.09232578354224019	0.20608263154974393
0.8883965616102739	0.7956319678693087	0.7898857869098077	0.46375461135100915	0.846783988040535
0.4876807555031063	0.7464578944390512	0.7764922289399849	0.27624881539520396	0.7162755941253347
0.6117272735628453	0.9145764019647086	0.5129974092612272	0.24619402466410822	0.3819319001443867
0.999730839937293	0.8976010104921412	0.7345462025734875	0.06800220181035921	0.07435268630891145
0.5875627164004427	0.06632482346061297	0.9698057465240234	0.7070063144657498	0.4239688789265873
	0.9069615063579581	0.41006540154007587	0.9894524150407361	0.6066149813794816
0.5107801008903866	0.7915644707796483	0.0629670812008174	0.21390423111927692	0.44483913238832384
0.08172619456051045	0.25896892915067127	0.38731980248490183	0.42043435448477817	0.5349691999391045
0.3425552538109702	0.21493553904870255	0.7053183766615144	0.7676715266968016	0.7673412499720387
0.11879070327045471	0.5274149831768082	0.5403781184239866	0.45594198047937373	0.668909000795657
0.6053341190067748	0.2581941329063987	0.7225532556576892	0.6454295764093585	0.9683469767589327
0.8762395236395149	0.06801747152962967	0.3666167042342249	0.7738663373125914	0.14208189227641976
0.6738016118572745	0.4529163664960413	0.19771345836175735	0.021839259546478584	0.20413904903646107
0.6019381776258975	0.8232159820835641	0.03724257498921113	0.16983756148344575	0.35217811756416506
0.3276812117891874	0.48200149519062063	0.05499462074488082	0.5385165936269531	0.6403655344714048
0.1125238604087021	0.8619578206443885	0.2551254017508099	0.3624233225669864	0.7754001583615061
0.011538570080215416	0.009715879989646403	0.04783253028964318	0.8215748614846377	0.01577295597378714
	0.8287366895872662	0.006009741295547988	0.08686928055246967	0.3191720638533936
0.6502973777194886	0.20929053563392863	0.5494885310129002	0.8645569311753644	0.13093717744637867
0.18953601801791098	0.764373574665058	0.5169175213277466	0.10002707336997074	0.5030301664803659
0.3445549848001255	0.9000047982346684	0.8860405941563242	0.22489005229364012	0.8836583948746553
0.2991322434154541	0.04687153658857912	0.3951374116160924	0.5480125570861437	0.8560114495117603
0.12655888941288718	0.020855161951822576	0.7789864256756837	0.63240028276242	0.6544324720398198
0.1649600663431724	0.6250371662921217	0.04858655263019118	0.3159386745262982	0.3405665369878136
0.5749939900608984	0.3702951820321426	0.3028711137886244	0.7725389642889318	0.8908329981340942
0.8085847393127608	0.03178624510361483	0.0661328859925403	0.152401519864241	0.54339891665079
0.17316012698281502	0.0911449703843874	0.7151867608595883	0.6535321583832808	0.9897597338229858
0.06407344794791792	0.4494360755957042	0.09580170355414175	0.14548325936794093	0.42555335927926097
0.4892369618529604	0.6891279713155032	0.28024064433817575	0.5930237193368618	0.40845610526739773
0.8437350428905548	0.429790899412017	0.5170371497088313	0.8718413418457676	0.8348485123898393
0.716434437544467	0.16936313273951664	0.8823154201672383	0.1037737313977618	0.3794194519973655
0.0767072073970505	0.7878937743984799	0.06419864030613842	0.7807503745959954	0.775458845206053
0.852587394318578	0.9292401865893198	0.195798778465884	0.3341382317851709	0.8333133634275705
0.5472842659747629	0.6224140145100376	0.11478523079919078	0.0435585169895959	0.25938821031869574
0.8638956947475468	0.8444720769273679	0.018359639251296467	0.25996883704286267	0.6687677379972876
0.909828145048081	0.038546682008465005	0.6912823625708068	0.50212821708644	0.8641270523818396
0.6069916904008815	0.5661387551434972	0.33256068133810335	0.0466543081651799	0.6990429152863624
0.05867913924271395	0.03508166229552412	0.4092255646183828	0.5568402010702845	0.30187240151874706
0.30889665640228225	0.2004090864012642	0.6620038271780238	0.3824804027502047	0.4711292767961617
0.4078329045058563	0.15591551982440577	0.5199215614310534	0.16415277721848198	0.37875813473107434
0.8764086216421212	0.4564640905387488	0.4115339338121189	0.4616730755675583	0.8119284617468561
0.1282278357281429	0.15609764627884637	0.6135652163680737	0.8962699369397191	0.20897621674500488
0.19880076988366036	0.7776150169637681	0.6674059100183827	0.38358344651410126	0.13846688294467802
0.8032090848700564	0.668173893477879	0.2674877062030433	0.982246405976344	0.9547925098748201
0.5022764911615686	0.5303590472107277	0.4064639942462952	0.7995709850832645	0.7125788094835198
0.9719225987709109	0.26343213142250865	0.6185054792591419	0.901571793799534	0.8920824167734905
0.6877949042929455	0.5284368266252635	0.6596977670632685	0.41222394752195723	0.5719862618430429
0.9825320571263401	0.4618311003173401	0.3822865398052686	0.016235382739047233	0.30010626584120315
0.9204034456204964	0.08796747618729295	0.5140869447777985	0.9247967712766763	0.49710690377209665
0.16136689274000815	0.6032942041203835	0.9227443313956104	0.8270271944992276	0.09738893636161394
0.6754844974385916	0.9218068180641508	0.43589849491611554	0.21848332810144488	0.921546362512677
	0.556966245160515	0.6658324708902141	0.6539020356803422	0.9425045452532331
0.7165076360227123	0.8687952861797776	0.9880637500852509	0.6643772400818233	0.112514257029808
0.6078574798916194	0.3861135624034736	0.2444773209285077	0.10078494104456859	0.30827189841020797
0.40933062207745974	0.41246090643606437	0.5260468456665746	0.7271326723164289	0.6157659743576179
0.7874440333438427	0.5952333518931727	0.2159554961250606	0.2626893900001942	0.3534901168229513
0.976003468123061	0.33550849214219314	0.5808686954739146	0.7000486336162737	0.8562339704512707
	0.9972847107202668	0.4931784503178325	0.3501350669251714	0.6096160030717946
0.21090555061877014	0.12990749391117862	0.47203774423268374	0.9015237839959068	0.5020999014181409
0.7290292175411359	0.266531667141349	0.4190831440386561	0.3972966782635785	0.34974415070982634
0.4321085238065988	0.7843746372706847	0.06813610850302998	0.9222278311570032	0.20231778587413485
0.8323899711581564	0.2508919086827577	0.5809498323409978	0.5448807883057218	0.7619659877643883
0.28049035216878093	0.29784643542482114	0.9219037103585084	0.21062346451892444	0.19611308551859274
0.9924170610697645	0.9956497611329483	0.9922710269324343	0.5096822653669707	0.08893813011205265
0.561463125391433	0.43804020142307765	0.9502055935832526	0.13929114907189832	0.06964086620066945
0.19889856975775355	0.5969612413502418	0.16070781750875907	0.7285901847548963	0.6598354709030044
0.7113897176964359	0.40155263202593017	0.9560250337342306	0.3246525484341545	0.24963614438638515
0.9386220681935831	0.6714094652906432	0.7984179407893462	0.1487947571102931	0.7721528685269937
0.4118544137785132	0.11744412289042083	0.38512825404184436	0.8419299618764507	0.5414461806744332
	0.7562558643046652	0.4434991250526842	0.6676857863193899	0.19383209213667596
0.16167484227144524	0.1971334891292913	0.9169919217946944	0.27946515108995496	0.7892918740887113
0.6885117788991405	0.4546619260433261	0.5566685271753056	0.5927902570216622	0.17132146521542513
0.8864414505966659	0.7898215499210994	0.097660987628155	0.23976739822280446	0.9761552764971156
0.28583575954653595	0.7854846039889556	0.19081472916762965	0.27490693190944726	0.27596021187768327
0.36922275547632066	0.8417385577647767	0.22331856413246587	0.6962671282962994	0.3223732433744827
0.6526931039866536	0.8717992176918252	0.08268226302855208	0.2162565064321167	0.20718697265505504
0.8658913795856449	0.2859063964198024	0.02685906146925965	0.39859506636272113	0.5902880403978599
0.9587398259575299	0.2947819875881713	0.6494418663734224	0.2865522805048517	0.25650456085473106
0.14475660046465166	0.00179920238997755	0.9642531397542928	0.22242899633597868	0.5852190506490316
0.6334765844946976	0.3076117718522444	0.23893850189942423	0.1367707491393586	0.5084406001445136
0.33478823130852975	0.43631563842581544	0.19760186614532282	0.4608452197043732	0.6825385944657766
0.7128767840930317	0.5738808988585009	0.7298372171774583	0.2969640760354758	0.8086943166067022
0.22118507080331484	0.689005409955856	0.6914238545068345	0.5569076533909537	0.8863650598707139
0.138961426441657	0.48722908894390204	0.04715825555934372	0.2124049722598863	0.7884492064022481
0.3082872104926787	0.5602291150402412	0.46189463379899864	0.19527873054450806	0.14968443427879263
0.9592742049317653	0.28829803893019934	0.4018326930695725	0.7573716415013139	0.12234183991892245
0.8835928157182912	0.1672133336668784	0.12683065426209372	0.1664552689355554	0.09983749942413533
0.657244681017305	0.17030488734607319	0.9325715420255715	0.8373552109521436	0.7863951804099277
0.9309621524824422	0.05310728299781431	0.5078172284835596	0.9846019664310139	0.678835518206352
0.7089115296156016	0.89141806701211	0.7802490865197964	0.9229005734137499	0.9297077978232378
0.049738424722535424	0.8498427037549318	0.7283401720072588	0.457521394488416	0.12689651633308663
0.49597345719981667	0.40810853600321517	0.18276042796193026	0.2036035749206624	0.0914671535111925
0.9882389041393221	0.6137956082734357	0.7857927832613834	0.1640371424805238	0.5697103970183651
0.07202127406010261	0.419104988367182	0.1012224470850035	0.18245623578961878	0.19792995497086951
0.43489396329986296	0.74354356644391	0.3623347265056299	0.7221981728886195	0.29056479471800856
0.7065004359781966	0.2216927903373288	0.03208179305252634	0.4084782018973777	0.04871703017272655
0.6128865692178974	0.778592617994484	0.33264083257268373	0.08342241065046019	0.47366795523435756
0.16433054296281235	0.5053318407867314	0.5599804679965807	0.2118230364404815	0.3602475896164894
0.4446850067757424	0.5303821403530918	0.8349448441694469	0.8185728606973639	0.3676184073698474
0.3473677670524742	0.5482624180780278	0.7221179332568977	0.8332504971934009	0.7021084700286467
0.5474123637649595	0.08379560867168012	0.873102209042295	0.5943374869882403	0.21816152986076642
0.13643361731264358	0.7562987340564863	0.9352340850804491	0.9775216109375423	0.07877208828169213
0.4995974838893462	0.07713389704160145	0.6382097013893274	0.5332113282905738	0.8782233115489878
0.7515324544516261	0.14997825319376756	0.20213619215113643	0.20668828879218082	0.409215199988053
0.5471214866316555	0.5031940364049077	0.5236609452130708	0.8983426635977115	0.17448297910981314
0.7702345472931469	0.01845155853037006	0.8220311353170117	0.28038372727538097	0.3522753779774559
0.7725392924697652	0.8518036838379939	0.32144381217421913	0.6952170137261159	0.6605242794897158
0.9896806637155842	0.38194614906388	0.6821751048666003	0.25936979545726846	0.27581238521402585
0.5081791816140373	0.552916894699524	0.7063314154234673	0.4234958454736176	0.07057535854555563
0.7673611305131292	0.17103963926591026	0.8808591417874819	0.058192101996396794	0.8112393728821071
0.8043181542453884	0.7910793864503609	0.1224220276570992	0.9494890310773456	0.0003773393100302558
0.4296683445283406	0.7314123657654384	0.47677032968472266	0.871061001985103	0.15349274804379387
0.5003388626289718	0.7392584872105263	0.8290219399132333	0.7072918071004998	0.7372637569316918
0.1150247701633762	0.3077882307436789	0.7609453260264805	0.6849702797479784	0.0917119996026895
0.4530626659376924	0.12074265029858	0.18043684835780982	0.049903244349538856	0.977131386561269
0.7985921408747959	0.42658188599511515	0.8937275180267172	0.46006867207839985	0.7830610534036422
0.18952798955484884	0.015813625241552942	0.9209141408420246	0.032133406904675144	0.38693700866219316
0.3817895331510841	0.3376711294859951	0.7348116039867383	0.5228747688548284	0.9027684650128351
0.8127811848995969	0.7144805008696402	0.8789046598440715	0.1984972934188367	0.7643379330529562
0.44292642377425606	0.5681250302419835	0.1629096977865805	0.9762062483668553	0.8483908853408858
0.16466821404790133	0.7011231118432834	0.9991721703790701	0.9602622140119873	0.9807610795853436
0.8966297646402281	0.6991906144738435	0.6194684838557798	0.8075822927392126	0.6981379315726397
0.15357771803803522	0.5664267743522672	0.0004028804921862861	0.692791312693189	0.7328886386854493
0.9631946626407895	0.0014104962111090025	0.8918555438743362	0.6938577246056362	0.7226313733519882
0.9960777564867818	0.8650995882742664	0.9674194123564273	0.35192538784503413	0.4582253081953066
0.34027428330169474	0.14302965358010333	0.2585050311683005	0.9557342590619445	0.7993079977493764
	0.7010503208558164	0.9012508286203009	0.06519284263897374	0.4516914114435008
0.5552001902741882	0.7951659665025596	0.7114021052107171	0.35647662745526976	0.14106078936236544
0.045235589789368036	0.21753829686427728	0.2647017942965093	0.12674148416931297	0.365642505856957
0.7645284058480384	0.11976612201918346	0.5498752600435313	0.1549952827597203	0.5553420721499607
0.35686310998314597	0.9745308573101168	0.6491699323831138	0.5356881539294086	0.03256078489234082
0.3102543681834552	0.7838780426995464	0.10202167741869217	0.35311745646731996	0.7788529355006074
0.3639931321930906	0.2713534705551224	0.30881000066610975	0.6182582673053666	0.1648510472144682
0.17015070068075155	0.009143506452886419	0.9657268574616171	0.4242939731987645	0.5482641798092176
0.7798600772553307	0.49291182032775793	0.7194758054418745	0.13333375267015168	0.7462520344404063
0.9469106314926204	0.15935281662008172	0.15663559968429186	0.37857299177847004	0.24449408939216066
0.42470498831223513	0.7474857005634304	0.005789674514729337	0.3751715766229907	0.23334547232834013
0.999765519820444	0.9465035252147682	0.11063605087330808	0.28262710872293106	0.4316915058274533
0.3048196712272777	0.6448977512180054	0.7686270782952597	0.30065089389268185	0.8501473615520885
0.3964577522479358	0.7266794775421348	0.7156731951533353	0.516157596012505	0.9634504976485914
	0.346717283802895	0.05323999475740182	0.041369518631714786	0.4742167703841622
0.10081807274631216	0.40745286350168364	0.10064590742168256	0.5857083754076557	0.29400500214982594
0.9315397352563035	0.4402430117321875	0.3711399337981074	0.4440292706089394	0.6364257765809562
0.5528186531615111	0.4936696767196045	0.4425259503659862	0.9458607381210827	0.7709471628903014
0.5884589219968883	0.8818801065469577	0.9683603160673268	0.8165189120893139	0.30950466617183625
0.7753314010084762	0.22984555671026874	0.1830429802770398	0.30532300001656953	0.4464696917262785
0.6964413408046485	0.7628353924218867	0.45871677464685834	0.49740330389345655	0.3026664918071046
0.9593297482003048	0.7387538629025756	0.15242195692423444	0.38975779311843706	0.6237303138590278
0.14125781014501249	0.522988323359784	0.3278022343261854	0.5624008180114786	0.40351800041484454
0.06964211048894609	0.7682359530577904	0.42585443173573156	0.5715492927456982	0.3749222992945569
0.42875815028589614	0.7692747741274475	0.7727674594155627	0.9431010661813587	0.8009802163700954
0.6073545008358193	0.4883155542341504	0.9331904558481444	0.9946425126531344	0.8645754712455462
0.8832978422579982	0.08891908916480751	0.46719092246056926	0.6217931464941221	0.9953586906050105
0.6828250751136584	0.8850440888716268	0.9680839243930327	0.6972147590273927	0.9179945507410713
0.7274815329520473	0.22303832927573808	0.46559092810353786	0.7544136726660683	0.510580399921941
0.6382026718861472	0.4771290100337492	0.42141033411158957	0.030049526574894125	0.3998651081546186
0.6482273056147038	0.807374967458985	0.7437670823990279	0.7780403137685935	0.5240294055716365
0.29356503833682435	0.13358301800963535	0.6415760979894803	0.15743018207679926	0.4757720159692469
0.7443231681008923	0.3325683949822196	0.4139053599903578	0.4631154281930667	0.8742563055587589
0.7382244832558534	0.03665458561242185	0.04486654874662288	0.30194774542206737	0.7246613532714138
0.47746054565931306	0.5572853189800696	0.7864625874688105	0.13392337488169137	0.5197759243164229
0.4112772304329284	0.9143838677961832	0.2009723606728523	0.5900750584715212	0.8409648973066164
0.030605708938494902	0.4889610291632578	0.44327258163006966	0.1061032356398326	0.9690510986462716
0.3871646468341513	0.17714295550360093	0.2966329809127821	0.5361940831353766	0.9982079050336816
0.5685345136015704	0.4063007389722767	0.0814459146272074	0.9302170163991597	0.3390138551521584
0.5663623154280963	0.5039287147301456	0.7902956509772789	0.862862584001696	0.8811768357878094
0.5408015385932198	0.7010260530347387	0.06718690682962547	0.9899738922252338	0.7882222133708511
0.726475486336237	0.7476212044280919	0.12732268970321559	0.1300538396000145	0.8721242765153194
0.7398522945530475	0.3911444393195933	0.3571237730834349	0.6668475449294688	0.024623561979417063
0.17705938609289318	0.6858552972862146	0.774305906572843	0.8315647749189478	0.4970818330388772
0.8081887938053529	0.33194694541025094	0.5301579241868943	0.9296485662113306	0.8741193343546763
0.37002524617256416	0.9068498408907018	0.42596912442360924	0.601687754484155	0.6521451293802535
0.9245763418424588	0.5636721188161994	0.8530657616121217	0.24820228418310752	0.8309274056337977
0.21577447925867388	0.5419566016528929	0.5150628091845401	0.7157657206035826	0.4566743669908423
0.20902829614361473	0.2679242140167618	0.1475583116061503	0.5195464817045448	0.9263270199765752
0.5881238368058009	0.19267085316887167	0.44484180733833256	0.2814940599824469	0.6156258835743674
0.8701711042941965	0.33219616426578813	0.4359744511704916	0.6394715763344105	0.21481652103156346
0.3854489872054878	0.15949155499721213	0.9726232406686893	0.14850096450931127	0.6008278621482406
0.3563317458676656	0.25810695843363785	0.6943255824618334	0.626960827686583	0.2757941913572801
0.7665498755759146	0.6784884756390147	0.5143698971643532	0.5190081969057451	0.4634099495176136
0.1425073441514969	0.5742432082740287	0.6901957930704637	0.1257093190300207	0.9789787849796998
0.676126228043658	0.7074663548497094	0.14381693926498462	0.7009374197903072	0.8203167468180301
0.6946205959148177	0.8439677725700768	0.2896927244013686	0.8472004960976124	0.12930087728333484
0.2621901198296428	0.9537643567509014	0.7371479472330006	0.7480045968571456	0.3611966805764749
0.005837580822577237	0.9977642332516673	0.3551690733244689	0.3852238783318548	0.3795935445615327
0.866891608916419	0.4010584355561665	0.3014558637721616	0.4347046068304755	0.9968344206265587
0.9193208779016033	0.46097157654506604	0.7281602187397009	0.49942768355578604	0.6679374243338693
0.14259110222030014	0.7680812501126442	0.19156924149639432	0.07650848769249952	0.558612790383461
0.6414676251115918	0.9568135702660377	0.4244315212542765	0.38658767214765566	0.7875857604855369
0.8986287814075781	0.7427875712112686	0.21608215942091402	0.5238483015735608	0.938664506370218
0.4754660083855987	0.33191758647173286	0.8310729886014111	0.9648254920925486	0.041672820670869526
0.06822986894475147	0.7276125108616013	0.13941947574534863	0.7459618515584454	0.28991426351205585
0.736430078994156	0.7610853655903015	0.5543623881939431	0.5396099720194559	0.8978168355683173
0.7832345302765577	0.21769838854059387	0.9001338728802857	0.029350462874623173	0.42871457847665984
0.46897755114813156	0.7807676047663888	0.9252063255539285	0.30188448533630896	0.6838711390523128
0.1338094514584004	0.9647555089077545	0.5059807262831422	0.10390965251568596	0.21057560907622908
0.5014959182544501	0.06847377449254455	0.23492621989315032	0.3031245354163181	0.0742781643040864
0.6592166372043298	0.7858011839749861	0.4307683737372481	0.6506521831144528	0.6850933600636642
0.33979944406707785	0.8898621561068052	0.9198187305490428	0.335883896657601	0.9586499855586056
	0.2518937444007596	0.8426522074882922	0.98039060543753	0.3410004594626197
0.8168333909950668	0.4143399606503331	0.2768496123799903	0.7470740936549112	0.3844808944873316
0.4127423685667426	0.7859529699086741	0.862264014032362	0.1250560998683593	0.6684546697989623
0.4227014115165868	0.5341469403797661	0.3906626150311624	0.041437494033838784	0.24882990578317798
0.2991311654059552	0.669513562236881	0.27879945405436757	0.8621308180590672	0.9794267576883132
0.09197369857659343	0.4203212802228228	0.1263583624625252	0.42232745322745724	0.16370079886056232
0.8755309007029922	0.6235558229627975	0.6795960291836105	0.2960818087951448	0.9765683605947051
0.28876705985154183	0.9500862004714841	0.9319269841641167	0.9798988895703964	0.5938384707142017
0.7617623451585896	0.8313359600707255	0.40986794936522875	0.1881332634659183	0.9802026897731441
0.5421862424888458	0.7793509612039393	0.5356098600115821	0.5553456973097749	0.3703414785042032
0.7446305998766085	0.7459145922038481	0.8101822769866633	0.9374572769876349	0.3480652626764069
0.5952805811483446	0.6662153122898816	0.9173106865776844	0.364690718458097	0.25568151705809794
0.0686726369783448	0.2018422403462805	0.14451138026784693	0.6608836974503843	0.07281185520746314
0.6157985312470854	0.1491244532940028	0.08779000768149603	0.6892362464790148	0.13647700329536283
0.11332189897510758	0.49401476026134195	0.3069630671987662	0.6231912580870445	0.4239957505338119
	0.21358533152976578	0.28507596427437676	0.519946746129813	0.27993275080599733
0.5592595597935557	0.4563639358444068	0.8141303198129523	0.07003257045011768	0.03985979696608066
0.08439649192856025	0.5724567959829091	0.9314684161009347	0.41666854378264884	0.38032883388958305
0.4790575092475783	0.11804477227729449	0.2255904400035903	0.8827385623238952	0.3959053043979146
0.6267859401432635	0.4840630936341379	0.5105516147705403	0.7423475717507861	0.36748921692550685
0.3265988511196335	0.45750853625814514	0.4200822344197379	0.671282567051969	0.6099660545816241
0.38751149027985266	0.13668163984925996	0.8871291405049136	0.618837603513154	0.5892923324652096
0.3724779649510759	0.09707266377271861	0.6497514884442662	0.7926991695902075	0.37895041157041864
0.7756400615784941	0.9100331534716609	0.3671518948657331	0.6983359088665809	0.4272401283851268
0.40824835932320935	0.49207706884261204	0.8733808031900239	0.10146710679830317	0.6412796025399689
0.23278063836563445	0.9403114094876512	0.2848346444040052	0.9378784758787025	0.7575295364062468
0.15382996794000692	0.7394061675352241	0.5823779584259126	0.15009820670335072	0.7671957578506311
0.33572401930179885	0.3051057338932387	0.09859841670374281	0.0743435826840112	0.13717346938228792
0.43208039137215537	0.3201708266586297	0.13434601202788754	0.20677279237451385	0.059252876291941314
0.7510709994253085	0.45439644878180774	0.8491970430522209	0.7125949610626395	0.9179484972411959
0.3408986305207231	0.9982360425748663	0.8434178822900924	0.8007425035816831	0.060484389441831765
0.9318481439028566	0.7217009483748585	0.4000583668733537	0.6837970442277688	0.023976968190129733
0.19526421179682474	0.6106637148048245	0.07111502546339188	0.21880246612161003	0.9778394324338462
0.8389499256341857	0.5669942067924488	0.38298617588614525	0.042543395591120525	0.22124256782496665
0.727915160556796	0.886005110032113	0.9188851198898519	0.9781160125748568	0.16321938405536662
0.03363064842350627	0.03355556539864457	0.3961707098753794	0.1526115627288821	0.5902214730482437
	0.5513949270063508	0.6205675222440237	0.7921358899139127	0.2073949219118213
0.21564006944692515	0.0838320666079927	0.5271912487937331	0.8171716694778469	0.9398750970356529
0.6431422435525211	0.3149471420074159	0.8610173841281982	0.6872143262564626	0.43288679915976946
0.8519695805051789	0.9840005566743485	0.30963372801305544	0.02476198592968515	0.7036446298241338
0.14262688436020154	0.6368453118831398	0.5252927643141387	0.8185513283345088	0.5076399244800287
0.09573701936519574	0.5509592487560623	0.37226504082249445	0.11663300076482974	0.10689487414762511
0.4554572398523764	0.014532784115919739	0.37579754289260714	0.4999715532416017	0.01857248783341292
0.727678394728065	0.23127989893008416	0.3611380145192459	0.30829438891060956	0.37524488417310764
0.001073192345038665	0.25126500045353917	0.3810714115596584	0.4933553869658871	0.5806189461281196
0.4795408243610757	0.7866285817924643	0.8538847873042158	0.20744126068840607	0.13627709281755362
0.3758838780833449	0.5581696370509015	0.09629196689721009	0.7567316374195749	0.17689111487477627
0.28617456723690504	0.9248991307579031	0.5055223630619039	0.18866641133149264	0.975849772206623
0.6418922951361173	0.036391961741289336	0.4505438927810128	0.8487955777806659	0.3851710625200596
0.9290365559721201	0.46328815332083206	0.9447833976098756	0.3221831419794494	0.5424306840313899
0.020932211246544208	0.313915795963417	0.5153466261247	0.3715830688695225	0.7579524500697173
0.5593657570957293	0.021677694491820776	0.9078646659742927	0.55506300484539	0.43225317009078545
0.4087496719778071	0.9069988694778115	0.036802629734486114	0.9687834928916502	0.20242554332094465
0.6051049480105213	0.21115755289072624	0.7201722820387805	0.9776150786839602	0.385566192896148
0.6403921228661739	0.16893106969396654	0.6740977418633494	0.18704015111586114	0.5146260977092749
0.6126721389743873	0.5309042366047508	0.6731010586055651	0.7749694604226803	0.5657645369878963
0.9992118546454523	0.8773120645131376	0.07597406096358217	0.1652159331534253	0.24171445552151738
0.2796905956170116	0.6824027230531986	0.8701681739933244	0.23296915749867209	0.46204816707740315
0.3934304803025269	0.24927228614657304	0.4983350852988684	0.7188792535401654	0.32044617443100065
0.9103496778687153	0.37030584309343406	0.4991252042829609	0.21487203294606372	0.09074359046090419
0.5276682218280461	0.6290971471578082	0.6959910696905566	0.9759174000402835	0.6557355631654113
0.7421251760779585	0.999709352929695	0.34844820499019225	0.9022366344802109	0.2575762047911162
0.2361606068017057	0.8939655723412501	0.3302948088716444	0.5094088457602082	0.9479550377216249
0.3278104682467399	0.29446565850363016	0.8784681575764326	0.428356430438637	0.2953843133342017
0.8245057331064435	0.9217847356775063	0.32453343834839843	3.9087845333685145e-05	0.9742522020137213
0.739629000564779	0.43892615080585984	0.9913364771243394	0.7075897507813312	0.8511536826822822
0.881654935386705	0.7379720021826093	0.9680012709563617	0.8659168135108454	0.2710684237230484
0.8787584939740662	0.3031381954544521	0.17171623775743083	0.3106498346573171	0.5883202425422506
0.3174839043146189	0.5427768124789775	0.20571742644266133	0.6529055317381918	0.011152373827641893
0.8780720842973092	0.7889486271030707	0.21215229237909572	0.6645351978007169	0.6447123045099452
0.25844431288694003	0.7136381491848052	0.03855633203704112	0.5998824122608459	0.13878193208966405
0.06558847827227732	0.6796878415456702	0.44649946883605096	0.3626478366090453	0.17237717924316986
0.6432680310449127	0.19440585105918506	0.299647270099596	0.852173907239467	0.07657019078682425
0.6676207702766985	0.6572277085368046	0.045060771927076915	0.9257512749083958	0.1814213289047093
0.28880142105265727	0.06981542787395523	0.37896943108788994	0.4987013852723796	0.2197257523004127
0.7285807328496129	0.6853646807633912	0.03333800358717798	0.8523335156184043	0.26070414754656024
0.8723607981709415	0.6000660344007298	0.7584988224498209	0.7665821174551678	0.5529454432581251
0.12087304260501053	0.08245918357400006	0.6606605127058801	0.08213070482002605	0.6929458742392371
0.4249210828625495	0.5678992015556981	0.6045093741924156	0.979774680317045	0.9381119351379326
0.7387352711944434	0.12005794839255635	0.48129059896625426	0.1086274497050208	0.5304990418625546
0.381905821586661	0.26394609336686625	0.4959043519552242	0.5062550395924567	0.4357012110332681
0.7005128788192508	0.28729820028486575	0.3439244206089148	0.34383261231119977	0.16103788265139918
0.9028717381518454	0.7218139407329052	0.2933373328992135	0.1262872199820152	0.4184641351633328
0.8604129316557632	0.36471312982306014	0.22793956625008183	0.2566488048218911	0.7828742032199566
0.31266824188818876	0.4167369626942543	0.34534880748445373	0.283458164827457	0.5734631268236509
0.09296013549726212	0.11320064259314522	0.7303176772918443	0.2341310411226072	0.09437624629253272
0.15639811489543065	0.9359609394170529	0.9127933301965089	0.564643968760831	0.6667388490585037
0.33339657903001996	0.18241717044307837	0.38023539789817495	0.07530410801335563	0.7435399785871123
0.5296275388734601	0.9705876058592214	0.39247562212305176	0.3195975722482559	0.01703064206384497
0.03681675094898884	0.2910977122722962	0.1956657750473555	0.22378563439135246	0.9103157759804779
0.6086386447539935	0.1950980970143974	0.5580698326163045	0.8889441423997443	0.16629896470432315
0.23457703072127156	0.9932118477862959	0.5913403354460299	0.2312932144369223	0.8967600634104904
0.8677743782295775	0.042347546949589754	0.5830094299864303	0.3092484292258113	0.7421957626890473
0.1886371487063938	0.3492951271085677	0.6917070746574341	0.29176521105839215	0.34930442567442443
0.32257037921951537	0.3504983492129943	0.047059916205821284	0.7581383333535269	0.9792381138603486
0.8640264154794236	0.09174932694556881	0.45769227217274466	0.6661010926425737	0.13055483046743754
0.5804296493037636	0.9007678913364668	0.812054532550085	0.5907234154646237	0.752991857973502
0.703646973190832	0.6515789521146796	0.6181878724918751	0.9595078464110559	0.8568581835299068
0.8598981248036339	0.9998809805657534	0.5819547496577782	0.5269764272656389	0.0957380717250339
0.3561752574994218	0.1329954897959561	0.054127802424676075	0.7067730727092633	0.7095810027781555
	0.10581840143347909	0.969528734639148	0.7128578627532692	0.21026997117189739
0.6736001389116769	0.7690856783022479	0.2962622119877363	0.15311166987045077	0.09526385920003266
0.047823376722035404	0.42243020137974185	0.07369564752371538	0.7950007905616722	0.7182452175542988
0.876182441845283	0.7351373166864985	0.1362517183271671	0.40738054409738444	0.852613815565186
0.11366027534125556	0.7738313997031054	0.13924082039593433	0.7462711800861078	0.009659849881635041
0.5187265447027728	0.44374800473043774	0.6791542160894839	0.45383336215732384	0.9279887009855426
0.11731927931598629	0.28418017407622753	0.6764773910380006	0.7268059728513966	0.42099836480575026
0.8991245898417277	0.9838617017634692	0.9943199236177375	0.5679587280720717	0.4669799515635713
0.09855715400019394	0.9069511366081019	0.3829099962808693	0.2611148084615619	0.8046623891773214
0.8191751955405171	0.6404582635234777	0.031007340378333192	0.5152737261772875	0.3753982017700288
0.5378577044713936	0.6475500797688681	0.7383565212316285	0.6883793593571164	0.35907800307937654
	0.23127788039237773	0.675142156646423	0.5401424767206503	0.44334683047559886
0.2700667879296508	0.45575828176310573	0.40644012179895694	0.8367276286799243	0.5350086751445676
0.5370927483870399	0.19540003267742867	0.5795072581959009	0.11949577017514834	0.9002777850831508
0.29709038558546674	0.6699716363177844	0.6175793301198848	0.9510371720771812	0.025767415786562164
0.7598678894118993	0.17174711513836927	0.5305814130347102	0.934054107060493	0.8534353415724906
0.8767929918298718	0.11303175862691728	0.9586064995162742	0.654531891548089	0.2221628549532424
0.9846225458793089	0.2932842496457331	0.949320935605692	0.7498029208865858	0.6822651130845244
0.3770557639109098	0.36428439046318817	0.8166900801158081	0.3292150397212328	0.9659896557595263
0.49729557613718167	0.14084629983148944	0.6247083776941228	0.5407529280432646	0.9520504960805676
0.9982095323717067	0.6563200086110301	0.3166592644517673	0.6838203708308469	0.638525728014876
0.6557781627479397	0.2855101710581066	0.5741258316164669	0.7467395740888754	0.4119860624713838
0.12468583063111816	0.5212983451963269	0.7853602513479244	0.8666557965130216	0.8687957548236336
0.8884165918281167	0.0832892389062666	0.4598352837503209	0.03883745576979292	0.14735771131895492
0.8183263231906911	0.5434767558888065	0.9671356961841858	0.42582819396528315	0.9280561123448742
0.32817092747193455	0.07810002182108466	0.3592997711238052	0.2176090595091954	0.0786135152724391
0.3025087883995593	0.6534992883409386	0.1938998657364125	0.8453878810530376	0.9316696967293495
0.5858529764203164	0.5519268495215309	0.4216276021700711	0.8618050114666077	0.7178383897713684
0.379034555201229	0.3761771401297124	0.9243641323911337	0.6916597604345678	0.4716483081494388
0.7319698852171237	0.46737661033628053	0.9824940058967295	0.4168032023249806	0.2916134524915861
0.617828769351574	0.723600788837087	0.006814163192330525	0.579639521253733	0.019172173700578887
0.30474484760304255	0.757013907634977	0.7326099319604137	0.008834197156229462	0.2736909614573384
0.7528025675044218	0.9486728438835712	0.7590236927614563	0.1208371735404632	0.29877494223780754
0.47101066057941965	0.22313924884561676	0.5977898491220607	0.4486262133034957	0.8297619091541252
	0.3329462263892331	0.49419138657645467	0.40792843234367115	0.15926611320819428
	0.7576463361903729	0.7552193243284301	0.9939061344304607	0.5136706098613408
0.9144891377580425	0.6578903042366914	0.7234690740227684	0.3043550749724312	0.03704032711576155
	0.867515662542782	0.4303588588944215	0.6731573213921606	0.767000209924627
0.37802552488195296	0.5936135102488036	0.6295721153207492	0.10475782251208243	0.8660321151481258
0.9992486005708714	0.0457161860363835	0.05020671355314266	0.08889645454806405	0.7566480493793548
0.15610479045098669	0.5274742610722244	0.20382367339451468	0.7113673766330941	0.3074717041438335
0.963966569019472	0.16799787368913677	0.28813171804667914	0.4776369893514524	0.13550782087096236
0.11513208384416429	0.8448079783172114	0.6497249128379942	0.4185463773110597	0.2229484208508543
0.3846877222981092	0.26011477248382975	0.01130843098744061	0.41398477121243926	0.593874624951514
0.7942655004552513	0.7357583186793588	0.9256144976063657	0.80540473020737	0.9729521869673609
0.9308154617761452	0.6589702899500152	0.12903482043492942	0.24648566816255746	0.7628667737988658
0.6892307426493516	0.05985549921287159	0.7350262585934456	0.8236920184407418	0.1882967559282911
0.9521921863918131	0.4069475691259624	0.20218817514952137	0.8450753027569519	0.8065947916237578
	0.31902547454726216	0.9070620843735624	0.17089068479903047	0.4490159990726762
0.021748997107377543	0.2968724971762916	0.653659733146552	0.9210001103390214	0.9728753758399128
0.6166776291468977	0.8774329763149799	0.770212964134582	0.382717654010269	0.14998624956359508
0.824249047056412	0.5903725882667828	0.6118269406239417	0.5591046448872602	0.20029446990287314
0.9016621398078581	0.46935023341439275	0.39371665203481465	0.1257948762174499	0.8694086715154389
	0.2261217597908649	0.0495080749137643	0.41294405699109193	0.4079417090394011
0.39303573622074983	0.6161472551369636	0.18083387626373504	0.3128187853389327	0.07949163913303015
0.11903156881590049	0.07238630050479256	0.006822511278642196	0.7255098490692904	0.7137240460974558
	0.8051572171920437	0.6042394647900436	0.46179566756106616	0.467625798560674
0.9385731151664454	0.7183571596789882	0.23577882482619517	0.8043516012145948	0.987493384386473
0.3665463304776132	0.338741843446433	0.3792388350230488	0.1826141032511065	0.9369899051873148
0.6418488419894217	0.0469363494084446	0.47781778572821765	0.44940937100387757	0.8493713800251883
0.31142881438347525	0.869233510891189	0.09526277578615572	0.7885673670480189	0.7257895317848873
0.6693196956507792	0.30190176464019114	0.7510988142175422	0.1111273913723243	0.8859441940017156
0.14878757405500054	0.2603859896392118	0.4054647488544407	0.5655446208099415	0.15793014591815213
0.9268497401406407	0.12659203646854766	0.7356776627712985	0.7723784960426751	0.7467762951724506
0.6259545999514257	0.7307167463822517	0.5887695586239383	0.37622788761021486	0.1849812924605171
0.07211092266749097	0.9894158426417905	0.126895025856676	0.020723643663944635	0.5855393561083717
0.3058094378369225	0.07804191743095479	0.40307345136384065	0.433351179597556	0.9727406875615446
0.11245311617555598	0.39913315664583937	0.804481567314937	0.5788999740807936	0.8421143845142568
0.23409513566856088	0.8572976818632428	0.7989600223792451	0.6529981790175455	0.655835635304154
0.7511238565841266	0.004276373751799456	0.32678650773714446	0.12002348718220768	0.8021614592657772
0.12959682152141194	0.2888612752879317	0.9764974782137403	0.28432616517160236	0.04807043190272875
0.2370989516431905	0.24409207066213767	0.6124708015795373	0.12045222921559862	0.5557025684568879
0.4969376554296452	0.4477811675891763	0.6876004572873669	0.39174086640734973	0.9157609843993406
0.7458738109512327	0.13249110352677684	0.73785282300399	0.9055553456529046	0.10776632251202944
0.3174910644615411	0.42594504272114153	0.8252792936695236	0.1309560105370694	0.16136306206139817
0.40334739914714535	0.2912646694396793	0.11027056151041492	0.8836011628480394	0.5128115745364811
0.4620523205029068	0.6037877453437481	0.2433101692323747	0.7210421521651759	0.6195399096043356
0.47275050536497676	0.8688843797179859	0.233980342791288	0.6095336525189434	0.33760103357047067
	0.6534165669823951	0.6455083181947743	0.045105887927562205	0.13645373504708913
0.7812252334103159	0.330975353273415	0.20111453664840195	0.9071422325475927	0.49186732594872207
0.9226307945780666	0.5624624467600886	0.8463072769837553	0.4460032347095213	0.9235730983844409
0.28456505917312436	0.7123734848666059	0.39553633392717813	0.6264408840841338	0.23372718950894666
0.708935990378214	0.9336042966271757	0.48041555428967575	0.30952739417894226	0.7163189079338251
0.6384239931189714	0.7632242663067216	0.8635196921219072	0.1796342404735588	0.5457013487522139
0.3829881748059455	0.25020561486084036	0.8596084222674097	0.06646362750926693	0.19757927381663698
0.18140458117473923	0.5876314868460191	0.5740607009310791	0.1960693017970787	0.7503901672678457
0.9797424668078791	0.6346375421505938	0.9166113982912563	0.3874197590247448	0.7077728798921714
0.6727641126841208	0.9484663089148518	0.3731501693812347	0.5703572159691694	0.4309114698606814
0.37335761715905524	0.28583630392563464	0.76685013825995	0.05230968969016969	0.3307147665839878
0.45378777522873903	0.860951725450921	0.8103507860788188	0.45883444235598136	0.02356239482988487
0.3343384655222229	0.7937637994866947	0.2423838195897503	0.30111204782380985	0.49719638061427196
0.049021230736592036	0.22698447766392527	0.7794568704186866	0.0029781726283758525	0.280937460187752
0.5621586040415536	0.9571367710429975	0.8788594626641174	0.7060492288621726	0.9925246461569731
0.6807803043260545	0.2666932524922663	0.2813644316711702	0.11780290798617887	0.7138561988156734
0.06032609577970671	0.5125743165499468	0.929891841979078	0.2618041961098563	0.22395308484988308
0.01624754959679875	0.12499265020937544	0.20463405729139994	0.24229200077082902	0.5027362000879207
	0.9115211416732981	0.2237104648931305	0.6382348135485301	0.21325135875339662
0.5270812057404299	0.4553267532806997	0.44923108638942877	0.8817975477966846	0.1729090117479436
0.5427959806681216	0.6205230233397157	0.25407431880726117	0.6275617082783361	0.017938539997742864
0.9444339802356755	0.9125238763291641	0.4503108316435549	0.5927155257841569	0.9372384230487345
0.08959667054514153	0.6471989957401229	0.913870845464103	0.12713566907372265	0.794797772047167
0.600043903869009	0.2081389931272435	0.8148257089375944	0.21485375216857927	0.22722138303871486
0.44052794354452385	0.4593977291295809	0.15085435920716572	0.8667806118017597	0.0049009064990040985
0.736573937845716	0.20692557715086146	0.897592222939946	0.401006943507776	0.3537522842572135
0.49460144102997905	0.6970196173799894	0.34994388703472556	0.4926001128807401	0.16887373273281459
0.8027716165791842	0.3329415022035753	0.7976089599732255	0.7594898597260867	0.9770937615274051
0.8631452320574294	0.07443521374025697	0.5180933747109918	0.1098238599897351	0.6923120931965999
0.672585781705928	0.36145810798181244	0.06447303641325064	0.9519678154999629	0.6002870928286849
0.6886306442129038	0.33439381945408775	0.7174910494172383	0.3052024611852412	0.7443140876380571
0.5528138941752252	0.004109526523258689	0.9136424645788983	0.11910969131761606	0.8416208469361187
0.7351519747333678	0.23134257109433187	0.31043275972193307	0.9008402944228979	0.08774238076724505
0.21336671073470326	0.16317731898345167	0.7594727323239163	0.8570866533186848	0.33399717298171305
0.9702239208659716	0.7922942403995746	0.8104837951436249	0.5256097863441076	0.2723100192279744
0.02049474844862309	0.05337974850383709	0.3497856499387325	0.7036514053316354	0.6415714925264974
0.7658206506267861	0.6123537421139096	0.4781968990641263	0.4729450021216819	0.4473544337324036
0.08057436126723849	0.5443086313635883	0.15599988804527054	0.43840683842810413	0.013998419033922183
	0.47832469276612644	0.039717687876415275	0.8053084057620931	0.05960919893108352
0.8700922766099215	0.2843167776596309	0.21993146715949985	0.4339991059357281	0.6776590114095778
0.6298762762152383	0.25351148646472355	0.43924399726916763	0.5198866962133026	0.17812406813494108
0.23025676035100318	0.48723221743669454	0.9147754873283532	0.08950141670823519	0.5334687327633283
0.6650866787651295	0.2201288947076655	0.46985447715637696	0.1209622832490942	0.5173270401176705
0.09561658081897417	0.33535825720648516	0.42503877641396826	0.002105769238900157	0.6916809924652186
0.28230440806726054	0.3566715967628329	0.22579955239020744	0.5979939806287791	0.9937481026514782
0.6801043931394332	0.042023747416739865	0.09073667359383109	0.8645264975181077	0.1395363450845759
0.3201600743241867	0.47425752459589143	0.784126914485754	0.8143429652471442	0.43376482273301353
0.9514485246394492	0.8747642960594747	0.9523866763561051	0.9490144037330346	0.8303649347395461
0.6537333666416526	0.7516291596115079	0.5671929044184645	0.5000594223866587	0.22662577339903967
0.6389242932144307	0.4031580619165255	0.06122475829444585	0.8191765803275731	0.49545584375567475
0.4772065185148753	0.5868989825309759	0.4788576925385951	0.0008172354537099302	0.021559324662305257
0.844720170603844	0.9727845087264978	0.6133685638980481	0.5848511163184231	0.9135163140218084
0.7839969851558067	0.6729814202128771	0.4052371998440406	0.9211670753912803	0.7065048408369532
0.44254113731348743	0.18269737776049466	0.7623075118801935	0.7496668458107943	0.8782585857846679
0.1422518375898093	0.2532091025027424	0.05648789535272014	0.46109943572374357	0.8479855831861132
0.026975879312642004	0.5001584882418072	0.9691466557363583	0.41871705730947206	0.6233456677695922
0.5207038793768357	0.34924216883289505	0.3770744383896003	0.2963771994821577	0.856164537769671
0.3640815711711759	0.1492951948241118	0.7495520819614632	0.7158436963102949	0.15211015246680737
0.7949746507113192	0.06985424368867188	0.11258269906737828	0.20592158577088038	0.29652335785447703
0.37465125754579653	0.9692121379254586	0.5816936823205962	0.034510789327948266	0.4585842094646795
0.12734315909548766	0.15868614616267074	0.4717933424939179	0.21180837217791448	0.10287946974749018
0.4807103645643873	0.9861756364999168	0.07466089770180673	0.03345932609445723	0.10871252203594095
0.03970408610616971	0.5628329354858842	0.12270895977020102	0.9485192830647114	0.9035825066536837
0.6235293179280332	0.18460264778539393	0.9996322553670469	0.46569683176697974	0.31898191956583233
0.8526904928043104	0.5512573014272688	0.36323526178070786	0.20241405338003682	0.5837151723602788
0.16691212371254838	0.8404527902606407	0.8548667269586898	0.6255968492990762	0.45368273121282765
0.7275310845374329	0.14314356572739984	0.41657748328738753	0.7801634734816288	0.3145763324370947
0.1115182723666226	0.27000069218327527	0.8249957934228883	0.37149414213670096	0.16608428679476017
0.9339496435264318	0.44885872167663354	0.3315981896198571	0.08945618438852665	0.7759662827978212
	0.0026814541011004334	0.5715019483686371	0.8904994274491379	0.7141776731215284
0.5331409103053637	0.6145965455873578	0.6253531062429031	0.7988343161209394	0.12070393346895847
0.49711414066819815	0.21567931981174415	0.3999256187810559	0.7022703242635603	0.4491551047856833
0.10744115571741797	0.2165388707492062	0.03363401473035521	0.564006989448903	0.8149277536576948
0.6105007103578092	0.5512549811290188	0.21136202432167817	0.11340546485663283	0.21068012036419237
0.009891264133353728	0.7739438769153114	0.32314443949967864	0.5020099342217151	0.9604106802379232
0.6718819438531565	0.9821387506334189	0.30344323967427256	0.8824909743467768	0.6596685595038038
0.35132580074192765	0.5043815789420911	0.6612280119723912	0.3136055899321676	0.549822018219582
0.342554125716641	0.47622842930684917	0.3646290352303839	0.11816034244904106	0.8974548374319636
0.03371738011445968	0.2936658292820753	0.74821479955739	0.8968567923339248	0.006043789999270022
0.19271828197669738	0.7926307839669455	0.8639692482275964	0.7953665174287362	0.6773457935454066
0.5298161193152571	0.04401110157590449	0.533612368205448	0.1813994259127958	0.09509207879805648
0.19267658689357114	0.3944936470860885	0.5264416646719319	0.27576556500984806	0.8289169366173554
0.3686551614080833	0.5204984200454017	0.4393063177687645	0.341491009889786	0.016846846709561714
0.17714275382166556	0.44916374392486536	0.16148840002786258	0.23349696559420863	0.8893350517964179
0.1444908000957983	0.8334988613250369	0.8227289175730389	0.10212408832499209	0.3018390099920599
0.5880883219904286	0.6055129384947489	0.9185910949869472	0.20190821465450692	0.5737433388820448
0.37919821424612954	0.776496465180418	0.01875610422918894	0.756122738604369	0.4530715893484083
0.8988636963914308	0.8857147468244589	0.06159668691334774	0.26079241628587757	0.4053742106049071
	0.9041888675857733	0.9537044105770004	0.6704056345121034	0.3205740258137014
0.5241894341892339	0.8805505622484415	0.8881923847874164	0.22371576216024824	0.7728758974121416
0.03305540397633422	0.3187711684344836	0.11638740979459994	0.4040100105241059	0.23810274797003794
0.4273518540010839	0.48713695715876537	0.36757070526340185	0.4538884797197906	0.9889259368333391
0.8242666753224954	0.7894655259482919	0.3478795434182963	0.64646941126155	0.3688226144231417
0.46701437233548915	0.9426388660113661	0.9775813057835594	0.33193646563199963	0.09893979806681874
0.9298226578848038	0.6209658538954844	0.44037646312804135	0.47302343060184704	0.722896455067617
0.4041670722767865	0.5636961420260452	0.6538579299463054	0.669429645702828	0.7137317421002262
0.426781162834699	0.30443927219772604	0.9205033386139786	0.10592412177002386	0.2362532534134536
0.7341391684484901	0.24440948418358954	0.5208580575956244	0.8443210398620485	0.20749274332394174
0.4645461862046981	0.6141650549690153	0.046223372510634686	0.508753153012956	0.6980021388930443
0.38661624102960546	0.8348889117344187	0.9672255263880823	0.27328357575797857	0.04745262986472043
0.885217558416449	0.39671460925325996	0.6836748836685792	0.39298792009263317	0.9605847017481843
0.8637108590995157	0.13826633937921484	0.6978162485105041	0.9235265879174154	0.2820352785412502
0.6180846032830228	0.3126727595712677	0.6392149381650858	0.35583880004788115	0.48557677676516886
0.3603069967186646	0.14467835530749318	0.8247893432435204	0.7873885917619781	0.426712949102639
0.6032085289845482	0.042675518657956046	0.4790028688584411	0.5992777142435748	0.8070284678943079
0.19773013414335616	0.8685108089214965	0.9098435664491349	0.7647584932657076	0.40850184989574123
0.3268261633474434	0.23638945167778225	0.3303671454818615	0.443793894787339	0.7138143718344327
0.30950105204604306	0.14570552833745576	0.5499606957598571	0.894447553003255	0.3536955940376382
0.6651871820087221	0.7475099219910704	0.38692742576996764	0.2173473315308979	0.4120324593244763
0.5551954269957499	0.2520970425449939	0.7550299283861188	0.6621589441994492	0.2035575674371196
0.08141533417053592	0.9313659163573508	0.8594778678569811	0.19991547737009585	0.714572207865268
0.7663527932768758	0.9374162855527756	0.8841910864579193	0.6356432643097094	0.5664126447829123
0.5778713633786613	0.2277537172035955	0.749197875916916	0.4191870557622026	0.7873975571551153
0.8371205133459536	0.535249559060113	0.46866735433065543	0.9742215050844059	0.14593563889160543
0.1408056523840946	0.6502827105149493	0.20938600931665752	0.3174463055072565	0.7667768476340031
0.5273565973573916	0.18772801080811663	0.927598043501294	0.17933182679374837	0.6712284240064147
0.09735897201054133	0.6767413835214389	0.6908871619870899	0.6536078871079903	0.842884547902755
0.02951147317841285	0.3569342093583223	0.5091187420477264	0.7482966352602165	0.5692868609841308
0.48979785980389867	0.7478029229008358	0.45679618631165986	0.594207324754957	0.9435944813628659
0.3816744971646826	0.8804995219793486	0.7663238666676399	0.42428541853133883	0.9556422828332749
0.3656878836937486	0.5272111575310907	0.9499564579152657	0.0765483953169972	0.057842716666500316
0.011203064428378151	0.08670383083798283	0.6209839330386213	0.6973395540028722	0.9075669159235852
0.827088953112161	0.9397428109234964	0.433360882724963	0.39600167980730294	0.07745503604066994
0.5840924827093722	0.9035095647525446	0.2863895459261109	0.5956238773824324	0.29530250187020435
0.7030998226858799	0.3304807654906643	0.17573884980799948	0.28072383786468813	0.881621952733295
0.4821969742979706	0.24219548882502007	0.7023488420435323	0.44534606397839993	0.23373243036013114
	0.6620995208115157	0.9849080054374455	0.6660831571403611	0.7556609312604496
0.339352871375298	0.8108315776217108	0.2731037879598409	0.4580365459899671	0.8626639718112131
0.44642154149370306	0.8870990602146063	0.37292783552328335	0.6364494499552061	0.6842708463984063
0.272705683381674	0.5755596690624657	0.17552290505267965	0.04913618888922444	0.05793996388284639
0.11375283949567805	0.07361621662916906	0.9324909136101543	0.9602453918114296	0.833707151582268
0.6486666615945554	0.7556163704774446	0.5596294592124818	0.6795570729872245	0.589253383760779
0.41314254237313774	0.3616851614069301	0.5825550842356513	0.4508378164239717	0.48127837678872687
0.6936797698115552	0.9572708099704825	0.83209362338476	0.14580766733907935	0.2711415721800863
0.6509372082066756	0.872528363535535	0.02980290441619371	0.9714189898101591	0.9314670041233717
0.1213602672545363	0.4310011303919651	0.6697675341647497	0.744866567363452	0.8503181554292734
0.6943964386803497	0.21605422335357616	0.02801858532769408	0.4546699000951422	0.5894766026917738
0.766848721850971	0.3127528962916729	0.6617336776206786	0.6511958085445503	0.15239584947898455
0.6087714684389932	0.030105487294217026	0.8271662766210307	0.048511190916372904	0.3170943106780253
0.5800325639640657	0.21926248791398517	0.44213827844889597	0.4996529013482367	0.6402170268590083
0.47211913622235435	0.32348188201387096	0.3104427611677899	0.663861013087231	0.04595960609480487
0.05918259149421201	0.6323051861447689	0.6767344003212752	0.5769500069256489	0.7671012690586652
0.2581974641931396	0.8126578826314653	0.7108569688266414	0.3314813102749602	0.4107561364348171
0.7798682612681727	0.204560727865986	0.27528878739306195	0.24138402170787954	0.6541532704007308
0.3856781601648671	0.5156664267183175	0.8785921909998958	0.45953488575029056	0.9850995385271398
0.8534735084043455	0.1712139290604039	0.877978989830467	0.5279288265170704	0.6121444604855286
0.21155372257208083	0.32072077297764423	0.17914564230096675	0.1478707494798862	0.017337830623134654
0.18100388264534606	0.4867483608575761	0.6041564920680643	0.17688505221189355	0.39770108133689186
	0.4729364824931477	0.3977588816769335	0.5191933085715483	0.771516175410367
0.2083067903808219	0.7555437223667164	0.5641754664209182	0.9007493811380479	0.2296115678906112
0.06522809581284339	0.4750235282357773	0.7857543417223256	0.007420137659427839	0.7125189747129632
0.7461867334540578	0.6539718882765302	0.045529170757310555	0.27200759909128125	0.8540398146747693
0.10442998797593361	0.17037475656626688	0.9039050268822463	0.5422485981054143	0.030284948291605884
0.7633583398070941	0.3321927308599487	0.1931417267187654	0.3928600121820621	0.6395930015873263
0.5845134330363236	0.92095480286241	0.2298020814861721	0.7884212983833023	0.40024108434864814
0.3326019863072841	0.3394337961339855	0.7318236248487119	0.5534453748665895	0.9316564582176486
0.2569681411436713	0.07105488801056603	0.31238556551496843	0.11583795764478344	0.8522585272708363
0.6677245921520335	0.2113186422634027	0.25174399129155656	0.16813902628689092	0.9688549301718349
0.1505682235918071	0.21680359364310497	0.18736278191055622	0.7980597552647533	0.3871022528468958
0.4182556336661343	0.5526753058522155	0.26437388545463014	0.8934985009749397	0.8707747054059244
0.9049305034812983	0.6349065208524921	0.16795864825781992	0.7929192582723232	0.9982559350711661
0.1306847416819189	0.9578813821325638	0.6821189767030497	0.13996123611867417	0.5399917683276316
0.9432991468934204	0.8242731553724791	0.11153994221131747	0.2717741111010804	0.8702460985905552
0.022509338214529717	0.25187927396943044	0.7340890102966781	0.6105568550231188	0.8258032582292663
0.8544674787822615	0.12383324696458808	0.4986387263899813	0.4484786870086207	0.6928279451899383
0.13940176041980235	0.8585561554962515	0.8867226660269277	0.21070848633863726	0.40975058599088365
0.6509083787021782	0.03810229804094134	0.6194721314092593	0.24078365885384623	0.07314504338316719
0.16240805515276047	0.3367357127830244	0.7501523428428367	0.9890295482800955	0.6050350648864862
0.3382759317483024	0.10036272426130466	0.47638614071239316	0.9882711895060561	0.029543584811874024
0.28663870036602235	0.20621120684089456	0.2988472599245735	0.6596184245676687	0.8840112427935599
0.18617359924421473	0.9547471782663179	0.729143665727086	0.43111613834227547	0.08030876416313049
0.6688336547061422	0.9566836770301317	0.8906023414587693	0.3637834375269693	0.17469509221058677
0.3221507793063537	0.5920098058503633	0.13948620225061037	0.897752802773946	0.005438965095892034
0.8443373062161379	0.4964808605576676	0.7144738801210232	0.9730168039248035	0.8649243957407678
0.10665446180996041	0.196484288614446	0.4197626150340714	0.7168169150950658	0.9924165396642177
0.3315589078812111	0.8403784211480336	0.3984238109635687	0.018770794873853025	0.6124926791670731
0.5003227876908859	0.0631197927339624	0.9265589584250724	0.3682518614668099	0.7563559266745584
0.7771224884874127	0.6070188615268772	0.6275407509723642	0.07318261154519068	0.05956821301998194
0.9719209833732938	0.06350363367842093	0.09444258505781788	0.31048920988287354	0.3215628047287147
0.7873375404640944	0.21618379293325674	0.10507548331715688	0.15503864705662518	0.9807685317438222
0.7533384822585356	0.0037479145091317	0.7671459771204373	0.017083429141648954	0.34881935829375965
0.7756960042590956	0.7892315399727448	0.9376627587607013	0.37966490416660215	0.5189055530781046
	0.4999203051329897	0.33946746785169546	0.7850043388780517	0.11034804339452342
0.41502246996590275	0.43939525039688065	0.09665880213638323	0.18702755076448896	0.9463114129248937
0.886457300329772	0.42824080722375535	0.08835434214384508	0.7100670459547191	0.22336477747324868
0.740007813995	0.8490128249209401	0.11528976159800275	0.5176839506424796	0.5970874137062072
0.7619847171498085	0.4972649588941036	0.5651155431495642	0.4271979091019882	0.18799789596869632
0.7274242543158266	0.3488620601039579	0.12920858977974836	0.4542392877011281	0.9219462858457066
0.925827064547556	0.1273125736099443	0.08502238976044896	0.22375180026186225	0.5875152673205607
0.5635957210817848	0.3461191551871412	0.9536087377491251	0.11169752033138414	0.3708164101501711
0.391574970860442	0.5961331060118104	0.7168706715541356	0.8697501725845616	0.6053434431064156
0.9017269161581378	0.8590003003387712	0.21833507913641514	0.4803383411544402	0.2977385941406421
0.23768166887045683	0.12112329457850923	0.7934428314876051	0.3652676361897008	0.5867581373404084
0.2062638469302781	0.6455650330933614	0.741322257706444	0.12783987384552364	0.7188856936469324
0.6664626783764107	0.08689176970402612	0.23009208374909995	0.7241735142421424	0.24053778750030297
0.21430984353059246	0.29945750002153726	0.5312574972124318	0.07630193151679643	0.7471951898107103
0.2030205558257644	0.4898724131122555	0.3830952726974344	0.7175174777836668	0.19075208008789812
0.04572594087878945	0.9873439949936962	0.41091526001833845	0.8753938288448969	0.24747282332994336
0.14127242417572894	0.23201059757422182	0.4824674782052929	0.9161934028870758	0.8234517525843907
0.7940011291678952	0.9783842917523949	0.8826412974365496	0.7041700785637522	0.3495882506424568
0.9343597094758855	0.3599428670598007	0.7967771131030497	0.06401620024194299	0.4344625197487372
0.7757300776444904	0.9208009702823708	0.334946012009946	0.22092449081913368	0.3043137991883219
0.9719499610417087	0.1682440989759597	0.9600618015528181	0.8210643777661716	0.1738187961373272
0.28729680335279584	0.19549064067708377	0.7131993405160221	0.16345307356198702	0.4172493641848024
0.6373935109858864	0.09290899335871194	0.0194030396836139	0.9907892560680892	0.44792423230331047
0.5898596601332904	0.20381217786370975	0.24067892416782433	0.43561374998638647	0.7631027909875582
0.056296033208904306	0.5198655515340027	0.8105096589216054	0.8526589356869371	0.45330646539665
0.23527727084543182	0.6338725484368936	0.9754800226614111	0.04696663371286891	0.06832206581179812
0.13473724564557277	0.9878233528312085	0.7041193247366602	0.05184869401962655	0.5700224630644863
0.7969840046255391	0.9322575347865216	0.3739250391730695	0.8249010781651066	0.6582487510622047
0.2040803496227117	0.3590349630470774	0.7371779730216264	0.20467619339041654	0.05657595588996367
	0.14024549954496668	0.42472307394754405	0.2314786671328355	0.5331029572123336
0.6503748451967257	0.24785433869377005	0.25085741079585366	0.07943055623524709	0.5168222445877991
0.9728712930215113	0.11448041833789191	0.5839487987795092	0.17611558534067684	0.8421588065884088
0.7804744343973565	0.07968001584261697	0.32677130139061605	0.09451938321106534	0.059030877058648845
0.2261167948048437	0.337713846933167	0.8190908208357703	0.5280309365288863	0.20279018674143556
0.37202769960170357	0.0257045370289547	0.07828534663255926	0.5244211995435621	0.9612708023511092
0.004837399810264986	0.6445714407357691	0.10923438969763821	0.21842564115430085	0.1433043783305019
0.5673879609179725	0.012089916453613125	0.27487069714828827	0.655409752785804	0.8142452841772939
0.0933993323753064	0.8225885015943815	0.8856761813140764	0.6235952722470863	0.7226644903235616
0.8481267092156448	0.800000704037272	0.4406682689958742	0.9903529819293836	0.7675888257171289
0.5549725848816063	0.29865828744506073	0.1644343751281152	0.025771831139156043	0.8147909201744398
0.6671084663982674	0.7798796755663069	0.8110293605176795	0.6652809613601125	0.5070396076622051
0.08383990358801341	0.41165355512808377	0.3415504492635807	0.054577038343344375	0.1982974436860392
0.579182874135245	0.44154533538381036	0.8030450154441047	0.4235134095822155	0.026529686074913794
0.03979946690196967	0.5185709973676124	0.20848223552487044	0.36722562219897825	0.9172531951599928
0.4519872802749174	0.8060510884287823	0.8057980744302295	0.09733901572088999	0.5179067320395281
0.6351400217324041	0.15497392945393262	0.06260840191515771	0.3595276867285726	0.9158363769944992
0.4651613074982054	0.7616530545417257	0.8416096088666138	0.4351549809310392	0.5540346131536775
0.9730529558156592	0.010313386740559816	0.893900075257854	0.9395941567315212	0.45929644274160175
0.9198793640185214	0.10841155026211868	0.34840364004721325	0.7369346998138159	0.9029851082330594
0.7446345969449569	0.03758266680359401	0.8943255116525611	0.24698230257887477	0.7906547576649844
0.19591971459485813	0.005614742119645744	0.8620008287635751	0.00794309494027401	0.813410558472352
0.056641685448921786	0.5246381635404878	0.029484116049399156	0.9376547414700367	0.19317006105868417
0.2163892470288281	0.862835102565154	0.12771841836995235	0.7893969433686823	0.9854367472324184
0.25693588334769757	0.26375032709296353	0.8567419863770874	0.7186807051817927	0.2563672465012492
0.941339038795331	0.14425118760576017	0.0787947458676469	0.42396972930807186	0.30585692092918737
0.45661782322718003	0.06029712448982094	0.574331003168427	0.25330941294692233	0.6084917798254474
0.06562303078817722	0.09055144218544586	0.6869818022437665	0.4737544230388132	0.19083162604805692
0.9989995655668461	0.5699996036211639	0.27548448088382393	0.268332392591496	0.41010946993540465
0.5836244867856432	0.1301908974653352	0.9672971124002518	0.7968835169226545	0.59968233944957
0.36299671211183904	0.3934954752423171	0.9867739891118675	0.6281942721453633	0.6083813530417073
0.3594996841183906	0.9083225126163322	0.314264588632888	0.736848755032273	0.927443626002903
0.5212503512668359	0.08920330183776681	0.42508504575853057	0.5044922703359821	0.3626908819690937
0.2250887797500002	0.635095312511005	0.39905742661437393	0.9433632464393624	0.8728723099150222
	0.9573458792817561	0.8101919429656704	0.1603270594052637	0.07971364026498573
0.1882612579008972	0.4016469311207035	0.09757879954414306	0.7925071467401094	0.6552502681088399
0.11203837177791409	0.10128981553191385	0.2621387767125515	0.2593427396844675	0.6779507616385003
0.8283311146054989	0.32766621334597124	0.03720665451837313	0.371087626576481	0.16883771880329246
0.5479071318074333	0.9331799542931125	0.7067347295145845	0.8982981791495397	0.317101396366662
