X0	X1	X2	X3	X4
0.06450938568470177	0.7179019755261307	0.06926155063241723	0.2608513445514671	0.15176792865170163
0.4864536741356479	0.7638644558726729	0.7362704131954784	0.9855316829737621	0.6438553269796805
	0.8048644467717299	0.6691904464269152	0.015089746424261752	0.45129011683947917
0.3145295147998728	0.7238220939339363	0.8734613237621123	0.6902921266246483	0.3056883468560704
0.879515576649247	0.014920157184213023	0.10982130751297636	0.8610138037716766	0.45466039995656005
0.2253568994541979	0.13211841785800982	0.9990615053742491	0.38308065269558	0.7264801195923873
0.5476392844282054	0.9851427141327889	0.4740368988571475	0.6124584801490988	0.0782233186399609
0.7929975068992099	0.5450482770736921	0.9695308197389353	0.2787626981915339	0.859166809940343
0.8613406156954315	0.6774319406069655	0.8599775412334137	0.5383902078724606	0.03890843061572369
0.5443578537742394	0.9145023914842397	0.9579575078056362	0.5784763703699144	0.8466294330197053
0.8652575657058905	0.4872884347361204	0.20582125805216434	0.3783388713783643	0.24631497095759058
0.033525347043997455	0.9185502328170609	0.13242386304715248	0.7560893320112531	0.6782858965336921
0.20548398313226235	0.20457702517063925	0.7230930897609937	0.4406715975276917	0.6237210105309244
0.594123638062762	0.027844634934146018	0.9750176159617564	0.01081992973577095	0.910708793987648
0.9159546656302104	0.5217717639369723	0.22447323921328488	0.044677198651522754	0.09048647526116249
0.09612069255361344	0.0276650926323726	0.38143068760621224	0.48787888466188	0.623643878824747
0.3605349802976693	0.6715970363683641	0.0754504970725639	0.3525267436780608	0.2662345960429935
0.768023171781838	0.2304625244397399	0.5628431518231789	0.664937840150747	0.674810114838333
0.7255422836142487	0.573782608351088	0.10963408197434976	0.6615122488671343	0.2536235319273764
0.5703366208648641	0.08735374891986136	0.9237313938163749	0.6353818677913251	0.4080974459023008
0.7723934779413313	0.8922406582369076	0.9420878253161996	0.47333134519600084	0.6253580127003415
0.538599461603967	0.23461304734780353	0.4289878542421013	0.7895529793251421	0.3084451180730873
0.2542298810698628	0.13268460316282937	0.34062824317111984	0.6806696586277458	0.24983877123660114
0.21699584501695002	0.3777687267245692	0.3990201086446603	0.620749584617276	0.8859290976660346
0.953604277535579	0.37031781983170686	0.3316719376927739	0.05140180077202727	0.30147375816241473
0.39738048418931093	0.8429966821649284	0.41493338784305034	0.4769301749735414	0.136173941855528
0.6685371111338178	0.4266721857355038	0.057294787693979554	0.7763755709749931	0.6999741176290649
0.8646210635837833	0.11707544379502077	0.23978019288339936	0.19029808888253852	0.16853375716157937
0.9401282180544082	0.37402329460410777	0.9431537142918114	0.2776212085843711	0.05598692876350175
0.9914980862268423	0.1302240666092107	0.34236388497865267	0.5942014400109702	0.505776454721724
0.23699516935646026	0.513318844285021	0.23290566380167366	0.6709953736927926	0.619973778407035
0.01628438607710725	0.9579268118261229	0.302481322584491	0.8654515883328362	0.0447038827043964
0.907149639787643	0.4416724973356453	0.8046687843551935	0.4512953980461837	0.21779876809842724
0.13836885163758628	0.28969713840747213	0.3410371154360786	0.6093021533789691	0.9293874887874667
0.29164396536706805	0.3691442672850809	0.05306850506230165	0.4354488599143803	0.43440908160182024
0.799415997608464	0.4373025245406299	0.48564456254101407	0.01976771772124264	0.7894369967129584
0.6234015754230475	0.4207830250386124	0.28901337637593527	0.41027383759241054	0.6787837606029683
0.6044635972258903	0.45702087225721777	0.796241300741064	0.4277877630438267	0.43022842440586717
0.5922974266140837	0.27165661414860287	0.16262284401914562	0.21182227380267882	0.9204127676876567
0.3539923452805913	0.33195757758488087	0.6177592348741248	0.9888826290380237	0.37755688379713537
0.5366095158969005	0.4312536904460518	0.6264619389885457	0.46626611908224935	0.974969529897714
0.9122125029138899	0.3016786956789851	0.9232196129729582	0.8822754789740235	0.6447938157075053
0.3499272605947249	0.16550954733818124	0.37530229778721624	0.47183799634584145	0.3701183169907699
0.40683719630299686	0.5470159850547186	0.2916019676972046	0.9274782062447424	0.7570844620353392
0.6104137108897995	0.8109165919338089	0.09480286984108366	0.5241402648498907	0.24509655185348622
0.48355723993753263	0.843734936654911	0.8625924388690722	0.387118104003935	0.7249379350147194
0.9946192278673441	0.3195207828231337	0.4044519124471667	0.6711215446208448	0.047357819444760696
0.02344081135997733	0.7260519386974282	0.021715623711087817	0.37113541691042784	0.1469174547113673
0.7857627578069384	0.07248076974257822	0.4704352189162001	0.7057124259648841	0.7442812291530021
0.29492759498362875	0.7840023221781823	0.8695617877005718	0.8854632330833654	0.2166990065612442
0.4630373194245948	0.20197441972094166	0.8345826469663001	0.5816036085192857	0.8368056902454755
0.769330769166713	0.5659917680171078	0.6499684007464338	0.41450694788637577	0.4810994117025479
0.9576598576056728	0.6572771915358845	0.956156457558941	0.5336552746982449	0.8115856524243007
0.9874533400769324	0.8653429028978544	0.09052157344328604	0.7502331243292252	0.8878791647424377
0.03616290193605076	0.19074228926301295	0.2920516829649664	0.46813836725656766	0.10757271941909852
0.3366847044182144	0.49330677150732705	0.1315171219990916	0.25853600754792283	0.23873499966825895
0.1263305834549383	0.6533100163708089	0.12309801543255083	0.9117888290331491	0.8182906515291596
	0.847837913373043	0.8347787601170921	0.37056099402441944	0.5944277400826337
0.34483286417829595	0.10929821418899743	0.8922872194126648	0.4028354224098586	0.7944361498199562
0.6631334360176957	0.5286302441967106	0.5664551878923242	0.8481646083264102	0.0897474932589315
0.6896784840732336	0.1619600417418996	0.30915677676925646	0.9731867772050617	0.4861977860047222
0.3272999336685022	0.5933992216274891	0.38862326294685945	0.08571480898525796	0.17244019714408088
0.8874225933260366	0.16976050658858488	0.8920820207992695	0.4289688149664941	0.7569280978128778
0.7151019369026644	0.5100219689489703	0.6124720658167423	0.9334526518210309	0.2672792684238714
0.7095865144043847	0.13210765500262	0.8316228724971879	0.9635819198868172	0.1367296997160089
0.534750589336354	0.9170676832393064	0.32979809242039526	0.4591171532948809	0.729444911367318
0.3674384025310231	0.2231805849192724	0.8600464860378796	0.29743947189895026	0.4752997294666085
0.1806209884164035	0.3356574367935832	0.22569271911854194	0.35207671014746167	0.8876421527906065
0.9811603098560804	0.9255830887454112	0.013161106829175928	0.5596372572386543	0.9539061944249269
0.6710214274429638	0.6733164846899504	0.3803413447402947	0.3122929573061055	0.29470215076371564
0.9938549418498545	0.08640888870004815	0.6814845071715784	0.36327543941300333	0.6691536970468667
0.13527301233229883	0.45327514892137477	0.5597583345029272	0.7924975280176689	0.003911192730421176
0.3008490272901675	0.1982794464019374	0.888175651740449	0.8749709895957498	0.5654928308897519
0.9206377118821161	0.335340914584211	0.8602787273706869	0.0004883158494830564	0.5469335995848552
0.5188878445394823	0.34346039317849486	0.9436100546076606	0.6676727311021127	0.7553825584874103
0.2675386934702535	0.9024236490710442	0.39981069603807073	0.1115736337930141	0.6798899961886262
0.37132914679086504	0.3209082148531962	0.3227150661176984	0.9178890950511622	0.32022289226013945
0.5092569718421986	0.29629355237822663	0.21808282812618018	0.2928303084500563	0.043801021235413296
0.7848376628390797	0.5100933746159051	0.4629681487599703	0.2639502680650434	0.03661485854015856
0.4110557924535957	0.12411318286428574	0.6743712608493946	0.4219891050794743	0.1624886270456899
0.5748034696446597	0.7917632282934705	0.4001768113872619	0.7921895306225449	0.8287954859749963
0.5602136772420464	0.47139168703288115	0.5135039514183785	0.9935538257617511	0.44298950457166464
0.42753317480750075	0.014726495661667505	0.31951042559226606	0.9050562487093943	0.5656304419943082
0.20021568990900895	0.1687874250263075	0.734835033976359	0.8055466637432579	0.7167444993334227
0.574024876549286	0.28236844354513924	0.5424777645012494	0.086648431480288	0.24115066054919232
0.9596214356942648	0.08698492407249092	0.9790715674726846	0.005520335250213448	0.5338402356298483
0.7524501282553492	0.48088980503353296	0.8952770015621239	0.5308149802902751	0.006445946377952594
0.600715037414699	0.8059448430598033	0.06595514658003954	0.28455580953103143	0.8334725619312822
0.4307534769842438	0.21508115332584088	0.47068895950456424	0.28472577541998356	0.8092242034295726
0.7970827085830451	0.7706066113574378	0.1647345670494873	0.08752044939142312	0.26797955572918963
0.9700563782794822	0.3923940168150618	0.9062666869734916	0.7537149670806988	0.8973524940183343
0.028185035232925704	0.3363002683765587	0.9377919637751158	0.704716415321986	0.6095657476279946
	0.523388717879203	0.21331810887701463	0.8305418921463177	0.6050052697292461
0.23922668520020818	0.7446750741448079	0.7238595321164755	0.47861311989385924	0.1370922600147939
0.6894553685310564	0.20149496857516946	0.5516773146006022	0.40040972611999515	0.7958604811271431
0.05471045853579237	0.23417636589246404	0.8091956762612161	0.7969796076183703	0.005186574045138448
0.31855767413444536	0.3516045834240519	0.40071194333296056	0.8829204421587588	0.22127814041163996
0.16478907706829637	0.7315050353932295	0.988272871000367	0.6905281792299228	0.9951824166769152
0.3503569401347645	0.8757530606935757	0.43278514218812647	0.8427357028864796	0.490701745209952
0.40896783044406737	0.30105696962124684	0.8021059540294184	0.2176441313915275	0.9240690822083347
0.9740935609566996	0.10143419870143189	0.37200632011518286	0.8880852038617941	0.5062597262382511
0.4923726278236864	0.5641458363827463	0.9073122718479418	0.4574411392427532	0.24254698830193033
0.8346894136874166	0.4864573077603075	0.24558049783812497	0.9130298863115289	0.6953686728038458
0.6012972547235235	0.48854262453214004	0.9738915083068197	0.5550071842147855	0.8275348191318974
0.4938597379553602	0.9824034141101771	0.6682937835997921	0.08472665046479777	0.04055163697992803
0.92936550720852	0.4515246238742544	0.758687747460351	0.3919857326485209	0.5492843448954473
0.6325852123854797	0.29885124000495067	0.6255523177904142	0.7084670925866791	0.36419710434719565
0.048791316373677285	0.47038808782449226	0.04015440992641939	0.6286812265314143	0.3321630371018266
0.4727290159534856	0.7363796311341857	0.9493210923577979	0.9733254649910068	0.908097469259908
0.0070214450243798465	0.5588409876508654	0.842826252053782	0.6052142648634539	0.9191944875044652
0.23642181294861042	0.31065795592911294	0.7847026612593836	0.976466606630559	0.7496966360875181
0.6721288838339516	0.0861346030251281	0.04605027492986569	0.7933270506990848	0.42205282480735473
0.890771494487314	0.02525809018970726	0.5631805969737773	0.5451477814962857	0.7792949793443705
0.4647787333266795	0.4322239631020579	0.5676688171723784	0.566558035410547	0.934115276325356
0.7035681248690344	0.14597299019153875	0.5274700123342485	0.14393956162011778	0.9426320840314931
0.6135113945045555	0.21794391409396208	0.1828494314041852	0.9734010620766517	0.5780974742116488
	0.944833827311345	0.9822496430403604	0.7368925558885793	0.13510836933133596
0.4929204175338304	0.8500755157748364	0.38191140262155554	0.34661940903459043	0.17016145966073115
0.18974570839529248	0.84256642000068	0.019140275434224918	0.33176016525087326	0.1264265145352781
	0.9713301950897189	0.25858876846932755	0.2751239127565325	0.017483631786672005
0.8758302083803263	0.7116582483147675	0.6280756859251041	0.002313782426212163	0.9863246344274187
0.5125389095995574	0.34943307408699387	0.06263870668251736	0.6651497752260235	0.8560900885360133
0.9809007600718999	0.509846206067423	0.5078753056574206	0.0935537824390309	0.17986486274127467
0.9388776274506554	0.4771357490724272	0.42899906351359707	0.7266981432434639	0.37974341915784215
0.055675888656506634	0.046377372678331974	0.021927846169955134	0.9616951867300911	0.20147835502934608
0.005995555596820301	0.30941724851751307	0.5857025262401828	0.11522569480067724	0.5880672224148717
0.959753736956669	0.8078159020851992	0.7494210483458308	0.6600907918498777	0.38287852732061156
0.7978698984595588	0.44693551891471706	0.847648037856758	0.9472131849395153	0.759188944194131
0.6498763787167733	0.3907184297505554	0.1227049875330054	0.30721467634578714	0.7493820721166653
0.23864135608599257	0.7823828086156952	0.9285895670656729	0.6878513507248499	0.6775612243183654
0.6378070927352099	0.21501587014319112	0.5570267060874778	0.12676978994704902	0.8658663684476225
0.5654733327102766	0.5880511811572767	0.4717769689364104	0.6916912185158229	0.23115407602062488
0.5835390207182645	0.9990889377615693	0.7925286782100649	0.5545097939891568	0.6965385879718489
0.8611728999420561	0.6508980468622962	0.45994923370889274	0.22868508147192057	0.495185926029838
0.9276299524237744	0.5393029854633155	0.8687267515396486	0.8470840545252494	0.9740293183586715
0.9742481318201528	0.3203589749154895	0.9350257530666592	0.876606047149121	0.7132399040488625
0.5659285870647629	0.012243223042509022	0.18297228342497074	0.6282314290235028	0.12503190090032157
0.5455820920898399	0.8961135184307143	0.1672392138047636	0.9256798482717588	0.4385427957465995
0.6597577618607672	0.7619323937745831	0.13623581357409364	0.14834471716127484	0.5281807895716385
0.9885844779937638	0.9656774049144539	0.813607210127648	0.38820132373085847	0.573204365971836
0.07407249372545	0.8492205704975089	0.3980264461374442	0.8323179521316825	0.4092422556065243
0.09963325692725178	0.5491604464203527	0.7304091975410397	0.8605120153650876	0.9770456316955202
0.8590729733115638	0.5611400616996698	0.4326387600979733	0.17263132637992362	0.36466853020668644
0.408127452834118	0.6690054382652132	0.37459582232949995	0.3070429731044939	0.7849526010821185
0.6004349237852519	0.6595291629569876	0.4523326757434766	0.9620758791327537	0.4691388522562815
0.6888899819640246	0.060643290777541936	0.39256360149992353	0.6563091453233293	0.7940760432043996
0.642502053063092	0.22580363904886314	0.8031049772518967	0.3036559207351338	0.6155101203533865
0.41417463213265593	0.7566159231670759	0.1219208221984106	0.8152870414170499	0.5102517760103508
0.38370416490224124	0.46085808393201344	0.23226976951241396	0.08561552213362111	0.26389345148861965
0.9939869149693148	0.12480072943579446	0.038782460350216486	0.19812854434831229	0.8489968166386626
0.6490990140530759	0.5474661039010538	0.8478123760266854	0.5712152631086109	0.11750602600422844
0.9322357922165924	0.5309112665962054	0.6425222528670208	0.4631778076477605	0.25618692622508743
0.1453842937311257	0.6661936533815386	0.41040202023839145	0.9244690251364837	0.28211522344833817
0.1911721780843859	0.9649614752701312	0.2037620896270066	0.04818841012601616	0.22807844027481672
0.6753129050383584	0.7360887210836231	0.21076871784583018	0.4236945017336766	0.7866912752491836
0.205479333305578	0.555935007268916	0.35111456035571176	0.9132217767963939	0.9683316573083646
0.8370580373912869	0.8625223093089222	0.9914732440575738	0.2505358044816538	0.1702411887292553
0.8636733729607081	0.2776963032400527	0.051494098246092856	0.7759140912555218	0.9858080408870417
0.7417354818814432	0.17667937890965513	0.24863924338258225	0.9535423648408725	0.43593895141950734
0.49429229067285885	0.44560293055358	0.798502021366202	0.8113765685811396	0.5333243290051712
0.2313481382994078	0.978822107650663	0.3134726131246547	0.17126140813984492	0.6367528064884399
0.3559891327810988	0.38796049165167656	0.9434087600670634	0.9718092330271284	0.7686386450275972
0.5885688811667061	0.09912080363417197	0.5516539784482961	0.6998478424481904	0.2759214185869101
0.6596189618158479	0.9502751836639867	0.430318021169645	0.0757437110783018	0.3743643740246875
0.6160050087272668	0.9554239830999005	0.6498013242536896	0.8483769970032214	0.8116340301886361
0.2497067737907841	0.48766765134359535	0.4343154366968296	0.7022565774266426	0.3565498044020703
0.28479645443761203	0.32798860607850844	0.9731431885290651	0.7116131875940607	0.2036477500209083
0.2122511215720605	0.6093020610444427	0.20300785707753	0.5557903592214384	0.7178695102930964
0.6047609415130063	0.5772351564411897	0.7898941379835314	0.5610195334759464	0.2005521492868585
0.539935983356377	0.31589494990574674	0.209636891905862	0.4505347145961358	0.8127366563115868
0.5239024475694966	0.2755222673929898	0.662222177651328	0.11852854004767732	0.7040465369684689
0.9597678293523955	0.2797912467314342	0.7760265643252878	0.25858788925831644	0.4175932422033164
0.7799534533029446	0.32406565809150745	0.13476839222753512	0.5614126301643225	0.539681146925509
0.4691502457563297	0.008953436860759445	0.39535522779780663	0.5372496111152354	0.09458586417107262
0.4687211599967749	0.4791165066276174	0.4960446070124245	0.42538391786875707	0.7994957138128602
0.04263556359836884	0.7445558008026193	0.42960667543157527	0.31467578804949914	0.41619605354728306
0.7236293437701823	0.08855809346818311	0.13114614235401045	0.38626065525678777	0.9245093112105983
0.6693151677974604	0.07548282972138376	0.391476326068521	0.9387419020160753	0.9571416782429346
	0.15174896790241854	0.9835371160898114	0.9434047639195486	0.5760688952230453
0.2763602476191631	0.7627666486243121	0.08172703490375532	0.06628306924905147	0.9054525232855398
0.5857102265183206	0.8965875106580583	0.7657653778340479	0.1917096923957461	0.9482813780429405
0.9391210075057543	0.33877882008676063	0.8373984046019597	0.5277333966684743	0.20642663235129077
0.5145903480445128	0.5533169287659484	0.47570387639147005	0.3837146960856612	0.3517373023075594
0.21684853121081482	0.4183142624973917	0.6729899167427994	0.4812346446354444	0.14798191287551887
0.11312316716349535	0.6934012032113709	0.2915943842674804	0.9734605042891702	0.28488769881506837
0.5093933635306822	0.6219518915570538	0.9194936001126643	0.7626878751032551	0.41530324712314615
0.1768173699660769	0.889467509934037	0.8625022998803655	0.30943438726418027	0.8889217450103151
0.6280038324161997	0.5500933046700913	0.021746626812177317	0.5382934909140149	0.7464087763973729
0.837587793236792	0.9544147945187218	0.201994119734081	0.04580382555960505	0.0973259609216659
0.46649587071457543	0.5970492030708124	0.8755424198530583	0.3581021633224317	0.7352839094067466
0.6667416170708965	0.6094909164467391	0.19708663183894626	0.6890539668616914	0.8918405074854802
0.5886389517922924	0.2943711468205453	0.9751784261125307	0.4718616557612224	0.17785393189563936
0.6354898499285657	0.16061962415930342	0.3839922905310964	0.8515471315296226	0.4830545386197165
0.16570423491532393	0.39508762584175705	0.08218378909883628	0.9106376556708446	0.5873429478086337
0.694267949470642	0.5165856539467953	0.5669157881390869	0.8785343142676928	0.8731398535804327
	0.3104762451903089	0.12706131223601724	0.791808668871075	0.632544679015287
0.33410192582151976	0.05320004885554863	0.3355400375379701	0.430401368564601	0.8187036270689358
0.6537032288531416	0.013848233942634236	0.9924002904431419	0.10068158211057376	0.9394131948887273
0.5570128543110362	0.7823786894758673	0.7298439342312542	0.07468206432140545	0.16280238945941483
0.8747948189080839	0.21524017341262947	0.6024497245806867	0.20389290287660466	0.7939509573863496
0.7428389105716279	0.15420735345444492	0.03985743857731405	0.22149180569338522	0.32157018962152895
0.42007530749642197	0.24562869221887895	0.40500997590279986	0.5074379668959498	0.4133951177238584
0.8330463121208171	0.028047826411800814	0.22391351012728666	0.5743085240807777	0.41574693686865194
0.1764740411031276	0.5813278735230356	0.4242773409209504	0.38966298700344904	0.28340631621270274
0.02018640079970213	0.4707205544957278	0.2646767643746294	0.48672477131503544	0.7414866923966608
0.5172325214367388	0.05543221527023001	0.9136680324241461	0.9858543438493591	0.34460386223591233
0.35073041782761327	0.9393735638344309	0.011275802134168567	0.31836825620407205	0.6053787295068344
0.6125492522459456	0.22480292631898213	0.04688756096958324	0.04467814923351121	0.015165522042093649
0.7950438297407467	0.6359764103896876	0.9889960391132744	0.8626312891913656	0.8642658357168107
0.22205324210228283	0.6426994360782923	0.03704612473124269	0.499366146755143	0.8365476675729431
0.5601881063676706	0.6348965644220769	0.33612028988641796	0.7159414450799318	0.6065536522765388
0.5180497091971026	0.6921149471142246	0.7910293135295154	0.25648074446745195	0.3246589608067304
0.576225615194423	0.23130422802760675	0.507109119521587	0.6634863807781364	0.7934962971624383
0.5845726692146531	0.43883135437533616	0.8906454754791056	0.5915692601983872	0.35368958332619327
0.991686994123167	0.5007138440558735	0.45361098628438645	0.5039674640122798	0.32570403957663285
	0.9910152051088785	0.801223457135363	0.9129659954595617	0.7680511444629714
0.7933423714548024	0.0893457418233341	0.6285248610372426	0.20750214597452643	0.8953179458944285
0.4207845619990578	0.8693444795912414	0.41418236882134396	0.45657449945753004	0.0731217951093518
0.7860221236401632	0.157367990815367	0.39836812841036195	0.5083463998604021	0.8882383941219822
0.8843763743732309	0.4443573862406828	0.18749117884734734	0.13427324595464862	0.103267561409349
0.4436094615544176	0.7952090175127451	0.0160247043294528	0.6035144819202901	0.3075756937591472
0.7983307623132435	0.5278614840497204	0.2481001021454433	0.42897336958628374	0.5371680988631578
0.3316894976904431	0.8640092998587632	0.5203883840346593	0.9119645454319631	0.03635748592204957
0.7952936899015175	0.46102091269566736	0.32670107485510747	0.1414174260222899	0.18825732099083392
0.412788955447316	0.6678878044779839	0.7083599805480505	0.16253248607817228	0.5006010817383857
0.8942639693315104	0.569201167572103	0.9367765701448736	0.9694507446491584	0.01551614865857076
0.9926843962041554	0.7391718158763396	0.6034320315985995	0.21294858344043976	0.4533159487507151
0.43783493402047413	0.07970106409727606	0.5300378494578716	0.5254933452291792	0.14208730959298832
0.7785357407537359	0.8495507474774554	0.6366737512413198	0.41755050966653606	0.39300097103463183
0.14289696337076685	0.1183287702256195	0.7762727548972967	0.4301397862091698	0.5990068768424653
	0.0680074228617763	0.8924218747054868	0.1544154510964939	0.9036872155725707
0.8477634819773363	0.397518521604187	0.570129556439117	0.6337861008781619	0.49591166761599004
0.9323465887647239	0.08735382242006196	0.2550870155822791	0.5353775565049731	0.739401707504331
0.7872273377434476	0.5453350006857197	0.9185091141883335	0.12296253421854864	0.15192060988010736
0.9202828179769837	0.7180973005452863	0.017721877182823254	0.7470752602622964	0.035761395647295524
0.38606877314105825	0.8254773751158166	0.09693091878902971	0.4037478886302036	0.5273619266494188
0.133645383467482	0.4595478244705413	0.8311389577994639	0.07076693961057501	0.21288480590335546
0.5259492690298208	0.2578972139471316	0.46855323838592056	0.7334771843729829	0.7433248565905307
0.9695794981745383	0.5706977824127027	0.20295220272012693	0.8440789044919855	0.4507785403348923
0.3660126082503967	0.052610095711891125	0.9407056485058456	0.9274262881555312	0.3561915827762885
0.7774556953483712	0.5237499145657633	0.8894207825136414	0.8702700738307643	0.34052817150317816
0.2008728878616488	0.7574387423741751	0.5942489029546074	0.008683786200210486	0.7627686970279726
0.07494647231718454	0.3719455540278732	0.6918232364992182	0.17423524414327063	0.8425210790740154
0.8283886256481369	0.22895849305926086	0.4443637959568192	0.3832560037158368	0.9030157225385538
0.7830792173795471	0.5295530010600253	0.1614679750729049	0.010246245087898953	0.18050617249399614
0.813067077055048	0.8078745181972617	0.4593598164769509	0.8366519572273051	0.18699757965056085
0.4931446477065128	0.18140737414300345	0.8963618208525056	0.14386606759431542	0.9869113868655939
0.16029723292313847	0.9828896924153011	0.3529250909466255	0.12835336559376453	0.5108062391902402
0.616553980542362	0.8972451047068785	0.8283172487363895	0.6238678573793127	0.06246882566533307
	0.15962055121776608	0.727421236460332	0.48835378371213933	0.567368373262613
0.8301308637342459	0.8822044416798185	0.2069975308208969	0.6341728447587152	0.6486327337176708
0.1641789941596835	0.9592192851545419	0.7402813143097359	0.5738214495465666	0.2886307848516326
0.2777670416580076	0.6383187418675762	0.6851916428308431	0.9024954392225049	0.3804432717222116
0.04528079950088526	0.45169386443738113	0.6172965942577848	0.06964468649491284	0.6439605032081571
0.8840828616686973	0.699467762656446	0.4219918352757538	0.9263874685087032	0.07601720033079451
0.9074605335376301	0.921998755913	0.3338587114264808	0.35276953810718303	0.5273579521045856
0.7015500262561747	0.2422917295390229	0.5382179953745392	0.655478684382094	0.11524379815557817
0.9635440006150465	0.5106804461953989	0.9080921369397209	0.9111344538962397	0.3518675761891874
0.22956452642503467	0.13777567833246096	0.9396124527199939	0.6393976014581705	0.7221037538318628
0.7803504306855085	0.9448850915705947	0.10748497632575404	0.7428311067710053	0.8645206707040072
0.12958783757472447	0.9774286751641357	0.16231215762325857	0.4761366167753609	0.03677866844364708
0.0900385170681709	0.2296036128133081	0.6033465102919255	0.8044679495451453	0.1521420011485678
0.38037472200662736	0.3622898320689819	0.7650243754177551	0.6836030544519084	0.9002002819690912
0.13062493020019628	0.7115732333026048	0.9225376646998565	0.6929198442561889	0.3294936981978308
0.4218337922648554	0.18849136956797663	0.9118865600758447	0.6236145330915059	0.8436213672011622
0.624895205357789	0.2560453323892412	0.5538714576614914	0.22628409466017385	0.3613899696184927
0.7936877008979839	0.24693785990135553	0.5317441699643551	0.06597769458081071	0.45668542825196823
0.44374467019527575	0.8164686730940304	0.686841057005168	0.4792573432247571	0.6648433734075874
0.03841662916539945	0.8455654412969436	0.03049362399520683	0.516254426606408	0.7226031018003788
0.931815154462019	0.4497811160170464	0.9620681938134111	0.020088084865324984	0.3482763383578801
0.1130224599542139	0.49294569338852146	0.5711154614055345	0.44029092018441984	0.5813408317361307
0.8013825943427969	0.6559331249606692	0.02073322160940172	0.6654619035247868	0.5447193598478833
0.7998590822946855	0.9093987603239141	0.283327155642366	0.1760421061718095	0.24563497784075172
0.6030505376910319	0.6023758484978848	0.5111229960370408	0.05387853824829936	0.2752317888167607
0.4385947578174145	0.856367826795044	0.07417007468755532	0.11116492281654111	0.9640834802270221
0.39212720175551874	0.31863307651952444	0.985885054628471	0.8286654370278032	0.0069535678236453125
0.1233441614617331	0.4396194554526416	0.7805077539969612	0.6802514938540065	0.1797075818645617
0.24984856457176907	0.3149529880695673	0.8716429081280759	0.3098941843653441	0.8247302614708479
0.36138379836041146	0.47628026533310774	0.3817620889830343	0.5784329413616028	0.5564527656865776
0.14665021210234352	0.8212277282656738	0.8214425591445568	0.0493390973334944	0.008137338140489447
0.8114592314779183	0.7194528035487814	0.9243367150897782	0.0719021018876923	0.3764553678804311
0.9227807851521006	0.28696145092838143	0.6853683147373812	0.7725044250070652	0.7163119143244625
0.14917307407324143	0.08663057525668005	0.23410559037461276	0.8641711010132088	0.6297555441966646
0.13751081840948332	0.5631418609488139	0.5583121601250964	0.39723912374913206	0.4427441405340422
0.9795310544538172	0.5361021885913099	0.45797609831594	0.8196428098804402	0.8173476910092313
0.09915371727867717	0.09817496349747634	0.6884696408053569	0.681893464189579	0.43342820141412297
0.7655963599163732	0.5986428511114035	0.5439338703047685	0.5667034179206588	0.6015404619582181
0.5191243698989485	0.3017474549656516	0.8668479754651728	0.3999627896847803	0.24879080215879745
0.33562615630305637	0.9441026451043708	0.38554450981449473	0.17427437698254544	0.549811323779908
0.3440926580009246	0.9248263590631861	0.6152351691139073	0.5561637977455928	0.9293496122142118
0.7755236928143482	0.7906458538883845	0.7634419112233476	0.7609404963014721	0.3232479874976477
0.09643104631699462	0.3061621621051158	0.823934206756269	0.01966279521120662	0.695367037425641
0.5121266959276239	0.22907372451230223	0.5913423302831883	0.366277298461975	0.7061505767078897
0.21332010971489312	0.9459251146265132	0.025610251486712143	0.03860692212775585	0.856965737026
0.33969728456552717	0.6497701384047289	0.29640873088669495	0.45035991705047207	0.8891742788992439
0.8211162341459088	0.39371218338356173	0.10243660722758574	0.9835578325205832	0.05296778874126262
0.22164571113102438	0.6210800551297242	0.9455859995592089	0.738002697264961	0.9924916915622888
0.23650009838902875	0.316718619746688	0.7753357939010013	0.3516610538487398	0.31239620121771716
0.20726596670550668	0.2122170320967871	0.527624659811624	0.10574402549024353	0.9059095956470631
0.46938398708734086	0.0478141144067078	0.9489747237935259	0.4244363733694332	0.03992741314028048
0.4807158468117314	0.4089124887082046	0.4757840835222692	0.2702572237322979	0.0844196531657595
0.7892540407057307	0.7678256128760756	0.8924920051410626	0.9182875416136168	0.5406312864154456
0.892735778391915	0.8453364181296456	0.9688230843863685	0.812958145897707	0.7289594747811479
0.5281256725027483	0.36331420826576266	0.3888547054860836	0.5470935999576696	0.5496797728945301
0.6160691438452606	0.013694089470719484	0.11785453520044575	0.7470187790718466	0.1526514687975492
0.17033956071573864	0.30246243460274336	0.2824571192756782	0.13193425815333093	0.34935176917122945
0.5230402305662949	0.5014159659064643	0.7119931499239228	0.6014887713192483	0.2696232375070253
0.8690842064336708	0.6122205285477009	0.6709717466589903	0.5078765500267963	0.6423937984365706
0.4239091022032867	0.006349968545011575	0.9487849957663291	0.18487756364989116	0.9221046384116592
0.4495787537048773	0.1167381836012974	0.04364622044713207	0.9782514464465686	0.41025663891321296
0.30330443253512007	0.7405515407481041	0.8359586679778738	0.13085049632332724	0.8751711672551732
0.813470315114715	0.6130350786320363	0.3166890634051823	0.14989162175903403	0.513966614057714
0.34507884298787617	0.7472144922326551	0.8891692060416566	0.636635766038619	0.3520985697613137
0.13385323303420482	0.1846184227509987	0.8751174272395793	0.7301500142281921	0.14422107515666605
0.766661362510424	0.6713265622533253	0.917437850155674	0.31918274648774736	0.9753816221932557
0.3515387237220363	0.3831581212120233	0.8685321341382635	0.7067124485131747	0.23402183389068887
0.2231297510973137	0.2201328831575512	0.6467242996769724	0.9625951000805114	0.6220294297243293
0.6598464979380488	0.30077266523804014	0.5297881127159116	4.349552861393491e-05	0.17254348302321199
0.24887225948445624	0.9508367980478231	0.11381622421802118	0.1099484549395513	0.2560353218181427
	0.45248467035293494	0.6820656141681692	0.45093557646341453	0.18839577396130314
0.7371513426931754	0.2601351920830872	0.16315870619085282	0.5339837483741178	0.6945181730262191
	0.09422986102190078	0.39678999988903807	0.0233213743458508	0.4283345039322155
0.8226357240394381	0.07713635413987696	0.21469627781280043	0.19085011762600124	0.801317834200586
0.23910748258475956	0.39580417331065776	0.7312756552073543	0.9458110329164247	0.4318677925329296
0.8212759734851708	0.6272586557882932	0.5237822151095601	0.9698925321530598	0.05207095622504321
0.8019741540572322	0.8213813187218552	0.6616015970063228	0.6959624066193357	0.6150228392184819
0.6863153503259738	0.06176830656740617	0.8541470627264902	0.6096512232967661	0.6509263790188247
0.15456104795770087	0.02626003200506577	0.8017357217426964	0.4788083460441792	0.42763156511626965
0.41602337138128487	0.8834636964558874	0.9578694517453651	0.9976217641594509	0.45140950375377
0.9111177356695885	0.6395905226525556	0.5053036732077969	0.8568361096299897	0.80883851688484
0.24516486199290655	0.1251668569271156	0.9895978254006582	0.4495963453775004	0.5497300647921318
0.05893941703609906	0.5970603750626119	0.16424663866924194	0.2185085289396903	0.19191830116045672
0.24485039161613464	0.8629312892150521	0.596889100710522	0.17835068277961375	0.5363860988252508
0.2701847311548755	0.6284572907560716	0.9630806411828339	0.5453858156540726	0.5300556701470509
0.7082864217502635	0.47833283386761494	0.3870435445365584	0.3338549665596464	0.7969740364405968
0.6063500829515829	0.8128887285803054	0.4427755682993022	0.5908999981135099	0.5747478931551793
0.7790536260228536	0.20263136620344535	0.9703832645740523	0.19587394246933965	0.6207619967746807
0.40698932282919265	0.4050450006375157	0.0610844702365998	0.43399793103258155	0.727869824528574
0.43881137157143746	0.26546731263858936	0.8981045654700018	0.3242279067584477	0.6788109020063805
0.3279667346652515	0.6813151772517613	0.6913472398730721	0.1894318123478147	0.38243113568469034
0.8719287670602813	0.6475215040643103	0.055982166040743464	0.9999232556379192	0.571106937543561
0.6004680648211796	0.5625648235857857	0.4230874394178029	0.7907021341368377	0.10738874034150914
0.6678754153431291	0.702005728490569	0.2010359327632929	0.5830466915847692	0.9257869558798845
	0.39401811810457765	0.8795777838621517	0.17874625109564735	0.3898109336768625
0.3013137207236877	0.8749894011923269	0.12231944419580432	0.836262149322823	0.35641796160961303
0.1253912748000845	0.6855710324173363	0.2570619949385954	0.11247041265243563	0.9180145911696371
0.7955838663674554	0.5085616457616154	0.6547476082698618	0.07929614791465256	0.5962545670412351
0.5465897564106154	0.45596135129603055	0.6595296708518226	0.98728859890964	0.027577085652318756
0.18174991886175185	0.8267816582813493	0.06638548979720904	0.6247938660118523	0.4562683892883187
0.5116631705182573	0.9790235996111067	0.561202227661258	0.4561072981768538	0.9075997040790887
0.44726720650379514	0.22266546250971897	0.2855647569028916	0.038597894495307594	0.5494233365343953
0.7477760399298986	0.7356174389987381	0.4619181189759368	0.035381468258832816	0.4979676752638138
0.9738377872155839	0.41811136246788594	0.6261980541107643	0.051270114853479765	0.8807023919696921
0.29346725900496917	0.9528695648948824	0.040660431362325555	0.783032760785286	0.9143054408518715
0.9836446856165082	0.2708824892302958	0.08382018255458512	0.9857469468201814	0.3359707765086074
0.6785455667258078	0.9504157115679875	0.5715375208835518	0.11399003712730915	0.9710430594837609
0.7538967991193096	0.29707941896476275	0.6283796400280058	0.07497256742808645	0.6388623675781897
0.972011255695738	0.8425341580484896	0.4892275631811609	0.6423681871636568	0.9937841668642663
0.391475335308328	0.6380312091378645	0.7268097223813889	0.6165598463387492	0.12851283638486444
0.7481106184368398	0.5530414928031502	0.7533152637379615	0.25457515579260204	0.8872060522096511
0.649145270798949	0.6918568706895806	0.2236107746199144	0.41673141088774845	0.6924970586385076
0.06663881010762718	0.47849375413217454	0.9154069729039432	0.7154101997704483	0.6471560326208852
0.7909372891184414	0.7998012489722399	0.14436656286663418	0.19294990701911352	0.3005861974514873
0.8096509090423316	0.6835466719157011	0.6397230996337042	0.0634656228386774	0.36653759907110506
0.28858686146024604	0.1010826869687661	0.4561110250777404	0.1291863194982278	0.308318604902893
0.5887073263894295	0.6608859464419012	0.9193949419365537	0.6439742872542319	0.21119315669761263
0.2803859637600534	0.23055090047236393	0.3372769612994442	0.4746669195211618	0.11088814192733198
0.702920525639535	0.137385049244239	0.5765299130149246	0.43419718271583474	0.932957195283686
0.7955696483346231	0.4913904147995115	0.6165600481525328	0.37228284349957075	0.9920213023983048
0.4263145417777062	0.18601269869579207	0.2878675461548429	0.12090462579060912	0.5357726775392537
0.900805206206207	0.17734429501626525	0.9439569544949116	0.31687749239863183	0.07236767185152038
0.3561173498970489	0.20788131997853931	0.3237200662999339	0.552369304117863	0.5612203805695193
0.6127238035227642	0.25596575439561975	0.6538125522856542	0.3545821695530115	0.9624783265593588
0.28723344105518145	0.8941667499212583	0.6827733320033064	0.04652981251385668	0.7962333300911197
0.5061569939318052	0.06454408949194257	0.041371338521573264	0.21643751851039095	0.3574003649645431
0.7495705458447045	0.554910606798351	0.2648525665057352	0.12575928430144723	0.5607221523653476
0.5904108266517455	0.45886246344665527	0.9900489186062955	0.4356513840831566	0.7673938069952422
0.6314761683860683	0.32840172462410455	0.19011358999205819	0.8116850416791105	0.4918289274462656
0.35107955148981584	0.002356716443084328	0.3916341515033258	0.026875079348881448	0.6163542940147687
0.4334825196037504	0.0644883559003947	0.7214940414172318	0.5081011473088501	0.48161885327839415
0.10808339531943367	0.2153780623252246	0.7004504611355508	0.30028713070605273	0.1748807376760675
0.3158162439512544	0.15804038587929792	0.27099836800660393	0.666773967259913	0.8441895397998964
0.43627568320772336	0.5589072522021451	0.5276123785230333	0.012602927531755403	0.042675347779229655
0.27668447124000706	0.762893922976325	0.2619449964808972	0.173116480569264	0.44329374375634
0.21276994134119598	0.6914021250131028	0.06740659702856966	0.4670848861092066	0.15390103554504275
0.9177394314060181	0.6911678590844025	0.8202374943260912	0.27691815575682266	0.42716806065739
0.025988290768412026	0.7385357346710616	0.41702625983598496	0.8536247598123583	0.988443045374001
0.3677606008277913	0.7193267078568284	0.32661310757619744	0.8187496228337298	0.8750817950031499
0.8450574972458227	0.7508031666480894	0.9749001989536127	0.8865040986964445	0.14246239132859317
0.9692433496924546	0.46151525420859807	0.620464362908828	0.21084291467132987	0.44004342979960576
0.09957660130876522	0.2305237261341595	0.5706091841711776	0.34018997365626824	0.27937339548141804
0.5462334173820969	0.8846242597483445	0.11744097922610464	0.7423082344249767	0.5415866338949037
0.5302927188563129	0.6341838719969735	0.060990639619141196	0.3393999701689938	0.9849247304996283
0.23646264146428775	0.1633813442081702	0.8235945450120453	0.30126211830325944	0.856949708352924
0.4266724112975052	0.02991441303122122	0.5001793141553692	0.24864633027436733	0.7965173526213672
0.714789215709129	0.407048511570438	0.6644151885478148	0.6735687611377578	0.5247687665757742
0.689290540475868	0.2046090899473756	0.2734576601509615	0.5772133004141843	0.9321736111522027
0.09014772028901008	0.9701013731945485	0.9183352131002093	0.9541153891357441	0.42381805880125445
0.7850045950381862	0.7362570113836756	0.5996842085476015	0.11964881108878589	0.036859757718273434
0.5053860623504791	0.5875327826557015	0.6674544211048378	0.7165614152054769	0.6422514133779282
0.08287289071919446	0.6205374898145751	0.6419872390161344	0.9078060423427108	0.5985298543845284
	0.9966043024545207	0.5449237118573951	0.554176041984774	0.9659789908163461
0.6413227166401092	0.6865632825789277	0.3856561748684797	0.8131422073742955	0.6539477643234736
0.49376093484158057	0.2512014723506035	0.6898073441468815	0.7921213409293717	0.9876477609890212
0.7270493741999222	0.21374731437057082	0.4412369739586718	0.01636617025470488	0.09547794764181528
0.022312980996577192	0.42477847887993214	0.22634712112221833	0.42118456870622356	0.1339280116731676
0.19826760823093992	0.24538320893158627	0.5977447803676237	0.9723621793329859	0.7049458323244657
0.8786671295531532	0.6789348960737264	0.11624986039976937	0.3846193426123863	0.3863695362863595
0.883624232678628	0.7278819698000563	0.42544433203396026	0.007434085796957146	0.4957097578746398
0.44211095485985574	0.11070965701763724	0.1496480862425037	0.835038969074363	0.9360170794865854
0.18451058544170262	0.6144659158259961	0.41162121151246556	0.42438834806410786	0.9791636057821488
0.5340162429002626	0.5375209390676595	0.6370370474266674	0.6817324375411162	0.16462863213684242
0.7946188903055338	0.5749010140293077	0.6674500763460397	0.6493574463245174	0.5790946535739165
0.2868368941423499	0.9314983244873362	0.028822758980562524	0.5949949521349072	0.8316694940451472
0.4028869517470729	0.21753450384870854	0.13188980564811636	0.5092100513511914	0.47585281870847485
0.9451350057878832	0.20579281847026487	0.6858402384480164	0.23730369479476332	0.3107613074377489
0.46206329963284265	0.4751033080685141	0.3415411380179101	0.41899428344768663	0.5841807932284686
0.1790517118976822	0.4291063161340267	0.9268154643774417	0.4529426797778836	0.11072307260515468
0.045601074637319106	0.982186555628774	0.7544576477406271	0.21500945267816962	0.3210872151771087
0.9882016346502277	0.6858048112762463	0.08359411833234276	0.9564511831058686	0.5423780364952859
0.983069745405531	0.43242742752686114	0.6933532773457428	0.7419893481266504	0.5245874805022671
0.959493315260365	0.4244404146374945	0.7119147078435512	0.737380114069113	0.10282896145205456
0.5260956246740306	0.27405199808868175	0.33802006056162337	0.3989249612572947	0.42119274200362455
0.472149756075249	0.8380850442812747	0.822041409701146	0.7112719634841913	0.4213429866151319
0.6207145740808537	0.6731538194874294	0.5767137808361379	0.06267641976281213	0.8977039408137402
0.5701588398111407	0.7990241777387815	0.9414823092017439	0.354044652061549	0.8266397199029386
0.6717718608470782	0.3354183834155545	0.5376357651631015	0.283809007608976	0.47826797921805697
0.22401541751164633	0.7227196247892831	0.6381727615084015	0.23578040152416602	0.6796392599993565
0.21465771897298602	0.23666034872723074	0.05565144274506506	0.5964423754394848	0.8429782922141631
0.06057032468864021	0.32684621908457834	0.578646308075061	0.27614739812224454	0.8856248904325027
0.9630647573940732	0.7538832495148873	0.6359613340775108	0.8084141751246365	0.7711399677722242
0.3937880813745206	0.07119468588435773	0.7304852916840007	0.42470126843162315	0.0689381802429796
0.01850171127781519	0.518283216103315	0.5753864360784016	0.10565273328127034	0.7053979381356988
0.15583589794704944	0.5906628332115612	0.2703588373994187	0.31819063826858185	0.8698726211950851
0.64239119330013	0.7280664933507033	0.35215610048584034	0.05516500404464386	0.5355916970376217
	0.6759462695148659	0.24461884269506962	0.2304064023314849	0.6326317023945232
0.9645298924479582	0.9907233959317366	0.8818114839608178	0.6742023047836838	0.5071157540034501
0.18526915749227468	0.7498784131795165	0.9493788055561734	0.6446341797752755	0.8412254013396251
0.543160347877029	0.8006960295970214	0.8946330348436555	0.3553210497833871	0.8834920834852806
0.0932200051589206	0.877326344903503	0.6856307152593104	0.991922740061049	0.360022439231811
0.606459080362163	0.12891737865021025	0.348255586020929	0.1910922485646609	0.44751666428549486
0.1405540552308321	0.9519413149580342	0.9050850926490399	0.4384593204775815	0.5584920866301134
0.5263180056753387	0.17578682171641458	0.626030483132391	0.6557532801383694	0.3464380649379828
0.0804584439821534	0.9101711347753211	0.7064854664462346	0.4799596776015511	0.5592302975406463
0.6618008781571754	0.8668666642194945	0.9710896183843508	0.9521030946935144	0.7263159925708179
0.8110479318582041	0.08112232020741394	0.8084648736307496	0.7044637925754176	0.6370160913920538
0.6633269128415981	0.5054084248056786	0.428267946781125	0.8399957789975498	0.7650017274365997
0.5029034583739321	0.40810821391108865	0.48128493303885567	0.883195055968035	0.44037711045066075
0.988564272990497	0.1074299318989479	0.5906569971261982	0.5913247877242479	0.8453066660970503
0.2718419521589197	0.9831424253723551	0.49039250430125747	0.9644085848039302	0.50469422281518
0.28373179770924595	0.3882351946593321	0.1315137175989931	0.9967617240618	0.2424693889951789
0.6987279825744117	0.36085340822135437	0.269509572988925	0.4278547638625192	0.710443324909928
0.6129280389550382	0.05702664979147409	0.6376429586157097	0.5555643717514803	0.35070327449010785
0.8052208516218671	0.09701693366315434	0.3910994181200327	0.7621238343599438	0.8386310183068224
0.6985237471002055	0.6486517173005929	0.543726261981736	0.7692806408235848	0.20726821048094168
0.9145656489562234	0.22400838236910425	0.5814607275293476	0.30732506829633255	0.35370855844359317
0.27045851278333743	0.32114090940534	0.17403772170226173	0.3141327930116762	0.7411429846408685
0.026096715335897858	0.9121389977918679	0.035478494310485775	0.8454346266785587	0.8331110147319069
0.2512951774107366	0.9417680192305086	0.9555838912116643	0.23537546741734483	0.17786653971065736
0.6492014005827541	0.6057981950967251	0.8882629132426163	0.18244029463114975	0.0843743269231646
0.8823761720690823	0.30265234760206516	0.15862122555731706	0.7497029100281893	0.26722449624451483
0.4411567132935681	0.8588605518289716	0.1034072634781954	0.7520895466388936	0.6789613921423151
0.1159806084442595	0.5437529706527143	0.20621493729189466	0.47688192586189904	0.879398203281638
0.7798904368719336	0.15724941097611134	0.8788156401088433	0.9094038509860034	0.875211336027649
0.7372053620882829	0.14388202146373352	0.689583235943065	0.7945289168865578	0.9925312313439507
0.38206061040627703	0.829443448939979	0.9090726446910405	0.9374818162853348	0.7969519978802296
0.4320523225429935	0.9593400154092113	0.7251881186740121	0.03831179699651621	0.9715483467706468
0.3183975929014855	0.1971361185374958	0.2533171228439325	0.9155675841658413	0.547716316721889
0.09834143843705045	0.6915455237121323	0.024823618801407932	0.5083234525061182	0.40061448234319663
0.7772784675484473	0.22933889708290622	0.16470361628146446	0.8454223269595061	0.8489666258111105
0.47111868458670525	0.427733950038489	0.8513516349401844	0.5896811257353927	0.04054964839172648
0.43509763439014715	0.4641594515621008	0.5286809409211856	0.5051383211082391	0.3091566565444256
0.9398719891774702	0.8010580195276442	0.17839755098423482	0.7544420961583119	0.5832081661576933
0.6621334243515037	0.4594943186089103	0.10256799961803076	0.9127570949038044	0.5706371162927302
0.49433449351648395	0.9600846765043849	0.40475255614370065	0.9393564317196237	0.8629648886561726
0.804259051261212	0.8668465926546782	0.020180356658588527	0.0124591837140402	0.4619900584833595
0.07344155920310169	0.34917879033307886	0.8317319416981186	0.9802331721998156	0.4077461657543767
	0.7966302262671968	0.10301194212828813	0.20684991484636772	0.22917289778606742
0.45762989031583434	0.4573625984506635	0.6554185676366304	0.8090665773214575	0.4103453694958188
0.0912834835860935	0.773865987130483	0.9696262599655534	0.8763263067176217	0.9040848476819903
0.7788219721982849	0.33086207376670485	0.4227536262627929	0.7653131128914841	0.8688934523531017
0.04357509338933496	0.3110574549990277	0.5156318777235361	0.4305548847427927	0.9792654582380489
0.23134438415751013	0.2913454804199641	0.5081732752247802	0.9167351180162209	0.8473057932042612
0.23573612645553677	0.5633950739701866	0.8351794841028318	0.25562806178745445	0.4430058416885633
	0.2074271267594373	0.6450271920731185	0.44400986998356173	0.24471585685100528
0.23974755401699233	0.47309034761482416	0.8146409387438385	0.11092247598005522	0.4871286337875327
0.11012628914026867	0.8366215349418831	0.7341940080060062	0.7214344458251006	0.997553804088045
	0.18364947801636533	0.5478681857110635	0.06036887025685134	0.5860169956838638
0.8872984817603794	0.7963428998898054	0.6389800391538646	0.7609716124794844	0.9030142156395293
0.780870206506924	0.5308466389683346	0.08125354569482568	0.716308260539954	0.5269589058138011
0.425906625335712	0.8696566722534183	0.9521208088634877	0.7569016832332449	0.37871934415287156
0.455409843507775	0.12074178486429976	0.11514869547548146	0.22473680532217577	0.4882933093974937
0.2836765663332643	0.12828489687019695	0.03616270806628008	0.3961486749110411	0.5537786766884776
0.5689052160407352	0.8805572391838983	0.7280013118170201	0.5082059414928605	0.7928595057639514
0.1727283597899124	0.5287028661246884	0.9819275729532407	0.17763838427262313	0.7334826713747852
0.23099919770971133	0.5745963026878479	0.2613814997904411	0.19900332231386186	0.3052184029740128
0.875419901400341	0.13197001899456984	0.4505736536732611	0.6520137653839045	0.6624643540781738
0.5621286587560962	0.4862236092283967	0.770739769585339	0.7377130019803283	0.266596444637456
0.8700422753688904	0.6929275831183132	0.7764080515227944	0.9506317145356942	0.04447144226852462
0.3124557138710774	0.9135824611422636	0.02707538849566471	0.17502569015065683	0.56836287491817
0.37806167125870616	0.9869593730906002	0.015336573384615249	0.8967644334323392	0.4919753296460345
0.19034196668717085	0.7701204218521033	0.36577767444548936	0.9551767079119048	0.5609149520324774
0.34842564968639733	0.870989153353704	0.7335076769449915	0.40467388479552846	0.42671880939420315
0.5983957694164157	0.8289996888865558	0.30276761496593385	0.24039947202748413	0.709129420315337
0.44150375693428257	0.673478764278281	0.3920506116461766	0.060822568210852634	0.9933913154189907
0.47659632674952745	0.05707799797510826	0.5147579562336959	0.5844910758557382	0.9151768624258733
0.06914832287090789	0.16593162790318505	0.596495030982725	0.13800715514934703	0.3003225341959286
0.37577761390908293	0.0034078337882541554	0.655798050500757	0.5794967610628937	0.16970108702556985
0.4766950065590462	0.8170618295509043	0.3503483149451053	0.38134682319447877	0.18094413212557647
0.49840613683453794	0.05913380441633742	0.8764721158071864	0.3296788146932004	0.5787864718518624
0.015269835072164617	0.9256706347090267	0.8236594990740463	0.13110656469240645	0.1884002556436043
0.22648636992089777	0.6410611133671759	0.46622173564143965	0.3271869159558023	0.9450761322126328
0.8558058180085746	0.1438145369016509	0.5938875786443198	0.710535535851843	0.9367575067851147
0.98415050556138	0.8724556039298786	0.9109991973360126	0.9230456860186828	0.1129428081302235
0.5879722956248116	0.929638098455187	0.05866663212829781	0.002482041390690748	0.1400456784593922
0.6831357722226574	0.08225822213484513	0.19536058904390585	0.31704310172140426	0.057603406288276426
0.42972692082760733	0.17398839110008857	0.26787147355225827	0.8792887152219924	0.8689424949615544
0.8436639328120337	0.5487873524831425	0.593189231950477	0.7943681367699584	0.5019544074243717
0.30383718613659905	0.5273962052184756	0.21683963610742807	0.523014233218698	0.9651757720751162
0.43003909955697106	0.1146562326561118	0.9695083163500204	0.9893932029795303	0.5532452719521322
0.2991699150641137	0.7100234505607361	0.7666600151515631	0.06032828897067122	0.4051570848520084
0.3590149342586443	0.01244777173531919	0.013923348245004186	0.13584420343140602	0.2973515090188379
0.9974606053907871	0.5639837039144787	0.08574488056870677	0.49714003972051557	0.571972453708642
0.06847935636318991	0.7660555789276114	0.802925696665675	0.113901410501281	0.8577280014003841
0.7406389718762989	0.3416555668551027	0.27303885525755167	0.25857929599576235	0.9933816619799315
0.15698930052645188	0.03582697619733366	0.7596992844906384	0.41940084722861326	0.4022293099655292
0.741092271077408	0.5286249255315657	0.42511722035841837	0.6384817438635343	0.2535676546886716
0.5320419508705388	0.235323205651072	0.5409170650276467	0.3213851656773764	0.740421185944165
0.21213735072796203	0.6923576221836938	0.8106504285877453	0.5863378381858401	0.3807420215345868
0.7128957039192398	0.5332683678408813	0.9615909631551899	0.21800393622810443	0.38537742749462955
0.7413084682555442	0.1444824302600144	0.4554261549253529	0.9179429915568741	0.5256426547046684
0.5348161467543849	0.46426654482586494	0.13178235219592938	0.959779545257916	0.13122531428608353
0.37627143110815475	0.6969958356338346	0.786216375166523	0.6229432944251946	0.6609564807139305
0.32469164586103416	0.9914569975816391	0.14909312447100753	0.7812347449407994	0.7856765425177659
0.2598507835946591	0.6123032670067081	0.9142071981742189	0.014279807341590955	0.3407939586882036
	0.8629566560356403	0.7894898983806928	0.2435359898938062	0.8669620244742638
0.17684493565989812	0.14306854996580698	0.9451572565816987	0.8842377057538315	0.5552965767659729
0.850703595672123	0.7271136907401391	0.110213636451163	0.7287435228802557	0.6268651456010874
0.2614210956883325	0.22541360549166056	0.4244170210203556	0.5037266515927789	0.9795503250303407
	0.9292040205582957	0.9272551359263155	0.4403416453773623	0.8326730276531448
0.9100648277831861	0.18324080577982682	0.34050647391614197	0.6005465185487717	0.18898974240085342
0.46890556667648464	0.7939327408382851	0.8543407612094045	0.6569239346641406	0.0695661619256781
0.6910365488987771	0.220884667695316	0.5693943151471549	0.7506006847772067	0.2351756406167329
0.47560023900912907	0.8078203320803762	0.22200769809007848	0.2518416810951811	0.03295120885860614
0.6937058142477002	0.8857749408819735	0.12826533407704543	0.44442513439461195	0.35386896912007104
0.9292226700045351	0.8849083814606794	0.5887888469657026	0.2063727895324029	0.3143284946213405
0.6861579194491746	0.8777161724014799	0.8988247899932732	0.07613905066457838	0.020825976534616375
0.8067829994764798	0.9621674772728733	0.0655898884338536	0.418554612834115	0.338528180406358
0.6006878929809875	0.7035729787326844	0.2677461463328491	0.8778069608997457	0.06763584753856655
0.6664118710908832	0.7448592836205091	0.1927661893212208	0.9419530445700919	0.6567987986948104
0.5209251277016138	0.8582984719270135	0.33501189282258936	0.572378305575036	0.17101080220381537
0.8899194179477065	0.25983686807908524	0.9778984537128227	0.14542178978183173	0.10401579518431736
0.01254990585131266	0.6796251552733007	0.4074196180358729	0.44968155099648166	0.8339956218589754
0.050843867763626815	0.6737508174259604	0.44936260980632325	0.12535134034070572	0.6522913248383593
0.46013117285735783	0.846701824140918	0.14700741165793274	0.34722280434987673	0.5438924571784914
0.8404501172599294	0.40242624914538483	0.5372288767956517	0.4078374183034922	0.22471295533560742
0.08894708668243256	0.04734883116628197	0.07383960134870493	0.4941500112022954	0.3262002682706798
0.9614520976942547	0.5849875008901103	0.5453472712857668	0.4649380323730009	0.05421906984908753
0.5573202286645383	0.6054467604983043	0.8974456637074683	0.16138114656143887	0.6771482980742562
0.38603891492937714	0.6528915922930136	0.5541062306185383	0.12992463779806418	0.11144786776964521
0.036262379866432215	0.24074154656870683	0.4873739379332419	0.5477640395694093	0.9898409927523427
0.3564613432449506	0.19598822604208788	0.114344360578149	0.4927148858104976	0.04920389956042781
0.6615718772205884	0.027478139412450253	0.7907101560994146	0.906592350083939	0.8939654748685231
0.8487692744811716	0.9394395275928139	0.12650005393280495	0.6369004802859665	0.9371714803270628
0.26320403608223075	0.8954766959340369	0.12350324893383824	0.3727138305080957	0.6451825827621273
0.6187097326589137	0.6147112570919371	0.2786743231349753	0.11532797405870687	0.6970356021831622
0.6463708981631587	0.5771841451561778	0.9649994006853589	0.22758793430904622	0.2994364128980035
0.78659957801528	0.07448163815177955	0.27538788665395864	0.7052015412965474	0.46708320652153024
0.5464679297047483	0.5879538181409111	0.7000587151856837	0.9285642388030134	0.04587239833399559
0.6548113171222965	0.32110251020834235	0.7363046557724804	0.3580985353966276	0.5795886071890751
0.7313819879824337	0.9960690715213277	0.8345195429922095	0.44061540861215687	0.2932860024877594
0.701156007772817	0.9099661397453547	0.5710669414529274	0.387749845795999	0.8800400835033805
0.08958416555648141	0.021000075336862545	0.5465919236010534	0.6525303813086679	0.16744219164419083
0.7019471773519598	0.6561212800274816	0.5423115171382149	0.4993452887587987	0.8596344508428354
0.42704019775674973	0.28060267649560033	0.6954018937491243	0.21792184861708785	0.4625400237325985
0.04139168682414107	0.7777102652807764	0.3730731234263205	0.86513110379972	0.0028231383366766893
0.30889284307211995	0.5390798266015311	0.18778935906822602	0.8823406244649773	0.4362563292380298
0.10765345354929046	0.07266190398576156	0.8969516475709518	0.681666819734664	0.20092835228173933
0.8013930369425885	0.667688344952854	0.7086082607200003	0.9967839381665293	0.9114786747602829
0.9274921277161887	0.6305911260278109	0.5177236735268068	0.6770046081893527	0.2312287982948008
0.26160966404798935	0.8509655350480205	0.6791329260837049	0.006287610396364274	0.6145359823443233
0.12187616687279224	0.8330944942668315	0.3835584502970102	0.9179774221679736	0.49403597477535
0.20104164648048062	0.04291648701907247	0.684821908707736	0.4527206242628825	0.36951788734798596
0.27839594543618873	0.9246872556171051	0.5393385376229078	0.22529660612843128	0.9160949262610394
0.6110422261541472	0.9768895486060498	0.12465633175687552	0.4724265894204892	0.7130616673135787
0.47708924104375794	0.2889962942268185	0.6083691054996385	0.4935531509176527	0.3765420192523268
0.3820803236826559	0.15213982456386377	0.9440040867602397	0.9890684095266457	0.12219259479711475
0.6382818228280681	0.8112809607122674	0.5088093747672693	0.1502959978782744	0.812997924580301
0.07902115648632724	0.9916171019284692	0.7390490612549201	0.6222541406755389	0.43714841902231394
0.7403035918395914	0.849895774480011	0.8309933498998802	0.8678767784074279	0.6582063249955866
0.9006595748023603	0.250055964266801	0.009530049725856471	0.21421525194131164	0.780780200817681
0.13148325039395625	0.7994671889562392	0.5498986240031649	0.07630504856839504	0.7586198795005586
0.2832600140296554	0.3454048157229328	0.8967438335998363	0.7894595833216881	0.855175780878503
0.9094683967735443	0.9388283435138242	0.02938680417468631	0.11026673631844641	0.48652116604831164
0.8032452841241183	0.753689554875294	0.43170323617690054	0.7287267278815477	0.3155549450002558
0.3670714942086185	0.7275255883926899	0.78096382858144	0.5303690044767012	0.13808031094111806
0.5185694817537725	0.7473030541341656	0.017002549345991436	0.1605862280725886	0.2569005507173918
0.057044334682375464	0.7627271268519374	0.36595796067622566	0.4455294287353351	0.5432871545762634
0.6448223733239198	0.6772686833124164	0.057446528352441906	0.8313473120062438	0.19628962019730034
0.13704883136659496	0.7903189679825107	0.6240400194935796	0.5916666593049664	0.5838396977135573
0.35025954759430544	0.29994058770265475	0.6190102555012447	0.3971919614017574	0.2958110458624512
0.9747366288264465	0.9190414413707004	0.17064063525631534	0.34509734037741735	0.8986082015946187
0.37966245294584944	0.08135655991914859	0.6976006725197357	0.6760081831237604	0.23461287736598535
0.9528044090428511	0.029309997446978486	0.9691155467951164	0.7788744580260596	0.23319835394088395
0.05306492911784866	0.8367362438636746	0.23932994726698764	0.4535227398326037	0.6523589349652618
0.7422249335136317	0.9337029141485255	0.34669702635576427	0.11199345975856234	0.396471290836933
0.4933133248114935	0.6769017768946095	0.7708939046347725	0.6936339906160289	0.950984678151709
0.6614458458771727	0.612912390020177	0.20903114378194476	0.5942404438629331	0.7839780422103217
0.865057147506437	0.5478243719584447	0.5631290193746059	0.7549696751326537	0.25177477987790886
0.9782928029391705	0.43513453173670436	0.5649861594631089	0.37367218251457546	0.717000445832265
0.2788338137053512	0.05366539585325414	0.8565847906453012	0.24052360182296795	0.7533748125175809
0.24357951833083913	0.9928555399297211	0.36857967198263963	0.7407218853723033	0.17143919809875596
0.345558267907771	0.3715465382784987	0.655601197291651	0.9683020910522241	0.682026450236631
0.6261133717685544	0.13461706142576724	0.8769590330761203	0.3203518729963478	0.7892301689435698
0.35858166872086705	0.16781245442560255	0.5313606889833093	0.21677878636192316	0.26514272495962643
0.5642316048662211	0.9383909627157706	0.5880953756437807	0.5750371190368871	0.799274691239472
0.18046908482586688	0.4636883551519628	0.2952443608877051	0.8165870543760937	0.04951662549456881
0.8379107088877988	0.4687389290097882	0.21408947968979009	0.447287203542135	0.2653215616262856
0.5101276281617217	0.9612140131582895	0.31443623188202685	0.6555815069802446	0.9628351187152724
0.3894224179788145	0.8571546726342293	0.6794302269669582	0.2304609803823966	0.8756526333250967
0.6173422640098288	0.6582683503112393	0.774453227903804	0.28589847670117396	0.8775745314972974
0.8009220674600463	0.8135967497414748	0.6803515351406402	0.4206864965629318	0.06918504213384413
0.537995397760268	0.8596566902277776	0.6276353974359763	0.05205901594812912	0.5484898134338383
0.6714564762011734	0.3322703966259799	0.5879955700947969	0.16865444076670066	0.6154540823835408
0.6141277454856099	0.5783761859001375	0.9891698815305386	0.7149414588341249	0.721450105343805
0.768722737181332	0.03626900120648646	0.9519569456698994	0.11219405564384322	0.7365191749367974
0.706768389938106	0.8121144886561235	0.9299906969514515	0.16607997749178494	0.8350336659121174
0.8804625765730442	0.19050354530240043	0.6295080383870914	0.2396007054228495	0.9724863278603332
0.3538305458548787	0.46271113943656317	0.31516748921817683	0.9187063419298758	0.34704674732831264
0.9376295423514822	0.14405187201725322	0.17175920749404994	0.6407761659443502	0.3079806676459551
0.996321410368712	0.22094876547487285	0.6049082568922672	0.16971940687017528	0.6593335497761998
0.621573091208779	0.7735309683518419	0.7983521656173543	0.328447580148036	0.055059458773927594
0.8062796217277923	0.7885255532362958	0.71208233319671	0.2676341448326256	0.006206387006119862
0.23436585608316762	0.3940814806634998	0.3685947158386973	0.8889058868311812	0.26662142949464307
0.7347274140327177	0.9237689147287341	0.19447386676045098	0.33220507651055864	0.17537621609821297
0.9812901851612039	0.7663719108679249	0.6757667224563678	0.4495897793927288	0.8973842843798506
0.2217618146053303	0.9215466931134216	0.40550168974800893	0.12343248473130297	0.3857549958252545
0.5060716049441294	0.7717263608247492	0.8117856609018101	0.5887556021948177	0.9440865579658924
0.9835387697262014	0.887005133039014	0.8819435808275841	0.6566278007621088	0.04568859632090849
	0.42421846560214105	0.38070928345821897	0.5733325259379712	0.9636091479174551
0.20541560237824663	0.0951224605726082	0.9181828144636266	0.23076659897825003	0.4377064941595915
0.20117813816207053	0.5477529364716028	0.4630913339712802	0.2355242168535775	0.6296277742452356
0.626637396981567	0.5306381016154591	0.44661556830354965	0.45632399360962583	0.7049601738573789
0.7339534940806803	0.6255660410264104	0.012207722049997538	0.3041364828613392	0.5559036513814885
0.6439257932256379	0.42549479519374866	0.10863097709541181	0.634743118136175	0.5042550685439362
0.24451895666644918	0.06015268339265889	0.751355314515283	0.24558028830954048	0.649146861643466
0.6733338611731272	0.7561327545212507	0.9044480602383964	0.01648206831776	0.3516044118888112
0.7088793775497909	0.38210034510317226	0.2879890681218399	0.7167983448772534	0.8573147509215994
0.28304632554645537	0.8674116073276421	0.99023483530559	0.5829007127871618	0.894521316012324
0.6515347087328806	0.0015503012411256512	0.8171390003027376	0.5304650738394361	0.20099088277271826
0.7783737783634779	0.6876084712316893	0.5916781356832354	0.043684511126852676	0.8362595363605343
0.0762440666130032	0.3050466883280786	0.8706372118929512	0.5333199887296143	0.7561093574687956
0.5892420545364557	0.2824817084975981	0.8924682987478422	0.9485568033760827	0.8338154299755028
0.9429293679463236	0.7979664478189497	0.5428313531558283	0.5436715201164092	0.4732486174328233
0.4042660002195434	0.8292214805541406	0.10379391214314304	0.4413774471000962	0.4300128301621159
	0.7573723234376083	0.9342298381932453	0.7245367899802335	0.9087133109497422
0.5077887434205381	0.6975139170420825	0.3891492744809625	0.695048883774787	0.21021534746145032
0.04268770444133907	0.09708296540878736	0.8179535850760241	0.8894156567863897	0.7037705440258694
0.7417576061570016	0.16428665811372034	0.32466504756700265	0.977221725091422	0.570660465924531
0.0034191467212030258	0.3753842596484752	0.057821470384301965	0.01825454205931132	0.388090569624679
0.011978946950092606	0.433834246971062	0.34762341031927013	0.5501077363917813	0.2510042190804692
0.1405094491098441	0.4628906332348214	0.6658693045292091	0.6024889980877977	0.6600219418295252
	0.24616643758598455	0.698201493991092	0.5025352750275942	0.30921973913122824
0.2299303254950854	0.8624487926707781	0.8358456265937584	0.35590085600595434	0.35203008449067563
0.775986954119747	0.8423159247567749	0.1672088212941878	0.413467369407297	0.38687658647421974
0.8498986657021051	0.6615394753855967	0.8501657820474471	0.6622564769406956	0.0790945617445441
0.19818898949068908	0.3060844980449411	0.2884960840229369	0.5079506138378388	0.486706599661491
0.9303465370688419	0.6823973674207278	0.35090848566624255	0.09030619770068726	0.6492737068927958
0.7176962326767692	0.9000222460676041	0.4757942707280872	0.5762736938984654	0.9777206044217579
0.9360803362087354	0.385470565067245	0.6523931752066099	0.9076123160201884	0.2791123626728429
0.727653741202864	0.2953641790802596	0.6140767773331189	0.7242490427438277	0.6416438736058518
0.6966926024269186	0.357960914456559	0.08443780145079038	0.8358145475819716	0.09608527902207142
0.958685275898164	0.30316389786887743	0.9162504686585276	0.10425000119368621	0.042570334038632085
0.218480173824242	0.7707744268762035	0.14919281531836137	0.617201324085423	0.11546336633672694
	0.9337242269158769	0.5008037632407101	0.030672957046896432	0.9565243198373508
0.7730571050357007	0.24207917288552716	0.11989491840566224	0.06392656836758681	0.3544523666486582
0.3951121173057601	0.18254134940760336	0.3945297989476608	0.894190136451617	0.9336825382271627
0.628278498816915	0.2577741013294701	0.7462601773891712	0.6013675956544029	0.032250448927971576
0.0018878824856656262	0.09751346141920292	0.2950272403974692	0.9582779217153344	0.5878961671148658
0.5365814771480621	0.8187356978656244	0.19785088437516118	0.6170815752333957	0.21346523919116056
0.016966724874809214	0.6795591178521335	0.5415229459141901	0.6957121354345934	0.191798203860996
0.6115466689018442	0.04001984887561061	0.9771752029313481	0.9854698848203953	0.8158429098098644
0.07131470094188153	0.7647229032032522	0.45442790656655474	0.3799509871146829	0.42999206445622495
0.4529089996723862	0.8968093971934171	0.37382064513311986	0.5922621811996341	0.36667463536843736
0.7183927128424674	0.05035771087610463	0.33981548439239584	0.7445781429850782	0.42633428944218965
0.683875271826542	0.3274058450646752	0.38932906016230895	0.601154713826215	0.2566586228881732
0.6397333049396742	0.566112134403476	0.515059975505371	0.8305804847902921	0.965059078515128
0.5773066926038704	0.047100697419629634	0.5303636038126134	0.9794497969919436	0.10804893127175696
0.8749412010534657	0.29327923471199435	0.7068581112634541	0.739263782673733	0.6545310371276603
0.12205836899449574	0.7022850181675891	0.736415158097206	0.2656972694486912	0.29500257050197765
	0.9770994130436149	0.6480202795120011	0.017333732079118258	0.18563129937346
0.5877924943067788	0.9360127880694754	0.8991797456639649	0.9840074954586915	0.375327299088864
0.13371371762101913	0.013496089815360324	0.6939122863702879	0.6086648153560764	0.6798045493502971
0.37580470129285914	0.5301426313857946	0.8784705540985306	0.37016988655251615	0.8068509244566227
0.7480475148094129	0.9681732025262758	0.625119107135102	0.44424336419143207	0.6812670641959538
0.028077938978108063	0.10269519392341753	0.30568183954963113	0.48021318291213255	0.884079716389213
0.008127486549596274	0.0479676136987528	0.3265820665426157	0.3694416645518822	0.1954045760853248
0.9093874799910198	0.8290308634223433	0.4910844636704187	0.20784531807920303	0.1373269319348217
0.546536708528236	0.24631120296538034	0.5154982252538666	0.3822297315709907	0.8137761462620425
0.2940864482212654	0.9705609752684724	0.5471558517280238	0.5188246112517542	0.5761150259704044
0.5377959964627689	0.07575585523826078	0.014004596835806682	0.40668369174712404	0.914960254037584
0.10574691222547083	0.7647645145425661	0.9714201048782131	0.39103622815279204	0.860854995461988
0.6009390034690494	0.24925859135090478	0.45436704092533586	0.42810116003282506	0.06618753986537906
0.260437585991098	0.9075958101957471	0.42014508382779636	0.7158886334307706	0.49502574842912006
0.18792287148017073	0.1153424516107826	0.5451317977758285	0.1482926098813614	0.380547581428598
0.41187587040581064	0.7405587472315125	0.014080657038143762	0.15966686393713725	0.5331994566471184
0.36156923968872856	0.9655924304550888	0.2277066711535014	0.12036194127012523	0.9963888418698522
0.3048750432288735	0.3607961486440634	0.8052355460018863	0.7343906439422977	0.5841075245916787
0.5334953720393074	0.7739289461311945	0.22856946918515586	0.3424493038184958	0.37546536916987516
0.030236416391444143	0.027956088202441	0.6901491549740326	0.6837735306040561	0.66101838325534
0.28239227585476334	0.17694938001478466	0.27119446782663215	0.8306711438556221	0.20251002461398449
0.7567050687212851	0.1613054952402242	0.16830717063181255	0.10795399637479108	0.6113210669628526
0.8764534369546259	0.5387165271888867	0.6400162406060046	0.02280941696496841	0.5229987026969908
0.7628823235311889	0.5137003697146187	0.06633398461743467	0.08015990567753273	0.33763226898852494
0.0480184983143781	0.9257400016158635	0.14973348229230077	0.5490051575370398	0.1875072579391156
0.5707763548833356	0.8518272653436465	0.24027947008444328	0.7472459124750902	0.14263104743919774
0.11941838677943106	0.2729595160816197	0.8563204054136282	0.14304391378087844	0.31688936870486994
0.9546094974732795	0.27245440723387937	0.12188283349505202	0.3932340628285651	0.8559395549589374
0.37408571411761793	0.6926427626649899	0.28593161872506645	0.11488167081435696	0.1242858859828746
0.43625347152421434	0.49200425272677384	0.7579278647100919	0.43233746160574116	0.7913181261125605
0.653910358340085	0.26153434936953834	0.11770093820180172	0.4580154604933624	0.39580552485292264
0.18573292139846564	0.5191465182681481	0.6975466771855312	0.19748321202850605	0.2618522441548231
0.9656777271413085	0.07076702533925305	0.24406942760001582	0.7504237659223634	0.20047298498943378
0.4225909184927906	0.043817027491746985	0.06140104696557391	0.558125540542955	0.16281947672204544
0.7216074523223718	0.7859659689891125	0.3586369953936899	0.14097052501514695	0.6589797713391441
0.5302596683301188	0.41603464290719383	0.5555939118149452	0.7502582847815863	0.4306035398062624
0.8488381757036454	0.5933914461643683	0.7214881632402594	0.4504769434056308	0.9781053569885301
0.1866707120952753	0.4882007283993536	0.4367439801745072	0.42108183428925505	0.9641811342853583
0.5651252149365806	0.11823097017120654	0.5715209166370749	0.27063484371828284	0.6413559453102717
0.7962817312587533	0.22860177594187125	0.17993787478311862	0.29242099476201544	0.945248173239416
0.059660219392198455	0.06640060893707589	0.9171438894921815	0.09590034315428131	0.6695363385466239
0.7615968334665038	0.4311927095355268	0.9534794076080229	0.051750073633382465	0.608122759203841
0.49481953045554894	0.9940383708135712	0.3599667987951226	0.8156911971650362	0.4846531311893304
0.5832198765175	0.37886725218889583	0.3452677405083082	0.6165556840059611	0.7578681380942457
	0.23521633780718465	0.7702936536293362	0.9513374565526452	0.24559203130118945
0.04759597748762656	0.2582496625425468	0.6032192049005519	0.8828686633850835	0.0752705521806517
0.062216636632960176	0.15858906870366973	0.11701337602969364	0.24752229939815173	0.0019975775491578585
0.5785544114462287	0.47720565445493623	0.9278589118797221	0.7573878831451029	0.19409152513111794
0.9888125372414184	0.49867160475570427	0.5564398810727847	0.5812964595950849	0.6189251334865158
0.721943228772962	0.8720809992826573	0.7253503644799532	0.6537716601925041	0.18567270068817365
0.8594129949071553	0.7409841155404984	0.6421972854675975	0.5291864070546239	0.14023626163555336
0.690650850415258	0.9978732062625065	0.04566644339700343	0.23483645102121053	0.9561504635386
0.575959922838971	0.41504573367477704	0.2487785205634767	0.3072622368581719	0.3626151927990664
0.24131838255147642	0.2923734417849412	0.9910436805319774	0.4092795358928004	0.7677599647834381
0.5842915257210818	0.18836783010946045	0.29785349750758616	0.012834873934550184	0.8894359462290498
0.23191359468184347	0.564613462683064	0.5109074456754374	0.11313672008399267	0.6289215483749186
0.2662460712572702	0.5869517449829884	0.42424130702493257	0.3947177962574482	0.5226004675719109
0.02260238852708074	0.04072692061049821	0.6022319734477626	0.07007799010079241	0.5276984373523167
0.47668594577289247	0.8670832267979796	0.36272263370895563	0.8453312434221918	0.36101005617821114
0.6117028301057127	0.9600941049769871	0.5439710831289137	0.02338821787988843	0.026226427506759076
0.8416577092503932	0.5942731475589691	0.27951018562075347	0.5976804942190169	0.12887897427169714
0.7071086857075483	0.3874692097368192	0.5512500399781902	0.504917767410272	0.5760427313711498
0.1806885073134803	0.2850820834412715	0.22928401618076477	0.22436807254177604	0.9066162175356715
0.35735059190601515	0.04903840489220579	0.06547207792730247	0.08973955809519152	0.25152011508877303
0.17527375541142765	0.5496342555032799	0.4711071121867805	0.9054783676105956	0.45413683333156263
0.9164508753158469	0.22959675669534807	0.28307625604037967	0.2361241473347826	0.12506848624069677
0.40061205842139147	0.8535588140214716	0.4958668395236394	0.6900633263149697	0.35303556206434883
0.6952946383134211	0.1391474046985074	0.42923281587301765	0.5067209132910538	0.804230845800997
0.6238637787641781	0.16482613869719953	0.8455730311453783	0.5192195422728361	0.6665021805369141
0.02106251942620585	0.4418753140288678	0.21958497975539137	0.7714767477264993	0.26006634042160826
0.3378970421232719	0.5779861344202986	0.9179254652571187	0.5070802230746135	0.7489373841887814
0.40731588000429897	0.6789746194755936	0.10912254107975461	0.781370409477989	0.4520120168048346
0.9432828278777031	0.10915165598928334	0.04733990458427373	0.3835031526223939	0.6753694682450261
0.1718556556867219	0.25504332242266115	0.3784411581625441	0.22826842611039622	0.1480921018290342
0.3349822575281841	0.5076811540340906	0.7053861015729961	0.4940096194297837	0.06799372474248622
0.29421072944895743	0.5797893615967245	0.3510660977183455	0.5972888423750452	0.40468236950259895
0.49564076648034383	0.6337205939827113	0.8494622336514862	0.9839388211998374	0.8504304545153044
0.5907985812142608	0.25052161326298317	0.5812539193719661	0.7215782671355485	0.654357110193108
0.5922401193666886	0.23122284608362909	0.020857135752462508	0.10897407828012484	0.31522586056447155
0.7869440344255553	0.11800373360547034	0.5762214009470574	0.8960258964989328	0.8088597411240713
0.10723875684196893	0.2817767984960381	0.5550253188407904	0.45989511655791837	0.3587267457747565
0.639682752490073	0.10087846231011233	0.5045211732109488	0.09564836768300222	0.7222868748346544
0.35279548087843915	0.7378008520040087	0.5613614332944837	0.5928398531947419	0.8247713200577025
0.7729379330591125	0.9425583774190097	0.5591988263300212	0.058065261258498424	0.5717187120846632
0.09360725344937615	0.18196158668376028	0.7614791378318715	0.02104516797307865	0.08108413918270296
0.035953605664506894	0.6336863957344742	0.5558109733922213	0.9348296758671419	0.0496641269738719
0.4561864680197497	0.7459027012827177	0.06992351322603174	0.9089458863903087	0.8766683811024636
0.7383956103440752	0.5215530262106682	0.5723297279211951	0.1482333423982769	0.35982243464237795
0.04402607010006354	0.2546534047157606	0.7775960057197359	0.443187556907926	0.3575281073680322
0.49897823068782077	0.9732099978089432	0.16006303500608143	0.17847879256612154	0.11160620787492792
0.6020361983739532	0.5985441670959182	0.7470801275675433	0.23810752482911146	0.9412203940186629
0.6615457143033322	0.3314325215686672	0.14481957212201868	0.10967506736151011	0.7757269378278011
0.35629649461619506	0.160570832692575	0.07712380364707028	0.8944392848350701	0.24177447503331284
0.7349348340240551	0.45511748301288635	0.5371096278190685	0.909864338971183	0.1587078179103436
0.037666975966535454	0.46065747876837904	0.6753547495474538	0.486693641327539	0.3406843236158843
0.44382176111158045	0.17309639380417652	0.16157663139613165	0.06936837972587717	0.8662039648104107
0.10264139047431842	0.501938204945224	0.6554171857059171	0.7521574081171982	0.6000563734637131
0.41110849634058255	0.30360665289108346	0.38497709901081445	0.15198839120176577	0.1453243851765521
0.589096805521362	0.09172203480970853	0.15907721723619372	0.36884419673067215	0.7730585574233483
0.8337307046475158	0.5712594791993305	0.37164624932987556	0.8244588943635117	0.5846676964890303
0.24173151669900106	0.23906367507219028	0.9551004757747001	0.19644757104419985	0.6672445143829189
0.7020842231085463	0.6905420464065758	0.495224382780453	0.02113299587499662	0.9905775083562868
0.15577467120341304	0.5764987302335193	0.08676434989627801	0.624647407665809	0.7217374915722022
0.5636754294622464	0.777270752217859	0.8577765026408599	0.7740640338179438	0.10454934211299682
0.9335060662589626	0.47382094341747616	0.3133374899819713	0.6474215099855748	0.6379906970212188
0.4289754334283079	0.19319656211759173	0.9853404370466344	0.0396194147745097	0.05888905947620038
0.06279777144322707	0.2885150458272504	0.8939816508569577	0.8620066856211943	0.3315192544280071
0.9098151495172322	0.7839388598164615	0.04795534071347918	0.2943365163558419	0.44200661930307705
0.23496080974084244	0.14278056489643265	0.6589382843521517	0.6019432220161948	0.2625590016818282
0.7385513527216168	0.5687492419701076	0.7442040779633152	0.7226643694769768	0.04117278141897707
0.40957254652918995	0.3399995022166783	0.06072704006535934	0.9462430408170232	0.2764187839085226
0.9288444788660636	0.6395065744181107	0.24112752691404948	0.9124026894604076	0.8180036330176406
0.48535768651982214	0.11113864999919287	0.4537431232929232	0.927506747272174	0.16837800244695367
0.13094310610505355	0.5274825077082863	0.2940964796984381	0.7447352491676855	0.7736514346057948
0.8080272947660762	0.13408143846203047	0.019313862055851616	0.5279900693608369	0.1308475611384341
0.0999692166370525	0.5327571694138644	0.5228232126176499	0.9810661081516387	0.7827267635063712
0.1992114810685296	0.8582256947349673	0.6547956729377494	0.18376667070440278	0.31869516291216127
	0.5846098174600234	0.03773315405779387	0.12393046204719593	0.36016484191352394
0.5558103547022049	0.877686786189197	0.7595442959650339	0.2579865488145898	0.8854130072675266
0.5253672730197702	0.2457385063362123	0.645079599480365	0.18112058660793928	0.4732102201139391
0.5389109269065244	0.7999694392074236	0.006407204618111839	0.30187512738797595	0.3448069646486368
0.05138069152897762	0.709859915510616	0.4851081767482134	0.3278483296475747	0.6967951298275666
0.3608886681027954	0.08335625917017386	0.778182193217426	0.6600173451727199	0.018456249505406364
0.19333229919346584	0.6477461049953165	0.6047121578544669	0.37625371840323696	0.5756349427323247
0.6925380182503633	0.26563955738998457	0.181350070690529	0.2620934235695864	0.9958563380542276
0.8339122480984522	0.4697862619869181	0.42678977349469616	0.9394790113914316	0.7728912640889297
0.2375823419677	0.46618507122487196	0.6431346050869764	0.9477910298549915	0.8747931209303902
0.21715421928188983	0.5088276407235035	0.7412628931765655	0.3837664614146904	0.8209891185895614
0.8168882861947794	0.43335348207474556	0.42510281174861664	0.5113315475891285	0.009992957336296349
0.4083571237084467	0.3179300252092294	0.644489059010226	0.6623816868282769	0.9403192547991928
0.13951146171614348	0.3564113430490591	0.7691786507211178	0.5951509108308763	0.35191433601672617
0.011969136950071624	0.05550776985877248	0.8526051467398044	0.8085594843610984	0.8536748504624959
0.06884220869541713	0.7008980553055566	0.030365681935878852	0.6536552683137752	0.2824316538936221
0.5607254953472024	0.37283408084230707	0.005381062747655485	0.7282622946564123	0.9913455951301827
0.54046174069948	0.9438323195292752	0.404652680654358	0.18788893260234152	0.7626685860935792
0.7491393493798967	0.944148860609787	0.6980231834754503	0.22845791123140702	0.771318155429997
0.8760402122065689	0.34231857310952474	0.31991204072569523	0.17534470502222343	0.3306006044047183
0.4238497619540412	0.1383332952652787	0.1273441059284245	0.3042707460946942	0.15803960707274478
0.005367506107889164	0.8821647866223965	0.17891087930799765	0.6385296722545329	0.36410034276686887
0.4399986573919571	0.017836027528499332	0.6847629972862472	0.487683552752996	0.3885958620664388
0.8738180662170455	0.03207935796291694	0.7238528890399599	0.42043200317948826	0.16173970717432407
0.31219995618659035	0.4334841640126056	0.6534578715520108	0.3703595532901116	0.22526340767012998
0.2090310642767591	0.681099458483019	0.8414379133996768	0.28253694186346134	0.487991599418908
0.2739177858271653	0.45074759239754336	0.3394694946652278	0.2551616177590904	0.9220073403813746
0.4294116311222371	0.8250033738912869	0.9461671934718406	0.5478755114087042	0.07784082096065004
0.09293330843722825	0.49963130276958156	0.614395313322715	0.06189731061069603	0.6990275390756323
0.039339986162486906	0.6107313321748308	0.32451201740861413	0.8601480149584374	0.4151908486003818
0.42612702338158226	0.739828563722069	0.6519147922638932	0.35134566982907134	0.6733038220352425
0.5791720554818034	0.4683484208008093	0.12295077100707652	0.47018258135200974	0.7182094435828775
0.9869990224952855	0.10376683928021035	0.9533082622944076	0.2119890107982043	0.5486983543682489
0.5402812070589306	0.6736115671995645	0.9130293758434611	0.8280684588628765	0.3515513897781948
0.7923974115223501	0.4839436921161355	0.5447840670356998	0.8162236981541448	0.09803403430482405
0.35676692691103695	0.6282230136725806	0.23131256859732174	0.6392302081145937	0.5058464253158911
0.40518595744446007	0.6582905970120909	0.8838648541860273	0.854480337725238	0.24049175277277568
0.42076528817915926	0.9570895321697819	0.7068419144605634	0.9213950329292966	0.8791624871608122
0.641893877158732	0.6506695272752109	0.9243618277997162	0.3076858881385549	0.4376610182489832
0.7481847343256287	0.49344297635263623	0.7435037767465469	0.1981178024021818	0.1492898594460389
0.7757740529243617	0.7338905195010956	0.8558123981453071	0.9301000099428121	0.626896752461162
0.7341608600507393	0.03187593627276342	0.239585999262933	0.08873065836370142	0.18570766034820252
0.7914490175434336	0.09762724319805915	0.689389991559789	0.9881439645512955	0.6391568418904732
0.8896428778364024	0.09897847367111201	0.3288683698140361	0.7006094968165075	0.9985361645821712
0.821694107082334	0.4383794733039429	0.8498024842186679	0.30451851092003024	0.12717157240492916
0.4296084650985412	0.677326227824721	0.3842817645617246	0.6282117672995216	0.8528736281371493
	0.44186633873021164	0.3470832593047667	0.08259329320328379	0.0820622120490958
0.17798620605762783	0.6922765008828837	0.9865679748483718	0.9305309108709461	0.9857868442775546
0.8636889005467757	0.0007578906186765932	0.19414906749966854	0.3869161818496024	0.05792493681795918
	0.8927888767792427	0.7373409322112222	0.6962731927883115	0.2070582901763911
0.750780314110865	0.5626783983723618	0.6311636547804053	0.7359157454150366	0.9664763755476595
0.5781779336471905	0.9259432981381178	0.43441845995907136	0.6086196848980359	0.1260060992606502
0.6728448286542146	0.306495155311041	0.5886981938036068	0.0347144570332244	0.24699016118183803
0.4256096859738522	0.6298755779344881	0.5454996705297135	0.74033331029471	0.8753782567182661
0.31991734354747925	0.3289207225359573	0.7082234639079656	0.575229296044643	0.060928217244083815
0.329868527122819	0.09152555829426956	0.5358373829829101	0.020872921289291968	0.2753298336467592
0.6813704954479111	0.48457308604863814	0.6404612257842861	0.6896343006368678	0.10687882813053351
0.5488772486293656	0.2788040706408339	0.20467681516384761	0.3839525453945245	0.44708051973467366
0.07878629762572442	0.8336202520966233	0.6732659593205292	0.9064524808059148	0.2212443109836213
0.47722771247030815	0.6694173982411745	0.49718903720054575	0.5834800846812893	0.3535907270386729
0.7414829625708015	0.24271189959746065	0.22691283108053018	0.9195944026845759	0.41547229206275627
0.8501794186252567	0.331242365785387	0.031164212206362785	0.839948288462268	0.9870216038725795
0.4747077920376839	0.7081557872725154	0.0021936550611691974	0.6589247455042728	0.45073614933203254
0.15833474293388727	0.6941894708066622	0.5432407186305269	0.620293877487097	0.18912508274424122
0.8631328825337856	0.1729004143883074	0.9786196423439377	0.7655379853912939	0.570575009500186
0.0021882231364336313	0.20986708595073778	0.6857222106465578	0.1625171374753761	0.8123291546601955
0.9462008792139415	0.5110376752756569	0.3937064950607797	0.011135279632081052	0.7275817682779095
0.6700121149631124	0.5740288919204536	0.14102698609591624	0.03274078153884852	0.7336369025749905
0.5857556922570137	0.960823031502817	0.3993652906563171	0.10786570196510248	0.6969811417855201
0.24969283021100575	0.17481814926179295	0.32457787271831473	0.36656726229020753	0.9345013749881984
0.13837597438066884	0.8559566578221182	0.5277260708402775	0.3313194863353761	0.7960125385671645
0.12902123223690432	0.5915956691707037	0.4314238541683806	0.36899105747154537	0.5883526662613974
0.23606064610813415	0.7097646556067979	0.5482006681010073	0.23198718959378584	0.5491797070542154
0.4704484150871502	0.10505508042723022	0.06916306097500102	0.17896122385065694	0.9058490191762002
0.1874784377038946	0.0918293748129636	0.7021573940337018	0.8238867272186569	0.9940008979913523
0.09981170911450721	0.8037938501014011	0.08141213022683991	0.8159764249525716	0.7751719584410081
0.08176487342126237	0.4672968143187224	0.1592558159850309	0.3589123452615296	0.41034352364565085
0.8837757646115998	0.2704270680105513	0.5726815911130743	0.7902535561806002	0.26110662629880976
	0.7210090628044518	0.28631058345039917	0.04845240521505656	0.2478417130567332
0.3684643235873787	0.4261632203372445	0.47674708591467985	0.006427339910636043	0.8133727389521002
0.83228690567121	0.8191455971502608	0.7995440167805106	0.4181416734707005	0.8384360821526928
0.5092411019571521	0.9330320687765848	0.16875335857436413	0.376510802535573	0.5376098981654853
0.9745460992070941	0.01136960325194325	0.6899912230614326	0.9170755132886972	0.050071498650435475
0.044220764505016	0.4580854198664954	0.13579212240536687	0.7680335084771633	0.9025054123181839
0.9471339024192145	0.12942338784808893	0.6354535412338319	0.7993200479685363	0.5620133297424621
0.5199783104403559	0.5328659771234349	0.6091989831504945	0.7425782706909834	0.11714072088480465
0.526649201951829	0.5759384728672773	0.9824437886748068	0.7365361298295622	0.21906325351596534
0.7371507829491102	0.38104932051816787	0.9063050912456997	0.48448419381465246	0.5547438201832984
0.1197024166906332	0.723441134864323	0.6490129753476455	0.2817821642396495	0.5537572486677381
0.49780537382241363	0.7926265392608156	0.5439596885245048	0.5131224642454502	0.8106863508998037
0.21641241542765688	0.03130522121703394	0.6313145348606853	0.9642925383946951	0.38153405586983613
0.6818583533819538	0.21574660169447857	0.18788720959140748	0.06739745908955785	0.5675015183948668
0.4075927629672701	0.6841562083364677	0.20720979238004	0.6449207446712675	0.5313503920269405
0.07893729959836893	0.2998716791451209	0.44892085210240296	0.3948938652932463	0.9831271088028671
0.46945534128233124	0.08976712531611863	0.4511431290435288	0.8708190389330625	0.6140821180755279
	0.6022948310605785	0.8962882145773031	0.5847255152454779	0.0045264965554561165
0.21104123526825458	0.6918551532392008	0.020246875078863913	0.4696163263145543	0.8383622242185765
0.6084597012937482	0.10266367588273795	0.2197806554187447	0.5911880065192864	0.05085222505514342
	0.5763715870948545	0.15151291500745812	0.8044547571967828	0.08429730675846181
0.3106610970252919	0.5202302941557123	0.9664898355921511	0.8091087807563696	0.022590673187316668
0.21523742129411472	0.03384773668008578	0.15475967716525674	0.20281798006131802	0.3516218321488893
0.29175925172187667	0.11463209143797715	0.10994997293835573	0.9795422215065636	0.6023152346940963
0.5063177981079574	0.906010393981734	0.36115583818452657	0.19482267359038175	0.6727751922772144
0.9995235703750758	0.2369583515969218	0.5814117330268087	0.06647035030689452	0.9797864117391171
0.3080867810867097	0.5474453819705064	0.2431205627081644	0.7497758062373515	0.6980610824033047
0.0003125025085167765	0.9275894782498229	0.4444730116923101	0.5801961183327324	0.3657472804609163
0.7707719040716693	0.5013320043900042	0.7339659382160895	0.638357892631189	0.2619161334882847
0.9768644048147338	0.6030889581388567	0.14379465676161562	0.13868058075183354	0.718085614957318
0.9020560536006438	0.07975176486257085	0.2073955235497167	0.27668807487115643	0.2070716687098635
0.5202962095572232	0.1169434117583491	0.4578194264181532	0.6878235811536915	0.6774556221372987
0.1648429023632466	0.9067913495908405	0.9779224531900274	0.7393475423055952	0.7989664843926485
0.030279300442096035	0.8854198816063029	0.5469852222520756	0.018246783849998782	0.7472871062646922
0.8153778530099866	0.2898403741730644	0.49683835075175875	0.10199257833613617	0.6592573534476605
0.1269255643820184	0.6725319417975962	0.7166800856627709	0.28477615892727914	0.19175786296871244
0.8579742341153885	0.1539460913056626	0.15028378129221132	0.2181172139394173	0.5345228170532392
0.29157437332842107	0.8665204598000322	0.11869498504928566	0.197988511733603	0.4948763443524452
0.303916323130761	0.7158468973712587	0.6284261339425309	0.6528813052594123	0.2805957369922397
0.567472897155065	0.08136041825370155	0.7979882781511883	0.6487080730520477	0.0981179697152057
0.28382495644430394	0.2783949843472573	0.3859636424165527	0.24224412623006608	0.6901525524381215
0.3522720859180445	0.7397738234795409	0.6022195825847124	0.7482883732852824	0.9086698269924731
0.16399850365720048	0.46762340904234845	0.9595327246303844	0.44007576600249965	0.9537664564469562
0.2359768447394317	0.19954972742364074	0.29155405683858227	0.37019680700784985	0.7431851679604373
0.9080243602438045	0.15453914506236	0.1695000646615693	0.4665257344585788	0.6986504151384714
0.269649877137738	0.8437983786819196	0.7919204277628423	0.2081607456415352	0.2662925896033136
0.6104838337544662	0.4266930296005744	0.3692833623194256	0.1603618799987121	0.9752925468905133
0.43236153165456803	0.9683249295546911	0.5711355170342252	0.16483501097908526	0.5115942113942894
0.944560332814077	0.8935393835497368	0.2671975560076554	0.5934790014777013	0.8039966418713937
0.14371706385386063	0.5829071458345061	0.73375938980282	0.5098032837249425	0.03449857420742952
0.9986348220012035	0.29073764194347806	0.997573733813011	0.4980990600384311	0.7305986933961225
0.8977070647303891	0.3456082033691852	0.3628892594139205	0.1465531129307467	0.8940782175337576
0.7882968027478984	0.26383210491271325	0.8756997832070784	0.8241024125810141	0.11609271094074858
0.049692739599474955	0.5509303395159334	0.07787232157096668	0.39022582451909005	0.046026795271946086
0.9173626358316048	0.3372872323843651	0.044818149395994045	0.5973933577456976	0.8036270709556228
0.5129609193011395	0.3213571938129467	0.485887724094074	0.9909650908748325	0.6929934933009246
0.6829759126838177	0.10825796473650873	0.7648271534738988	0.17160751940263108	0.5394498176718756
0.6940113380846312	0.2776842492488828	0.32506775087534456	0.011254488710049082	0.09862093038752329
0.8626899124685709	0.9465173520360456	0.04529623311306963	0.14253238027734894	0.33954709328539767
0.2825801646334637	0.3793816520981169	0.8308835771899402	0.4998027755356472	0.5076143961632941
0.9144404609607736	0.028449108860905792	0.48655790089076456	0.7057368767080626	0.501629648388708
0.2189392171280925	0.2073105288080429	0.20511127821927577	0.13670816511639328	0.60350374840916
0.5560132705516345	0.48302470645950635	0.5177509245856192	0.60506371097062	0.4186570089255106
0.8533772344949297	0.5703120714634633	0.8632050170803274	0.766909101229837	0.4801181641297353
0.38091815749166535	0.2723613119186147	0.8020263408869227	0.4355060591564449	0.9653424846370682
0.8039328069920074	0.3009499441065887	0.5828027092511168	0.8576274714128372	0.5785043306522795
0.6148859920627424	0.45983345086009986	0.6082726219601299	0.9243305222138551	0.651664622523944
0.06564902117385829	0.8207387358310095	0.5083767815815388	0.7688505571378637	0.3367050015483172
0.575714458169096	0.5741483342383876	0.47429621913129805	0.324478048331613	0.36612202706231134
0.8936880802179077	0.9627641185996585	0.22359016195668957	0.5445884460562224	0.633263116467488
0.5549485363899923	0.5467797008624441	0.0704558391467962	0.5899829419755221	0.7063783990884597
0.667879845860412	0.05490297387692189	0.1782893086110342	0.025208586483558504	0.1841661079351068
0.5133427283821055	0.9265035879370207	0.993499397818072	0.151928683053264	0.7216835404502953
0.14360697259406663	0.7919804213713814	0.461906602363525	0.638320599158821	0.030247428523776043
0.4276520580101184	0.31816021971389274	0.5355268558566868	0.69205158432073	0.9109257749291706
0.2696103428852158	0.5474568862735502	0.27766636692927826	0.9762933766848577	0.22711873588915643
0.5168757091481444	0.14698487284144046	0.2399198707285195	0.5800916932920617	0.33141093015378764
0.7757191806897005	0.08117684010139992	0.1292938591148407	0.9343760976824106	0.3602157796761626
0.9204113523430903	0.551194366734006	0.8358072212927969	0.591743564466561	0.4125018257694909
0.21552618846636573	0.536442403627241	0.3841018598683048	0.8629586466465309	0.40604034505315256
0.38618202399786483	0.6443809978906266	0.3872250403594675	0.17511691986649502	0.5171826063101246
0.6242686985886744	0.7979443925896511	0.7768211321372737	0.22678580100525414	0.38779068434037034
0.6852030911494866	0.3964903701670708	0.17048342767247815	0.0072922534301775865	0.19878338991241373
0.007617437109716407	0.5529080457701433	0.13960395037349804	0.8485443559757586	0.21292625023610245
0.3175763707511733	0.5073337129267966	0.30346597061164815	0.12360840707881349	0.682562120799187
0.6913850283106006	0.013819993527398156	0.742648245589467	0.9714355244074332	0.692098783864665
0.8513441725859633	0.49901420174819633	0.7164334390190066	0.4105083794698038	0.863806076522306
0.23367168227493162	0.7345675791397195	0.02085929995108171	0.5225243068564613	0.5149405885391392
0.1096036117825725	0.24849506934678278	0.9688651558959402	0.749182952278089	0.9609519323361922
0.2550098641345345	0.023713177949265418	0.47549034506619203	0.12296255031587866	0.05091648849735342
0.2660937758959542	0.6991511003774818	0.9182923225199495	0.16645546259010313	0.1286366088317279
0.16114355277605352	0.9732126366978616	0.41949566307559183	0.8025480460857128	0.42148022393093443
0.6019689486602213	0.23119614295537072	0.6904082562680686	0.0525091465857932	0.6001751192040461
0.5252243656083562	0.8931188844985317	0.7229284716033517	0.5756009992263913	0.604970331305178
0.2020897541669221	0.8871586884555889	0.33170084830579727	0.9164430705464506	0.04877564013144198
0.464623231836088	0.5510232178086171	0.8942072830272136	0.4864349961994606	0.7303286176031875
0.7651325907671124	0.3751370723386128	0.19098468668752666	0.23768814119196802	0.3417352736017466
0.9105687416204292	0.8490156022650694	0.9602540185727723	0.757581152079645	0.591632807463679
0.26240022211171365	0.8336949983546568	0.5105755493309238	0.5107161163816099	0.02085197863271615
0.5902737898429853	0.9536276110987376	0.9138100667187579	0.3404558414932456	0.983540336894024
0.5034867395889466	0.9346712462021555	0.23281922485414563	0.2059282487399522	0.30487294662977993
0.550499115177319	0.4156638736003878	0.3338228738921477	0.9353467365478327	0.10487751570299364
0.8067397671911961	0.650018210462577	0.13563947476500626	0.7684784410178376	0.3032193199850376
0.42337706621160354	0.5074254485937123	0.41681569186616785	0.08641428396956508	0.39239775424025725
0.7159325165234715	0.21855228419472827	0.11739722799516794	0.7148919845232827	0.8478050738456832
0.3947457912312974	0.028932633847967404	0.5515590962162596	0.9871574956456773	0.07353048140610607
0.36724848636316454	0.8594429408586668	0.1925434071072546	0.05863706670377489	0.3823431423529826
0.15079706003422877	0.8437449963464555	0.3313177095475408	0.14733681509416818	0.9069167046158878
	0.7906973693877868	0.5152678932425201	0.7996605183777685	0.29531312515374675
0.48100631054347276	0.09840545674693646	0.7073537371323935	0.15797620068589835	0.3690718430723544
0.1320975761624178	0.27469636257916696	0.7006079512225849	0.893326249928727	0.5687010084122279
0.8085468819009458	0.8216417461390435	0.906849464908488	0.9314793025571255	0.7973875173398515
0.4057414075669714	0.7146542006177083	0.3461429506547866	0.6404878224530911	0.711916368356626
0.14904467931510024	0.8213212924712764	0.0011965360783063872	0.1236625595361438	0.6920798477577649
0.29052783783579716	0.8537737502298107	0.12355396408420827	0.07243886265143384	0.47796390046165227
