X0	X1	X2	X3	X4
0.2497994520570589	0.7482543997861559	0.7381652971180457	0.7290058893949574	0.04093678896277808
0.15604893639309259	0.44062642767537785	0.44335027784210557	0.7998533919583669	0.6446425020611132
0.9030085180467989	0.9824812514612858	0.01919523986734717	0.1923719417798384	0.11642676814912112
	0.5588341862689574	0.8005798103309117	0.192045091576458	0.978739429395811
0.5298511246949733	0.5771547929454774	0.39742778885096397	0.8135769039682273	0.6086524627945752
0.9852819448008994	0.01251325073016707	0.953961343208177	0.4822798238861902	0.34815543109965796
0.3701434330158292	0.5340684122003719	0.6689243304749851	0.07435173092757896	0.2593376503629883
0.663768768900633	0.33643469274251925	0.8647621801788592	0.9013846121364032	0.2024561305952901
0.7455887942105551	0.26551332914177583	0.3005461730475929	0.9555925913693085	0.27959510489227035
0.2525487021632291	0.5706566919998978	0.8318655932769394	0.03723535267601796	0.6650570754272347
0.47809141954134016	0.7348862608343809	0.7056151536856149	0.8881434109397374	0.9579242551825232
0.053071463409902875	0.39523473592704894	0.5523842139463674	0.6959920438775565	0.16403360154884983
0.6600580450679916	0.5161797459848659	0.2117962936933525	0.5617946608782433	0.3524411494247094
0.08300600933353308	0.30433981698591617	0.14934668221349268	0.005026629598209986	0.9520147980955682
0.14541966801224626	0.09311401533797714	0.02787893174741507	0.7884506729001634	0.6751541942134592
	0.4218735882900281	0.5566484948551047	0.46599002116336685	0.05367325083766217
0.7796204890742517	0.38150841046256545	0.26687665945445693	0.5425244986362778	0.3498529645671393
0.27275239767588066	0.35730241084596437	0.4974147974767137	0.6499443181844046	0.5511232935137749
0.812452592730988	0.549860920730055	0.5769695611360366	0.6423243684939803	0.7669543733032241
0.5969451739823713	0.3529500317596058	0.004708073452330375	0.012097120565105368	0.745202679802965
0.15626662802539382	0.2514542562835046	0.7062840451921045	0.0020237500776244532	0.8128024394873151
	0.6411080868723403	0.09212863845404395	0.4060061210312843	0.8595462915213001
0.9749122583998386	0.3222566715943127	0.6280248125704398	0.6772173768258135	0.09715085890507313
0.5499014602633276	0.9893186704988534	0.17812414946669153	0.7173293756258156	0.8173873410903103
	0.6415511548859789	0.6673331507686839	0.3227944882506846	0.5417252524179014
0.5027348721637591	0.9759964944170502	0.9068586380854534	0.7697110724921139	0.17889188861557148
	0.7257239782180243	0.45361569320429906	0.458098339529035	0.001933341694812074
0.6607567850808834	0.420049058003767	0.00649350549931671	0.09179397222352725	0.19911692367847222
0.9241115658486652	0.6231177289397081	0.917508306157518	0.49074350894991614	0.5484627305595566
0.767365225083327	0.7042372186433918	0.33234588376414553	0.6334547386561556	0.6252629552713548
0.8099974670533264	0.13106661919797424	0.055151410787875665	0.25141925812268084	0.23755768720082315
0.4430684019575827	0.7275721201422576	0.7610033077447697	0.4343369204951315	0.37987085553020794
0.1569700571414251	0.8973915454160721	0.9239894305972752	0.9299671539879637	0.7388966509073609
0.017761237662896168	0.47785408625584436	0.9310907268532369	0.7408251504775298	0.3814448703279585
0.26862110028624975	0.43564424174108385	0.19986369473545273	0.4817427850399266	0.5085430323557517
0.8845142666581719	0.33068866909561023	0.2165015123722589	0.33725400648817405	0.15744990436549255
0.5363138459071212	0.3942048078244125	0.5034199593299469	0.8444087257458641	0.5008707436798716
0.1023452940797015	0.4250610753978942	0.19061269300831185	0.6790163282639404	0.6668093702895782
0.24127215138148383	0.08993140131904176	0.718218530879349	0.6541340758384508	0.39028228415338373
0.9178308735345667	0.7040807261288176	0.23917099312369927	0.2918037863057841	0.3554630827572419
0.33952867450020907	0.0402382283908973	0.9527203999117	0.22522933188710514	0.5539875224595044
0.5805786718852368	0.7632122355819293	0.7902253354862473	0.19242812892572014	0.23857233753257268
0.01296732029512715	0.378377318503783	0.010818951388157916	0.7087287763819456	0.33702403362334843
0.6288045812436711	0.9310333508364173	0.5478525148305464	0.3667639899328583	0.09803996931680148
0.40110856271598694	0.9427604689957408	0.6044660392008704	0.4938930717846761	0.8113435209656549
0.9886195946671418	0.30100484797832716	0.8501562875541758	0.5816063073723888	0.6610053063211866
0.9374091882359716	0.07904327039674264	0.24019727971362814	0.820716353333959	0.9279042123638624
0.11599408504073616	0.13171395855684886	0.8427753242700362	0.1627177707610441	0.2793832211773388
0.5773798365536884	0.4642303474527092	0.2834453421751054	0.5622584284610664	0.5132856111963431
0.10520677839991965	0.6751232797366699	0.21612373957970699	0.3410757128988887	0.9595628913558818
	0.9487224672610255	0.3978151075504972	0.3718318561588667	0.8940104003635261
0.1684499168168483	0.8638775449337237	0.6837813240225206	0.15379289086946724	0.5831159329771978
0.008871821030735583	0.27284857371316595	0.8452222057459913	0.5022371483831468	0.31135493879561404
0.7321745676680539	0.30058740326100997	0.5288976740582971	0.544733077766317	0.4973303773725306
0.07364254444459328	0.644491845847567	0.5492196927360797	0.24146624970973862	0.7891809154633587
0.7094079483563476	0.45376817330443453	0.4159443946301894	0.1925150113161912	0.6304563315117367
0.19895405643042063	0.06635894505965789	0.9316080408999751	0.8229063640087774	0.6065923451106068
	0.41916508667857033	0.616781497517451	0.5728819772551071	0.3439142719826388
0.38400746272764796	0.9342001410229286	0.1878062726206896	0.17746457454808962	0.7280681432161875
	0.9657073606332994	0.44928559868686246	0.6220264917463335	0.20761783085372476
0.20563297659924595	0.5815110685426202	0.976171524335673	0.4099100087586569	0.7575268184138624
0.36409874736442405	0.3448135112630586	0.484607722567287	0.11125824662994488	0.7268007714852462
0.33179638522271004	0.546419013658707	0.33433250482553	0.3419084113354418	0.8207460262852178
0.14156363975859443	0.3050358295964163	0.16096752454327434	0.753786614018454	0.4624534248428064
0.8446989849389925	0.9169243681188866	0.9680036949378535	0.32110568697021524	0.24302063383431582
0.34758358933784794	0.7205767592654174	0.5898268668548959	0.7595987995185123	0.5185719548492352
0.9364403065438509	0.7935099623671596	0.8176929811825755	0.7358663586400611	0.8265116232067109
0.3940418691560441	0.07220289208446617	0.09808720528270587	0.10160357119329244	0.794383484617704
0.058739913579735736	0.7299673265840713	0.8406512838241412	0.26487985561364313	0.8872075305215702
0.3383245139444453	0.89374563831592	0.7921317775049164	0.3025352992992526	0.5810762285815081
0.9838952121671244	0.47261834036886285	0.7135054891217788	0.8521582439741011	0.3519705302875714
0.3710961226279489	0.4033809715315698	0.5767356075453155	0.8993523929440387	0.6292127347788479
0.7269899915770471	0.7629006822110921	0.3160254557298505	0.4382488073321664	0.27999434539230683
0.1684917595079426	0.4911302226055574	0.7840597432385362	0.14114625542895243	0.4178420341100221
0.2588692699831754	0.9902238851169949	0.9505412511965081	0.050297920058918755	0.5054812177083013
0.43978781290896685	0.4646222008239249	0.28338875245576045	0.16542957707325023	0.39236495053818443
0.4160264446945773	0.20833897568487303	0.178237865335367	0.7838681753916934	0.14713462914519138
0.07917151750788498	0.5676448027253755	0.7407898816637634	0.3096536056636221	0.9184461483041244
0.8105942235742327	0.07553381597250164	0.6442088514332938	0.6825538888675953	0.8990715114081397
0.08239850923368819	0.3682660861320418	0.01334090756105899	0.9845157527191487	0.5740370126993639
0.962911614230873	0.6325630984161525	0.17597910267815797	0.7705865050247441	0.05830366707251822
0.47078237844500204	0.7959727994082259	0.7646334105061549	0.3024856082332924	0.9382116019145402
0.7471889366282385	0.40909647813907457	0.3028642387136029	0.28735541625258154	0.6340743686455672
0.6737629129134685	0.33158702698670284	0.35009297219642954	0.47050268669851103	0.24465632941904503
0.7776349359654727	0.5633396932855272	0.07605034555334644	0.4971357134122224	0.42518410038551335
0.4646030411762123	0.4080103177118556	0.05492594661085237	0.15041134877878148	0.8118116456318661
0.9537533532699337	0.0754464332188598	0.6340225102585209	0.0024222868809840037	0.6435229507924245
0.7262782238941072	0.6824299438008367	0.19188710967806455	0.9212468024622567	0.7332742034608927
0.6174354214012222	0.7444905232457928	0.004812662137793522	0.749706064502758	0.9202083266674626
	0.9496233585510481	0.4859208380421609	0.12164791061407765	0.05802865919667155
0.1876461273136798	0.36098484947306064	0.09566890154543728	0.4801246863805787	0.0783386157747169
0.9157943703015613	0.9833050452921799	0.8857192944702511	0.2629707856822179	0.33620839034862804
0.7671924708774708	0.23704852957588096	0.5041338780613213	0.6368065011873685	0.8627324377975091
	0.9086620240270386	0.3841684055814518	0.6610663390915614	0.6180431871616079
0.623120822497519	0.874032777079033	0.42460703398137245	0.6354113371100061	0.3248834515700739
0.9826560702030476	0.11661457627398297	0.059420177171529365	0.49759127205740206	0.5190374259937525
0.8300748287638615	0.336135666894398	0.6490133567185611	0.3421800429467923	0.9337429682275736
	0.38928558294017546	0.5227286836577439	0.7305277564572003	0.9011322563333223
0.7206332875573699	0.06429670846266244	0.03950035038157351	0.5773455995060812	0.20645730879658464
0.023596734439401912	0.10784893325293787	0.3020531548745963	0.24592740240000155	0.4003771980235332
0.40801839037986987	0.7030828260506368	0.18704782418885146	0.7465024399606777	0.8439760174942805
0.5077266942564015	0.9167842110094495	0.7114633988405191	0.9549444601911463	0.30782641839295544
0.8338931589806966	0.1819179770881164	0.47805776361340335	0.36039088155596843	0.605458167552216
0.017117257496862104	0.011740389467508106	0.6302960940684268	0.17957125453859113	0.17218815584314606
0.6671350704766894	0.5078521136832264	0.5084445975254618	0.18426663521039732	0.8416819009098392
0.44311358380967336	0.797102352696615	0.5152193121626234	0.3413700447087794	0.9096361456056761
0.13132615710058437	0.5191613110418838	0.9447195908835015	0.5263712456995454	0.576107348510042
0.04084900928236934	0.2603347749150553	0.8460415320021336	0.8105635526837767	0.901588851902845
0.2817778364035546	0.6598328631441536	0.39368927803810505	0.8333542842698862	0.6258907263566101
0.9629975346169486	0.12159071773183527	0.3779763295914317	0.5250463706906262	0.5631005048731678
0.20623082975371232	0.8440885438922923	0.836255025691162	0.13389162678556688	0.16690344549841907
0.29959328756599335	0.20475761997117536	0.19284435410349132	0.5863736888547437	0.8746826106063026
0.8041286382874404	0.6632856005278257	0.5522908318515142	0.7174539142534949	0.9130952992446937
0.2990416032622776	0.33799172769256935	0.6273350256706393	0.7857875233804161	0.1823859340318007
0.10430743069130999	0.13659328053585906	0.3264135775585757	0.6383748839514446	0.8794602146178269
0.8870835887461785	0.8924890180889422	0.5686554914715063	0.7260975105911498	0.38054590064728777
0.7306462441033792	0.44112891338237703	0.09352777974239901	0.29205344320436477	0.552941930904667
0.9630672412733902	0.9994061324767156	0.20608038430094744	0.10800801293339235	0.21809714755504184
0.5496538813306793	0.773652227689177	0.5316220753533633	0.30956442124638284	0.2100697492468815
0.8908424428732092	0.8961958138690866	0.9526580656467777	0.5795694227235584	0.937222905021103
0.6174635550631785	0.4853506740399358	0.5816366074115948	0.9278055923706549	0.592771820032735
	0.5982163934618077	0.49857199389884743	0.40649388650917373	0.8183984358488811
0.38707898747963765	0.025669490470890843	0.12712474792128892	0.14199216245322865	0.3279053420833764
0.2301062759214053	0.4683057365684753	0.8586280047784273	0.5637967261872847	0.5895873556200171
0.1588394032169561	0.7424243106359674	0.9989334364704435	0.7477599211925422	0.504508060784972
0.5523563726972677	0.14173820650809343	0.45806190930547075	0.16387969910121514	0.6590689516475835
0.5997818851905468	0.5685102223773507	0.7920780118086219	0.15883461583209446	0.3802008845070658
0.003195321176170607	0.9125075287908582	0.9603766814328936	0.7104240758054019	0.7761939161064257
0.008759907841803916	0.4203234386215501	0.07812943372632009	0.3130960864938076	0.12254109893788412
0.6361983605034864	0.5494340241216906	0.9802004124595453	0.9576700873250474	0.4949485556427534
0.7232697338109653	0.4933385520014205	0.7641652214716483	0.8369096963431408	0.3987209471368929
0.3166956304685381	0.09030569668964661	0.6308362186033426	0.7662969018111564	0.6416668944728543
0.4472383226651572	0.4091921168900906	0.38003295690646555	0.6372533313838766	0.7248772673458772
0.20812650156421453	0.6622364667007188	0.9632525142412284	0.9021879851785173	0.6236038040843193
0.6693285407665442	0.7575475374402616	0.6651229956396378	0.5149328524800346	0.7370318535363306
0.651875427335276	0.1909517345712134	0.14832696145837432	0.256032566088923	0.9497702792892269
0.031822897346063694	0.8680959172880944	0.8209140897844031	0.15829445769546457	0.46757126753738776
	0.09001074894450423	0.48374323210802406	0.00478148176205917	0.13306115658207585
0.05769807563957985	0.29086376098595723	0.11183013382684748	0.4501638852679143	0.08472497400301504
0.666096834710592	0.1068870367612692	0.8270497560172042	0.8614820291174746	0.8421417845857287
0.7599518537908343	0.9775937923764041	0.10557843017015434	0.16327913266712046	0.35920254288131837
0.6014414123463646	0.935140121462524	0.1341297814825474	0.3782905311803475	0.14611206714351066
0.22924756516816924	0.378432935456524	0.4092917106304178	0.831284646783048	0.7575404934446754
0.5547205892679161	0.6305283129351853	0.7046920925026853	0.37630228732943716	0.131594304439564
0.2559355340497944	0.9040617313993556	0.7334147914486836	0.25896763551735047	0.633976565859342
0.49368023830008634	0.06285147955206083	0.5162919503998353	0.6394993000163851	0.5304452849814796
0.20067123813185728	0.08777967123642638	0.31516773945491294	0.5567878935649653	0.5224160812988233
0.5945654664777106	0.08381915962058539	0.27517210318970275	0.09639533686777013	0.3274602223901564
0.29827571868005953	0.8161001372181016	0.7573456723908947	0.19664190232468992	0.5853301116968207
0.08270635481401023	0.6058050000711106	0.7595347485529937	0.08426510426209133	0.37724075870528584
0.14026189139624567	0.8503879996534046	0.7629694969566909	0.4488591907731504	0.21109601079507945
0.36777197394633165	0.4133154674906263	0.7046691446348865	0.9794584825733769	0.007901629211241379
0.5923682950200058	0.6526488095087951	0.6454557689958121	0.10909747101459266	0.7472931326850791
0.22360941455318395	0.8401085219108072	0.832891281216015	0.938967825283396	0.7492817460747283
0.8078010690705271	0.7347910313321244	0.028105015487353557	0.6010198774098016	0.8842832806816
0.7411220939012146	0.5519302975748048	0.024412262018515207	0.35988453423192934	0.6019363598435292
0.6698260840556558	0.6217419528882703	0.5578447374683614	0.7397141841716307	0.2514221225323675
0.1657480804032888	0.18806295864321054	0.3177105038958834	0.6836214390101435	0.9166871646787778
0.4855559048521575	0.6144997281933691	0.9943734432168788	0.8990812487728684	0.32051329494556935
0.41761557100944224	0.9095605847882879	0.5061697876414425	0.004328471858567218	0.7833616321029684
0.3383364428524289	0.1956287579575149	0.49818158920375477	0.47414507690529406	0.4128899997766151
0.9317464345884358	0.9335143879134594	0.7623443104288906	0.19379070563058287	0.8886646391911114
0.9381004218735014	0.4417940977696564	0.6286558937895859	0.6847270663010836	0.44047941405726376
	0.8319415713422819	0.3530978909265955	0.7015082799613735	0.3213796277772243
0.6954593189869968	0.22870514629875738	0.982981689216383	0.8252600840480098	0.2757116283092723
0.19930712050273325	0.4543962823732498	0.5861954601973327	0.7428746960423518	0.24348282347640215
0.6855226340021152	0.7365125140299068	0.38481467532348035	0.27375446205324605	0.3349690681986516
0.6404622073382784	0.31099210296121604	0.9572851301910877	0.12432499198073044	0.1548882833640829
0.5994333663666392	0.7181742457059543	0.5723303733195847	0.8274572484321225	0.8469220972775274
0.9464753062105121	0.1315783332385816	0.10298241573246425	0.19253219127587196	0.8211271691434043
0.4646399094932002	0.4870403723236012	0.5919415772140618	0.2908677078926567	0.021714725783545163
0.688811408466138	0.09437663869106894	0.0516132813130713	0.2992829795173064	0.07474704366053653
0.8357137110179103	0.6828224835447804	0.38772977657707375	0.8119453885554975	0.9115616091378418
0.9029825052356204	0.18223190645068066	0.8693349438474598	0.9873522521432997	0.944708446255942
0.6806311134958837	0.6808434917660332	0.6025570349642891	0.6387409955233269	0.7652183744947009
0.5076602750849893	0.004898645492967257	0.5941201394512078	0.8666850143588163	0.8542551644573956
0.8895095015134696	0.9262326050869751	0.4389478423736216	0.5478083138233193	0.5930914537032872
0.9542324197014795	0.9843002509684482	0.6229358920302684	0.07335571975867017	0.5075354245454355
0.6605981204954027	0.7424321898777256	0.46914617572196604	0.14629336810310245	0.36940354874423675
0.5121265536744833	0.17824477960652252	0.9411529560199453	0.39016034467116556	0.43360831585351367
0.1686637592648007	0.9900278332229612	0.05936075395800444	0.699194557189124	0.7137824208966091
0.9992586660484827	0.16386516591752076	0.6307920189612579	0.060885518059604404	0.3982684881370372
0.2614060734474468	0.1333341953347732	0.0441163275192592	0.3032650702497375	0.023495216501008942
0.035057698238656565	0.16141321929002606	0.5527582095668486	0.7770476263308	0.2831466695449196
	0.5404132595843678	0.5525641771045104	0.5426652957644839	0.8230359616515578
0.9287791154294065	0.47031411582831484	0.5145219568267922	0.5860083390224368	0.24037916356544886
0.2330680154099708	0.6780271666179606	0.04746855617581647	0.9637777451493182	0.2774044724764264
0.7489142573365135	0.7501639638994154	0.35399129536901297	0.8177647068512051	0.12093607070757828
0.8041198427177426	0.41930166295744475	0.5261315754896346	0.3259684533692597	0.7201816992185192
0.8850626107335556	0.9186446936511976	0.3256610093504443	0.672358937800601	0.8330833970511954
0.0989453979966235	0.07928731821149759	0.1433756913548142	0.40740802372269336	0.0929076011455876
0.55037252648762	0.6036364815820325	0.26122545651934803	0.9247395028107238	0.341935707449021
0.20905930378904447	0.4338099606993302	0.2953996403735819	0.22037375548873717	0.7948222335467469
0.8015310578541172	0.01691758108352781	0.9465972101681783	0.6406144266346415	0.25232455978043566
0.9802618154764511	0.8374953471814657	0.9103071513667534	0.7077830677332952	0.10339018238321152
0.15121827790186082	0.3972046194247131	0.8485601120419054	0.0715264880958465	0.4531719504452536
0.5515804161364293	0.9650528170189782	0.3364510003234821	0.5166538846887383	0.331721799310684
0.27461930533934353	0.12258161417461844	0.33980222224920065	0.2659544181981074	0.4141634728053226
	0.35360113590009334	0.4633298134064625	0.841675941305683	0.7261878752441715
0.353653353648554	0.7897676219143637	0.15973813746024534	0.4080303984451269	0.3815433676203177
0.8882202977939975	0.954684422302683	0.9982101144701576	0.5895266108280339	0.9146355060633102
0.8723770300913634	0.23082901574188042	0.6905353483987515	0.5207495375360127	0.7003892528601996
0.012631015874128515	0.7071773019587438	0.25114583917544975	0.7558788336603853	0.08568887816474746
0.5011950465678376	0.11458070347479155	0.062263043732957546	0.6623542790025566	0.7298886521987279
0.21300054177808903	0.7145396896432485	0.9886103872680969	0.03686234357073559	0.7604421874070059
0.512088795983686	0.28656248402651696	0.25646858862508604	0.47780639810934333	0.6384853797573476
0.6133820684392786	0.4892416174032945	0.5739672931881893	0.7710952386428472	0.24908577427311318
0.5875536222814411	0.856248691413551	0.6529102282001136	0.520676771479596	0.11479861409030068
0.4931731059647604	0.7128718775876017	0.582835298868413	0.6392163313443165	0.47200039435477914
	0.2419295612438902	0.43669987086298534	0.17543747786722663	0.2728713757284108
0.18785993782259414	0.09546139704846257	0.2395914526025792	0.8774169514570311	0.3805064856107683
0.7770868968016558	0.15861408231225893	0.5546381154823022	0.30270476272696634	0.6994556844132133
0.599866336477049	0.9934418150930686	0.03715592759554043	0.04322832270265675	0.22471461743578192
0.6468290279573662	0.5002477943552294	0.33727538966330095	0.7833871715475973	0.1756730953043505
0.10478032297152873	0.5103297961835216	0.28463953026929667	0.979992371738378	0.10892150705738723
0.6848106270461572	0.2119603653414951	0.3013821080432799	0.5863637369911241	0.08184754512213677
0.20926190653506183	0.4725899051935536	0.5338847812695503	0.4624083119672098	0.5556585143324028
0.6332539481406048	0.8483607533156208	0.18244427353297243	0.34907128994723846	0.9075979688198019
0.658848192287494	0.5606339525108842	0.36851433346870444	0.20098894133790401	0.9350269807249391
0.6506964722478041	0.9986328273744494	0.5748916763727836	0.3957615742777938	0.36896901568613005
0.721932864589874	0.05449501875018381	0.7188304351097814	0.34886995710667934	0.8564862815297921
0.6555282489514028	0.8850408189305786	0.3051101579750559	0.5945611393532194	0.9393617538253543
0.9919480204762825	0.9451509044028583	0.8603056786293112	0.9393568135670635	0.9149614690871519
0.2693383599032956	0.37360548381936953	0.12969066978014898	0.1028757233659372	0.45378692420338296
0.2262628428333564	0.7298344385032204	0.3169074507795584	0.6056908779170573	0.3303987146906642
0.5399223028765864	0.11983988749454588	0.7176370977881876	0.5412995218291153	0.13808335601347788
	0.3514547635283415	0.94583567044438	0.7018264311340597	0.26042086822175115
0.007040727465016716	0.14122517095040354	0.7815158991069977	0.47823786846264327	0.9210730762741094
0.5481139955302236	0.5595902708011697	0.9094341564643016	0.5371073108157024	0.4380146892864135
0.8757225291577464	0.7188618268375001	0.31246911678528233	0.785023411185598	0.42184441075274237
0.664071618733097	0.7253567314391617	0.6862099094884293	0.3809183621455562	0.0634905545817025
	0.9838733988857954	0.8356137751520633	0.1261951011337038	0.6457899022236436
	0.6692158773181172	0.9831306496781604	0.5480104036674006	0.990031490982276
0.8789595036015082	0.5276024822714698	0.7917696443310012	0.43493544537958806	0.3575876792583109
0.2558011864542663	0.23294937963344708	0.5953030486241592	0.7663575992376983	0.22661846248756412
0.6443246790963423	0.9163231232789251	0.5071498863322852	0.6766215104425896	0.804557874396867
0.6554728510500096	0.28425842530015	0.6766857917571277	0.5910391926514231	0.2565008569615833
0.7628522708059953	0.2840170892398226	0.34088586388365016	0.8570670683277064	0.4184684952834632
0.15457984442255157	0.816393711670382	0.036664257209106155	0.17848980676023807	0.6327233767151014
0.05486839531203491	0.21284522170418807	0.08540038483457779	0.34670342685735567	0.9019684964826198
0.647737575907368	0.721660207159453	0.7598221615430113	0.9772063788085213	0.3072611442144574
0.9535389035465934	0.5378805530345375	0.8686523637987424	0.05488202115749863	0.832668479512842
0.7387929959606284	0.498980368867186	0.28140284692080075	0.8072617780084195	0.0004754913741708
0.3216783746913767	0.6440168885313208	0.880453161503926	0.39967511148878077	0.5580491788638053
0.8837607927030358	0.7343389888778491	0.8192163218100472	0.46802970424118184	0.6706354489139904
0.4692184920599808	0.17347828578954438	0.11439874097650649	0.5207070656971097	0.27515856926544513
0.7802497694894266	0.180306860198999	0.8850052867962594	0.009913264230916097	0.25019343662142224
0.9323573985612272	0.2192538161024692	0.049286986901067587	0.862266006818347	0.9194216052581022
0.7457583393724233	0.9784862037570203	0.5770547651798974	0.8945240781501772	0.7202282950537201
0.039780656837598904	0.30944789313096177	0.5645245190193057	0.8947848057496004	0.3176861241651826
0.8413255663936137	0.35450766920349175	0.8479552783014495	0.5430998128059707	0.058586901404482306
0.18688303342452683	0.8883954948957288	0.6915091631767035	0.6125177714461194	0.6286298470696573
0.4877790573412676	0.9555724945113493	0.729603886419199	0.27003873438299597	0.9099305814727807
0.8638184521292541	0.46925177085630665	0.6686163779863433	0.5921781705207216	0.9672682468919179
0.7127649985125323	0.4441850071572857	0.8904565679976535	0.6163311965341548	0.4911335862757612
0.7241942145247885	0.90018253053084	0.015932742583130044	0.23136261716175333	0.24075982077687597
	0.15788289339972128	0.37166499541871034	0.9779155149307497	0.21634042321240043
0.5775980155408141	0.023570518441984323	0.6236041584571183	0.9479089927805442	0.6462791435290172
0.6054459337471545	0.7656845405249042	0.8100870611647532	0.3106359767257362	0.5701196896049737
0.9244625803439339	0.30566100069931446	0.22476525807498982	0.4036318066022597	0.44201786703937074
0.044872333637453576	0.6963581645513577	0.823928968380674	0.16610512443486236	0.19860020978520432
0.13099381443764346	0.9328345371619283	0.7729313232798009	0.39016677063633376	0.8326640175706802
0.86875191680364	0.15325731155804456	0.6075817573774471	0.5629108074702	0.9072759276426388
0.39224957574211117	0.2761759636897231	0.8682152828520724	0.6004201226138087	0.40781870506994244
0.7192460951100498	0.5504669802848002	0.5310154861899432	0.9596397056973187	0.2018525546887049
	0.7787045313166495	0.07213392373691407	0.1112447344199442	0.9206378527332261
	0.8211569901067467	0.9879430349908991	0.9764683850972952	0.006881126505000945
0.7206558874965912	0.9330976600525991	0.8448601160477994	0.6379993449098914	0.25885282774290197
0.144709072526077	0.17709091945887623	0.37539879938393905	0.850801570170386	0.7287606695931259
0.39950917645904793	0.09460139748931184	0.5091408726651502	0.26794828507057766	0.25672017744131537
0.11351119506824436	0.987399746279061	0.5868765716355329	0.31927682090999754	0.10535650492089865
0.16351360335083487	0.4860771278122217	0.3788152485344257	0.07853388806004191	0.16310141768270348
0.7669218311805472	0.2557830742637477	0.1628692240052957	0.6888209035118346	0.8188972511491058
0.5723641168176455	0.1294374318412409	0.31308086272452507	0.3896594843525094	0.19103853933861137
0.5856143375341872	0.8425951394009282	0.9590427417224815	0.6154636390806529	0.1093722651870116
0.7584187764837851	0.4979922015759046	0.8434468820131845	0.9439519801326947	0.8893915172245276
0.10139543596527045	0.45153329243786544	0.0720826295122412	0.6280688093404758	0.48111029419215057
0.008898551480758687	0.4138488268047935	0.9490231054875309	0.48911308490922223	0.5262519206847766
0.1832467412886668	0.6398542603594498	0.7964241432865313	0.4101034588885686	0.7017706747024598
	0.9858357551255492	0.5590033711077277	0.2979114488052118	0.2474458406843857
0.6298274959118734	0.44751080481324934	0.943805598992199	0.7194274237690892	0.014976204861385845
0.9602794894530131	0.19770462690597512	0.13491353408983597	0.5606158746595638	0.6795925858015908
0.5795547501631728	0.17657095177972948	0.26750841062270503	0.15082492561587624	0.3295411181889836
0.5239974223337543	0.9297495697303981	0.31473436711565017	0.09737259931895448	0.23433524081585666
0.901357261261594	0.717859510322689	0.035034480044374705	0.25239170270134925	0.21296794302052302
0.8455884619886777	0.541939163541982	0.4038881098993632	0.35877512244691934	0.13365234198338993
0.9756214803707032	0.19403093086411738	0.5252723700455288	0.4489266017062832	0.6545782637824029
0.33868577227062757	0.12343312028787634	0.5669002556039536	0.04280809119768614	0.1978766042125123
0.10952777092645138	0.9898834208386146	0.4460581431432633	0.18621699525986302	0.841232549406464
0.17238851103796848	0.03216406488873991	0.8866123987834219	0.504999799379061	0.7950293408150707
0.715865375284099	0.9487253465956268	0.9006693463930654	0.5931128714363731	0.1488673548605287
0.41744142038042664	0.5074571137486921	0.6481507646555217	0.17274852968953625	0.6189039886697199
0.850130163144652	0.458791397612194	0.42872426733275815	0.8112746393954575	0.4205337872270414
0.20671190797992767	0.9199818038202715	0.3366837026578472	0.6128679696593561	0.7385489856811984
0.192938825273839	0.6818672659482785	0.5019837250555508	0.1829874734099366	0.8407372148668947
0.9310377937476163	0.2984597452269192	0.725707265131743	0.7638579410985431	0.49842251611630317
	0.5971784969252353	0.4958556642873595	0.7211394109087793	0.617508105669664
0.6828645355149727	0.4682802396404492	0.3157224237537185	0.39436233242538643	0.9736260395117186
0.7146801006557768	0.9873045873688254	0.9254196675821434	0.48798826830875763	0.19262614260050837
	0.39750624423203096	0.13898619830223524	0.10267346657685439	0.6973355401010083
0.47232410331137253	0.7717622765216238	0.34294713784582276	0.4674331632359041	0.46217450023194817
0.03398332924354697	0.4399158291161622	0.582049651009993	0.6800945068440293	0.8082533259975713
0.9362893991968941	0.22814073149054293	0.6014907340096364	0.9780815314924262	0.08594530841124004
0.08194573837620023	0.1456557463625031	0.21566457386239946	0.3850824950872197	0.71491475107069
0.6732577498341524	0.3139395432494192	0.5503846089652527	0.4218657776200677	0.30850260012995967
0.4528364388623779	0.005304950456962776	0.6692591474596151	0.6149773481581521	0.16163829256503492
0.21529602708440965	0.960565023708487	0.07981524108421911	0.43923230024406656	0.18020873573812313
0.29041507412260037	0.08004045286962858	0.07473860748660077	0.7877203118893182	0.6556919588080287
0.23932111992369542	0.6739062116557445	0.7745833447697715	0.4954894882794022	0.7377089026252411
0.21131214645078522	0.3093842512834325	0.255357217512301	0.9721950945987257	0.5134913332520291
	0.6458318875109379	0.16362911128355395	0.21194628197916687	0.519624005777961
0.6789657044687424	0.2701666049837358	0.4944548953594854	0.8364400460312021	0.17496302090283922
0.19950730646477854	0.6304733894284122	0.5495143309024689	0.992264079797025	0.271977189117929
0.16227457460397732	0.8764797509787678	0.09921109434373354	0.163983285413713	0.5268289464804846
0.6972469333040106	0.35869209379355615	0.9543660547877691	0.8999669275158028	0.1435188230168678
0.15108539204416072	0.3177648200763509	0.6164290921791779	0.330064997953315	0.5699496415911536
0.3560928333399149	0.00290288312517184	0.3161640816221448	0.027369220367896685	0.5011266052952077
0.3813076443896791	0.5469935131508504	0.34064293512014876	0.9952025040363895	0.492393261962918
0.917869247601917	0.23196763924091968	0.9612543951512401	0.9894249676606858	0.01698086526378062
0.424918330613154	0.06888037966884697	0.43851579829163	0.9433510144096107	0.20822736011011445
0.5045344795623063	0.7137192258853124	0.7842482613888511	0.2851687115049053	0.18898888731138686
0.4448937152955078	0.09988169598605456	0.06573215178590042	0.19404839074221325	0.7010403866977485
0.819874544366802	0.3948294050306942	0.36297382358148755	0.7389793652068981	0.026382005310415235
0.014729687992354856	0.34392580197318	0.8235862613970674	0.7802990893190965	0.2740483135091121
0.7709947203348643	0.5243549842166595	0.5625298234561862	0.8025318082365227	0.8431947685971248
0.34482930434770775	0.0891034416263492	0.8763488565777945	0.3151074900910359	0.35715544661303367
0.799906300408296	0.4787835283618861	0.8194687207834612	0.7525026281072312	0.41370294644810923
0.7438662676347406	0.2939450683650445	0.20642898283268962	0.8079552392024788	0.13240834034655968
0.1694017028967555	0.2598170636353906	0.7879256262615492	0.7873800105948775	0.4964682256803805
	0.7738004225127454	0.9930812386478045	0.1811826650116135	0.16441937177485577
0.1425920005961674	0.23128551494360616	0.3951613015631925	0.9022911643006615	0.5558474999138747
0.17637161069148222	0.30387827640432696	0.04887960035877181	0.7418915161862341	0.2761079307815384
0.425644487744677	0.6722310520973053	0.36757365003965503	0.1852724780776852	0.24793899173654677
0.7882824322662073	0.6622582015764521	0.2549967364662804	0.0886016551184492	0.23801540889663086
0.36039933568368954	0.2828360096480368	0.5176467748956594	0.6568529692715162	0.6230885342349409
0.3205026831199925	0.15387472751375197	0.5458496003493537	0.832170995560631	0.48966837254826867
0.4500643232070246	0.6880483820441827	0.08692809524321887	0.2907797219503916	0.07475279898151388
	0.5747118951234118	0.37052847031867964	0.6530740033813562	0.4823699995628232
0.3697715845846854	0.7691400209453401	0.59592537088693	0.5496944514638111	0.13898069982268757
0.4610273425184227	0.30088300138665836	0.1504587249836924	0.6850288571429564	0.207105327128439
0.9661418817508851	0.32735129980415	0.09374093771113667	0.8906828013759939	0.7694908264656513
0.8850268699387339	0.9260155160023631	0.3284962700495192	0.3549222448742033	0.7828414429465828
0.28922042847313423	0.01949146337951546	0.8351725517806682	0.4888227380672836	0.7942772666388633
0.022188593751478303	0.753750562564083	0.12521965765473297	0.18440851299662864	0.2439904021893322
	0.9138056164525051	0.22429140275037984	0.10979875751976487	0.8616509140035248
0.6814268156043966	0.6398337891761909	0.26373991123146523	0.5489654834595933	0.7082363679443792
0.640339061908242	0.10620346211881548	0.019949292541939445	0.7373242695873996	0.9022045001542003
0.4858630429743528	0.6965878391711181	0.9666494107755862	0.38528577829629596	0.7259291655852745
0.9473407581883015	0.18984063109831073	0.831333946145766	0.2831292441710095	0.26927833163575454
0.14535923149574848	0.26535095071343107	0.5897275895262417	0.6557113459488956	0.7029271178334987
0.2895754922367678	0.9588924457459623	0.10858334832723282	0.9993771274178923	0.4398154440724569
0.9138725980287482	0.13507381503675076	0.6392393598645769	0.7274986553950744	0.6027318701563364
0.03207587485675356	0.7481933595129209	0.8559138560818702	0.1592972647387917	0.3340683071722228
0.11671108769054017	0.97501219715452	0.37216758389785887	0.010945692783084215	0.2065447816447149
0.3107800451698334	0.34257317902231443	0.32354155167564635	0.7723705355096864	0.5393263761868002
0.5372031147836368	0.6490463357087198	0.21455516208389813	0.9747018582804975	0.07855614102981057
0.8614888416573755	0.28969150508034613	0.23960935437715292	0.8339047669680213	0.3262132967576439
0.7087036846186797	0.28222399416519584	0.6568596661774089	0.609035835796543	0.6562491027949305
0.19631627857225586	0.2825630698755821	0.8544716649859835	0.5955477220093888	0.36075296319666783
0.38643808482178876	0.6820490585797029	0.5454177663606552	0.10401314465056699	0.7059130687549053
0.17407204844580304	0.10019638770836958	0.6795029937240104	0.30387844638343986	0.6857124886134129
0.5125203660263323	0.08452642504384444	0.3514011685329169	0.3420394305136909	0.08395906034324385
0.18380186137283727	0.6167522551122151	0.4383299368554723	0.39736072471663153	0.7063051082097375
0.481961906712184	0.1515858580454309	0.9665764490930817	0.17380117937976525	0.11853088441095538
0.8938299989639116	0.5566915114377294	0.8155209965546231	0.9243626577779607	0.1564853717745982
0.5494324374287459	0.8611574688272083	0.2862734031962594	0.7727122950586519	0.056993429718355415
0.22335921508688505	0.010855170891224453	0.9760111039315745	0.12204269175874893	0.8805764225905587
	0.3968207867033098	0.5061291619672712	0.03491621053019067	0.19343897623104567
0.42280332008983557	0.7305607415643569	0.586180882317266	0.043126014446708494	0.03951950476008126
0.9204978931422345	0.2850889797473658	0.7408113039985986	0.7300636149517653	0.3055489531625274
0.11834752989917452	0.43693675916640295	0.9455639482782662	0.26845000255223606	0.5917589679767634
0.457909959652238	0.5152510645312571	0.3359151876815303	0.3867484580558558	0.9436542465475489
0.09560994760064734	0.35846427761675737	0.5009144370029874	0.8838387809893956	0.257663845806422
0.6568997141940055	0.6127429139655808	0.050062177734696456	0.09185502811134694	0.5445053218161363
0.4721536296651707	0.5006554568108679	0.6843064637852652	0.2953727412574664	0.24831351276669122
0.7483346064290038	0.9101422590741763	0.8440620291841991	0.7248485360167203	0.12923996841863006
0.6409169153077892	0.5715825831857824	0.6243045723475521	0.22249433535856844	0.05351119904365298
0.5169539702564993	0.4394384741506585	0.8630728166083048	0.8051100826889404	0.25638599509022686
0.8075627496342442	0.6894913782207194	0.2239793812271086	0.6785962262235559	0.5326396148843036
0.13754378648131527	0.6159567670887732	0.9064875583238303	0.6360452086547448	0.6604422398348099
0.6613804616113924	0.7426466292013381	0.9335844373880307	0.5883393021545691	0.8506218723518553
0.9409640192086068	0.4902308744724737	0.6001294098010451	0.6782178263502723	0.02779203470606728
0.512123078098405	0.2936738783814007	0.8597796750837102	0.5559371347115903	0.48792506030223826
0.5268587509648783	0.49410082857893545	0.4715730665453195	0.9985857540864875	0.5035256362007791
0.6998923984838342	0.633695942171635	0.9269199750565726	0.9304307408978447	0.746557865902409
0.8057701539688357	0.5069957398374846	0.264492586210369	0.2696388736880829	0.5574406296835085
0.507687324798792	0.4248499294738456	0.1828595916709982	0.08511619412536953	0.07511348430830678
0.9132190160938729	0.21936138890681622	0.8883953385515398	0.3944865708043569	0.23671073604138726
0.5525381447705994	0.6994209124792062	0.5683346116767087	0.06735403847809518	0.6499740291649754
0.09016637075916611	0.2914683234666101	0.697268345106359	0.7576450361482966	0.4218388961445553
0.43987891073469154	0.2437327357896707	0.23852369085999092	0.1472104076687598	0.7697709241733393
0.3616843441485883	0.33776834003123624	0.020849122117864716	0.7949214297380393	0.848485203865246
0.4080525660385331	0.6827556518650771	0.3213956346329051	0.5671722710628248	0.9669534723051489
0.33770959743547246	0.18624001266157342	0.5833719813887817	0.5822995240033114	0.6540475245013211
0.8559426834371394	0.41906100636107135	0.7913053628729713	0.9056032643105812	0.1111337326349614
0.2845984871000815	0.660288643375471	0.8944193617217862	0.25242889043940897	0.3629099721973599
	0.5737964384280306	0.7747556865520513	0.4274952161933442	0.5296233955105154
0.03926710395822541	0.7054392383480411	0.7868990119974867	0.591155757787704	0.5480364444330748
0.8991339186414513	0.511768247570886	0.6222438845080275	0.9825801886406476	0.3223692227456889
0.11039941869121728	0.9131471663363951	0.29760008654657477	0.988436007044858	0.8790452967953871
0.9679744255346413	0.6163439009368246	0.2623569708756319	0.7900144274036583	0.9042268988905463
0.35637461021682615	0.35563938905047865	0.06053410179647167	0.6614701600554409	0.9198305577550396
0.6424196938541659	0.2334741664779001	0.08654324365066002	0.6175803102428441	0.7449266577580754
0.5978543317984105	0.1650448551439354	0.16067227337801648	0.857313149670829	0.9341775633123008
0.37821089242722605	0.7408995163793386	0.5149250349802227	0.2755623328339376	0.4515086890349257
0.5375455710279543	0.6143851227147484	0.15619504472238377	0.394013443491669	0.9873302275275296
0.133359952624445	0.42642951177429445	0.5327990042703821	0.41834522112967043	0.627590997008043
0.10297669070210824	0.4537534057731907	0.033276297380941955	0.5410655803718829	0.8411900582485933
0.3821074741491719	0.3350035890366012	0.5166837950785722	0.5192936964086347	0.3839795978427337
0.9757795341022595	0.14935056151439063	0.5430037364885516	0.09303532820713123	0.4061036044071661
0.267797275628191	0.4986039663640408	0.2897943041608082	0.6957040055254596	0.958842486571723
0.5393934895575712	0.14317565742073846	0.782750788814873	0.07527580441830783	0.6980987734184997
0.8258129675189173	0.41798389114855494	0.43070313664785964	0.6424466013114917	0.1861440302250863
0.13084008467710084	0.6320065663471722	0.6842854606677233	0.27746815573426364	0.4684244214487595
0.9866376567865316	0.6718784644710207	0.14055735586054585	0.16119047430333255	0.8933315603865014
0.4901428643804202	0.49888478291115457	0.6343871396259361	0.3225235692731856	0.7331497075347047
0.6386828454048646	0.8805240937963608	0.04156465362041861	0.3858954553033799	0.28405738492170396
0.8552064060083511	0.8224066432428161	0.10504977764367618	0.8486913610673146	0.309066718119515
0.8403490959498783	0.538136431796622	0.3366221843760563	0.9582450179781486	0.6251043506863381
0.32703120672229047	0.05506579661884092	0.94821052238805	0.6526742439130383	0.18206756946959513
0.7193726741883218	0.3383369901979906	0.12776839879550095	0.007007724592717368	0.8521691363635112
0.9574355793943923	0.43981637461277723	0.5725127678789904	0.606065251440258	0.899670559868501
0.27307298608499453	0.4556049438359894	0.4019280206704966	0.2880157917748779	0.8501522091728183
0.00800109929964421	0.9965720721265455	0.9329881135814673	0.6846437062165794	0.9923349315252306
0.4690985540022753	0.4190356987719105	0.6144146678744913	0.15604234113907733	0.32657552573750137
0.9463626173678834	0.9964869984779849	0.05028058936302171	0.6125937302912016	0.7112655139270856
0.0995693656636274	0.8565606625667267	0.6836544202156981	0.6192791983659579	0.44988371447433195
0.18249704827806357	0.06539208339674718	0.09176662853868867	0.9825054470071724	0.20071896732147343
0.9024255334384426	0.932540799883254	0.5772244281569434	0.25125367211037997	0.05916796999308194
0.18654419907269726	0.9162922979667124	0.2881762810822919	0.37664784820056474	0.23214010862378598
0.2135877644060693	0.7535985678993177	0.14306192322289735	0.8590376625768265	0.33926366058475765
0.6978111994434558	0.9383851550335607	0.04483123051011084	0.22492975871294751	0.8168114828585852
0.7879515264750998	0.47895421486306644	0.6322416291422698	0.4209725030853616	0.36824539509622845
0.08018618164178959	0.3285849646626906	0.9301271640558954	0.7789344664522375	0.544640148619351
0.8352544998890927	0.9569097044428724	0.5371422726615299	0.5073158914774113	0.9951285158409874
	0.8138303643197254	0.37537924358209984	0.4253397281522747	0.7341542992236174
0.8904537949717061	0.9883616970803464	0.6003511479238596	0.38857740822530773	0.6746365619969941
	0.27307553702079235	0.637623071250612	0.6952977208729072	0.8784056854297382
0.3006772874079222	0.4844505576859117	0.31472043862094956	0.8864850672508197	0.08109569024026397
0.3135332725392206	0.9346041316186261	0.8672325326639617	0.02870617501186068	0.6482891104324596
0.36415166624382656	0.27794512386218084	0.06839658475505639	0.148573775976362	0.6953324534219685
0.9339109695120481	0.0724791184280903	0.23853115662966717	0.5250709156599794	0.6718520381024404
0.9835579307989635	0.5971014955461669	0.9270298774100997	0.23753392551940966	0.4938728794888828
	0.7065553925169491	0.5428319808119414	0.5855230220611369	0.11911027289670517
0.09571642999344421	0.5813831583135759	0.20998441873748264	0.7134629571507868	0.4064778545702652
0.12869886923708962	0.3001778128938254	0.7723925043356138	0.6329900283411123	0.07451384480997181
0.30261967683554003	0.4921098045904413	0.3257598152224801	0.23728243011393013	0.8000984665080255
0.01908819000187323	0.8707894935628195	0.8409030152349644	0.1999525899752651	0.921062009683319
	0.28708775636955286	0.6850423006469106	0.2989861081430596	0.008007635303954208
0.9854601405893715	0.31582647552206267	0.21454551885634565	0.7182874363108003	0.11099769265483295
0.06646908235842475	0.5105755798040346	0.7924626572611397	0.11598165849991415	0.8542979043092652
0.5241761760824889	0.32754822770622005	0.8280368671520274	0.7798828360334534	0.03801106116223674
0.1730266773854594	0.9529833477107521	0.7970440814281345	0.9470010828852841	0.6978118791600217
0.7269859560578512	0.38265189068886973	0.1936270668424921	0.4534815264817048	0.15608365080767084
0.10061365273356049	0.56271379393523	0.786971516077767	0.07743608861118045	0.47786316853063726
	0.9897797539555119	0.4030727587288042	0.5642956384466608	0.16504528244670547
0.5756600505547821	0.3489310641011649	0.6658325065706546	0.21069843073033223	0.7505445019628171
0.710481464063017	0.40120058800905534	0.037572701793429863	0.676677941564358	0.5160320097847523
0.9992488327015913	0.1176977300333838	0.30270893171512203	0.2683716130903575	0.519121752434757
0.3796133044330925	0.05769343171039598	0.37058491060077814	0.00172467358288253	0.45706530128429856
0.11393778188682169	0.6281176073278224	0.019629373804107897	0.8062057819916363	0.17080165502917377
0.013364076490745558	0.1896651303351169	0.3165094695710522	0.8146279896511229	0.4554165518547568
0.7235752165574133	0.9305957894281803	0.40540835661381003	0.060009066475890216	0.37763305854913
0.8782342330147052	0.5825406473711824	0.5836676003021978	0.11764655317668238	0.016384071859447125
0.6231639439246718	0.41302060749854796	0.6525006181344487	0.7206184437281629	0.44302286706740623
0.44218678060567185	0.4819772471517524	0.13697510202849428	0.876357902923438	0.6195469847383965
0.8038737703944134	0.8608485478005863	0.301075808220176	0.4786987221038581	0.3630151246953206
0.5596602465737679	0.5989975910320492	0.8559933955366043	0.4356120134337971	0.7992392189974225
0.6627544188871692	0.24485618362372585	0.5283474528669163	0.6310278029556251	0.8902828067819206
0.8338144434960785	0.7602515302405239	0.5255696516815718	0.28105729247109734	0.16043819330958542
0.5266002073441668	0.43085219901422245	0.13870908848628205	0.154740700247051	0.9418661270681304
0.4511043898501169	0.31258322474938083	0.3366495083235963	0.939876036848078	0.5514022939827565
	0.5026660951985799	0.9356277632665989	0.773168845908922	0.39826327802228034
0.9676988100784141	0.4252687413941576	0.7167803410149781	0.6935660870272711	0.09744699951459235
0.9700958886560727	0.1545344852095697	0.9721689091228521	0.4858128295399985	0.9863747295689894
0.7492280670514903	0.3062883300160908	0.5156068813782706	0.15185435627772248	0.21773360928541374
0.9675227387769625	0.41712806241495204	0.4244785514961834	0.3936475079639796	0.15721864344208836
0.8831362182113562	0.2534692638713686	0.9516757342981987	0.8429086605418252	0.6028520490098831
0.3627498591225188	0.8618938013943245	0.6091804225182532	0.5997119310170006	0.0214887288590897
0.8228834264814519	0.6471062734366813	0.714620504484627	0.4609526414746722	0.20271564441920953
0.29306780357342477	0.34023209850219305	0.01609515521160254	0.7383938061484773	0.9998940860811778
0.3645626573937234	0.7068073905158735	0.05169535568574091	0.39177758539560603	0.7219970097662279
0.6751547004839269	0.012064419615992472	0.013991632876898974	0.1380306977164344	0.8254621547177372
0.9518359896622035	0.3703478386858131	0.9573832330004238	0.8889296065557618	0.4048174239854647
0.6250490418460188	0.6863997504336719	0.5265305352282101	0.5702459708999051	0.1301933818491836
0.16618709210804095	0.5558781621331078	0.29102985032012296	0.09965343165772134	0.9635438357708772
0.10836839541432586	0.0397679904713415	0.781096322132884	0.36032316181074275	0.6752903833012504
0.10109445855857369	0.1813466966143754	0.07757576093999885	0.876281900247754	0.6640728219672726
0.3129031303946789	0.40417738922068847	0.16573718693294148	0.4641064946378527	0.9430903017330065
0.5527664177009061	0.22772570167899187	0.11842149194118379	0.5558395422000222	0.3952757817054976
0.783320696125172	0.7866802364330842	0.07512944463034188	0.9818470199077428	0.5912329019073234
0.07978199228045235	0.4074471237083993	0.27876668003813343	0.6823103298337876	0.5969027263721995
0.47627919079261094	0.20849333889530874	0.5056412972327563	0.22707516505879644	0.6912387294976252
0.5423461183691178	0.022978839480109592	0.9000481424920225	0.35294814341716263	0.22023891593399192
0.6369172866614596	0.6698951153052973	0.8206902922349943	0.532635663712007	0.8758513644060892
0.6456930261192453	0.5855555492692832	0.26895798907468826	0.8014305961153071	0.19773613690901615
0.9314764741589913	0.3357186290070021	0.6059043570134793	0.36528978710539506	0.34762573191304114
0.5762037414262258	0.8284956545680584	0.9935858913737449	0.9128016775465981	0.6158007488917763
0.4052577487497434	0.0483796719905385	0.5291723293953962	0.937018031822457	0.3202436250509484
0.7640731488300415	0.826924540907382	0.4792019429671217	0.3297188577519281	0.4680461113448343
0.28773520999552094	0.7477242016812691	0.49218034927066634	0.3750202519264624	0.04798162648968962
0.8980755014945829	0.6475297290952962	0.8942588760109196	0.5522176058413898	0.8507142242782395
	0.9110639802124008	0.22966464177036616	0.3506910469494344	0.983852932653799
0.5070266468845651	0.34298493437318867	0.07801248782318204	0.03689399831805107	0.005969947041707946
0.5802851046502189	0.031213825429460718	0.9970366267749313	0.288296896864102	0.008659191977463676
	0.35354199611379034	0.38150885579210225	0.9226276965768868	0.15331411976292086
0.18132916349418293	0.28427349680622893	0.9516609718658725	0.2100118859997575	0.3866758304559742
0.5012316845497236	0.6708200171898674	0.9159661398496691	0.7946515002208258	0.5661568138062338
0.41469038971839856	0.16064257582640662	0.9101280595743187	0.16800093788953285	0.8338246804233194
0.44116093598357653	0.09487089877010824	0.1692150048721044	0.05422950978345087	0.6332877638611617
0.8651103134819286	0.9150082229098697	0.8107190738723341	0.23606241691612573	0.5661467563020055
0.2292334240873728	0.77057628143756	0.6643795805512382	0.13471730892367595	0.8897864274200267
	0.33456867063769213	0.3774170877945333	0.35876317362235954	0.5010737922262131
0.32914955226066744	0.025169524653673725	0.634688348775983	0.38088012993440923	0.43747410705706946
0.7346240897617584	0.791780136366196	0.09962177661325011	0.3022215903133785	0.38951286297175447
0.7002566714313682	0.6459021785244798	0.8372754392390045	0.08451739711197492	0.9269431413062601
0.26810445703175845	0.565945502017518	0.7497888614478965	0.790405082732899	0.9621377086108824
0.2966782845073602	0.5842643728715403	0.2738539842345876	0.17820065393298978	0.6341016462588596
0.5581474500224508	0.1536160966206247	0.288968367217565	0.7122478468645905	0.29700685751042843
0.8732297071693411	0.18146525428899773	0.2747493763912544	0.8128588105876601	0.3562731761465284
0.8142825142995979	0.6105493130033479	0.9666813091781	0.18944424587054187	0.5491023122124704
0.506333806951749	0.031465303211694606	0.2111976161776613	0.4925067350074812	0.47714264639385395
0.9294764315479479	0.232830728975164	0.1930082851598467	0.7642902857934891	0.6655475516960501
	0.9003829948684621	0.8652781275184641	0.31709102835553404	0.37557966570075274
0.35916109369638227	0.9685493815631719	0.19693865495520158	0.14853969762155605	0.208723839391874
0.9098480818327188	0.7503691829447267	0.30407612951497875	0.05209866002624619	0.1964902043690251
	0.6773555219197555	0.37042437509708326	0.20939041772446165	0.8717441927055555
0.7751243336699352	0.6039205952476054	0.4902740045392848	0.13639360143122337	0.7515023708093601
0.5890748454660731	0.4360730767798411	0.8049539116436578	0.6083174689056583	0.16266104288117356
0.30765505335897836	0.27445632984136736	0.8795525501840764	0.2188215554798426	0.7595356308829362
0.417653983290746	0.8766569030309928	0.7732162424835676	0.053405897944134084	0.9476794717922256
0.7723664499258305	0.11930517075784008	0.4526462402018291	0.9982512449639586	0.046309705065047946
0.22513718015768502	0.6496133399829821	0.21464212301817476	0.005915333992858929	0.569143909129675
0.18165774483762864	0.48159766985345587	0.2966361610387527	0.40748753619336997	0.872308039487485
0.7312249785738388	0.6892965217138602	0.6917485174632444	0.39805303426520455	0.36105334309215753
0.8818361825162376	0.041033993867493734	0.5879605433635474	0.46705604167259196	0.7563928009852365
0.40630516025903896	0.3451780976715999	0.21341785355207388	0.664337876478258	0.282774561238441
0.7480473665734214	0.7939915652230015	0.6382354450783113	0.6065210030518597	0.9046577648092566
0.9869038566531841	0.2784468155907993	0.35720946326978786	0.35248634281937863	0.1970754531366603
0.9973686280379827	0.8023197518576722	0.0597400996935582	0.6753254033894832	0.854770973235295
0.19134347279721686	0.5204805268576063	0.6741477492790654	0.9660775545151061	0.4826356889706611
0.7444940872342448	0.9551720908320368	0.5988641683387941	0.3047984911083522	0.6007184526967365
0.4423608921316523	0.6388328470730762	0.6480060615050193	0.5361347191061783	0.9175570800915411
0.63856866203467	0.6650654956407807	0.5089503744279984	0.07201962841776943	0.19233585828560806
0.8015699158922084	0.7221968225873238	0.027577822192216273	0.3224504981017541	0.24146072356815795
0.9955790003416896	0.4191107392424085	0.04452494863377887	0.8005657867193968	0.64171513879536
0.21418071539569117	0.008191494795914633	0.16166398181816777	0.2812385124691801	0.2917886471556922
0.49134207331052326	0.5378856324428054	0.06397220851685936	0.4570220521341658	0.22413762738873988
0.29248460298748635	0.9308575325076134	0.4639490216667851	0.31013594464022964	0.07049501914167788
0.08271490587437202	0.8805850974594449	0.15666840821089	0.3353757124334027	0.41027768968549794
0.32741354610116347	0.8679367963767056	0.7658691453906313	0.6250583188901162	0.9370228197952233
0.08300486415756814	0.6233198929046162	0.20829053478449688	0.4183873576843018	0.5139845697601302
0.5025380973441372	0.7773656176662896	0.32350668496095314	0.42265617691623814	0.3695310269285781
0.8130834164674599	0.2016344912761674	0.8537780221945728	0.35752544047277646	0.9850432026360952
0.2739638161835416	0.017997999113871677	0.5546741722763184	0.6727696341869365	0.18998306324881664
0.3958199539931495	0.49608787028099255	0.5064205652246786	0.008029153154666901	0.8129840277241703
0.4373555354746139	0.07441072627186052	0.4870322303223653	0.051318547923355884	0.7884978687436179
	0.7466121189745005	0.286261865698498	0.07020998308245063	0.9216842429346949
0.3372866507545459	0.389054961947655	0.32458244717263307	0.594023349867268	0.8466676128197099
0.22874961418635487	0.4841956084852982	0.6523667942956833	0.8116623421148714	0.3186310392842717
0.8396816638161153	0.09053868990425118	0.11344850989530064	0.133246445730137	0.1654007535165294
0.6780523265571239	0.5229979546306023	0.22792436626416512	0.6817347615663198	0.3995331793970506
0.06076275183606772	0.1691962153090678	0.6998564800811125	0.7931127083887506	0.5337205130336926
0.43256400178219656	0.26403849644584276	0.5691713710541982	0.3292707610850275	0.7405362976087096
0.7012581231284728	0.9223873808286603	0.9158011021458765	0.9185567596862954	0.5965992479243488
0.6059083365082257	0.37535593746735463	0.9266503606743874	0.49332574597012013	0.09270113011901804
	0.8155007575307676	0.050253626320066136	0.04060062770737627	0.9847939222418876
	0.5802604622274037	0.7263148744230353	0.12166114875738343	0.9391423095866938
0.4734836979741127	0.035872209109020115	0.6515821814465774	0.8792273378334574	0.13284032500104237
0.5743060787855577	0.727109121284733	0.8518498514917732	0.09225452764948527	0.20543356930817958
0.6181920182193114	0.1788910442946703	0.5350822133733709	0.4093192464421862	0.7355302571605569
0.07844653596287732	0.5150066035812171	0.298891102257995	0.5997780885993708	0.5003450940330917
0.22118495812449468	0.5139540437617731	0.846237178767478	0.3469455255618671	0.0977221862039126
0.06875258648451721	0.8155375263777673	0.3839267168916194	0.7576385720494107	0.23507026600157066
0.47329150823646526	0.6990375821907509	0.8646250290892178	0.6996128780976915	0.7450877494784469
0.022653084765561604	0.161451435171441	0.17719134626004285	0.5920430607791911	0.14141987832555802
0.02015746287653697	0.6809565007733565	0.8799754100936876	0.3464963448033008	0.5352586698996497
0.5639234722874328	0.1903678914484731	0.09672708295889731	0.9573507333416104	0.3046874575919104
0.8030946987205706	0.5450631464782439	0.2664318884349156	0.8997982476904571	0.02027293304487765
0.90479466012561	0.6852847224289974	0.16899492099994873	0.40377809431626543	0.5769165838973727
0.20824289783105532	0.08666007271987664	0.662220640936951	0.6755898360758609	0.39126961368904456
0.2274287226195938	0.08401909143161712	0.48781122366793017	0.4856516860938195	0.11161494791505411
0.8167116765950352	0.02950443378605805	0.9680267525509146	0.03321888184757171	0.5051875558769964
0.7595327869099484	0.5052028581256657	0.3810829298945132	0.8409114501012586	0.36589479703087335
0.5231958321712237	0.9411623497402931	0.26303126010506706	0.3735229738258702	0.7668424164587804
0.37100622206665645	0.9615854537527373	0.41192474895106557	0.5764980527166207	0.6242259242481614
	0.6661131251555121	0.6885541188324638	0.7560976230902641	0.9860575891040185
0.03283337183519219	0.24092284927355456	0.8576934109542672	0.06591460141076588	0.008389695795679608
0.4507867063869905	0.2345912298455579	0.10619011527694544	0.9474288889803033	0.1782393052669532
0.5132281459366185	0.855726253128066	0.6304549060122551	0.5998143313708945	0.9489396842278459
0.07621407751820608	0.6915250237609321	0.5206982786313857	0.847643718901107	0.40665503868341324
0.21027052733659946	0.7057521721403142	0.026539823360539616	0.8281487261089532	0.7664598148186345
0.15473384900037868	0.4427840734143057	0.515972222210295	0.5366395773817608	0.667921486039511
0.3266374742396039	0.19879887481360858	0.8640866426957101	0.12920878132107116	0.03699444014249498
0.6535852437904712	0.036807109211780875	0.1605710925975219	0.6916217325634906	0.3385966689783234
0.9679566349864259	0.13758357715218483	0.34418358626486045	0.030973646810890543	0.014771569920604244
0.6343790755409859	0.8170194974860582	0.38414451832191454	0.45507253987676166	0.06174993869117151
0.4992964287382593	0.5773420608496076	0.8760479421481336	0.591951053628685	0.609888182147102
	0.6421462777236601	0.7949365739902233	0.22285588587547167	0.4172145220348108
0.22704773113917232	0.984599886094067	0.5657070352392023	0.31532607531613965	0.591059638337171
0.8268668119837393	0.6165076921225873	0.14822996266541344	0.4984554121971386	0.598490895348478
0.06804717616019229	0.9024347823403549	0.8707126305102587	0.8227552643608912	0.17378957513751692
0.16139225767714105	0.6541749104800754	0.5324469591803327	0.2073733065326614	0.5725133434793176
0.10568854452229237	0.891718569665305	0.6355606260081845	0.05493299545967245	0.4121595715335138
0.35331907418866937	0.7516150072172627	0.02787538660141653	0.015613426007002329	0.5114818144793836
0.3937753390333021	0.3208890177500524	0.5413894366172196	0.969273072759189	0.7448222931114723
0.18508082462822828	0.2896395401764529	0.1732398413165721	0.06484863331234281	0.31986212791291313
0.32687018436950965	0.28511073996290004	0.2307736547757433	0.37591905717915597	0.901644049786265
0.6704151242800858	0.9045214355327528	0.30155408253070104	0.5728200396293133	0.4554684102411264
0.4793793049451128	0.2542834206747302	0.05198480669604166	0.08276614236671243	0.2869146081977185
0.15501734621473817	0.3953068237763895	0.26840081098963087	0.5181704011811369	0.9774853839292027
0.6238832781088449	0.6133987011614644	0.26813740994653557	0.3224580458212356	0.08742526064806799
0.7173251741394783	0.19582882395755086	0.5700061050478271	0.4983641134264415	0.9656668578004771
0.9841942527035169	0.8698743942462335	0.8445481911228522	0.8901538091901701	0.10724624404300631
0.9778528148453253	0.3378385971641833	0.5713239510863797	0.17597296506704607	0.6793253533961376
0.15080307736590381	0.6885676831651558	0.016788378856705033	0.9876691642190987	0.8096164389931679
0.37739442843861415	0.7036687747118407	0.058453087945011584	0.6806376248880314	0.22475663683098568
0.29146175041490097	0.37798472187090126	0.9967565976123589	0.9044404773710631	0.7115096882287483
0.4322073967308049	0.9857783337889556	0.5895867531235962	0.7377138282677504	0.49643562237773675
0.02221534413100501	0.7595333513122741	0.1491997844024422	0.4357449813630214	0.8001472634033648
0.4622175583946767	0.3473931661658657	0.7781129682832704	0.0656294034440984	0.4572867202168155
0.504658747241267	0.16129746020393787	0.9739313893470929	0.6952966440767699	0.19971380420537188
0.36552781119128874	0.543076518945639	0.34989071666287574	0.3645380168945249	0.056272645367484
0.22369065543115907	0.12522656710434366	0.3523478142422831	0.5607470438176008	0.4020177165771539
0.6704779048099635	0.5370680526415414	0.53503013143155	0.6681820108620127	0.8876185868975109
0.8509399259602843	0.16626221128622032	0.9885814748462858	0.6597865694266439	0.5634090452069573
0.3690831266910305	0.06190173562103529	0.9629451219333417	0.6624598378011419	0.5806438224608014
0.5114743023637426	0.06212852537457725	0.12154028134309025	0.36880364651743236	0.45314974454884693
0.9184746817139341	0.35431398846104334	0.3318844142917493	0.8218667160699634	0.41180662621646036
0.06661746774660737	0.5880089468616602	0.29822362895144816	0.013212493717247531	0.32711703368642575
0.2603821785385071	0.18922314240760718	0.9538959449984243	0.5558336411664632	0.4655134949832884
0.2232666845516822	0.28062579855168135	0.4917566549876011	0.6283981813968204	0.6907027025440652
0.5875926319555096	0.4578762206824921	0.10901850918981792	0.03870908770453185	0.9328290909531669
0.1416962012724844	0.6065422548383346	0.743205987513503	0.6165790251083911	0.03728159430808742
0.8609922325758843	0.08745070855115988	0.5098165808525238	0.26866778970414473	0.37735683506036843
0.08518534435027503	0.4725874722098331	0.5250009056154752	0.5244805237837944	0.82687337243274
0.6672376886370559	0.12207941584020854	0.5154842374279842	0.4344680299545117	0.41021921830560126
0.5728739717025103	0.07436086471398873	0.11329265218496465	0.789296147307481	0.901423085569846
0.6175723746282721	0.29231959949906894	0.023809122907623603	0.03233737318162333	0.20111294134364577
	0.9416329853020675	0.7199440676418719	0.3672642429147924	0.02738082989103252
0.3079856385396291	0.05720657335942725	0.5206267358023604	0.6084024259779455	0.3656688757492783
0.12840518838772375	0.5368209991884183	0.34459221595823375	0.45399805412343064	0.2725790992501229
0.6648616062853901	0.017869577860761154	0.11329429619905695	0.788808534383685	0.5999324172397151
0.6466494600077842	0.2332841404280258	0.2277603811565816	0.11540579725726163	0.20753810365412895
0.48909478293318054	0.4234096506558387	0.297713185025276	0.44138190049238957	0.52229365674194
0.7460434780218327	0.8547275931861175	0.47456369924746544	0.028456936844802327	0.8463507243150643
0.0301872310290503	0.100810500445216	0.9620316929288228	0.2339115306961541	0.31860212311782354
	0.551750375738989	0.9907560516692623	0.8162017128679386	0.1182080130940093
	0.38824795442878524	0.34863842827001046	0.24905796467486263	0.10798790250573032
0.9278033348964716	0.1363615957078288	0.6802906417767521	0.2950306682514223	0.09339811194791958
0.1621783481057013	0.23909535043283803	0.5661579956556569	0.3658608544890145	0.5823692814481569
0.15100834039703603	0.33679060420154006	0.5855190710751178	0.9490378460985965	0.824453245273631
0.11656567505274917	0.8700867000796685	0.8306996235538843	0.48441837578303293	0.7697766734234107
0.15688145399468822	0.10139659199395945	0.3144835752939448	0.40356975573859444	0.26660041515125954
0.5493543085876194	0.19797843050195052	0.11112377067126988	0.609176643636997	0.9184979037848247
0.6953289575662029	0.12677400423438745	0.21615340731018307	0.3719889780615322	0.23599972880486386
0.46096387071956946	0.07463584504897025	0.3481861702007971	0.6721600539733175	0.523502346419718
0.7738139993800336	0.7312049687232982	0.8807501355115408	0.09784385122063732	0.4209866902882786
0.8093773284871251	0.22853557458643703	0.29643486820491305	0.7264848464538347	0.13951222723108958
0.46872546508211255	0.8162753058500453	0.6040394382721048	0.5101653947069205	0.5651020038668954
0.499889670498914	0.41195616031158744	0.3947887621185924	0.720424531631985	0.031315107679879106
0.3785436161675946	0.3582663064854118	0.3457033496888726	0.3880183098348722	0.7456726725616512
0.7907709452126868	0.49289644149615564	0.2707458990386231	0.880855063662818	0.9241369634177732
	0.8019598216157602	0.9972388867426104	0.036637445101467714	0.3573900093673634
0.5049150564999761	0.25937514481729995	0.2070530321276085	0.8426138407183993	0.5550024846287924
0.9810964082736605	0.3708555042962718	0.30838669779371675	0.6553403434414643	0.4239614963537426
0.8915583072807615	0.41163514433972936	0.3300603033552262	0.8454137484439123	0.3171824659657987
0.9996611684856397	0.583545747738244	0.5677763289371303	0.843533382261595	0.4460919340993046
0.8050798313056988	0.4458885366161097	0.24321306270819254	0.21200596770843716	0.9933675114017864
0.2707247571072773	0.8538426478803767	0.44476988627982283	0.871703514840391	0.18092106561271237
0.6338747248922545	0.8652486514353145	0.3675751618618872	0.3441970232278442	0.0832976290601789
0.44201554184484604	0.5866081575144451	0.21055726473903313	0.6604503586317291	0.952479686300882
0.08948056435979734	0.9798073338398637	0.02141139021007432	0.9905597446059922	0.5110974419473032
0.6062908288626656	0.9420483472203904	0.5800184974434637	0.7405574655951782	0.8735190023337018
0.9272634040091481	0.05497539704230148	0.9817292433969899	0.02384290450500348	0.15515928321115602
0.6368247441508751	0.8962327430988273	0.6574265074797526	0.4477321472764454	0.14790223667292013
0.2971517237931114	0.9510478484943022	0.7128309805584109	0.2019378451898277	0.8211632260985023
0.3825642677114903	0.32279630162534645	0.38110449673032265	0.2167297366806068	0.4421711171073992
0.7519868022598911	0.09465503147289589	0.4799342504111931	0.19278752462086046	0.9910695640811997
0.4201432795384722	0.37620308061937624	0.3940649954607546	0.22552846071802635	0.3222403678433432
0.20094128039231496	0.9942599011435651	0.1401864721336149	0.9451078871577159	0.21403345413760422
0.9082966025570812	0.5632233396768107	0.8169307218253723	0.30682875030553103	0.05466538300840906
0.17386046243975195	0.9605893517382023	0.30586023438821186	0.3852136149116867	0.189706053071649
0.7212600960589215	0.27985671020826686	0.2921335896263352	0.509228492353466	0.1617017071287118
0.12119024046750182	0.9475023943825975	0.8805419414412851	0.5584711465966784	0.8721686303424558
0.08036228393876987	0.9581705273700836	0.844853657032011	0.16431218182092322	0.9119408180232488
0.42346293677709324	0.16264744871040127	0.9125493754101603	0.8454021521141771	0.09152048132763968
	0.8398191760910888	0.9611977518945073	0.705381460575708	0.7529536926017003
0.7719866222842164	0.6946052565567539	0.482335631455172	0.7067162405626466	0.23118614054936637
0.521951951477256	0.5696768481732273	0.49714557295622586	0.5798098632966138	0.02122854111934469
	0.7693964920623495	0.2913183128975576	0.5685510407983327	0.6485921641721997
0.8629946466152072	0.7949716254212239	0.32811296595485695	0.3041959582402607	0.13383265071755357
0.2642392994777697	0.8984766406373561	0.20998616315314977	0.26948918915670883	0.44750063141891605
0.8264439910026786	0.9585010829207015	0.5249548198028388	0.3856716600062855	0.7509791895078809
0.12364424183058853	0.6664792151386225	0.6404357783728581	0.8983412909303125	0.31511070080747405
0.4992740327331844	0.8881493305972606	0.8978963220966575	0.28883427980176246	0.2573210806547922
0.40445688338609	0.3994129130504026	0.6241492973285223	0.14654639534829506	0.19360938478136747
	0.8312731434286287	0.2208833539280618	0.5860620454451266	0.708412789637965
0.3043156218373452	0.17870133294049173	0.9898029332561729	0.4357367388193576	0.0635479168109041
0.10718608390306728	0.5305128250778294	0.034741929841522134	0.5210209740551942	0.870779816047784
0.5158227109516579	0.588637349969927	0.17055947562706353	0.7614130545449869	0.35781438867803605
0.459506517266691	0.908478187673748	0.18478224085213268	0.7367064093598801	0.37042293517474356
0.011625908478964053	0.7519877168105094	0.23648832843880574	0.5137734373883732	0.25689019844926697
0.745560321123013	0.5666839309292684	0.12173582509077518	0.23931300288044766	0.45120340893225075
0.9372683178501443	0.6195371841415883	0.8582797806906924	0.9113962078022344	0.38996995670102086
	0.8003046805750982	0.3685569722573415	0.9845861196427337	0.36158658339823124
	0.9879774000377884	0.3714038198278641	0.17779083928328954	0.36784524687596554
0.6039026383500242	0.6449984601578193	0.6938043516751488	0.39153381649850183	0.5058741454467334
0.7868908429862642	0.03435542250722845	0.64158525014888	0.37675807918581283	0.7496035659782083
0.2992646702666145	0.01587159976206931	0.6967564211146191	0.7310112046469005	0.7034382617593077
0.4721361639538776	0.41976266647840366	0.5350495230969907	0.7147742780398665	0.39788251180153955
0.22743176573253288	0.08280118307462536	0.012657529181157923	0.45498502062207724	0.16374499518699825
0.5610021866258608	0.29134667758127064	0.23509402033275417	0.07560804828758128	0.8057585181606164
0.5911682182950626	0.714891479888042	0.003934734077884805	0.7775128910083268	0.19095955162740696
0.10345516564909663	0.16612215053186086	0.9414511522387358	0.1389642092855401	0.7661649966928357
0.10741973959598117	0.9302887314354384	0.06179092529891839	0.42973803911577224	0.9147504975583367
0.5952874622522317	0.7704873509660246	0.5818765884326844	0.544413831458875	0.19660663822397173
0.17935731246403408	0.9515008761521373	0.14359523314143563	0.3365637419359555	0.9557382542095151
0.06827097452458109	0.836138125756283	0.3319606380767022	0.7978507907589598	0.041663703408425734
0.22947856291864377	0.45660312838533446	0.5894355641688839	0.09513994541912985	0.684163053376863
0.20700735886781751	0.9747312779332045	0.7794892537472433	0.11763412586015576	0.8193745641747817
0.5454018720190649	0.921905012414108	0.3939680018430094	0.8970406640152822	0.8401246371496343
0.42115815645548604	0.6593049960702183	0.29079505817139584	0.8332697917363374	0.1632462413721636
0.8239304651185025	0.8687019197118886	0.2836407650627616	0.8057692310997243	0.9843637488546491
0.35124937387065913	0.6746197757493836	0.47716995134833773	0.28473184638964677	0.2217988042453859
0.46886316321754773	0.30168520844080615	0.3056905086003042	0.4110606229733411	0.940342679450702
0.2936398465005997	0.5072245171678265	0.39573274834158856	0.5042921035332905	0.0759722893478928
0.5680886562514575	0.3247073152954051	0.5327741997523273	0.6644071366724913	0.507622961844823
0.6133401667430057	0.02583505534990782	0.8969222375849528	0.1081511835241461	0.6837915757173918
0.8978426449981156	0.7818795855593743	0.2627393762744964	0.4415388910490595	0.9864095131458334
0.26971890734573034	0.46284410101177065	0.5920385420603587	0.5941646899409487	0.6811983906437562
0.1724069965261409	0.6660397094448964	0.814379203077076	0.2942767471656279	0.49175777233933216
0.3567121179323226	0.19379365629981027	0.6166743005857455	0.14995031832533434	0.009421586755231415
0.15180236095049504	0.4374419659071549	0.22167617041367316	0.939128564521613	0.15761703900086044
0.451214158300988	0.5556369261880273	0.3726357495169571	0.5637844831728458	0.04862406670502539
0.8913692226264189	0.23009322574627855	0.6536670284533446	0.5182423575410404	0.4356129838434155
0.8150252816397713	0.06687964089192533	0.38300654231171527	0.01507444168848282	0.9960039995707001
0.3462052464448937	0.9576888951209138	0.0797587110365714	0.3844466387693889	0.9506787154919363
0.30107614239708025	0.18027391955540828	0.7229647622275303	0.4309257609842073	0.405452890167586
0.54258116970039	0.5216124979841207	0.987506926771928	0.4537917605928634	0.8823147705879035
0.40070722394133274	0.16381895468152696	0.9373778499371729	0.4589537463150456	0.6019238983587338
0.14510781922855842	0.8234978208683268	0.46347390107650666	0.39072264668621726	0.22739133089127594
0.7189063367915032	0.14242157471891603	0.23698702909217684	0.30117942905469774	0.5754329849363218
0.9332278830643012	0.8185182529013474	0.1815823878587859	0.44088813314840913	0.323532893505883
0.9579240133795889	0.8848137011222355	0.28340332339917407	0.49560855576017915	0.6448207077146765
0.4490262619139078	0.21201493566297713	0.33847164707373834	0.5707757163126963	0.422328635091304
	0.2449025064099135	0.2624251482545539	0.6812259655436177	0.5572102236117716
0.7270382563081972	0.08398588599791745	0.6915252869398885	0.729744773511649	0.6139044368347191
0.2637673132205046	0.33728211458238433	0.843988703632346	0.22839997056563932	0.6060509551300286
0.19920702134764545	0.059962366012009105	0.49951780148637737	0.6044264153993927	0.7923393588303025
0.4543321694913315	0.958216013288232	0.9560667990479628	0.5209794570839679	0.12286652990883862
0.2622688107576784	0.91700967827714	0.0035342383371911312	0.3692016058459122	0.10877466148149872
0.6165943387334641	0.5920370954765614	0.16705820497529877	0.5823640091397242	0.1378276588615932
0.3735464609690332	0.4040336746323082	0.7973730855092496	0.009597892704520827	0.6898385472079495
0.9614335225970764	0.721567025848357	0.5648083366287113	0.3985397803736166	0.8271958658191615
0.48946245499634167	0.02599859371491986	0.7233899083886707	0.9387479058883388	0.5986892670197653
0.7976916523406667	0.47721794362986925	0.2346057069816866	0.796020910131359	0.26545350945496793
0.545241440731257	0.36444020532472654	0.9024469662768393	0.8778817217594765	0.2257736695664866
	0.449963965856654	0.5916292377845734	0.3882597975929373	0.7408505191417607
0.9985525847700267	0.8583945205186093	0.6008349319590467	0.019944583789103576	0.10606642623345197
0.574588013760184	0.8037957354372045	0.3602908953094397	0.12278462861635275	0.804699095889033
0.09202632471079375	0.7656145349905942	0.5265946154851255	0.5275311222877308	0.4084328565106574
0.03310709047312177	0.725722917976184	0.8380174079614372	0.8239311773790915	0.9475283615845337
0.31582523428540366	0.21229480508965315	0.07362737956231191	0.9123943784970903	0.5044876388592447
0.2614825550763964	0.8039424538714497	0.8334444476369702	0.2182981030608181	0.12389516304504233
0.024630586270526944	0.4848446498156104	0.16852680774759365	0.9046821203531014	0.16757011518767395
0.1870429160551742	0.2562072930354544	0.8256606406814108	0.14723478630887432	0.1158030050625134
0.8377301661785478	0.8638696416973116	0.2475672973978188	0.482229727812575	0.6769226186008783
0.9013884202395448	0.8164664563667211	0.10946263613323792	0.06313705679836024	0.14867812007812053
0.960774254894278	0.6282027406984378	0.8295166519512495	0.8889341739668501	0.4412959670813288
0.4330250298981583	0.6589225340394775	0.8312657235619719	0.9567317031285754	0.7419099726543931
0.22209221848798044	0.9899409265968144	0.4973339920169082	0.6708819105040309	0.3973625993694604
0.1277519715738853	0.5196908475380685	0.6629234396233242	0.2741657244893867	0.501199278285713
0.7027119844806172	0.5036289316885	0.16429593269074172	0.5131616424061076	0.3652776159572353
0.462630429716694	0.25555857990154984	0.8018133874748986	0.7441750421728367	0.0573988640907922
0.3040309799040236	0.6426331000434828	0.7967914934306676	0.07791267317381456	0.983355977439002
0.24477544823528885	0.036147525158941596	0.13580991199611958	0.9042446803553288	0.32091896339231774
0.5742832808753244	0.5165284572886656	0.6571027059929447	0.5906198213825405	0.6816429468241253
0.16443601778845496	0.17665226108655296	0.44811194521533737	0.12964665473595194	0.4919077829278805
0.5530972545825924	0.16107076238425633	0.5127784956095515	0.6575288403691989	0.6820191361805937
	0.9931931979897338	0.558088770153766	0.3882490910731311	0.7486736973150413
0.33567107083108705	0.5774054876963619	0.9436903876012511	0.17032987493530105	0.43117875018043605
0.22277983260558476	0.20808825784875074	0.42696973195272203	0.34658633539906325	0.9521326908253916
	0.5204175516969318	0.9030512091180748	0.7981119980618414	0.9187271223212576
0.3341084242972473	0.005868944747270288	0.9112310089431588	0.48833979299322816	0.6185014867207029
0.39359857027131473	0.3879932125307347	0.5954081275495983	0.1427665560280743	0.13980057545849112
0.41483420690375716	0.278319932435912	0.6424649938111463	0.23173352519668122	0.6649013746263087
0.11483205168828559	0.6967243392741641	0.6340214975424083	0.4552470816910712	0.5270229942698731
0.35180669892833105	0.6777947546696419	0.7883892471368116	0.4736325651626987	0.18657609232897787
0.07637930966657913	0.42898247374423726	0.10501534788667921	0.7155419259503217	0.5481358799689068
	0.6224615773269092	0.8251937851526577	0.9371073348385409	0.8162183699684568
0.5132585291715158	0.049658436210475165	0.04111159915787199	0.5978951437715646	0.2116551305391573
0.016946008203347795	0.30728273803030615	0.8869557825280314	0.48518175578174916	0.24429575560399397
0.46255457570143477	0.0506996227744424	0.8863092828986979	0.2870843100702547	0.5239474644511857
0.16582166578205149	0.6149497016722612	0.07798347322573462	0.7716045592901695	0.895642118996266
0.5403897943735663	0.3652292313160439	0.7926120794702887	0.7681900843789916	0.3764427641554092
0.5282501378660999	0.12536575721065957	0.2248569442752062	0.8766904962785558	0.8963711248630264
0.7746488220501359	0.4482777658342483	0.26616067806790755	0.16325579200156604	0.09754139263464445
0.033228944655602555	0.32394375868818215	0.3705845620084771	0.9399076464180933	0.29583495751255984
0.581115453314496	0.6785308320710974	0.46538156637375605	0.5744865724743922	0.22718059481530006
0.9136811117623176	0.8455382671445203	0.29883114604659733	0.6907030670236277	0.8346554220595382
0.8782172862459968	0.6654762619635617	0.19495413423003405	0.6500884289124681	0.10057172897929356
0.04002502971036981	0.41164046089536355	0.25093044648735907	0.5327259352816229	0.05788834337532445
0.5334110138255937	0.5670691562232595	0.48034828634995286	0.5554771652914867	0.918731117690607
0.6957504181126763	0.015201080582915694	0.534778952913353	0.048260002336231955	0.27672472119872726
0.6824232851327131	0.39380473741687594	0.42337165393742404	0.5696147954275731	0.5179312035896011
	0.8397094854276143	0.8505192041507353	0.07256468779651559	0.1748834201966989
0.14079651827977258	0.8926073529470645	0.36651222538135086	0.3507460130405625	0.6400644169824268
0.08873119800050044	0.9179814676449719	0.8819799295898603	0.7232638054642958	0.9640889338837405
0.46449195507974095	0.5803395108374345	0.23801729630381796	0.6762100385400158	0.6096769093250515
0.9254145334272534	0.7098503071068075	0.23910041258578307	0.2854156363641781	0.6156745854489496
0.9323802931755676	0.4962919052200573	0.5938759098310873	0.07796268107044135	0.7880250647060363
0.43797779293650607	0.7312175952499881	0.4203243342291434	0.7213261065188886	0.8643994137662313
0.8715627372626982	0.9701606995979344	0.8065493771996466	0.10814867133040729	0.23173589575939846
	0.9562789210923633	0.9060011277607527	0.6708621215000291	0.23962450273231317
0.6279025444897779	0.0713586132110341	0.9731049911955443	0.10534554426294784	0.31453247927670414
0.5642284201090529	0.3204161320787111	0.372506209415583	0.3467898436445165	0.4385064751318112
0.787854155400717	0.7976613813796064	0.18670851337477645	0.2466076468367746	0.6780984940697693
0.6844160083248145	0.16788691278111745	0.7585841725391285	0.37257190716052935	0.600433106769034
0.7953060801870802	0.06727128345321465	0.600175098033401	0.058169890658407386	0.009417975328889105
	0.6113186768061	0.2557639764293831	0.8253515952984132	0.8766764945787989
0.6919361414843626	0.43331441645220214	0.10955713193004624	0.2626105602835713	0.8975967961299357
0.8544734892765682	0.7389530104203541	0.42196382451016967	0.5253411505089078	0.769412123071981
0.3749329040607773	0.9143349777060625	0.22575254107889942	0.928157281194282	0.37579024807458694
0.6538198766958334	0.5076836101956961	0.8286526885839678	0.6199345743418196	0.9981203635262715
0.1626293375444715	0.5648558913123827	0.4733421779980086	0.7750738653169076	0.40009778337243596
0.35823738212042355	0.5662364128898789	0.5350622569329281	0.5894731680951957	0.5142455794405895
0.48230096266410405	0.03196695446625519	0.42971531509880123	0.36790757784447947	0.4394378721066581
0.8216099826015661	0.1681434323035882	0.6291937350275183	0.3434556076925006	0.2921123573526605
0.20111218540917397	0.04375235582023074	0.7630152875332816	0.4767614786334955	0.5185175820055596
0.5578216203004984	0.273246279928522	0.9687799452665949	0.950358877155035	0.052835113917813925
0.5958348946187576	0.22128872727512383	0.49461118149704886	0.93326154400075	0.9438957668481821
0.37579634424720143	0.5054016060201157	0.318222240320574	0.15637311064177584	0.9665273718455105
0.9651414466140629	0.3257306757470646	0.49980606915503323	0.17494339297578587	0.09967674656148362
0.8764388771454679	0.6952308868517634	0.31767400673881374	0.05643790144166183	0.13517766163413192
0.13675970809075266	0.9593847036441815	0.6773438157978585	0.860090489443359	0.2347903189952235
0.5584858572045933	0.7159190913437466	0.8452416386217582	0.3643268623624728	0.7949230504093154
0.7453388693745683	0.7736143029733087	0.3443836607174672	0.11306878317816982	0.3318369274864802
0.24500856781694946	0.6303033382575822	0.9914422545197762	0.6440584240357128	0.04857474818982932
0.7207031141616687	0.7544152073845927	0.9652978213621194	0.6392810253705821	0.9519151294423639
0.9859964311559904	0.48155404049646333	0.10399104036029339	0.8978344690777063	0.19959374884287506
	0.3037321279328532	0.08711809643454116	0.7743845985386946	0.6034786530170616
0.28164614475577476	0.3827533956047521	0.4822184397636673	0.86008610841669	0.05502880894672424
0.8094629872862744	0.2972275917330489	0.9107224695593918	0.5599357782341639	0.39026942797786235
0.4522449292649301	0.43816714000002044	0.8976362032363824	0.9561727912789655	0.8484910467966493
0.2585383400285822	0.6007778091533115	0.4614668576191089	0.6800758051723945	0.571120131702204
0.14990254773179523	0.4459799150493291	0.8279957103679352	0.8819542418254054	0.21569572942672322
0.9487707895489561	0.1774945445120626	0.6481993197671497	0.019097931725632677	0.7016678025934562
0.8862268188507627	0.5571375699992548	0.6207971220122434	0.5209655668877479	0.1640216107814063
0.9742955508796237	0.2769793928333819	0.0481397382366765	0.20603230926787952	0.5164407053423736
0.44209092710613584	0.537788641791837	0.2506632052831975	0.21589614454510786	0.0335669516563053
0.6645414072517731	0.15575229401157709	0.33475051144680745	0.17106813851443303	0.378131570715014
0.5231012614221843	0.038286401133278414	0.35142160793240773	0.4704924940458567	0.9978583389184648
0.1979113212489202	0.26382163121937396	0.29849070437410874	0.8270446781059627	0.3992003443394826
0.7593068658637842	0.5506199135534585	0.9801952705227616	0.8647695979438648	0.08466852529585
	0.5173417507065935	0.060173020154366985	0.23556399707046938	0.9884468365034742
0.029171410107409423	0.11510217282729951	0.5091350453253014	0.9683257079342266	0.7253181591862292
0.8720413983700032	0.8671559169164272	0.19269406223943408	0.9991700984753127	0.7762446445105677
0.9050199671624691	0.546456400810508	0.5826227019065433	0.56468559127994	0.1574939895677504
0.13931808009948854	0.2002510704150151	0.4173077919383147	0.12000829370800759	0.6134670964822025
0.3793026560509014	0.9801144994112918	0.11203423963424886	0.9608540351588263	0.7919358740313458
	0.7075564896706873	0.2867109122790582	0.007768014208774043	0.7251005360495898
	0.5285559329554947	0.5185275184878702	0.7676647965575479	0.5903218768328783
0.6865054021804629	0.9420065137552462	0.9842617125502414	0.010414855601006412	0.5861672885780732
	0.8059139568073664	0.6421407792731926	0.8901025918194141	0.9384820852852018
0.9101202422543451	0.1586415064640604	0.40680800859032773	0.5536254792233543	0.7653384518694644
0.0074633355460330675	0.4526104707733011	0.39858741589124724	0.21697218726558598	0.9695945795321435
0.7658348502944828	0.33067267198206773	0.27969167593831834	0.8519411889916865	0.8637563488001322
0.8300430934489309	0.7339473682356383	0.4305762933808175	0.7597271356997304	0.1828345084438865
0.4549561228250404	0.04367442522569376	0.6872059897621564	0.48924956945630826	0.3927570123431918
0.6330598332710505	0.8504926208075649	0.6331686012873199	0.7892166452959145	0.6883608436313801
0.7649700355391575	0.933469053399023	0.5310250842443023	0.953926880434756	0.12362224588797566
0.27124737065696447	0.22227227922997517	0.01758954562024606	0.4870319256218686	0.4186881434985117
0.4725145018327861	0.628135205718276	0.6886282345217527	0.8369275974425514	0.08510251033619809
0.26727478415628936	0.33284606308672404	0.3768188500293945	0.5369662170527258	0.10767058121912598
0.6205844874916915	0.9488777445243048	0.29785536873640117	0.9044896228718962	0.6597259949873038
0.10875323875728071	0.9181902220240128	0.23216884629783419	0.9116516751821001	0.2520344932617522
0.37479967431179273	0.48367561508320733	0.2598142626426183	0.5754407011626302	0.8524719360973698
0.9050751572321133	0.6834998745598185	0.47930502038773004	0.49838865785951947	0.028902029113946792
0.4282288718901337	0.4371801606484914	0.7803107328466872	0.18667507112506831	0.17146602452077853
0.00687271809551615	0.18112755819779736	0.24850510345841126	0.7191233641163175	0.3163126544165402
0.9684316382691683	0.3530723660848766	0.501213705799085	0.9619213630960696	0.47011582662576157
0.45438621450668215	0.7626110943047297	0.7200076184087686	0.9192308160380963	0.5078114848155432
	0.016142950145232482	0.28278379163194933	0.5729014134935221	0.09904318537427204
0.7016637202747886	0.0038151053195988327	0.3218081438978949	0.6880414011994284	0.29731976387707537
0.09289841817662825	0.6052668991642258	0.5452281592659991	0.7627354319163825	0.5694231329764194
0.4655823079457023	0.3295458310543179	0.26503684569545316	0.42679357720126343	0.8104556222949981
0.07917837016555229	0.709806369630076	0.39124794460231893	0.2640270449562696	0.8444227811771345
0.5881075509265183	0.5757339764172302	0.5658400902944859	0.7605369569330903	0.8706776756482797
0.017982013246080508	0.9664102321851611	0.9181668414826347	0.0168904082326905	0.949552769571902
0.9810309611260607	0.7632958188241952	0.8410560239170225	0.4235698420984071	0.6404115583086214
0.23895687229852003	0.4203803191343195	0.25527003319590547	0.2612624293311252	0.0014755463658713275
0.7851936024810993	0.43452320769181074	0.6268430556881298	0.9632629116169954	0.08621202960775165
0.44684981389697886	0.2644417789015405	0.8520143094858987	0.11274392768410557	0.09560265415803149
0.23373456197592035	0.931180149882467	0.651949274974429	0.9403452671350263	0.07727933415644894
0.5771779474609726	0.3914751989773744	0.04342059379906538	0.6334877924386726	0.49664818624080587
0.18509016422416125	0.8358997928798856	0.5365967436474052	0.5843898635763349	0.8186508071759878
0.07984536544733933	0.6323301753558594	0.2056905636644748	0.8891204741306357	0.7672593907397918
0.8738627493197254	0.8635918550118578	0.698298888056884	0.8346276054621267	0.3359288916979135
0.5377647806912954	0.07796737802605247	0.6370387836274315	0.42964641767741885	0.8819683830249231
0.7117318381088353	0.9569462239600445	0.20349778198333346	0.40065219953427655	0.7925039515617847
	0.9437715642413977	0.29115412503674276	0.7006483595071248	0.6769375620885483
0.6571539288272401	0.19073613973728065	0.6549804608102935	0.180240783947486	0.3907157499895204
0.7399255560939734	0.6348524363041057	0.015004288569120838	0.6382095642864389	0.48269788933729874
0.3734288195826394	0.8470365741308593	0.7771451471783193	0.9826366623497363	0.22302324486521252
0.3917461391350956	0.10500501842563881	0.3734305647158277	0.2715003372374568	0.24233988772898174
0.560713367102616	0.6065723980105566	0.9188057277868168	0.14229207781956754	0.4046006112088265
0.24327848044463574	0.10754262577237494	0.8198522121522483	0.6929552400413339	0.07343431363931585
	0.42280439998157227	0.23962761458521709	0.865788489512538	0.006054934097368347
0.9859018604157422	0.8053112916731812	0.14886986750819975	0.10565222966301246	0.51918809335017
0.532008034904353	0.6420083292642984	0.8690449454277842	0.6634281078665248	0.6668229219425449
	0.039777811438897914	0.366152716275707	0.9033153234406023	0.14370712109851813
0.007632071513904437	0.8724352994558795	0.5171470814626483	0.1479920430291446	0.8847765030729356
0.3538684278475196	0.8304804081037627	0.9323663330269351	0.7837954984997446	0.1331225593668236
0.7540348845019275	0.7208975211689012	0.22556803437363848	0.5204861939916581	0.8560166558136448
0.6021906959203613	0.05376520547797814	0.9030457692255827	0.032930595785320205	0.9204097991677405
0.08751491789300203	0.8048856563718882	0.34656407674208434	0.3880162854914643	0.024990338672514878
0.45682323611336006	0.040231750069399386	0.20227402060838806	0.6266391044314245	0.20568255134504754
	0.6846352231307665	0.08646717081945687	0.13495873087659627	0.29753469882726324
0.11508076231450959	0.4684739914391509	0.16490915719867572	0.28176555339791265	0.2215985288858071
0.5103146107193348	0.0012682628674605123	0.19696241824828364	0.3969721884882351	0.3508733888024279
0.5656817253987433	0.07230412205522319	0.47603126239662163	0.5646791486479564	0.48522239645331133
0.12695688776755853	0.48223692654398376	0.32093290057512935	0.9555042584538487	0.5307353346841025
0.296876253173757	0.8933162581225532	0.4795318750424965	0.4882128539330084	0.48831735311448465
0.07303183202408603	0.046195905251490754	0.8414518735492673	0.9494358135628426	0.26131694679939443
0.5876133420110025	0.45171624678818756	0.021045394562943076	0.6937916513450789	0.7441487937590918
0.2541109881842233	0.35767539376760626	0.10290353876092817	0.5917191852091092	0.5466780850921078
0.0929413477571156	0.35642659261597265	0.12307249752809479	0.49923747096034377	0.6457555289719563
0.8426937036639265	0.6744629985871251	0.5697031049609148	0.5635924371443676	0.9797813112437018
0.7539531364797213	0.8977317781030696	0.5123001442523468	0.3552992091252497	0.09005751893050551
0.23883342828805898	0.5974919892609767	0.5158523114010283	0.4821705802209162	0.5183852905448055
0.3419559919664682	0.13955561689090923	0.8323626164649122	0.9327314777023286	0.05790734830220534
0.7399433909040419	0.07291828702577197	0.44242179091983425	0.6553546933960862	0.2635675539622583
0.8180073490205296	0.691763531368146	0.825592219310324	0.9937347275310974	0.5539216267263407
0.533138736487214	0.8838545908837848	0.01091296997517055	0.059446445293044325	0.6615416605616724
0.9011896811843105	0.22705481919890924	0.712865427819358	0.8136250206405925	0.898019846051405
0.4974482323288735	0.7519990476105075	0.6855866602757731	0.5504169501492742	0.14447824078025306
0.1802772644568813	0.6918189565495257	0.10506560465708403	0.38603701908886423	0.059896208626560976
0.032035021343514325	0.5457689338398495	0.11134857570763412	0.43279497344193363	0.43311648027073935
0.6095600348675959	0.8108329876328817	0.8601017547040607	0.024402078383430337	0.2995280728308187
0.38740592186599343	0.8009525625406433	0.04817018804494333	0.2656183292229183	0.03716641872582749
0.5415668928929321	0.19855538244182291	0.70436230554177	0.6606233240546957	0.43020979005749915
0.6388580361627302	0.5282531397792747	0.6004290734726901	0.39801738601250214	0.48903714024242606
0.47796558295343083	0.22111746759652584	0.8833409760116567	0.5032723244349704	0.22341982629598045
0.24009143554262302	0.07791279981713739	0.6438794159238999	0.47004074114557215	0.3448385662457337
0.981421001299369	0.07997083802612803	0.15222277241471394	0.30748814680678527	0.4477856203667844
0.8427749727974175	0.7467589162700047	0.12446114318629542	0.4982121895053513	0.6921740473251673
0.03196770270462734	0.8385660348643246	0.8841423668368309	0.6924625611903965	0.9121433101439242
0.15581445181917053	0.30512753880130017	0.4886758571320927	0.3560846654587818	0.47334091254303734
	0.8394449344412335	0.7923457309253666	0.01190593869979617	0.775708807772935
0.6382396571713407	0.47142022766380576	0.5455035677840204	0.13238613681776878	0.6440505639751505
0.2794717939631558	0.6981374835923548	0.9491997594048198	0.36836138728804213	0.6258106483992095
0.6530228990019221	0.9109391531145825	0.603886726405858	0.779779806948614	0.21677830232420925
0.4676372952300296	0.4955770679229796	0.3618656277842536	0.9787995083343197	0.9308397599467018
	0.05698055349519204	0.07759086563023121	0.9599396999465829	0.9715736804901578
0.6225684772632889	0.6453078959826508	0.3604119849393711	0.7120926585484685	0.4495286093251316
0.550957245472466	0.3385091766527346	0.24180202445055032	0.9858137160857963	0.704012745737721
0.6058858566488423	0.3687923686166549	0.03054937264390767	0.8731461792985943	0.22978062178117475
	0.4386273372746221	0.9062791551204604	0.47290577688443447	0.6629252051924971
0.46448851545464187	0.09503043015943224	0.7988580322316401	0.8888625932974747	0.4343876799603913
	0.4046908924394661	0.0188187489525381	0.28168040032879604	0.4427894741910898
0.5051102466432749	0.036197770810136864	0.3195862736709515	0.8150798215315215	0.0011374392550059786
0.40662993509420553	0.49427393454773705	0.13623240800383085	0.43125485389781215	0.19787964250059775
0.9315373998397256	0.44417521065208787	0.7861633651532977	0.07415939755221701	0.9868230655072409
0.3536932677719561	0.04536423859153027	0.19614058034633164	0.3264616212426582	0.8887239346973995
0.800657265046031	0.8942121701710873	0.5332687348366896	0.9704826173799482	0.4363419199489901
0.04405426058086814	0.32893976090335453	0.9691835572662362	0.7376120680139034	0.3484685603498924
0.6828781627452208	0.6298819467865481	0.4035231199938635	0.05783606931917784	0.9819586887879871
	0.44868406997351085	0.30280905811146486	0.6740370826317741	0.5104182292950287
0.8361924897363708	0.16800625026572336	0.9980286614021571	0.650823620595856	0.2986870574856567
0.6456512837866711	0.04696036442500251	0.9309892524834762	0.14022240696223465	0.35822739478756005
0.7989449166141241	0.8248361666598519	0.4377679561851432	0.617213011649746	0.511239095411028
0.5002738621267884	0.257509796610902	0.8655505213055437	0.9586813538756624	0.16534583335621755
0.697841606307372	0.3500858534041549	0.31696216054841986	0.22593993397114653	0.05912922054974068
0.29449359700504607	0.08801556441080971	0.3887365319339534	0.7868052982521727	0.23406387068427614
0.6295005035659169	0.9799155784182043	0.29831906728140756	0.8541550389985866	0.9868673009353676
0.29720751702815784	0.28819842975929844	0.28315335000613295	0.33517945249079517	0.5383026513114042
0.3981168621281931	0.010612825212742871	0.5461655320898859	0.3230792893686315	0.011207766456356905
0.8770313387173346	0.3845561992957168	0.21946002390042507	0.5808973037243597	0.36338206766032877
0.75516320348823	0.07408181710086481	0.8401583047009118	0.20007215500739206	0.34122660690585194
0.7267913205211999	0.3033450943155366	0.9814717016592122	0.01880129725733759	0.9653666802501373
0.39316148996241396	0.40840704475401135	0.3759362038674937	0.11831816361183345	0.729704910537829
0.3928917434110023	0.4668515228808804	0.7739535125761415	0.19419042627534844	0.5877143127616712
0.9745895469344557	0.971123715651197	0.4126013433573128	0.8841164368279522	0.26969266756714494
0.046775825670400506	0.3676001028318797	0.6408965130630057	0.16351796100134908	0.8754263449418507
0.37176753503665405	0.16184435600488345	0.8810489019253143	0.3513053646138403	0.9962891963370558
0.16716036201482654	0.39794962942704903	0.32103397530876254	0.22698743384599773	0.4393579561929556
0.41756439536289436	0.02983626826213004	0.9581198911144958	0.5013890116147599	0.309140343690395
	0.3263353512596179	0.38494859003847215	0.762087939106821	0.8556343795149043
0.09107528125089193	0.6970904829269008	0.5535293220816101	0.7764481956783214	0.8831712422886593
0.766926132206864	0.06708183966285897	0.776867016341058	0.9863737181052452	0.06716576367265858
0.20388039212008569	0.028197124763023718	0.3020992278693082	0.06895214237454217	0.3363914534908512
0.6446038122431159	0.8030089478353959	0.16692648625619566	0.8839845531648199	0.9505824089463454
0.12680289797581856	0.17577141750315872	0.05189656001826315	0.451331957698086	0.11071606362795516
0.4350360307570288	0.6732886435360658	0.775997295941227	0.09474557012472373	0.4093270415919995
0.4464357176549927	0.8852591573246005	0.11558674262960678	0.5393601777168924	0.508598393262304
	0.799002813996946	0.4251912316980643	0.2618792123441185	0.7049147738188227
0.08862913818982043	0.20856240357623612	0.2907445732246702	0.3140115917320624	0.1812809685059944
0.012226197864769639	0.9458172064188396	0.9260923935486748	0.0023900131611134245	0.14503577603996753
0.7522233612210532	0.6493380381821644	0.22852957968989063	0.655622240719776	0.6027905512067807
