X0	X1	X2	X3	X4
0.45939379001421965	0.875988346572214	0.14110491694859473	0.553630137948307	0.769829884161015
0.991919252344096	0.5577735519733922	0.522373427748444	0.6632359594462582	0.31360260958782227
0.15141896048415482	0.3134464769817088	0.05104181975783173	0.3189176347126309	0.7331856004049837
0.07958798458658134	0.9114998543594517	0.9521618706624412	0.1707879622201457	0.8192636199464254
0.9942747518610712	0.05793687996582253	0.46911172902836995	0.46985090679652464	0.32450739666450523
	0.8484846338609418	0.3843547029079576	0.3052809254172867	0.8616365011793099
0.12339685890644381	0.7492404393181527	0.9449888649844316	0.4506889516635313	0.7044518698556791
0.70754075076371	0.3874613163852634	0.24425175075302186	0.3106909240895527	0.4703573685469363
0.6783030117899901	0.26116445164365565	0.016866470473194783	0.6903632065246776	0.3701609536008893
	0.39095441356760774	0.5030890792016867	0.1616117462893366	0.9878781351035714
0.18735538861762369	0.07507578558481831	0.7312003908695655	0.9121929256304486	0.6460699380076217
0.660909223799257	0.6660668508480762	0.26358706838334733	0.7108617562326017	0.1406355111223141
0.9688121748478069	0.21650309797723544	0.31354088095343335	0.065169858897976	0.08469841038077652
0.7386254583064037	0.8321655354396786	0.40590301607288193	0.3432126007296431	0.4974023130921611
0.3631645167672868	0.3374509236921862	0.8518068511827329	0.30724075365310544	0.044423025642122194
0.2500320342456479	0.2397140815188784	0.3611831871687745	0.684637152064975	0.8529575490417165
0.15728545577568476	0.47540736418532037	0.3670405265975617	0.620359914643648	0.35679725440217525
0.3643871799325603	0.775809886019722	0.899842455425646	0.32199388065480694	0.5759852842984717
0.7163116876809802	0.7259796889728676	0.4117887795401729	0.827622547651	0.5465814866784384
0.4568054289049789	0.3869077298061372	0.6029320028838695	0.5196407657440134	0.5659012389845279
0.8101307522755953	0.6928091120587525	0.7553024527488957	0.07387134232459258	0.36928454487549445
0.8119991234437487	0.5597424261786066	0.4351116070506852	0.7074053234859993	0.6500905605983908
0.8628443962978163	0.3509815158662726	0.2683851156434264	0.8152500430312066	0.8297513370506767
0.5729374229099093	0.12678830053258128	0.3105801143344966	0.6084897015503277	0.22568068819587705
0.7016534574747396	0.9024840531235453	0.9231706187004369	0.7548825793970556	0.19714483811725758
0.7203763232915052	0.04564994778549658	0.329563633988708	0.2576852644601365	0.07410287298196372
0.8679008970407915	0.2523399096497707	0.1631795035408552	0.05505152444258321	0.40810781553912545
0.9130668109559081	0.5542864814959023	0.24356347365749254	0.14587029510065086	0.2130513667909184
0.671328211047523	0.5726881874246893	0.3501360322915229	0.7530961427089632	0.7562638902940577
	0.8195664213789424	0.9652990904517635	0.3249182592730633	0.02893271632854366
0.6840286165300246	0.19021874787023663	0.38478051106410693	0.642941658324035	0.2964635640230572
0.5078346583431759	0.7272419630039797	0.9566504699921323	0.6486238953284711	0.8367423651415082
0.4489953514425856	0.20172813662317612	0.5668831122493887	0.5301655678008387	0.9620899729628515
0.7521298124866359	0.19185693584942287	0.8719742620369565	0.22013660556622117	0.39584259106260644
0.44358623623805116	0.13878243229262965	0.9079100018251093	0.4555865520667125	0.6086094394183272
0.522394468004268	0.28639012776820016	0.9036958205004894	0.6984380637272519	0.1184292532041008
0.10982873392045989	0.4987442294407243	0.4322950039377994	0.529270004946944	0.298516701402721
0.4529828329230283	0.2668882347972401	0.530000328909645	0.5038595157763155	0.9238592808928233
0.37842234872745173	0.11846447123850579	0.06375123633155022	0.3701076320797366	0.13648622175385494
0.8169783344560165	0.9309473605475069	0.4673556572523173	0.5191230641464765	0.2530581353360888
0.6261966271771208	0.3406428168753839	0.4500963219828239	0.07479702459232729	0.660738620767949
0.23651440060208428	0.24880940436011023	0.9088109076377383	0.4552750895341938	0.6958899024778401
0.18936413334062108	0.7529862745322983	0.37230833189713375	0.6904181962063561	0.7562586352847279
0.12878632913035992	0.8781706694930221	0.49042378207847914	0.1218492562996667	0.5411498554092264
0.5964063716778225	0.10041137647102938	0.13213655126828494	0.5102098517500641	0.4444802984109384
0.23648608640757185	0.3583015159284121	0.6574676857993648	0.6269937426930796	0.23006953830126342
0.7257887854559268	0.6111029526665814	0.8055047762930732	0.04619544589328528	0.23172494670140953
0.9096231381966006	0.25027301104870836	0.493512691891388	0.110936626757842	0.7189358339593097
0.7018048084564923	0.19939213086825724	0.006087442073967164	0.00975435846371353	0.9526765436030948
0.6305605545785362	0.024280865144582275	0.17793688566734378	0.12451313290223953	0.1793392589973224
0.6610517621474471	0.26123612065247803	0.05792213431929716	0.30928024317237535	0.19740943890233686
0.26264576980230114	0.04080475096689418	0.8871082212126153	0.7036150789542469	0.11474991242729615
0.8840160894433507	0.5832878019284189	0.31399125087499846	0.15800846001919377	0.6381525469013255
0.6571903177206553	0.5024484709788073	0.4311130020382872	0.13038801528555366	0.6108717041990867
0.5702085232689166	0.13827126590292627	0.04970614206175272	0.43251357465811935	0.2440591987947468
0.9443451775224692	0.40265551259581767	0.33329247409932505	0.12413200785487055	0.5277950289266797
0.43649946370443404	0.06520657457967516	0.9041403961890437	0.6722775707223524	0.32809814971103746
0.9967199537746758	0.49151156739027535	0.2557170173973511	0.6191431697500173	0.840355932207999
0.37674881027866614	0.995472738885346	0.5219594810784675	0.03875071451935197	0.7002173715714324
0.44744682304040473	0.6412174753434797	0.6875511359266131	0.0075866247480395055	0.28682324851474406
0.5273309554884593	0.880058562641514	0.5182224710051068	0.5244759473908958	0.5331021082290999
	0.0403110725671354	0.021713471410328866	0.5482482210981487	0.011041586670124226
0.9358630312217002	0.5488844782842547	0.3998416275331186	0.813113820181241	0.5470272901464841
0.9331324987361249	0.7618045358194063	0.48268745194966356	0.7337739951967529	0.5096208372789689
	0.8384217909455973	0.8200814624819426	0.8055644480086717	0.4146601014531729
0.987701478678906	0.4311357595138938	0.2766935598404868	0.35842504386371665	0.40129131843045385
	0.47567632045531916	0.9565968223316998	0.32108205353671215	0.5436542999075292
0.18359814771253058	0.9069681002202653	0.46028965264360155	0.08296707049215801	0.24824679392706017
0.20543976340523307	0.9315840387506816	0.38469469634868836	0.15242776578074757	0.37224785440787134
0.4925182660765206	0.8445938506353047	0.5579320587190778	0.23857847832142964	0.8640962929114685
0.6422436292345022	0.8935479796243082	0.3873773447041323	0.6174054357822528	0.4799672876792226
0.31151541455182863	0.8422021206562976	0.7604630392450963	0.6033514215619912	0.18070758589048164
0.3120981973696597	0.22804114878487636	0.8199581555904373	0.41390439239106036	0.868465204307657
0.020970910557456257	0.4370836773646486	0.8299397706644528	0.6175526403102143	0.6257849088211392
0.6339973067701165	0.16056396353302282	0.8498853430604026	0.9151231620679008	0.7344996881780604
0.5156672910360068	0.34466451552746624	0.6416430771849598	0.4945935335719386	0.7139314818613298
0.6489694668015586	0.1937433190043112	0.42261564862306844	0.4804639928275741	0.818505875976243
0.5171494752518763	0.32989410173345335	0.8963968904877332	0.9581103121577251	0.5609564213378134
0.12875799050297998	0.6615585792706397	0.42157467665263304	0.1993217526768224	0.7961142495013234
0.6127958344646516	0.6073404351542878	0.876855825473852	0.5736706889924685	0.9553399705678391
0.9872012715330858	0.8108717194458633	0.4335122103458262	0.4404732901524213	0.6864662641858831
0.6812884253528511	0.7507048466617301	0.798360227721632	0.22709959907316057	0.5634619359446433
0.46599788480432924	0.08646965949986385	0.5192911304107614	0.3537568913834267	0.06356889272105593
0.2983542042752475	0.03684315096989388	0.3622157155237009	0.10037802752547786	0.3139891462902592
0.5052027609226567	0.6475826302164467	0.37029282241378825	0.15711825288104508	0.6810026894305059
0.28837673705093125	0.002749102103138501	0.8946086108868315	0.5560040577309467	0.5171974649048773
0.8520033750816297	0.5283521152312703	0.2988389485504289	0.49571756574971726	0.8084232808526143
0.8535073683814122	0.4621768157199304	0.5189388532991858	0.6877413676384807	0.6564241367386389
0.402183586217004	0.8786405279537813	0.9968837538035925	0.36689060543482443	0.24658876733653123
0.8451138059496358	0.3628171225691067	0.1293870469541426	0.9125531006764919	0.6548684981821609
0.9330371889558635	0.03960265143518582	0.5864484976456108	0.8802023043220333	0.8155473839790315
0.5398940100509115	0.8775247330654036	0.49666005782543177	0.7022936951635823	0.8804534394053709
0.8333005934614918	0.30466512293254966	0.7995324136003664	0.617569656507236	0.23171891825778657
0.746085862741591	0.2860737831216843	0.7163161417284527	0.3147334352476874	0.3609091877774512
0.0640016975453006	0.6110179420561299	0.10044801060276654	0.3712500015508763	0.7392156330122182
0.6511251156985974	0.10878125579531739	0.008095094801656377	0.03525126559723113	0.8792416494830654
0.43882948356662	0.826765380530307	0.3914462105113493	0.053434403644833206	0.4968595181003823
0.7778758775941955	0.5948972392207172	0.3851280046112159	0.6955434543363421	0.5329771942209275
0.7824480066687675	0.8128033627674308	0.009229341370408428	0.19508633807414266	0.4603756110076177
0.636716127458341	0.9494387325286693	0.7077120558228202	0.8764511005691189	0.6674701890244519
	0.6402605256843764	0.703244048700616	0.6214312099476287	0.7447302083740794
0.4598981216376865	0.44603367326333665	0.7518782638384158	0.619411622458149	0.6582167096224234
0.45770996767577	0.9125224554348896	0.3232207384472756	0.1947500450030044	0.06655432370790937
0.4410350450282505	0.3098061682923595	0.3816710569851991	0.05588115348121492	0.1888585285103277
0.7977072353532423	0.3488051924901715	0.6151354625589972	0.25048551123443563	0.8300519672214501
0.23021120446004895	0.6666173609992448	0.1719808725488312	0.3774476979946516	0.6456768137259953
0.7583181810951702	0.17761101118802447	0.3077118842319011	0.7185438749323296	0.8901117596806443
0.24267588984311406	0.7593802903265102	0.9647772984677551	0.18345765183838902	0.4324904481097166
0.5539980358702297	0.5857528380414164	0.7049969232763628	0.5520078925618405	0.5122364849723141
0.34453329296280566	0.7809544132433535	0.9790772796745728	0.2054887508966965	0.03914137285571906
0.3335202734870386	0.9090754900265998	0.8180722792827091	0.5124107223663601	0.22870325848417816
0.3480755976591907	0.8240226918180985	0.5654587162596569	0.5784269284149219	0.953026037970918
0.884881623336435	0.8709343781535337	0.01541173887442937	0.24632299269924252	0.5958863072924884
0.7454926059549769	0.29260587028338436	0.6940805958253766	0.6822086810265295	0.7435256747009553
0.10661999265811173	0.40900887909128836	0.4689578551036705	0.3865490167804162	0.9607787455487862
0.44364416667928164	0.22893632907556716	0.7482572526709149	0.9547581724674019	0.8909820710372106
0.2186622456192765	0.2188982793277653	0.6483644316497913	0.07156657593895688	0.3312806479002529
0.743537882314092	0.5436340959668158	0.9157484852931317	0.6366857684225298	0.041130090295473765
0.9987239733418767	0.17103535560324779	0.9111058732312599	0.8580837819913173	0.7866034098879645
0.4001154413187511	0.9826041253008426	0.7677480280225719	0.4162634523347092	0.08653233584442244
0.5395057114079864	0.8894125041277152	0.23572581106400148	0.5904297694662587	0.8476269573274401
0.8292260410749672	0.7329546544214675	0.29433791747796945	0.5681045411499	0.7765411062834989
0.795627264322757	0.07103522519105598	0.5508281957628985	0.34128563319539407	0.34746822576393777
0.5763807253865745	0.26913713540100215	0.6502682878591971	0.9663445794412409	0.14930487877957244
0.09473646578310813	0.25715265388189146	0.4528807773901895	0.38544213892248835	0.3964107660567173
0.7380480881747219	0.15131515152572927	0.5397923721959532	0.9054799314309353	0.5268148095265266
0.3510895461094675	0.25485444188267525	0.6351399003026015	0.8638458565638333	0.6330231444295624
0.08196351916938582	0.8018593902104258	0.2713114984475905	0.8065766339383038	0.782478219733067
0.06943113659446087	0.05708400249898282	0.9383232642689242	0.7203381455813327	0.2086736450476827
0.45095010698761306	0.687925666401872	0.8818980984792565	0.24925178355316413	0.19126446956222143
0.37916208483215497	0.8901832940172336	0.4512965316610652	0.9191054411393078	0.5846629601733332
0.04364538525798378	0.6869701731014465	0.48771031085532013	0.9486080970564102	0.6262239439613058
0.6679231151866548	0.7284482576855954	0.7535812119131282	0.9593102194123665	0.6603763430854953
0.17201095129494448	0.2978736943237211	0.689581945608579	0.0725050860868306	0.6806199444605627
0.9268068483305999	0.8499753870564936	0.45537086597006815	0.09583214324178713	0.7099813210529468
0.932899755319124	0.6430503231246938	0.8449527164726517	0.24298698831180043	0.3266953430199433
0.25415850453858824	0.9307512218665567	0.888356898869892	0.5319768998766137	0.06742944071857149
0.17313301843786744	0.7935884573698135	0.45537743368736383	0.4553808480828133	0.8681146912180264
0.5242782083844783	0.19218556727189273	0.699328718435733	0.9295150342463327	0.3608094722494789
0.566525100221293	0.5497470270789061	0.6875007176310479	0.2104031362591816	0.2898064479749479
0.5480778741940912	0.30580454056821715	0.8883634028738888	0.28579497601469284	0.43283281805623586
0.2718439794223445	0.6803783831875637	0.48547601046961786	0.4962947763589316	0.23606168307758746
0.8102675265371873	0.6296149744318041	0.3413570980861924	0.09420925082639131	0.45266349629466496
0.07969450649114451	0.11033936355027063	0.6679173421557304	0.4448322750166105	0.6138634763787494
0.7619157849595816	0.29291250835965166	0.3636338361159285	0.7824553811082183	0.3673446829150714
0.9785734743524585	0.606011445539676	0.4598858687044627	0.05198550636141319	0.9626170250008155
0.65528993749385	0.8911930515090053	0.00683335967159282	0.06445025777747826	0.17753002059441692
0.6326141716821095	0.857631099498309	0.5317869064966743	0.9688275120622922	0.09061126123639185
0.6126660000774151	0.8120275398175081	0.5983591718982209	0.08311159771310106	0.13649660265801744
0.9387869948815818	0.48738134541632794	0.760661131349231	0.728421368157173	0.5843867506276219
0.7706860031763945	0.6231167104893687	0.49228913353992043	0.9395802517695833	0.15018107924018287
0.2195666080641545	0.8763710598940448	0.4426404132638534	0.8213730354385355	0.604124524627873
0.9273622998517524	0.7047851378096712	0.055748833717019664	0.5394543531235084	0.6166060873040441
0.3631177354135845	0.3821740523224204	0.9735219181851062	0.026031724873761042	0.23739481449995736
0.11120064533147966	0.18129528047170784	0.12346126799014179	0.29079948578251813	0.783254935008389
	0.03862090000330498	0.7327037697670444	0.45736172677916354	0.3701974087934422
0.8281340279752067	0.15417186567359542	0.6568165779441761	0.4909477621314895	0.15363027818470087
0.09435632116102144	0.5287926231644693	0.901337715134108	0.2763827815669033	0.11849469577254934
0.7733339441763465	0.327057114906108	0.3570441417624246	0.3136849349203984	0.28332382415646484
0.13689097175803722	0.4220109781852951	0.3155441236323454	0.7402433692001423	0.15445847732434737
0.3085503822297839	0.5368593461104897	0.0785407383519251	0.22908681981076318	0.17633303507392017
0.8044887434668883	0.41955443408875803	0.6498409012980633	0.18270862936267585	0.5316812155808384
0.6608138361537611	0.19457333900682972	0.2803884778009371	0.405403938475429	0.12683158563532626
0.73965121505066	0.925352471794564	0.05272604842855699	0.3018058577390239	0.31626914485418256
0.38721931201591675	0.4868893072385485	0.08957322699087744	0.839600569369388	0.3928746604074712
0.828234570573924	0.6695807890672301	0.6653241058122316	0.033266160135858036	0.8089973954721298
0.1558058562627992	0.6143775180050944	0.36131462203630205	0.643136083851156	0.834669537651608
0.3642912174244841	0.22452595553179977	0.9807540908923413	0.06966201601252675	0.0479639365377833
0.09487848286488232	0.09977445698273957	0.8587645953122549	0.3105965628124492	0.5138549254161826
0.4281938281129005	0.4887774864824569	0.26189600479282416	0.36825969090599564	0.8044060781460767
0.287131377502612	0.4812463013383995	0.6151720308790819	0.2546315473281615	0.6186951857705019
0.6208717420254168	0.48475879045921555	0.7177101326235166	0.5078183880740432	0.5862968498353068
0.953796079427787	0.6688395082726721	0.03053252427674069	0.16805953629742987	0.7591230887940085
0.21942543146013616	0.7940136923955383	0.5351112510504729	0.9638410849032741	0.12293542796459955
0.8688240398274301	0.8808614983629774	0.6739082150852889	0.8383238916283717	0.9701124619487327
0.6690523909564634	0.195169754457043	0.5264445151383758	0.677454674932126	0.1996415297436902
	0.6503286567422274	0.1618792906508767	0.14719305294806628	0.895768129711362
0.9764625638352805	0.04197199745074476	0.9151020268539248	0.1474815997715112	0.13693568947272972
	0.0032791857118074086	0.9006253593584718	0.1455960736833214	0.21398561694164486
0.9016517096913441	0.1948641030558369	0.009184632966588113	0.32875382634727934	0.2042720180743104
0.6269976613322523	0.4482778302119337	0.001113823466723618	0.1667953247074354	0.450544890166076
0.3753594148479309	0.7320349809261243	0.07947680505890364	0.4961334519732151	0.16119422804862793
0.6966652666929576	0.9463045951228283	0.7111403877542274	0.7596809951267607	0.3194823451718447
0.9877652953136444	0.07230144973472019	0.35684126388138393	0.7883529641444864	0.38507458185504306
0.34622519150644926	0.7148570920967285	0.9874781281507095	0.5277479802177716	0.5095452382881821
0.11235653415800939	0.30962412962368835	0.3955733927416545	0.7767679044098327	0.07506489186865373
0.05918303721190632	0.21202038330598671	0.6900292365866395	0.3029344761643501	0.03038240797558789
0.9206488620119315	0.23769376310586343	0.8165201479216065	0.9122774161553977	0.16300340787696466
0.5400827946587333	0.7759928709200777	0.14210228965704297	0.9915274562317002	0.11481736941782938
0.1677600885650955	0.15282682552464588	0.5706830835457974	0.10965299800513317	0.5955793622675464
0.8595239607193625	0.047508854579884296	0.4375067035598542	0.5444266568419943	0.35860510339339646
0.5514409280341068	0.8964662938405362	0.13663200037456968	0.1993253656406675	0.4167922927409563
0.021581905525523526	0.25676031739604765	0.9203459202390069	0.7314720535993657	0.25197364794498966
0.4678955584936534	0.02842749831153213	0.5858795898918965	0.7981451349573119	0.4476152175407383
0.6076379654044479	0.2765502943423388	0.39439762428306824	0.23995892312056333	0.9013370068540649
0.9008011083416174	0.6954511909804144	0.01998554562704702	0.10352360553441253	0.023841619977019946
0.927819777674371	0.8434749697555214	0.5823193139737378	0.03563540902564699	0.2384889003690953
0.742806008077384	0.017475660501079515	0.7361174821763438	0.09422998124175819	0.255402139290942
0.3101014288110713	0.23412493981202886	0.5243114891177686	0.8143080789291939	0.5645520277139773
0.5586498204391193	0.7921421053242915	0.20646830264519045	0.6776418698702436	0.31056494983127647
0.7839387699757272	0.48232695029091943	0.008044813227941816	0.17871162374820182	0.5052053365007402
0.4744210593204101	0.9218198232570358	0.26522951067248546	0.8707726466268159	0.43645107809604
0.15224592291615324	0.6648228746215432	0.7670309452619208	0.7487705300353096	0.9378005790927589
0.7761313041610659	0.8042021385062033	0.6513405750560504	0.9917733043878879	0.44012165407627435
0.8212705152068519	0.0541572013344781	0.9967374701297304	0.4378821765276123	0.1372556213647248
0.15796616438499622	0.983823821176848	0.3316473840805253	0.2496972450746877	0.9838815443011081
0.820223322488383	0.4220171350346861	0.2591488569322137	0.5312005652084898	0.7936302111729213
0.6156789674278922	0.6590593386630756	0.9801596677443846	0.3630927921743552	0.4951395910219627
0.7470799776393419	0.9924531168825468	0.4728202203806431	0.9203039338322079	0.8851781174516339
0.07163364256182514	0.8738919385701249	0.30319490333570165	0.41817048356549336	0.6179496785371427
0.9805031098229648	0.4650275008250824	0.038220358183271186	0.4339063308584824	0.4498719025897051
0.7668958838173682	0.6055329655060672	0.5387656914656749	0.32334976036585583	0.7003359540682984
0.8461979480353177	0.819371032957346	0.2723279086869145	0.3424952312659634	0.9719461106460563
0.12436349370749211	0.7775601103210166	0.44027042438464703	0.32089878087518264	0.21089101105615404
0.5364697681130671	0.12732446893042826	0.9864315642073627	0.17316622976652618	0.40446775763769416
0.9685532028985071	0.05378352318971236	0.29009318048856925	0.762889325121712	0.7512520446545063
0.10962259982226363	0.32022529745638817	0.36121934290683244	0.388131121105718	0.20890642032271733
0.07249972958029882	0.9554249014701756	0.19952705478993982	0.9265186239795886	0.45279805921698313
0.1693992910932881	0.05030722643430674	0.8097265295325557	0.6754305225522231	0.5761608200856229
0.8280987627027682	0.617650976937658	0.9275677806468673	0.18152328820786556	0.5732478504860387
0.5227773570032744	0.950151971766093	0.5807661073846497	0.31864336439622243	0.3617828898826806
0.5316492553355862	0.057991407749474644	0.3219966827265437	0.16197114339973784	0.3885801762964932
0.5260547410759995	0.7151496623877931	0.9588728929339213	0.8669073966802492	0.9172640906841867
0.15028798917262676	0.266627558557314	0.657330621968303	0.5661770666477765	0.880537114882503
0.006376397241335652	0.9161422763703719	0.08787385399748038	0.13835931380710076	0.30518182423330353
0.8590472164199198	0.6481345594387197	0.450165433131423	0.6088588413789402	0.07230726337709392
0.25428257007411226	0.4674588684527713	0.5700042520155405	0.36112814882455035	0.8089907733367734
0.1840672636859385	0.48198894541357984	0.7925854497961826	0.48703934506666946	0.1456990231082299
0.07355302668736141	0.8796254837819604	0.8127437493903517	0.7709626620565807	0.3131825865173733
0.16706702497474557	0.3059960756485043	0.9282412103514348	0.894364600589321	0.40989584761859676
0.6322632549597916	0.5179454767917354	0.47922878232125854	0.9696132439555918	0.34419845791013637
0.8388101087906795	0.6175559216360511	0.07392358970448076	0.16000287518145506	0.1652139204788986
	0.7251803211584275	0.5112113798629747	0.04059030790734086	0.7768554229540621
0.8562734988232413	0.6740305325784557	0.8887565225547892	0.5329054953915814	0.943296042235204
0.5007058199103891	0.24995047040937968	0.46745594020208325	0.9346131883352596	0.4511273939624857
0.5048009039849168	0.5389803418784692	0.5298746055818816	0.11002252706026927	0.3634996792344676
0.3387660300673817	0.5904125088223563	0.12066600209737921	0.2746822779851259	0.08873431541963483
0.6897378027729784	0.03470847622937201	0.9772652814486845	0.7408102992834084	0.45158789322857573
0.4079921040823786	0.7861470641597709	0.4354060848186897	0.32297457587787026	0.20097767447097303
0.6011846780288056	0.19292498116151213	0.6871613266975573	0.8396017876376379	0.7843201874701039
0.2222827537194194	0.8559776119674437	0.7076675276080616	0.7942703843870945	0.7074228345767857
	0.7710423874665229	0.913894880834977	0.36010010792978175	0.779069677936096
0.11815746036880181	0.09402716650434195	0.5016212622461358	0.7154117480109079	0.9572448077312171
0.5381495988331204	0.9585068270016603	0.9647010892962891	0.06459003637175775	0.9249206002187166
0.22945330297747013	0.6166229953022369	0.9518990854327853	0.5554067109859742	0.6460386296935949
0.1701192209852911	0.18342537668429792	0.826063251702574	0.9797888038400634	0.2825018455070185
0.5159574472573782	0.1875061631120607	0.9032038588739891	0.4526051218726862	0.843647763961773
0.44093051602552746	0.26038329686839135	0.292453599742159	0.06564184199482681	0.388659460373189
0.7166829535010569	0.8776706298765716	0.6333594616523616	0.36495997030534655	0.10118990665557703
0.9602283660846275	0.21162467317785028	0.6453577697485192	0.24472439292977066	0.9426457052564442
0.5359124517466372	0.7499116679832513	0.46239570870198665	0.5627791578673463	0.00027362756407511846
0.9265852511693867	0.7461523314030367	0.23925204698063363	0.06741141984783039	0.3876021850413962
0.24761072244791105	0.6960244467511385	0.5632397297265701	0.9237859685523222	0.9966541792920887
0.3013691047766095	0.44143406302838006	0.04035931603066423	0.6373844473742207	0.0178549352611872
0.2749326178486372	0.3126022879534318	0.9976701723755452	0.03796009991039384	0.12295535022483184
0.33896627770605303	0.6368953967746651	0.6091061562333275	0.055666680582217576	0.6208410621919529
0.7677250809121371	0.8909995402385055	0.175611526502379	0.25665130837627714	0.3727433153712877
	0.46070057746911963	0.46494913837709484	0.616307504258066	0.4652223184548927
0.9761163680202037	0.01265217615737968	0.6185838607413424	0.032993035508555923	0.8256706314973606
	0.8033891673255268	0.8936467531368413	0.8946733462527625	0.9701516200651799
0.9857294411744355	0.5341044759242519	0.4480259298095426	0.1422466296588596	0.39012451421695693
0.23233310398190576	0.20221380821734325	0.47572653868368664	0.9048723997967437	0.7578049432558649
0.9844473531575285	0.7209618548450083	0.9979372213547504	0.06268572913374415	0.7821188360363179
0.3741524483247243	0.6078083292968988	0.7796001446949775	0.8223951011238786	0.8241302913287151
0.7503572021223539	0.005463148762211767	0.8527463032970483	0.8389532329801974	0.883223167637685
0.05129237482422966	0.7478165451101343	0.5541164301380936	0.4748221464725213	0.03285628957826214
0.0406747018208361	0.935439772060961	0.6908686862994557	0.8671704802136281	0.9363914256571614
0.5378197187379559	0.2889946008587321	0.7523871119245746	0.5420868085146069	0.49942423522867485
0.9935888907570886	0.4342329590868379	0.29405838125376127	0.7628796066466822	0.7168787093748049
0.5674145530514098	0.06935169776887351	0.5269790191746766	0.03370072861382323	0.8722100287418536
0.09860159059025408	0.7966836800105328	0.6168813626098847	0.6458453294498724	0.4460097836652219
0.40265282852832407	0.3919364949571832	0.10947182782489695	0.2453761403739807	0.7528777723962374
0.004180720880087696	0.6275601166865429	0.6965055731898283	0.7346909199676567	0.6616333637758511
	0.19920696601138677	0.30399754933823386	0.9379152467490997	0.7026488572383364
0.830452857619245	0.35808930051481724	0.2863963239906405	0.33370801904028535	0.9491889550208156
0.042253295455081386	0.08224633803596249	0.8173250264344479	0.553495783339222	0.12658471195233034
0.8189460490266682	0.7506619819730843	0.7146463157682813	0.6448441061616962	0.9931508258378507
0.2247427613730415	0.14361796746697264	0.7169460298628162	0.546410015342144	0.6368214246617271
0.12134695379379645	0.14243582552261713	0.9218883550151041	0.7443961382744131	0.8016872858702311
0.8841379506733026	0.41879222247461956	0.37599008386977906	0.5365281321647684	0.5647064766353985
0.010816505979054702	0.8491059215866377	0.5476963339185179	0.9703559446157253	0.2958464162353712
0.9394997570881527	0.5907301923972684	0.013138817448676954	0.5369013537122177	0.14096353444384546
0.8461499164060124	0.921712691393734	0.011821253313351487	0.7356471105350437	0.9735027971310747
0.6038516984211383	0.4422636106344576	0.4720098651162651	0.9373556489651665	0.7605614817591834
0.5719062181693905	0.6401246147377244	0.5947936264232899	0.2663228884528006	0.4259952668985518
0.8564430062902118	0.3092414164399496	0.2939112939308819	0.43094349928106157	0.6311875577383491
0.6272873500506135	0.5504066137718061	0.6889587922094714	0.8952230430366288	0.4634465058997228
0.6366189312668362	0.6665541143156405	0.6045267126649037	0.6870476686354698	0.23847625156442587
	0.9404315851332959	0.8250647894861957	0.6512984549438534	0.6885552694971142
0.9075714512651223	0.43996171426485053	0.08323924677227046	0.8222550717760817	0.6983169847244461
	0.5803913111301156	0.978798300523187	0.1897594188999827	0.7361775880175185
	0.7996090867632085	0.13210862277579505	0.3255843458761064	0.69741998762296
0.8954760132734626	0.7658573985690393	0.46950792581991685	0.061678638149977205	0.4768823081769017
0.787363553207557	0.6720226947683567	0.5506445955155094	0.9496442830185802	0.6639170423077405
0.03260688629650321	0.38715831354493013	0.9283556026405343	0.33684835638181665	0.043791413904042176
0.09411576811750078	0.5933909936659258	0.061421742652065126	0.5193486670939683	0.33036198085755164
0.2672258050784986	0.5898811765106798	0.8700347914634449	0.6651631459225695	0.240562724150171
0.8351308676280297	0.5470211247201239	0.888192274619188	0.5507083966888923	0.42006745218767616
0.10546274125369082	0.05627732103153582	0.28250180042487716	0.9469159953717275	0.3890200951491144
0.7429526875374066	0.18249775562487303	0.03228035234053417	0.1455274360582356	0.118491487888294
0.5638093761937047	0.8273194126316371	0.953798592353666	0.12729473179225703	0.010356031298336843
0.6559731841657812	0.9475722830132204	0.5250214874998437	0.597650387073372	0.4372328122182565
0.24471079773542836	0.7252226007431585	0.08927677955106528	0.670583212940657	0.4804475358668938
0.5634469997822031	0.44017199291912423	0.9589948687416918	0.27955500392236277	0.4138850742759036
0.5174544235939686	0.6589352219204744	0.8346279079627571	0.619497864678921	0.7936182794968395
0.6354550988718658	0.038923816466408745	0.5420185407051982	0.055254447386562267	0.5161477328485384
0.26935889349282105	0.1291550456821846	0.8529037775727463	0.06325276138294356	0.34328025807505413
0.5135048973256391	0.06765792407733295	0.9425640285039375	0.42567765424028703	0.46121104193175055
0.018331098883479502	0.8769323277202189	0.3369204107640087	0.2586164873058181	0.2868008195913079
0.5045678350251322	0.3075237960466325	0.8798438269870719	0.7794110621254221	0.5333609041988931
0.8588681311654172	0.6397982037230858	0.5895792387406703	0.028039331313413407	0.7296118033939842
0.7130379988738365	0.6211060467446684	0.511981736207751	0.7067571504214992	0.2991157243386604
	0.41891997643483536	0.8069475615393032	0.2187527069814128	0.5102149132762506
0.8525976926673253	0.06279819469705095	0.3845256806383638	0.5581794164050197	0.5574071579473102
0.203803340408927	0.4593343609515633	0.9877817830376485	0.9809559975496378	0.8997463179545571
0.9264292352052098	0.2766729202331105	0.6385325336737934	0.5478591932694268	0.7571949728222211
	0.8939437447224104	0.33404202516759496	0.3525369603576499	0.632641449509624
0.2535069727974144	0.2288530777698673	0.36942902973192615	0.37896273208470166	0.7604793330328781
0.07401930612571461	0.5186439791256912	0.608140239242192	0.5603296739623592	0.07979825322052347
0.3814697707356576	0.4215244462888261	0.42652809346801546	0.13533347494488057	0.5310803454012337
0.9026775312840055	0.3492465146263686	0.6580814238430708	0.7799488079930336	0.44234932165057284
0.2371775789658912	0.3529877682548136	0.9634919734953679	0.3899794981897243	0.03576864118189771
0.633219298463339	0.09176373169690533	0.9191589139833879	0.32908678823028026	0.6531569988569054
0.1885438681021231	0.6659288583544231	0.9767568002765995	0.4483762078066894	0.19175681120566568
0.9082887366568414	0.7140441119134879	0.987522885458981	0.5149438053288746	0.1720801227359161
0.7011465322695486	0.45239696381663796	0.7892078899252156	0.9084411761888815	0.5677191232715236
0.39308447419265913	0.6157393498505435	0.24049096628030597	0.28099156689118343	0.5450012670816528
0.8682868792968503	0.19351015463261134	0.3584122372072073	0.5478904547844426	0.3397115933096274
0.7254843864517005	0.1510149411843229	0.9157574514815111	0.3358810948563765	0.9118913625611811
0.43916554619678727	0.5869990738530425	0.35587655673990026	0.5634219832109936	0.2780525211654855
0.752386362112793	0.9369955070409075	0.7575320053466258	0.8213324683982381	0.2972147023519476
0.13624621378257562	0.011202961691320401	0.4145634638812903	0.14303677997360054	0.9953705214009224
0.855142576820528	0.8977029993108565	0.463255751052117	0.4063080760003518	0.5546917216019269
0.4022503953281912	0.22156132913059046	0.8324400494174591	0.37891975189217597	0.8486120931910278
0.785222016324295	0.3386747860110053	0.6714464888357227	0.5635144827212695	0.8134226361494318
0.6954594651020768	0.57288449799242	0.010548331662550203	0.5449066790574157	0.9331648386645663
	0.8290442839586467	0.33553499272684206	0.18790122046990365	0.1868229112208606
0.8057766245840818	0.5556786931355507	0.0771242734429648	0.5090264046603521	0.7148959896684258
0.45224359429507355	0.490521689506793	0.4737385396236671	0.25076123639467207	0.5948024758945817
0.4209528285619404	0.40750019802553106	0.983583493204999	0.31249329361188016	0.6593892425845104
0.2944537340494232	0.616558215490104	0.0966545817744483	0.30068570117503124	0.8068290616264387
0.5969093156939465	0.9560756022606121	0.7225340465821338	0.9737841102343148	0.1164895188361984
	0.9878744070841607	0.7907284040834878	0.4754053699661842	0.6544514595589022
0.5902367919418076	0.6691891595209587	0.30448702212301515	0.03696274192292248	0.7247226316195817
0.6199098593218636	0.7146014095338061	0.17530006465605064	0.5129825195222478	0.6098170539932626
0.49935216107814706	0.9126649263135458	0.3255511550267335	0.10328252470558374	0.020796360710168882
0.6734606317295703	0.5050911963895367	0.18314850813589145	0.23204931372642335	0.3379032316356978
0.39615376163325644	0.44085532366232605	0.953799826851719	0.014833267719112087	0.15230387640036058
0.9047862928663299	0.0399445719325594	0.9575548082866275	0.24176754779353116	0.3887439251599085
0.81157985583257	0.8586744431477535	0.11213770052608396	0.8615820203079778	0.3278794761971533
0.12153734682495099	0.3850186887623216	0.6056868108663419	0.5867176622685396	0.6862831499710281
0.4727085653779377	0.7298167530197908	0.27738906014997844	0.5656979904704053	0.3396738613128577
0.859099734294474	0.011689535368684778	0.3422947186940707	0.9050975025894742	0.7106385473269012
0.10524130588839453	0.6872217781228638	0.45274317137580267	0.25585268786825366	0.32072715500188864
0.291895529402476	0.5951893652676027	0.9954994682953994	0.6742789587050786	0.07781627778172495
0.1703477918381282	0.561412057323294	0.909567045314101	0.4968464398995318	0.23364420240464157
0.2908221512947091	0.26267681197045967	0.8937978531649408	0.7048575373409062	0.02480554613727204
0.17679019492357928	0.5368773830209909	0.49676918376935775	0.5962994847028167	0.7026768662206404
0.9296509629471572	0.8635332476437794	0.18594289991694068	0.46944727473886017	0.3677419532825549
0.819291705163274	0.8750529874956713	0.8885154340130138	0.14361764502987595	0.14333182387762433
0.8554442241547042	0.4502804742276786	0.46766188387519214	0.6093107792205729	0.602520337756942
0.6002609888337628	0.2866567092629164	0.3885325018862661	0.45019060471089445	0.2085751642097553
0.6686117106227321	0.05589501631566007	0.7214958396454725	0.20075828917559002	0.5752051462093565
0.8824398707370523	0.9237385003224168	0.26949418762052546	0.3286848173749828	0.7034504021563986
0.5984251558040098	0.36901503210312636	0.037227714208224016	0.32750325440955996	0.010934020040317183
0.7632784082976135	0.22469368061268757	0.5925966486876693	0.18402331429957597	0.8149079199108454
0.2176464296763978	0.23712314499586928	0.3484843605909984	0.16805511791833283	0.24157081056976326
0.5389283543213061	0.10996532843216555	0.022659702196085596	0.6076588042845047	0.46183375672337046
0.21396691185226135	0.24782491891193337	0.35482390854536827	0.5196027029065756	0.13629214340355245
0.4131679764508771	0.23022558737557786	0.8746288640702308	0.16734504970540587	0.5074163907839007
0.1711388506479059	0.9145352652208963	0.9369556620299264	0.6378938659588227	0.06910837486332433
	0.10657645494214318	0.7991907008755383	0.13497828771965203	0.9840038791908207
0.8976058030983525	0.9326860729067638	0.7908768333882091	0.6678541325824136	0.8234510469377011
0.4023007230089154	0.7703009173523291	0.8690797622942888	0.5780461041476086	0.590565027835899
0.7684586488273313	0.9964832135702901	0.19424080475725025	0.7538328097779882	0.9566695533783467
0.8162017180009128	0.7699964752660647	0.8007735207828639	0.9056933083373018	0.08693026177613539
0.6124565919581991	0.49700459753125026	0.2908608766920936	0.6748018792800458	0.35906430461805083
0.2417878398584079	0.47740904587264876	0.9464561477953611	0.8503190615793808	0.22976535083786231
0.6510281458063362	0.13285026020572854	0.8941757309875628	0.7224112884632621	0.6503072873063291
0.3579844786449087	0.32390101836340934	0.5529796901533688	0.11451508707862745	0.844374059053237
0.5224062574296469	0.24127360617291638	0.17851917814180007	0.16539815770678223	0.9417922772563766
0.022132309244178416	0.07601533525195436	0.8332861267373535	0.3349925048905974	0.9567617250111423
0.423979329600652	0.8992308295859657	0.9342763782006633	0.31356928033896625	0.40918721729106133
0.2509034042785748	0.1452601236280322	0.7602094758548849	0.4003311797968565	0.16842920934996275
0.06132561787333057	0.4331347572015841	0.03582693275843207	0.23471817432166475	0.7700113292759154
0.32440852896947747	0.16048359499180265	0.3650873390438695	0.08918694978697661	0.02512660449737414
0.0918982681963666	0.7323433766878303	0.03848662008833248	0.939102746699901	0.10875967066152692
0.5924427944341224	0.9463462876380982	0.9519926350200585	0.28205027008324457	0.9391824382212013
0.6445566142113546	0.4920354309698748	0.19533441758987313	0.46730534730594386	0.3362509039596051
0.10323519598154751	0.9409104911079726	0.8354251522431484	0.11900652157308722	0.34972759336544423
	0.2449256062033518	0.6887273868443173	0.37447480626463414	0.9584226415798044
0.5461999695360921	0.686773128219927	0.40560346724570706	0.3076732150658481	0.9921527069014321
0.6897960294889937	0.6446619417223319	0.9291435091864276	0.7571042061490534	0.06269228084740008
0.8202898150441421	0.7370202733317377	0.7252967097521302	0.1966203457935476	0.24949316095135976
0.4951668029175902	0.21624768507682512	0.7363048268554317	0.6780611471607944	0.7466492129491936
0.44971514094935916	0.07607466443110544	0.5092372085075711	0.38773969216803805	0.05522972744743304
0.22280732252444146	0.7084089719930055	0.5913368199680887	0.7897087012219336	0.1668015207675223
0.4021852533381959	0.7433250261291162	0.031795027052629043	0.8246062753407165	0.4658860972375951
0.7491870721746952	0.9018551004957605	0.5896720161136711	0.9394418814789136	0.6661507679679004
	0.004532876917587414	0.8148861180239899	0.5017045857338713	0.7531450604728165
0.6348324187219738	0.5393224088013157	0.06812868325729293	0.04637037138964606	0.5270181631613381
0.384756511902381	0.8587444543975826	0.34213400880935807	0.6949090337359156	0.4562945420769776
0.7495944144746383	0.9350620121321884	0.6425166608371566	0.901563546973337	0.32201808416605415
0.18679344043236934	0.3588058269922625	0.20754257507790752	0.6626311185028788	0.1235501866401102
0.5372364194422855	0.9037164124220213	0.0654889583294831	0.26850279790339826	0.22777077088375142
0.6414198706887927	0.687199622187939	0.12089567821654512	0.29202654330562094	0.6256829336303703
0.9335567895207337	0.6729183676385733	0.03697484306759635	0.8913202006464486	0.44956649986899644
0.9436373221975776	0.884139562822846	0.8153938541921331	0.7195514885190759	0.8239206008372028
0.3215420228338426	0.9012916681190166	0.9320923663734464	0.37138074215065286	0.47569078968410183
0.7703425028692024	0.004721017786674331	0.07733430559224164	0.5142196355764844	0.8329176777400628
0.6893071776494916	0.204974308246049	0.040901597466368456	0.5202256137478853	0.05722306689258472
0.13967667927886818	0.5418469528293067	0.9123958326481041	0.4128205458741655	0.24964554969738573
0.7230046600001601	0.6316939344521001	0.19505100359553074	0.8465324019948738	0.682817896218304
0.9870973618110394	0.4606475230332473	0.4032408304745493	0.07565757459541467	0.5231064396701199
0.18148437346638935	0.1303189554506814	0.7006413607858446	0.23438109883070923	0.28213551101398493
0.15640831408697642	0.6685091084169841	0.1908951209025913	0.9972081786516379	0.7403240325539343
0.5358015983734212	0.8489757650143979	0.31867257635786395	0.9666575170676965	0.28327291188045123
0.46524198712159115	0.946996233330949	0.11119550721228977	0.058311251020347954	0.269164562548296
0.8229884320813144	0.04613455738139438	0.9629948243189781	0.6058197636527599	0.7083778052724475
0.7429775689481145	0.38924670532979955	0.7350651732548591	0.09803475402110917	0.8349492273895458
	0.13266406546242815	0.6029206893456092	0.12918389311745104	0.4931845756914758
0.281976980093938	0.0027978516608783144	0.3761484927796529	0.6845695549202868	0.051599811966416165
0.4474765178813488	0.16707553039601686	0.0995994952457313	0.5365863241219617	0.4836070087067411
0.6983475265831016	0.8530397058547512	0.7770983170996226	0.3116719202047157	0.8571552452592769
0.548031936376256	0.8188998037356483	0.5326098577205041	0.392501204877877	0.5746470313825712
0.054005092598332194	0.21219739445053776	0.605230084736172	0.1492656299769899	0.0686676134685964
0.5929007709656727	0.1284943439151356	0.9076303984782809	0.2694883461319736	0.2631778775749898
0.5059120612518234	0.28705119943751045	0.4173736321758317	0.6808150795281479	0.840120778572396
0.26386874192359777	0.8628819138916676	0.35828317768734097	0.9905634046070513	0.6566886517605893
0.6175188505795218	0.6621641862795451	0.2557895661308133	0.8861779092748694	0.056508018532476556
0.5992317383085958	0.1763463779333514	0.8780318522837857	0.8455607483642195	0.5811554446216479
0.8395803174084527	0.22065146242638178	0.5159503242085152	0.14613100483479347	0.47061895607330384
0.15495951461485857	0.8185381287350574	0.4276116045641425	0.10069864926007832	0.9141650694982296
	0.4376127862816179	0.7434252439953276	0.08956520902809517	0.631709012351025
0.9261462758201195	0.15477862972086065	0.9508606897981524	0.8124504922765217	0.28464132393039654
0.6522231290118387	0.2106043348265949	0.9144204184085314	0.8476619248043262	0.02046288448253719
0.1209241932135896	0.9419028985657709	0.5333181671184276	0.2617336515980595	0.25019857014960245
0.4460695071354388	0.9708194904479497	0.18736460937704702	0.8372002018480763	0.7143794611389777
0.7470709842387521	0.3687930718750867	0.055731821549415805	0.35678885568220753	0.632070692694161
0.3087723645157868	0.3550327425130929	0.33632512519037483	0.9279580779970507	0.604041990081836
0.2890637852355754	0.867882176500396	0.8326296522911815	0.48856470724509937	0.1397772788824636
0.6563379310977662	0.5701204883126475	0.251489099692381	0.0806582642237913	0.003649185062960747
0.3807849863144849	0.44950091798400604	0.42306875370182784	0.35245630261209016	0.14290246837528808
	0.9966283071410286	0.4093934158528868	0.5112794550609047	0.4809938693246175
0.9274306936080959	0.26509781866038484	0.08159708418006206	0.9217683037862141	0.2514745672227442
0.6350803741845562	0.6107386021612649	0.41118301132134194	0.9219202620854663	0.06701204016765416
0.6702303762946231	0.350428606022966	0.4921589628135332	0.22187604762908786	0.6031071806730762
0.9040943418456782	0.7316960523769184	0.157879085152824	0.09058388021013475	0.5058308137908507
0.7345344312772452	0.35518057626220134	0.8555701189979029	0.3219038621058311	0.7042966588470265
0.44651337152147474	0.5550686752594746	0.37240950675296725	0.4679377307103483	0.46190864654558983
0.9719643230039159	0.086426741698717	0.6885675282193459	0.5384109591250555	0.0826600745503322
0.031373257816954325	0.4804214600988712	0.9075590622101413	0.9813621213372095	0.15075643408420858
0.34435619237159376	0.48393044525864115	0.8030349314704308	0.11082596249138565	0.7765318565753444
0.20048487239496104	0.7854619143212249	0.6554552248050621	0.3821774679977403	0.9722334610697442
0.730338654232739	0.013921326176449478	0.6152400411872937	0.4729758532076975	0.6807532542474798
0.937272521391321	0.10877764079572139	0.5410857226907586	0.2592281594774545	0.9563580238634233
0.5647559227082805	0.7373491674466063	0.27001810502068113	0.3645041056121108	0.8995614560583184
0.36613087097398944	0.3602725528765819	0.16575700857109155	0.5911682345397663	0.7572292775876611
0.48356613046821106	0.356600737840165	0.27432380998429895	0.96161009638299	0.35423167921291276
0.7413532054509195	0.9688362938971832	0.7233081979465088	0.17161456112459295	0.2575200738114566
0.6593857854829902	0.39132175274785685	0.6988006274820919	0.7140568048716337	0.730451131806804
0.5637945659099288	0.8206994088717061	0.6978628634233165	0.5023612823699379	0.21612266831820548
0.44501880804580407	0.06724607724625264	0.027114469879459757	0.07964245734864117	0.6985020330583461
0.8653536130711605	0.8230781172322239	0.3485261552090634	0.12286332439906644	0.15751915174177
0.8438197615837234	0.6374156210331143	0.7102220730042411	0.30614165971885887	0.5308929247483412
0.28054803871651934	0.372987835683782	0.8358113517423527	0.42027454846726786	0.80777361582163
0.3976029538457315	0.03548628326983094	0.05927267214448684	0.9496932308259256	0.3813350306124582
0.5327690739267213	0.843513040261386	0.8734748778819984	0.6723017990868376	0.20040676243803035
0.6199843904656694	0.435936914984662	0.22316139983590177	0.1586764458487263	0.6735331321251838
0.31199279708480476	0.21969938068605444	0.7988162071044458	0.44910570509606096	0.0381644417216761
0.8103502016300613	0.9505375234854965	0.7436802368437099	0.5161872296654213	0.37893325985448023
0.6145946558882105	0.1253505636175931	0.07365792376921965	0.27735034490259314	0.38466957771407884
0.20662983949943292	0.8434384831482842	0.4065865438073777	0.026876133160603	0.16491496795291571
0.5170850969559535	0.5081273938728493	0.47614818343041354	0.54649690211918	0.8697847063778807
0.08046416920229471	0.4444873327476909	0.23987062651778202	0.4607431717586836	0.62069471901636
0.5774270581530758	0.29249165963841295	0.9079195838508363	0.9948265118530507	0.6473149561012532
	0.488520478719193	0.6497150233219895	0.19383133321041357	0.36132736408182364
0.9889867158175284	0.9723377828725844	0.3820472432565224	0.040004555404642206	0.7005970897962328
0.5258015232558587	0.22163080705437777	0.6513016391922827	0.4340117650862436	0.6189794617395497
	0.7013286319049281	0.9008789376944867	0.4514333014257209	0.006633552296727907
0.7313758341264758	0.9262904313105867	0.6787974855791419	0.3103989983301594	0.09580795355087524
0.6641082339299719	0.5184497860271289	0.44390147865194085	0.8700905172015492	0.43038950947052457
0.7395108375460776	0.648447184347239	0.34409842056223383	0.06404103919626758	0.4436201145651911
0.7539590690527515	0.39963611309536096	0.8816289061532024	0.6390038552593915	0.6359377361772351
0.8732165401644483	0.046223349446280926	0.08343804969813806	0.16377433365615313	0.05586113464328313
	0.3397237433138691	0.8814301938626006	0.587045541049186	0.3053977949988437
0.5765971214754542	0.6141027002267131	0.6418456503295255	0.7346662758820007	0.3990099659473242
0.31247160725621137	0.808169939387815	0.7165185141256487	0.8939230940574299	0.8992466387185593
0.36864575760702656	0.012222526252451571	0.6295317637008429	0.034837016955203026	0.8547580022110486
0.6288880652568699	0.04213938989504651	0.49154842830932166	0.7603040384685602	0.2533214507461491
0.2818946014754651	0.5210995606400314	0.9602783740931559	0.04164318889963614	0.20596362640818133
0.17722686829063006	0.22332762029796405	0.06185865590753137	0.9829901838731726	0.1008052014827262
	0.42069610135887425	0.8404851018921771	0.21133692208293675	0.14386690831942806
0.07022592613322043	0.14238787509330397	0.41687713701552764	0.5222990348622633	0.07532593006069832
0.22931277479039003	0.08196764367011611	0.11727096454380881	0.9072675677589339	0.9724465538116015
	0.20543932887168737	0.1673712051814331	0.3654142653636291	0.5351407563263886
0.22122383274394863	0.847389085437712	0.15855859317596432	0.01363634585078477	0.9066023822256275
0.6024164233205613	0.18666852623041774	0.1584852877646591	0.6942521670393585	0.9413673813608503
0.7124149213432218	0.9509943857670309	0.6572812659506305	0.5377649265340537	0.6851180854017912
0.5234823671106081	0.8876043489611134	0.8070119676831119	0.8746041476901119	0.3656113540161654
0.4700089049433619	0.15276678821672096	0.10519564601913867	0.9750142694156094	0.8070973236303939
0.211954808980108	0.29264149609748524	0.759977602605503	0.9814149763729757	0.7907112352333964
0.2953937925347042	0.001325151560855109	0.5038911070893389	0.670173038659619	0.02238339235429576
0.22033685890388455	0.22604485628444215	0.27729160704008426	0.47320748470885865	0.40028087541211554
0.305037415905276	0.01440715489491562	0.07037877612173915	0.8132884589514311	0.3964644201889681
0.951494717715394	0.7993120677061492	0.8713999764444791	0.4182451616652718	0.3569213201439698
0.2951810720575022	0.10625548562550324	0.7574203250122103	0.7142673349839375	0.8455651171574634
0.7612471455342333	0.06809640801015149	0.8637377543356323	0.7767051945600624	0.5113019709270875
0.4818985266955561	0.7045400653361061	0.7560512747408831	0.680837746574562	0.748745538490513
0.7501008529524397	0.353184500020717	0.6487127827689154	0.6364502236641322	0.51442535475162
0.17912034867753523	0.805820025410633	0.7751553410802211	0.7583447707750197	0.41105755190178583
0.5642581154134151	0.7373482381360061	0.009750852706088886	0.15191384881960257	0.6492985487766412
0.41574901735983394	0.4376569836271049	0.056421439417925656	0.43852599304048545	0.3509678237913275
	0.08670257274204762	0.5383930978933004	0.7122231877867943	0.12032744381502625
	0.09943183399234601	0.21953022618218188	0.5034756735442458	0.555924028565767
0.020121508372147212	0.1479113854424905	0.07954098094404449	0.6119503281698051	0.6249917015261652
0.3072059759571385	0.5625793695761556	0.29678352899995997	0.8768242851060368	0.2670524087467585
0.31735780743795095	0.6867518487734985	0.010810672479130479	0.8639155064554577	0.8559790157591548
0.606702179617621	0.209507101495349	0.5969500493485053	0.3050177196301783	0.8657863132792214
0.992656027043748	0.7341312477463606	0.40964225318452197	0.38302310503940584	0.6637446452140623
0.24936670621249668	0.5207851980973114	0.8411852357778075	0.5742229732947548	0.576204548387641
0.284539105907449	0.8108041938781833	0.45543941319002124	0.011711298445572504	0.42020874552556053
0.05440935443841799	0.3163270032350871	0.5020495789111321	0.6179336562235136	0.5050846597804207
0.29098130922837484	0.6690386308143932	0.9409732745624021	0.8615546032295665	0.10639647571950517
0.3423241026173418	0.2281692290108187	0.7434151114328653	0.22382441713323087	0.3330030470627231
0.4255819774176276	0.49023861739695207	0.7049882625230522	0.06239230155161568	0.4404885360710781
0.6481294956515635	0.1897256542346617	0.034212440865184046	0.9275859138675355	0.4717888533074359
0.6158309958165809	0.34044898271930946	0.003262378843812086	0.5123762373149469	0.9772541083422629
0.2100290596992036	0.9776582248025729	0.23518894920519828	0.6970546655175135	0.6216012530608749
0.8244249251560494	0.9483068709836506	0.0013914922669817642	0.968735969315735	0.6941321953895406
0.6529243864150267	0.919370847210964	0.34935732417896204	0.9999797994153927	0.839275202246096
0.843543088175239	0.497140853592161	0.39923374765942554	0.1766697556109036	0.8220983453514147
0.8940500717311448	0.7966865434967257	0.5393755189267936	0.7578810243068852	0.4817987495900836
0.7092746972202575	0.014834398774267954	0.5496845081037053	0.7097057949503692	0.6868300461476509
	0.7534211433269544	0.9734587360753163	0.1360955956237111	0.3749955735456575
0.22120287163693764	0.5705744183636501	0.8250281568089807	0.4564366750830372	0.13122664379804172
	0.8267175014121607	0.9971045725059843	0.44448067309377814	0.8721043351012736
0.2548011845188898	0.9604889321859619	0.22609998735534065	0.27201857608163804	0.5012324537712612
	0.35220805310907866	0.8749402223741093	0.4985219377771841	0.8451369034299165
0.5613682460903506	0.4387851934050647	0.9124439017965787	0.8324967344321869	0.2724225898353324
0.14479655238522604	0.7815112004809217	0.37200047541128123	0.6022520652893895	0.7316010048591832
0.8437295550862027	0.9620982674534102	0.8256187328137241	0.9171855578615515	0.6069580779785805
0.23074656280685046	0.4760489684583644	0.5461153989378487	0.3936007628600796	0.7892062840345774
	0.17464503912321605	0.7963818800120888	0.29070895224810966	0.0008415271047547135
0.19035848350203122	0.8651974393808803	0.5411446760523799	0.17023103536554363	0.08410425289315515
0.35473859907322614	0.2993567435958723	0.2892709503285107	0.7273503185740915	0.1448117453398189
0.4383353864205005	0.5646974045546946	0.9330447363973604	0.6163577704165217	0.14387210526857463
0.031000862837477938	0.7012774856586863	0.26537374082186116	0.7770519048568438	0.41493195492972945
0.837763533661893	0.7463183455353064	0.18336556167911344	0.4258078848734289	0.1483601473278109
0.7773943510257718	0.5718255416446811	0.16630201763419394	0.9801650802936814	0.9404433621455729
0.6492961517258864	0.26857862438177516	0.8903644729554817	0.21567959518903945	0.7253651826319673
0.17116856341929643	0.3944062187338837	0.48944800667432464	0.44145127921210703	0.16187176340699738
0.05442172887490382	0.7127696349501779	0.8900598594366597	0.02986206419110249	0.13527831582375993
0.47414798797311186	0.24737160009736536	0.5473080738510638	0.703761493133694	0.7293951469343113
0.6433814839953257	0.30926410998295395	0.10915805294433578	0.8174824852432849	0.5972784644477516
0.7170441456517526	0.7463910692314242	0.7799583931234133	0.06361210664823436	0.24429886520245747
0.3210814551282317	0.43526289449821076	0.12316044836456586	0.3151567481646791	0.5642905186375603
0.9410625248924208	0.44758524243461095	0.3128574803206938	0.636267256933401	0.730251819782838
0.5642919986588872	0.7346023527931059	0.7201309497757867	0.7681101862174785	0.7361374010909669
	0.7757631609684715	0.7457656119491012	0.17499312476513107	0.922719623075358
0.5536468850511674	0.622296062070334	0.5674292157841787	0.9648616165484974	0.4759792755338893
0.8620871241748247	0.6797316888601607	0.8593913441152552	0.5304591906641225	0.4211222127025477
0.35541413965717217	0.29510909591292667	0.39327857260555765	0.5362232329943157	0.9299713793528082
0.7489334154924108	0.455579191385843	0.6084955960667545	0.9895357676327332	0.15709401786054422
0.5471503625823413	0.9282970106064508	0.11784247044718177	0.18871341536221786	0.49361050562864384
0.6183800133836831	0.489208531257591	0.172037078080032	0.5157609443175782	0.06689875101517473
0.3021505068319513	0.3208630169638683	0.5118696790142571	0.0877387654192856	0.4627022328592092
0.6370352674046639	0.2561960402010479	0.17089619223790686	0.6448173348909548	0.05167736077096052
	0.07869130463017615	0.7914531892620243	0.6025447427997729	0.821913581031911
0.9366043397437671	0.12242352776133991	0.33197879833641863	0.08718792314380963	0.25371519005960874
0.45602626434729054	0.7770340429970217	0.10938520886806091	0.12462417724845187	0.25871982077176203
0.21929863555008966	0.990962822214343	0.2558056807430312	0.9117233603569037	0.41852969995755196
0.7981702180409359	0.26701899133048823	0.13463272314966002	0.06529191547958757	0.04616786739595968
0.3402537572006106	0.32648503627101455	0.42857484052435124	0.23623257969245137	0.5908421787834337
0.899731787496936	0.9168066518379312	0.3435277599822173	0.22029344197136114	0.4211011265416973
0.08370221868888705	0.22906722631440468	0.541990789569142	0.0094657094581162	0.4969422338709476
0.6695760300376397	0.5522711122920848	0.7249864720340478	0.7264421964882578	0.7449746889359143
0.025822646813656536	0.8036654743058582	0.5692480158992212	0.34105334336209236	0.43053108167285736
0.9573171313686284	0.5983904759131682	0.15269813773146101	0.7720736461466234	0.9481755121556779
0.40007567598252525	0.3415908338719207	0.05641596793921544	0.2653159783404715	0.7315611599859582
0.8053514955178303	0.545465726512966	0.14311502255338548	0.8781688421749404	0.49607229751457116
0.8711000289341253	0.573380169644879	0.28291515006619483	0.6461386857784883	0.13994224788147858
0.2631279404621416	0.4891206292726409	0.010567623631802858	0.14182993442196823	0.29284919594548586
	0.560258267817201	0.9941387447031326	0.7543026663918583	0.12902563173800397
0.2588786506941745	0.7239132928921997	0.5279957819502997	0.07703876787376063	0.30070642450098206
0.8726268029173448	0.1461834548770783	0.5232051868501616	0.4584546547852715	0.9585272061781123
0.14964487325574027	0.1240871515063241	0.5234021275732424	0.8209848220863318	0.035430831276485386
0.31768106651104255	0.5204534679329825	0.1711277389735396	0.5434114624996109	0.5779971251638967
0.034525738067700096	0.7902652562614728	0.8448703766195793	0.2953088138615413	0.6593185818275188
0.030393896692636813	0.8451573863263991	0.498474192964967	0.5761976435758042	0.9280430828239373
0.08315785187564495	0.8457105452481768	0.9260325052507542	0.7485813935594575	0.26135649320579524
0.27358705386137017	0.2554066631514649	0.4735951330372331	0.0020119875387838437	0.6620928438992146
0.6847277902591175	0.8112585801496458	0.9994481459836749	0.337190262550336	0.4021645815135916
0.2373489695659745	0.9788474658413095	0.9479293453336523	0.14511786446598107	0.17915448203631423
0.16457020961031832	0.43321382152297994	0.2639754439482317	0.6356049727107976	0.13049677079788458
0.5922892987021889	0.09099204050064946	0.08507018014837342	0.5766363496569716	0.6329429285383295
0.506871497788786	0.3087358243494781	0.5118821773040967	0.7325556826254065	0.08305657043800774
0.7107467007540779	0.6599494832561259	0.21879147735018256	0.6823739747886962	0.008624805929777879
0.04905212256388858	0.44519878631955956	0.7951273390338949	0.8846149266163024	0.299264389089577
0.33204543900131933	0.8776102183953486	0.5799179032481508	0.2766375358523733	0.9709861911243791
0.7592098463422581	0.03949692022581175	0.14764410407997586	0.7808145650564805	0.8160846165041509
0.5379145000160863	0.4670293967267316	0.3946506508841108	0.03693031309442585	0.6344029802778964
0.4396550238065634	0.9751822636216247	0.09516883149347444	0.055622021182396564	0.2752558751779802
	0.20300467388555732	0.7656121062110255	0.15910586873570476	0.538295157096183
0.6820605935135583	0.09171189548608594	0.25679883071653375	0.5195289718441274	0.6403968019455462
	0.9291275689401804	0.9211440411748084	0.5785510211472755	0.7022573321941012
	0.8901498743069113	0.9988552842928881	0.0915242096259824	0.3753054680008595
0.8306135145375622	0.3342360621998033	0.6225519398206858	0.7316191337587296	0.9863499653621188
0.628767987602827	0.770567062661661	0.8651979470630186	0.5571738674263956	0.10353169880497293
0.988646007967708	0.39365426594184705	0.9731743510813018	0.15672304396260028	0.9921194897874828
0.5859651149884574	0.701531446519063	0.18587523644364645	0.9665595921991411	0.8803897805730807
0.6172884778867588	0.40190210657549663	0.7056062705185677	0.11849388037372399	0.3977527843419866
0.7575148067318033	0.9523310238787975	0.6322538215939989	0.1565761549498469	0.9489237389140924
0.19442254224630695	0.5416845155718112	0.5194028374269286	0.01851411573406625	0.5784593037142826
0.6894202925153055	0.5251054465826342	0.8293987089130529	0.3037318215465653	0.7547468430434369
0.40307312281498253	0.6356480870875431	0.864376482127045	0.41964772177327847	0.01968898216691395
0.923931905446246	0.245660153347399	0.8053384186515525	0.2769354847555048	0.19739196861799002
0.11574317777590204	0.3285226593172301	0.1977331861764392	0.6705173083234875	0.8665253146702084
0.05861590706763897	0.7733272388880512	0.254324938144344	0.8664687786817615	0.5244434216589229
0.06432630670825124	0.8285045301902881	0.17957672268827662	0.41988361283084363	0.044297112351229684
0.32980506876030113	0.8408767681305017	0.7879604830004383	0.8503931760796841	0.013734646367100645
0.6334640008265875	0.3425631555051193	0.19135049182137254	0.896642365309731	0.382358737019761
	0.6842397848315819	0.18614733255630145	0.4465349433375426	0.45745478360301206
0.8240280314729936	0.7530261564480472	0.9243097114281732	0.20310793137743233	0.8716187003250769
0.7028602227611922	0.8080415221682287	0.8941239600592923	0.25973777197796555	0.41190344593278283
0.9766544507129142	0.7969439155213637	0.17232886996692343	0.04750008299226116	0.7078524711584401
0.4957919156201036	0.4921216927648977	0.3888188282346341	0.8096958626074456	0.3356291980190387
0.6710328583618693	0.054789090925751904	0.15855697311408412	0.3720360677320994	0.20522858985473125
0.714045291064669	0.5057780348694464	0.31054370144428367	0.15114027976846778	0.9232123494661525
0.3763222584692595	0.23630441951509507	0.2816420360091725	0.7946134506404933	0.5242027827003966
0.020179767362116685	0.10361671284109064	0.1424990690233523	0.35267615864110335	0.8693009770011896
0.4885038737228974	0.8618626750274885	0.656588133406756	0.6296564654648781	0.7319314771082307
0.8797995209418057	0.21914541009243504	0.09059468098818102	0.08109305554925039	0.42750245271595155
0.6790808206721738	0.6012584922314176	0.7587818991032631	0.10487768570542932	0.7027369704944791
0.45891571365587025	0.17381942278118923	0.48893680546490503	0.22517533574708037	0.25022444238543107
0.36675955075258493	0.7648414619705542	0.6802474192540341	0.8322419285716253	0.5738343225301111
0.33986202209124305	0.3864554327297175	0.2914303944811204	0.20825481170515547	0.9651055080412532
0.46496643179413344	0.3468669286860876	0.5812567502231953	0.3389914941357294	0.9499135037903648
0.9153660326339331	0.04488778674576499	0.6790570608017434	0.4291032039476784	0.5616132642345654
0.7266958930487134	0.9426948934280488	0.0018832522199859758	0.5404568962883366	0.02933337229991473
0.8947941167550759	0.07689206180725716	0.6332632561219519	0.004076389776882627	0.4170268575302566
0.6271091406864925	0.5173337784376285	0.4222081981119429	0.10078299241191457	0.2366162926278681
0.016781087459125432	0.9813114386858427	0.6432424712742993	0.3771354696045486	0.46871400067720437
0.6151437861452003	0.9249888460065783	0.8937795014968895	0.3394231785883778	0.46019021434710095
0.9251703881909432	0.2099224145100138	0.1664299756013886	0.2120792911689019	0.48165870539207356
0.2268143259180031	0.0903798275049702	0.2963912677452244	0.43115720435284566	0.25558637215536506
0.3853178395875776	0.532617956520589	0.6881695058936897	0.19224974218886448	0.14195100425821816
0.9128038130135355	0.6253782480585697	0.4386447436342724	0.42947041255520857	0.5049625702013767
	0.16217538548592947	0.5182753304958551	0.759793944232453	0.8597521427872766
0.6232207522571793	0.8863750357008395	0.8469806807903335	0.6873822132022107	0.7065602053432141
0.3514893579370234	0.481691590624468	0.861504020990151	0.8846134700539254	0.6685435706810844
0.058674838268480745	0.5208984372548594	0.16773186958838437	0.2108816312309333	0.6037679748024922
0.6985279342489559	0.9431798781403797	0.005643213946455616	0.8850535806894024	0.7140489604046663
0.8133951257534785	0.072982938875232	0.10409460736651233	0.046123758564239226	0.5393880757325394
	0.07279735877217475	0.7192237461146795	0.4911222703794489	0.4043008624593135
	0.35700694143718903	0.8147952063159503	0.8242406471680979	0.1343111473490639
0.5601069778785446	0.3271711508147781	0.7365111036472243	0.49483483505162906	0.4866849281916551
	0.5379280073058869	0.3665495016515331	0.2982066873063013	0.31778889850053593
0.3712383193741645	0.5961439430596933	0.9014291159150808	0.47380596167010325	0.6234610530886273
0.2715181126084809	0.7252273524425681	0.9050634153946799	0.9491409546845474	0.87370025143481
0.3172485161789105	0.9036359015739731	0.154246163049638	0.5928188537391748	0.2784670298861077
	0.48478633993266396	0.7247713078422126	0.5661330984377905	0.715864016843114
0.157654739903911	0.731847642109683	0.9278216140453845	0.39012038662833237	0.26566145106692807
0.07116203150732003	0.6044499099638874	0.36255663277757444	0.47972465572465495	0.4374436576162313
0.5009320101903133	0.3251124299984791	0.10043135237961032	0.2152706784392997	0.7565218106723711
	0.4298564551951445	0.8621564063392135	0.6865337576787135	0.10505829324428084
0.3681194016763121	0.8406380019071473	0.027434001085522408	0.2511898029498768	0.87831303275003
0.2589253584727236	0.3273687055264626	0.5558234459125272	0.8702223549392186	0.2824435993763068
0.5625701154831414	0.5891936644291538	0.7563001018482554	0.5892180465390408	0.6874648178148487
	0.5405096982392374	0.7025670328612333	0.7767892984735175	0.020472597895971778
0.42427864753275113	0.4295059215639502	0.5237736601347777	0.06703727593083786	0.40955689647678417
0.7782859083250658	0.34188289689166806	0.7338583117808246	0.27723908080022674	0.6715363051111514
0.6128909953217332	0.31410136060213445	0.16273249999536343	0.5699375016243851	0.5616034337682786
	0.8239121872831823	0.9778111985716845	0.03551193198250269	0.7489075084917209
0.8065791622630251	0.5813306610763245	0.02947811327769878	0.13553912209277785	0.8828329477383484
0.6453243678010818	0.5572723707414318	0.8732312927044492	0.9108498061147808	0.07697800491981988
	0.24132881751158286	0.8104218423760955	0.9971597931146838	0.8323978667624267
0.037861176142457875	0.44311214412616406	0.35480166081655373	0.28266017250285835	0.6955926977775935
	0.8797015965070022	0.9893051530858045	0.6906338199616348	0.9602184735154011
0.41784423774072277	0.7190829373404327	0.8821952753937704	0.20829690039175108	0.31961360372407543
0.33474847556479503	0.12699035881044918	0.9923852421875641	0.8501272794188747	0.31610069578668154
0.4408003976483229	0.8968602958622383	0.5606419124387572	0.5464424178732153	0.09566902921616738
0.42673408470546126	0.8199629098543052	0.9254444455283302	0.19527087423802292	0.694567007595596
0.999984763839631	0.268135621398196	0.35895090219798287	0.7855397736271682	0.17421323144479628
0.19172137709449055	0.11686375844023844	0.5407045585472904	0.2766304027543882	0.5947193344840349
0.3830320841871807	0.7032656389280254	0.059536451447527616	0.5391902686915803	0.7902387916461735
0.2930288880922022	0.22389627532250966	0.2214582598409267	0.38714027495629055	0.8246935183005752
	0.1766054035284741	0.9138488220011072	0.3163093953434244	0.8622470785341817
0.6640045761524831	0.546861926736319	0.3673412418940386	0.31166491737595636	0.3683701853699284
0.3213395583767369	0.0244150439337234	0.1673441358813259	0.6064410084988671	0.4326829360501606
0.47189874393339437	0.34990676462046366	0.4301396581645438	0.5777569354376029	0.4471540433245641
	0.024950867971056168	0.7079728959101382	0.09831602246630045	0.3777436419906308
0.8007215751129275	0.17966252835357688	0.3688924393628452	0.9525888496435206	0.1652157437900239
0.26425108769707595	0.9257769772263895	0.8386963558313479	0.10289673705096247	0.4993996249095095
0.021188882982199675	0.4497355949361945	0.765539521865734	0.9959194898810395	0.560162431155676
0.6840289978982319	0.5179771275518406	0.7022147776195482	0.8612363134871275	0.9282096648718141
0.6903930264349707	0.07254211806840094	0.7856457873691517	0.5103809711780823	0.8303761668487644
0.03975890805301152	0.561002936177716	0.14302177273180616	0.22996317074059702	0.8518097766700338
0.7592108475273597	0.78051121872597	0.33215460437379674	0.02805854242856687	0.9095462551756555
0.6957322200323546	0.09228530897282405	0.6456575785285058	0.6156958599024277	0.2854614265206671
0.4540719772521896	0.6954868154051522	0.9338511521142352	0.5364286752758961	0.8452530029411967
0.025090149974088316	0.2663466662567877	0.8842540915404438	0.15272095599213065	0.12158969728318403
0.47710612304534117	0.16574124082313524	0.44098813594307684	0.15621738977341482	0.015048246208374638
0.6653077683843354	0.6909196513247972	0.15318707561770517	0.9117927606407729	0.9419319918434461
0.8600381620319749	0.9395425025832059	0.17191736695961823	0.37752344532777016	0.9757747266849783
0.12869775451179732	0.5607959332079765	0.14977667820409335	0.21604835530683952	0.2577551278082876
0.7733875563286104	0.2995903676101923	0.7140430323977792	0.718601702274783	0.46734853192705195
0.5748461095043031	0.5674175654152104	0.3193266900641889	0.298220513532536	0.5791698016456975
0.8699817178189092	0.11396042176855747	0.331092077617674	0.05529079619214994	0.5533846498206956
0.5938409455072684	0.7356564650493543	0.7099353457938472	0.30090634600645727	0.5736493015276182
0.7586311854363418	0.35687012198518253	0.42060613224799337	0.1719459313361722	0.6914955059635483
0.02863700220717036	0.2570999341145702	0.7760004754052535	0.9626488698066195	0.6161868199160617
0.2088167458578618	0.5473628886198884	0.4402100113764915	0.936832820359019	0.23151297793794767
0.3253953097582537	0.2875753433338213	0.6492002442935929	0.8272227621440083	0.07882964650016211
0.8196321102491939	0.766046540541596	0.2701475331682225	0.46407248927750633	0.34052177534773775
0.44311227327528835	0.7884270612245157	0.9372120571384759	0.9505721241282288	0.4816908721939588
0.7127878197278018	0.7110668745810512	0.6745041632742294	0.985257129668459	0.42328340826453503
0.26077043761887664	0.7152414276165228	0.14048547875226158	0.5412040187751569	0.16632615447979915
0.8547526378048538	0.7267620305086939	0.8711207423710492	0.5953064870394854	0.21880926396793354
0.900705840183141	0.0676328567477762	0.899628723541396	0.9344690344515342	0.573723317111259
0.1656524916802844	0.07194521992512559	0.4688792264487247	0.4042576746981126	0.6506768621972124
0.1734993991365813	0.6968283462628754	0.9687722003431785	0.28494493222936323	0.0009782717715158817
0.757233903723869	0.9020236875773335	0.6180268874302981	0.7964022311878602	0.09183329183073019
	0.17173787735971524	0.19560485184479237	0.41265949117354206	0.794960763880454
0.7815900267758169	0.6864415766339644	0.5640488070402971	0.29769100891094424	0.03652713061086066
0.14061209610018732	0.6457937372608101	0.8985646820921003	0.6385058316416876	0.011344564421578718
0.9061381459213367	0.8764449730595195	0.008783956815599847	0.056833825415055106	0.26732895307690663
0.8736261476372953	0.10698310060171845	0.2656651760273048	0.8207325276285511	0.13305528626758856
0.25460712448625145	0.864289437690289	0.732340658574513	0.5765350353906533	0.14274039169008856
0.734147431344844	0.2110502673737663	0.2785047433085649	0.7954655714870069	0.6890482230810956
	0.20295927781615264	0.654685731219118	0.18394345995581207	0.6248125238095119
0.6274172800452575	0.6858201637115245	0.06845473302223692	0.13918522500951802	0.9083059642826004
0.6021413038074739	0.9475398624847177	0.75753023684325	0.10876150601368784	0.1558826130325759
0.33343134312766165	0.004727189601469672	0.8556907972340405	0.8180461707773248	0.022476358299135857
0.5889447474443466	0.8755556278238746	0.5595124070160234	0.46741148429677315	0.8723119306060496
0.37943931302751077	0.28239581959535043	0.8925324310944646	0.5359042599471956	0.6632013306709846
0.7039289623659187	0.10860817503951103	0.8431507229011124	0.6609457018526028	0.3943067122200945
0.5404879789891556	0.353604397092929	0.7351301923035388	0.47081087504877595	0.6379837607156514
0.8279302710583564	0.3252622314862914	0.0776903896144624	0.6263647901053988	0.7546799947665122
0.8727125837113869	0.8572995851259216	0.3380238750902298	0.2501289611591938	0.07888694358188975
0.9813407162747358	0.9501115264058375	0.3438073949964825	0.44993760054265497	0.17457864842205573
0.7852408135244666	0.5063953399677118	0.6894573355545565	0.7097105718508773	0.5672305041029552
	0.43268211110808374	0.8276192901955676	0.3407636342523468	0.2860080481349446
0.39322298552157164	0.5881161814298468	0.2320614072354421	0.5320811316843083	0.9538463416518057
0.976419996243453	0.7874538526530103	0.4369123508569346	0.8393614010042221	0.378412240169143
0.9709773018742044	0.30644813955648054	0.9275414037262764	0.596447550629591	0.41421566575936253
0.3573712727210182	0.45772770271013186	0.2007851548344003	0.8280057836468528	0.37193309813353725
0.6683116865393334	0.3599834790426786	0.5392506101786445	0.6187731786228639	0.23461300745415925
0.8364125782734482	0.8645216393384542	0.5249555101230746	0.33061798573087053	0.7594050030073707
0.6960343056070343	0.9352766616639622	0.826120103582593	0.32908707486853717	0.7894301772454656
	0.6682826809741398	0.03938949497599942	0.6601828464330244	0.2644241071580874
0.22854894436527307	0.8099595660530619	0.877294828951186	0.1295092705686498	0.46767528617423926
0.9053669521272857	0.9549246747115496	0.8951644919007817	0.2017951878359503	0.6332118861726838
0.7259533998684085	0.31610324998498196	0.5849488407181588	0.16796468803660858	0.4075900233013965
0.8976963105564918	0.8771688034154344	0.24745615983277236	0.27438675862273787	0.6252865184026892
0.14794795045147846	0.4248487748003077	0.38124919960996073	0.2134404853678108	0.1256170123475865
0.9276777990254322	0.2511950770376806	0.7540064948099524	0.849635817454259	0.5192448357029369
0.40410639386388214	0.037073051575893246	0.5566386663654608	0.16888706027553868	0.017116683904399466
0.2944855961227999	0.9465669339645427	0.2069216888240364	0.388251125019039	0.2873983808032984
0.750008605561883	0.45313359426439836	0.7951100674561842	0.4011997411149004	0.44641517482713666
0.12156533013504278	0.21740185715322768	0.623574053314777	0.7878002304673178	0.7808724880144652
0.3210083437281853	0.09382484933413726	0.6589476447341138	0.6916485009287402	0.7670014376151195
0.6919450054281743	0.19042250254871618	0.12067514622119901	0.2003633268089674	0.5993333851142946
0.7484086883845806	0.06930862997241138	0.3402752007777192	0.6148218795201474	0.36753000559296956
0.667064313882061	0.25763878299644116	0.8180467097987985	0.9321399251921842	0.2947574225851992
0.9096497902724856	0.8283507082925803	0.7403873379021016	0.3549047990016473	0.11244213351091381
0.24003715055689323	0.36007659924059776	0.3096551276813335	0.07303366779659393	0.794690453264146
0.7646803143914308	0.1554314429411705	0.2605184762306224	0.8931368399291287	0.15356149454131374
0.5565605566721676	0.6680231188203616	0.40907199083341794	0.9756644733636345	0.2567618751646705
0.5418900766230631	0.055568956071733955	0.7973419830610851	0.3385531155454997	0.9207460171406516
0.6167810109343163	0.5698806895435885	0.9250427640010842	0.9734850310689008	0.8694301455218906
0.16230668479695232	0.2876562757263462	0.4637606671716642	0.30523840412912917	0.9814328142027006
0.389667071806728	0.9443786497731439	0.9980848833670306	0.40075560264484544	0.4779630148081101
0.3317789107082517	0.16277391676454256	0.37204697513660956	0.05146273975039184	0.32949707638276404
0.6415784080296456	0.7425223849974502	0.2090745147966041	0.7550806453759819	0.11910317634243495
0.22860985485211793	0.07568709888985503	0.9995591264632214	0.39781663582601334	0.7350722668464841
0.7959248347372766	0.32847163752217345	0.430476871774672	0.10667951213661853	0.2632299540463239
0.29424619730657	0.7412758428453713	0.20294848464354798	0.9721955492597284	0.6724627646505141
0.7541273568516109	0.5978370960423541	0.09967859700143489	0.9847900513410534	0.8467123226346697
0.22153601781186327	0.8836484366857913	0.07666801181379868	0.34624080009282276	0.020290031466121294
0.3499807212762067	0.232978571614471	0.9017349196549372	0.290265065566234	0.5929426787940291
	0.45580751988335355	0.027626410504519194	0.4656465572296359	0.9127235160235742
0.956935707793993	0.7260283938304682	0.5560539753033046	0.39270461124181244	0.7522541531230924
0.7755758059519726	0.5064068629750013	0.5166568328269789	0.7935860659458431	0.8995855135310712
0.6860757217444012	0.33200588278728305	0.7443036214269917	0.8343253919307843	0.7980783110000318
0.13751246381323368	0.25487465494729056	0.8558927536131715	0.1533582659943774	0.30133236584188905
0.9251718327063309	0.07550297298115993	0.28163177128352346	0.40569975785736445	0.16088298052041705
0.42414027130857446	0.7946363717921539	0.021166956056567154	0.544345242447964	0.7446753903089964
0.5722485792735534	0.09811981084867205	0.751849836468748	0.21213727629561818	0.4355616006548968
0.48471043043908146	0.9906360860685256	0.20540922124787397	0.03894130124606465	0.9699572636979262
0.8160075766163348	0.6478574173150126	0.5671089975594655	0.991063956768589	0.5550022115612269
0.7889073112653834	0.7934291367929609	0.6369987373604994	0.9090924584198276	0.19214339031380911
0.6436263635637923	0.3444982644137564	0.3664893965121927	0.5761209144217659	0.30271683776939873
	0.38381147712018926	0.694128116169227	0.5698198092416696	0.10648586777135671
0.3784973565667358	0.32134523569637097	0.22652386553196924	0.375172991112772	0.18335027086355127
0.882937380381184	0.7355069580196135	0.8659968183524572	0.5206466345656324	0.6748106605260294
0.891175073117421	0.20789105860819734	0.9659385670900456	0.5160491175668277	0.9307935323767919
0.9804365828596905	0.8401021823848986	0.4151563761636359	0.163091393739628	0.02610052005533081
0.13784422095250504	0.9267865777121174	0.24382656077687392	0.5478606302526632	0.9337673032934544
0.4631011327932253	0.33056086271935536	0.8665599175890578	0.5553102395200018	0.3191165736846008
0.6914454516125149	0.19138754203951325	0.2954189148148604	0.7341778626043283	0.2549686987345833
0.006236301415113332	0.35972161558599003	0.12477200836960545	0.21083284321497275	0.05424390256486311
0.8710168692253301	0.7575102177469387	0.13741668872652724	0.4678824841023609	0.15090806175085547
0.6321906500481596	0.5609433066963124	0.7388670019413682	0.9977782792158445	0.43808940031450117
0.6690728554582983	0.6893954813317321	0.925605455881852	0.8463691350063925	0.37262584812029564
0.568179467599664	0.7197822980257562	0.5887928605763824	0.49154235431936166	0.0329313224786808
0.2314540813235637	0.3319595039247629	0.17523675157431773	0.7172245371401667	0.1461621274443211
0.09653982763630176	0.7849116940151444	0.7122534062899023	0.4414248827434515	0.6561961795155665
0.8370823611521176	0.24905377408756824	0.229087079800537	0.4166832094718862	0.3955087078051971
0.7574246334989929	0.26098961417411126	0.44108485909726614	0.38167389152677555	0.04215097778953247
0.2994409333102276	0.6500106754857371	0.8400968343251478	0.20685242135453097	0.2372983476613052
0.419990551290245	0.27731401672263867	0.4262213166380445	0.5533684112630358	0.5221395254784936
0.3951821250535491	0.5248443084095796	0.2558769296707126	0.15398684220173786	0.7239039444549168
	0.510247551571327	0.7737434695658488	0.6897573532447373	0.7365665718175756
0.5659623100995721	0.3259542257380793	0.7042013827410919	0.559968407524786	0.8243253848234793
0.3415654573776904	0.9415531330162803	0.44210191030153545	0.11566240392727234	0.020729756373435992
0.44495819128026715	0.33771407357167504	0.03633304946385574	0.7949135349553004	0.6014978933379695
0.7556692592424876	0.764930559275705	0.7848545738601613	0.7132723731905185	0.7087186986859638
0.07992970607530692	0.9548348748382008	0.8358970622194031	0.1063119810776223	0.9709847660035825
0.18951873404962638	0.6319831156838921	0.049945129699632274	0.5465721670539027	0.3656135539146743
0.5933580521948463	0.8678662789132515	0.3062993412663805	0.824816154519633	0.4329359211785564
0.8543755547562957	0.1915873953286582	0.7981314023816287	0.4019644933891533	0.4856008218744108
0.1805176142630185	0.5828217881319542	0.9131129020299604	0.10468901393179553	0.6143008033886316
0.24721387309553633	0.6859015621880388	0.05207307623484281	0.44288423338862337	0.48462916633615516
0.7509600582766351	0.11552601847267197	0.7687310165989023	0.2193685689208048	0.3986240228771736
0.5633752135270798	0.5211947011841799	0.11237277463772388	0.30861492355035214	0.8738704699010394
0.1638923705849461	0.22273577901264419	0.5882047455867417	0.1088639108970052	0.5217576901253461
0.377667158821712	0.4226581840506687	0.31383652512239846	0.5549509125018581	0.5442827176738605
0.39317407748245237	0.5718430638515728	0.4445722997664747	0.6058523163016905	0.6151194092413969
0.15649839499143148	0.7438780146283753	0.40402487876445037	0.552094059242712	0.15995244495217364
0.3669938384846714	0.6381435804361857	0.16597276227459246	0.27617316047137996	0.7148093924956785
0.2589415978126527	0.22974236614042898	0.550841655973604	0.9907641371885068	0.6285013006203695
0.844952916262523	0.7324494131038065	0.6080563262298526	0.7997412754270065	0.6101045457412722
0.0028067361564828586	0.02100660926522724	0.5059726638245771	0.26494419721777496	0.16120874351416903
0.530699486206419	0.2887315301850514	0.24893072102573255	0.4453717676297353	0.08456127932085589
0.3764531711602207	0.21038391858101269	0.12678079736767778	0.929325558023958	0.2702875217489169
0.6140055469459578	0.17745702185604506	0.05923380368797071	0.5358812303700423	0.8954923802072082
0.2034300156483273	0.3871539899896834	0.6209778015041679	0.22672478649215977	0.9989599050568777
0.7573024309490349	0.18521700740570712	0.9510122168732914	0.7775081909127906	0.10470857868442929
0.002022619515687718	0.8181066145295767	0.7429632218769567	0.29990543795579117	0.10408057045032304
0.2808949699013499	0.3409373842310133	0.8914543050539623	0.8868173123574005	0.42232037157237
0.04706304810935913	0.4579105442331597	0.5088212264011107	0.6771198937540488	0.5011564688041196
0.38977126417952523	0.8618902754733431	0.7512751814448984	0.2574959793288373	0.0069816798202202435
0.586749514113574	0.6549516951908408	0.010721497943158131	0.7562976422618362	0.6547987446190553
0.9337307331703917	0.5752979504692391	0.4067802966031765	0.6240171809362361	0.4118945618217057
0.9274596639268682	0.8195337852326763	0.1243770780270913	0.33955063602338376	0.18037418025507979
0.3760246838217005	0.9637521256423445	0.18673418406172992	0.858254941657939	0.14900456871743606
0.15547214893440275	0.7626604332791849	0.5367011537409823	0.9646280770092112	0.020698754102352
0.5475586640823198	0.9087316798494341	0.605239954261036	0.8650642857742312	0.7107170987985142
0.8091507710133424	0.8314063395793965	0.5251001423239126	0.9712944472772334	0.6003739028914399
0.4400001342079226	0.6669507337958909	0.09206254001145275	0.5492315012810861	0.008793745968560418
0.20924321997297812	0.9341248507434948	0.3676146273346217	0.4506623306993264	0.8556324723478675
0.8654296007799211	0.5943367399965984	0.18641013949217233	0.6910583834453079	0.014335663107618468
0.1346881721289781	0.9161808463851431	0.4400559020672099	0.22868188323282723	0.22924953187322406
0.6830783555950354	0.3454934222302988	0.993422090666812	0.1349047981874979	0.8867025311498178
0.19319819468327504	0.9355282128303963	0.09535829889136205	0.7678295274043881	0.49706067299668577
0.37103167372846346	0.782761751981315	0.5407670348056559	0.30663889610315265	0.8145841468951607
0.7474567932252916	0.37837025229744736	0.12455596648073086	0.42308424945854806	0.10922491193069506
0.5565401164290223	0.6931469054664744	0.2909728466478817	0.44480698915625017	0.6984334423469176
	0.9604756680738895	0.7288680685621274	0.6821130287953121	0.055162382153529865
0.5537020057485501	0.13133346435423887	0.010599788862556303	0.9812782453043069	0.2636979411371563
0.4685358238957592	0.36687006694299673	0.9761104437399704	0.08798643553820606	0.7621321973211211
0.14866345581813334	0.23295711256649265	0.18832388612539364	0.3166116423122092	0.14974951628555333
0.2598877615466967	0.9580560392558621	0.031669626174118726	0.8766933238014378	0.48533919914940804
0.8120865704103906	0.8178234818492988	0.2794395172809889	0.713942413963596	0.49164857187862376
0.9683382782029306	0.3896578048914894	0.119241847705024	0.38905051774502586	0.5511749306833195
0.4198701002404631	0.8449411174106457	0.4672915014945914	0.23180549923793947	0.056349356140985796
0.5702739306732608	0.8898205100648858	0.7141886462018054	0.46049967568722205	0.3534688383462372
0.5972382516015093	0.04927739043744572	0.8041462787436622	0.9748969210835725	0.538892834820886
0.26321393744381827	0.052283456299958675	0.6968862074882776	0.8463110110893239	0.28739418959399243
0.5060129001739473	0.3565265411100291	0.815395407607964	0.39552904938257016	0.7267336581739103
0.3969909921901247	0.04212148273216454	0.6034520485979258	0.7459351843008651	0.21666915861238178
0.7680862312231453	0.6511869414049684	0.7100545182891028	0.8550503613470491	0.36744782986165037
0.5316027065683437	0.6975469971406345	0.7193900189964485	0.3458426728510646	0.20010188901136594
0.0071845617332851885	0.70420680941321	0.7650596297103678	0.2323083271503219	0.14877673743954345
0.3321855900693931	0.48521000683728654	0.31024673060123353	0.8727375993791824	0.6247485716940392
0.8726509789254338	0.2917068266542199	0.5726418753049226	0.8457756740977578	0.8920033549304608
0.4482945814421079	0.41911255150321836	0.5628818386955506	0.7119111280154398	0.44050453588925353
0.7485302759188467	0.9047747246721995	0.07147315960772449	0.28737742519109744	0.8561709347604463
0.8790664600622746	0.23920397365902768	0.8969461440937436	0.6427732483068549	0.9268363035083698
0.5982549679293176	0.23128825418276722	0.5380026625590849	0.013890530646085253	0.7330933235805186
0.40493769361087606	0.025022471195705775	0.42914675666734636	0.27184099062368294	0.04158390264544565
0.9022651130425726	0.6107476370118828	0.37807772891437164	0.6413760390191301	0.4936593777143009
0.44975878845580664	0.17379884978547444	0.9520448840348403	0.7732320739711604	0.02976223270585343
0.48328820240513093	0.8375823624136425	0.12847000374168627	0.05925430909588192	0.6523007100983311
0.8365262377754716	0.41785992825883966	0.5170414500070233	0.1988372462822009	0.6116862638488749
	0.19336782752886628	0.5069898415073585	0.9356630971135066	0.02143076873155081
	0.1646455467992013	0.2670882590676429	0.7462228049248028	0.9586076389445877
0.5908643153024881	0.9278688220644972	0.10372450556655366	0.2782932717592854	0.7025078603307809
0.6368224202286389	0.19326352444346373	0.8922246650713936	0.8699916953772097	0.8559782760642624
0.5201124701606348	0.365208387753996	0.7035055451512618	0.6447980634617835	0.029539194218276
0.31595641445299905	0.36457177534204144	0.04998501869749661	0.8836100734235686	0.7738422538810642
	0.026470239598017864	0.038821683056820544	0.6936520592811779	0.7250688488884055
0.23493950789619533	0.5029914506908923	0.9338568995182628	0.24086888433084974	0.3525277422070334
0.8453301061737442	0.46297514013096785	0.28098156906646166	0.6283062526460766	0.6234611886374016
	0.9819658225484825	0.15961224954564113	0.5054738376742749	0.6995570996816243
0.9963260330258948	0.458117884599905	0.20215955916607353	0.4168299631871062	0.09763235178332375
0.12088471013367497	0.4068082842923766	0.9209344270250015	0.366375546893674	0.42743707929046926
0.3537561073276845	0.26893795990437275	0.5712941261223609	0.09637940684744362	0.8641344688428365
0.6993286562703661	0.6571964580423066	0.6731581925052538	0.7533716007616308	0.48961826201998737
0.7148768504418407	0.8994741029293899	0.9096459659731455	0.424039695549252	0.4801281654467261
0.7916622671594659	0.08412144136107258	0.21063060473593453	0.4459446998319062	0.7084782039235294
0.845460543537792	0.20104155722959816	0.8986508516324753	0.17134579324463572	0.2262828132573469
0.9606762021655901	0.7865210223662694	0.21819305638374886	0.22168416424607484	0.09726875036362004
0.16084601003112187	0.6432658001284198	0.11824322332306592	0.712826905080079	0.3021198200196846
0.9224786992988054	0.1599617895440284	0.8881375756790243	0.8912815596974071	0.413288807182254
0.04593204816055518	0.23949531890471576	0.12856803278647244	0.8503788368004364	0.7433973061096986
0.49517790703414766	0.557483381007426	0.3585494308484407	0.9899056267105836	0.6152303733720961
	0.8154858612723224	0.16839649162831272	0.3110404915986037	0.2212440109194933
0.060999602235678685	0.9808849947073655	0.2319334463251964	0.8603369476569939	0.7042210092683164
0.10603027593340486	0.2212456571427477	0.19869405248751282	0.39742209683649155	0.20109281897338083
0.6878043545799531	0.9046643836938705	0.42338574848166	0.6261174076050593	0.08460098998700949
0.7308795418561078	0.46517003995599826	0.10033975704801368	0.3138251062862445	0.8987001963064012
	0.7900219097743258	0.510873810374219	0.8351128632767577	0.47935634212007827
0.7349831952687866	0.1250956413118005	0.975862532678074	0.17560523977408282	0.5346132311243591
0.9814434639995934	0.42584523421257825	0.3059918456431163	0.03315611189649792	0.9032908957792795
0.7946579876804027	0.9869242576462255	0.6644542759825692	0.9698175899621267	0.9192817480956728
	0.43114705987075497	0.4811505695902034	0.2715803663011622	0.02346513582358767
0.4797667678597545	0.7039645778236566	0.6605389420360267	0.4163342439471077	0.8759760368082641
0.5712998940729219	0.8962047357181959	0.7141743930718663	0.8839693675506715	0.43742187318821113
0.0001420475738915794	0.2896710887262466	0.7673981372692126	0.8224365852661927	0.45233759050482436
0.019759697191679915	0.6987805587415116	0.74477738793919	0.8335796323772553	0.5248232364623113
0.2400251741934275	0.08874914368485531	0.41488986119689897	0.6152235023465519	0.058918565629484165
0.4874000185980024	0.01779008892170153	0.2954316049503646	0.5641891041396017	0.3537489797062081
0.1718884158182843	0.16851978185536587	0.7224719081449317	0.3810973167600946	0.7234216245515411
0.4844051135183657	0.0794430662971718	0.7559022513197851	0.8385959644509017	0.5645857023193931
0.9746225770865627	0.5808901789885189	0.1810719646864044	0.623784672281954	0.3674468409228532
0.22916327039706352	0.07838655758306201	0.25739771802212397	0.2099812102429408	0.003783778517511993
0.47489991363248096	0.48549316110157925	0.29118620010393126	0.7173894738033972	0.8366670118206971
0.1565784043424825	0.8452155986836816	0.47585736983144244	0.31790892537232096	0.20011572798183896
0.9634760857223325	0.17233478214577747	0.7270414953938403	0.17220034113429605	0.21283168582225065
0.1435865876053748	0.7911319214105628	0.09326150778382147	0.4471933535288415	0.7082638924140007
0.005177072187927734	0.16796573314994157	0.739617783065637	0.11602802446232563	0.9977934012196216
0.948920384421318	0.2337909959022837	0.513168046060739	0.35265547662659014	0.4202950227534007
0.7807228162396243	0.4691742836892395	0.09315783495342589	0.4612098391179641	0.2660239484247756
0.30570999471888294	0.448069288984307	0.5875433821851718	0.5480812556129111	0.6214332310800582
0.24292171888139225	0.19995427055933035	0.7162425464409019	0.2038741852668522	0.1318414655992527
0.5696552697717712	0.03323842760346285	0.47033828089827245	0.012403249602408906	0.3448089941997704
0.14989517606190172	0.469185369827287	0.8932501812920585	0.7091128222592422	0.18600671624457576
0.8040503393704118	0.8838133216992107	0.8168239788512189	0.968746766741003	0.7001915661770631
0.3550509353548541	0.22398228926664598	0.7894467695003403	0.58241128892208	0.8928523171668141
0.9219333002487754	0.07934808911880997	0.5314907035130354	0.5904349751061473	0.13023922539799115
0.1357786121024097	0.9095260655793743	0.7186858230330831	0.30565702929790084	0.6881243763861553
	0.7612668152414116	0.16091075484282702	0.2582935388269306	0.7037506382490247
0.4985363492706182	0.184936878433128	0.505156055007413	0.7737877018572331	0.9986934516131111
0.8021996994097751	0.08198683710021037	0.25409326859684944	0.1380373630912487	0.729684277342401
0.32259013093569644	0.10489818772413173	0.2824166354222173	0.12884628897477723	0.9158592480767145
0.06181780540695425	0.43940285961847814	0.10901669902496502	0.8869220203502985	0.38217579002195023
	0.5180209076771548	0.7096216628831041	0.918649771454396	0.14538551551282397
0.6675827990790295	0.5373665056128796	0.2975385510321533	0.07106217865860187	0.8726778442872728
0.20782751155808943	0.13567328056659467	0.727462581997959	0.873179869640399	0.19403214488305687
0.8386477114814791	0.9342347612310602	0.9822450521225112	0.8735037924016484	0.36797697499153315
0.532221903121202	0.5852823486355497	0.8698570868615543	0.03283058964643637	0.13063073390620006
0.025369388578805552	0.8462882768516995	0.3285668716728668	0.3543557452895727	0.2614888091551796
0.424030867842326	0.5010432246609012	0.006525637355945579	0.4496210413718734	0.705274728183558
0.36028291715996696	0.4972492858802088	0.9893638886190544	0.04590331571907669	0.8912536278248094
0.06286007242985825	0.17717193848610835	0.34859609013729576	0.35123921146078296	0.688117071644841
0.6260229312663179	0.7651544175304513	0.3614706921609201	0.6663362777728987	0.2987850942175835
0.8277969869746702	0.4097945867668832	0.19510836498627115	0.3931373050678134	0.7035339935762626
0.34985695897171054	0.758614676974348	0.8029767887328482	0.9525379319914877	0.012818623762020476
0.683951368141788	0.12108560382916089	0.9236814093144388	0.10554636671655138	0.7462938106121094
0.6717421651019827	0.4842342873673643	0.13116332637145922	0.10919136103410265	0.7596887033000941
0.5986354702314701	0.31991144611387623	0.8254330443649085	0.5781727203089577	0.1943114234168134
0.6989552435894658	0.15885378686551788	0.8730571603193603	0.8517305869318393	0.9076374236602235
0.09777806518925325	0.6625116002817887	0.09348180407027096	0.7819712884840808	0.7850139199598581
0.5381274139503325	0.1466894867981564	0.13307887086831616	0.7691916623212871	0.14710704836708832
	0.37812824230435216	0.23179081204821605	0.12848365205924506	0.15967420960256173
0.5570568668295814	0.9061690478188383	0.10713326465764272	0.3825414873948053	0.9872068287252884
	0.8255286350733734	0.40127177952930404	0.715917771595311	0.4757833402476175
0.7130621704019924	0.26554601912337905	0.6841316637077693	0.5182026952118428	0.7549505036612695
0.4610789498613813	0.5183207736229345	0.7420047554520834	0.6725277831598897	0.6684147637873349
0.1046558865641889	0.40822949437148226	0.5127067316501154	0.9268868770856761	0.0015797652034510445
0.5766525518676922	0.7877909296100666	0.10911692057039424	0.7490638076118934	0.1517215298748722
	0.7199183198714879	0.8492367888532824	0.3466585256333121	0.017621548268382248
0.4769881658561306	0.9681132320944372	0.041951184375943806	0.9232258679885383	0.9899208913063597
0.8847376261905054	0.24859145974891628	0.29078663350618605	0.8702763393242787	0.9951873942186433
0.7085196328016264	0.4887391528257051	0.7780241739046992	0.12123488077063971	0.9487653782033335
0.4583610064822383	0.3674161638067719	0.6795591971687411	0.546537357684658	0.1214988931143195
0.03730520852586816	0.00038159521958192055	0.382332806232797	0.4544074747960247	0.07810704194494367
0.7661109025275654	0.9039346573580094	0.686185140234737	0.25037660482443524	0.5987577666503728
0.4221023569791077	0.1533319190497483	0.6882597899020442	0.8979420056395452	0.015605220243299134
0.3117501143371154	0.8189139878096855	0.25304765788684325	0.18373299834328127	0.5903946468585562
0.2727654045065917	0.49368742625371875	0.5477126992868516	0.8862933035521264	0.9636349606553778
0.6094846405436583	0.1885272074401051	0.5322822977194134	0.6950632834908768	0.04706608914243504
0.909607162135896	0.3899716158560578	0.923796969807514	0.23888871172002368	0.9949016632767107
0.4557718802355747	0.5561976803668176	0.4791111016014896	0.16650826579766909	0.8532805962976551
0.8827226008721499	0.8992040083304408	0.12809206483141422	0.8842540753691401	0.9998657726814881
0.31251584469952043	0.22286613718736148	0.611119841463782	0.654414080207362	0.35543243059829943
0.22982997266771898	0.05246615012002964	0.004382605201218026	0.9764856668418835	0.24380246286467278
0.38877436755811945	0.19149281491699832	0.23945072111105203	0.8540246535693062	0.7624132300953744
0.8956745416870467	0.8973419873159452	0.7751060587399513	0.20102955345263518	0.35952516169373505
0.2919553571991096	0.7065283589095533	0.8263670859148141	0.7618379243751329	0.9353371892070402
0.5904301943803354	0.8417469949809566	0.37546755024884293	0.6332543681090652	0.08341615318479212
0.7589095263414928	0.40375711860043173	0.3378955185017316	0.6495870741598498	0.7861965572671308
0.3401180182424349	0.15288775106026065	0.49288949660565295	0.515338147044847	0.8061145707918739
0.1463371575839043	0.9397136174954602	0.7756639080559199	0.18288351157420124	0.6019645787062173
0.514487042485632	0.8901485933166973	0.003940320410124376	0.507476471114022	0.33075664287328166
0.5230585362565439	0.9500241330044864	0.8896722481686259	0.8335801868704478	0.5342970079255954
0.6076706448565306	0.02746118205974557	0.7458296799313608	0.1470426835411549	0.5852148933794963
	0.5223490358332374	0.40126429820181053	0.5121633236463532	0.9144222993574225
