X0	X1	X2	X3	X4
0.4991891898056552	0.8666633375922181	0.30366291318855887	0.21684697957042243	0.545314037168595
0.7029287599394335	0.9420805180335703	0.12169890495019198	0.1930951207894941	0.7635396928349132
0.6425198712132547	0.66784928739728	0.10833833694284734	0.23175461969955602	0.0903495577631761
0.43043652079611716	0.21251841673258776	0.5275795211507405	0.9499466856194134	0.413690399277978
0.7797829379049823	0.8581779106269437	0.14029418272096206	0.700608046034563	0.9687800349347455
0.2551468723082574	0.7114413046285921	0.5807675143336027	0.12084246768264939	0.11849919082134774
0.39992422237067315	0.9151686865532657	0.7824829571210334	0.24398679931001388	0.6257321697130805
0.6601027099639226	0.962421934115786	0.9254894734950501	0.6666837495299276	0.2655828460358842
0.726388270953737	0.6874516045964603	0.8457338709245765	0.8681010686739086	0.431446670114352
0.31410713556304104	0.18905868122713299	0.7468422671694833	0.5990354064898987	0.573130209478651
0.6726198200861484	0.9538829932063116	0.8192352461151259	0.3292709596887424	0.04767062579361658
0.5819426165007947	0.029165902485821737	0.0740211926888883	0.5324617533658734	0.9656533771466856
0.28938557958504485	0.4099312996383593	0.933137848017988	0.5016742131529968	0.5259003919318
0.25825697540375403	0.5543699372716011	0.8521045060095038	0.9373707888576448	0.4764330924366148
0.9768161180566464	0.6091132576006008	0.510934356197875	0.9765415085644295	0.8930869660458794
0.7445426383123841	0.4168533963416676	0.4232299060865381	0.7097172795980844	0.6590062940475082
0.9572401716892776	0.0188644480373662	0.3603678601508603	0.4105365570360964	0.06992747402187738
0.7329156556364759	0.7295848135675835	0.15120672199361895	0.19488838937361108	0.5377591765605112
0.2044394491463446	0.9263562794140612	0.02730112634819526	0.6621424728758438	0.8061884976745365
0.3484093274297547	0.4303828228621107	0.3604587738484115	0.6289982538204507	0.9966958406223806
0.9457411280922026	0.8578555682942582	0.2936097278562717	0.007934141916432158	0.6791745490802582
0.38351334673163273	0.4376847852725839	0.17895511674194486	0.5882320175132748	0.7180106087382403
0.5991406127281612	0.47511440236683633	0.0830386712602813	0.6181696123605254	0.6413415102708013
0.8457024301208808	0.46125809526694495	0.21632489591870163	0.4470987784042203	0.7795698161073157
0.504712202414538	0.5664951722146414	0.9513316654098423	0.10012349371655627	0.03423230458444604
0.5446406921948834	0.09213888032264983	0.5473815649124785	0.48403189689745896	0.08253931092735445
0.11094962700344146	0.5823937988380318	0.7467162072216017	0.8227853943659443	0.17202890977692875
	0.5571480838234121	0.05267335055591382	0.6927735407172586	0.6757347951092458
0.6206151926511102	0.6082610449616037	0.7491843408881358	0.318620275326694	0.8991912291906788
0.22248619551752358	0.6732108834693631	0.5954963633355389	0.8878652015979711	0.537998043821923
0.025471029563430503	0.7409607920311397	0.4026717778519451	0.17229911207374315	0.5824795411945594
0.1609150043718688	0.8445019152407721	0.6091883706552031	0.2035550043800496	0.24216191002968102
0.2858445412203714	0.25120474321836683	0.6852923765265886	0.6393509532480282	0.6336680349063125
0.3808556368606668	0.5285114864255565	0.4302028929863625	0.28333085290630844	0.15925651580824074
0.12179426929322734	0.5032163099751101	0.74908984350109	0.7265332298086414	0.41971934742636763
0.7074622810080266	0.8761944304508833	0.30950812416494844	0.4225684799643118	0.1133632529718992
	0.4191571466238969	0.4858416365416459	0.7589924928720178	0.3976817888596873
0.40966220124582764	0.25145073537806617	0.12053506174986828	0.6137149795220732	0.27392236912259993
0.11582197178491038	0.2801995635080964	0.7803931482233224	0.6974070681839503	0.9486498801488178
0.8303767148180484	0.6953511126133894	0.4265855743776097	0.1524414187438735	0.910615459837579
0.6555023519154618	0.15177695376135814	0.09302737809234185	0.31551177885552717	0.7775302307926223
0.8771715645216193	0.7945370755938981	0.02072287117572391	0.2329698720423775	0.9266135879236207
0.945002348423619	0.5729219547923327	0.8217357835301733	0.6615504926518365	0.4983219761230051
	0.7572440220229837	0.8003677541525295	0.16800204904880456	0.22506300697254822
0.9917096498199285	0.3608929586697952	0.9756474034231227	0.41839982230002604	0.25535089969137803
0.7960888746339045	0.23194576151749424	0.9531015402022937	0.6327586351227166	0.9192513025080444
0.2893092363693296	0.3010360477164844	0.7513600375868934	0.9709656559071786	0.7113429618515758
0.5127884710514123	0.26765917080354806	0.2955186712036638	0.2911129663272374	0.9786166707676957
0.20459005313830747	0.5021049336526149	0.43745313683507514	0.35554909262397427	0.1964726280397321
0.07585453825939703	0.9949840780852408	0.6585625957832687	0.24029751129853127	0.2522091275520236
0.054723037714422884	0.33014146664517363	0.3602704570508989	0.4834670990312211	0.42928416369760125
0.8661785665926621	0.6330124748622951	0.8230906341925022	0.06272293317325517	0.4219096494724228
	0.508195064957477	0.12814833325162012	0.4502141321711729	0.5993013580895099
0.9097391111795889	0.3253054414292621	0.5299247486427371	0.3279999279007755	0.7073292398731414
0.36389050507080645	0.1795954274816045	0.83620890761242	0.821902819363607	0.5950581892396378
0.7569607793984996	0.9116554698028783	0.010055483049584257	0.17732397859217397	0.5773543374401249
0.179196887832882	0.4000612506523301	0.5299276123922086	0.02049244909354564	0.9507485186320845
0.5868758594032972	0.5700973713542458	0.7390040203093406	0.5016458589861155	0.6208616110348144
0.1957108868066676	0.13672408697176253	0.374565658248462	0.5606020912460695	0.724323231085797
0.2950828721456542	0.6711329872530203	0.3097516472468016	0.5353185211108175	0.1055689980153649
	0.2627687173281251	0.36906839109684075	0.5567125773851775	0.4366445192428724
	0.40334937997867026	0.19415410665533372	0.05762265986938475	0.228537836274734
0.6245404249971037	0.4613930947939021	0.6152411091268184	0.3850603430345305	0.7890272068357354
0.773892549352811	0.9058182607008082	0.24837797141005313	0.9914444433798868	0.4151668257882153
	0.5269587352651028	0.7775406336638359	0.18248130823106568	0.45729613246490375
0.18754605599397733	0.9482649198119417	0.1146422144972562	0.44725764540237434	0.39296933094943376
0.33105496120128197	0.7419938917640947	0.3174133233046714	0.973096911911488	0.562779936877003
0.13337198983278087	0.005276987356722107	0.19862029232330247	0.020108369697662387	0.8852112636562421
	0.039664668716897555	0.6331037884208951	0.17641145928409097	0.5611847110741716
0.6103534661273028	0.2926753760692181	0.10223648508009586	0.9410240306021261	0.44164886486472044
0.33093700277214444	0.74975130765763	0.46437009504467097	0.672529366251902	0.14198904850478034
0.1999368072564296	0.8950475052869385	0.1730839759995808	0.17845248318512485	0.23795104967921554
0.9081324891309489	0.5994799996043191	0.6975540863140923	0.8964603305430613	0.9379138184924503
0.37020734159299895	0.2957632037080693	0.41415096477477376	0.7848148169908806	0.954709952078281
0.8629681035401128	0.18627147170747782	0.5477097817769541	0.8373369022361457	0.16409021601224227
0.05874360342466989	0.5876773838077273	0.7934063371801392	0.3817682264306913	0.4372397570887929
0.18705205184545992	0.8304695341032187	0.47434938219526834	0.625255852364999	0.4478340388457749
0.07747819795619304	0.8724687391163791	0.4715272715507215	0.5545019212581703	0.3604327840598023
0.2743396247401164	0.1974195719528502	0.5768930573734479	0.5735638785153028	0.5216052149167634
0.9233283016757203	0.8711248453047935	0.587377417681026	0.5249135899374499	0.2320964438043034
0.24007760494792774	0.9807324043451782	0.5630053953598011	0.45425655960787126	0.6870132590255223
0.6081014822322258	0.527942058940752	0.6348213095633221	0.7755206075410513	0.29627934191731153
0.9478704725891591	0.3056612539547796	0.19314526410409616	0.4603276645739537	0.3373581346604366
0.11121797722400584	0.05493726990218728	0.29969536947405007	0.26064972471048187	0.8111912093428597
0.966030696370798	0.40125684874070444	0.7551917716704581	0.13189428810051196	0.5465440241906028
0.38967703287599686	0.43428234281801437	0.1421325783596672	0.720408834331977	0.33725357667204614
0.24642063332451303	0.7154520040281072	0.24590025943287608	0.8018383076573474	0.17904821089153955
0.14633910356551416	0.408175081199741	0.828633074208287	0.15611396920705412	0.7020317480959097
0.5690900818257246	0.4588412568807354	0.24058251868857328	0.13025992253165875	0.5728588428262869
0.5006066594904391	0.26811420867372016	0.04865254241493289	0.5504726755226	0.3727176035956471
	0.8256167584487626	0.25894584978136015	0.14498292838198223	0.7308142157357014
	0.7638805372735016	0.838046143446276	0.15807474383098696	0.2618039579640137
0.010178338065790604	0.6781479226280857	0.8128382778213991	0.8433755089756431	0.43467084032406944
0.4562006465850833	0.3530313115468642	0.2123886321080951	0.15692011214103985	0.591359013010217
0.8741356604086564	0.9769291900973976	0.44774602647110406	0.5301386082883147	0.14849059857147584
0.04637296401134949	0.33273690825751656	0.975857359641661	0.3791466959387726	0.9654422417766836
0.00937291167753218	0.26691421322831677	0.8286665239754156	0.5405438930271824	0.7281427967494495
0.14567341959637936	0.32294415490463624	0.5088645531110415	0.7411847162795053	0.6963427606702631
0.36373902955208703	0.7836497742304953	0.5203652954476476	0.33843609711829603	0.23204791050839002
0.9401308579439721	0.24781985286821506	0.8002587618714103	0.2998422309955773	0.826267286872549
0.3118143602817578	0.40293987536315523	0.22822543222127456	0.47477539865974905	0.9790675158115201
0.623376419225425	0.553121201250626	0.646994315975229	0.1404648556007061	0.12579894316927198
0.28829572522447977	0.8447181875152675	0.26625453685344924	0.7086631003241969	0.4144808962741201
	0.09732263047343814	0.19727690453201852	0.06856365827539879	0.665335612842049
0.2876575405644092	0.900678183974308	0.2562875812562103	0.6371902445950898	0.1284643279982567
0.07177003572792862	0.7632336765663387	0.7906967649762148	0.4973392961920018	0.4470552159836909
	0.5445098995824426	0.7084650010833947	0.4877297288221297	0.27025417677344743
0.946441561101532	0.3544864808503153	0.5034799494112222	0.9336247307596383	0.5789928985896755
0.02182923683512694	0.6233372123310191	0.40110643349904096	0.7728521934391437	0.3132505705532733
0.6492530644883955	0.7218710638838928	0.7068365877910194	0.8730595162586109	0.22441221167967196
0.3449456430839335	0.8295626961404317	0.17188091825481822	0.14089684252062928	0.6569872112811239
0.6475117513693165	0.1256688858710615	0.9688089465685424	0.8721863381732103	0.07951439725413134
	0.03622805061179768	0.32420740435706763	0.41387797596891573	0.6779771527471607
0.23800750794519854	0.8740009010518331	0.6860732025650353	0.8238787096432469	0.7192102720940586
0.17555404681368414	0.37863400326134145	0.1260896567473947	0.29195658911273026	0.43685977882731963
	0.05044819067585793	0.4028330054301641	0.8883855856917574	0.38587313771956766
0.41136815198421717	0.5552820163905535	0.8350690838131478	0.9379746142903947	0.23611427403945184
0.44066383000326714	0.6060117669913331	0.1263024289241257	0.9952278578162619	0.7326212261913372
0.7574051132008366	0.1195658598630176	0.019244181303994967	0.3092345073627244	0.1886497133808135
	0.8304804189817655	0.27050715077920107	0.33662755223604846	0.5856765202865143
0.5844323886748325	0.9425976747100783	0.6947213049532541	0.13899279430411193	0.5717666187259435
	0.33618870083315444	0.10942788792936575	0.031621237629303134	0.9583630309765355
0.4006527710723202	0.7980716431703208	0.6214862488656633	0.7960659511673108	0.9595086870855201
0.03681613511439319	0.3880351598988898	0.4716907639403749	0.7254413881808933	0.13465929781492358
0.3704283548168641	0.15843643458876	0.5847920926060599	0.15578249315500914	0.6922690044262916
0.511841613953612	0.25029747572803585	0.11181535901333994	0.13568336921292534	0.7813308158892077
0.29677092941561234	0.9616451592703834	0.8565202241336979	0.24107789389308665	0.3602047125675131
0.4669287332541089	0.4679326097239864	0.6078729206878396	0.35853470661207587	0.11695759398372163
0.639204506868712	0.9831278034436698	0.36062658531059966	0.09381479026359896	0.7593056938685628
0.30279080689280957	0.13399812927261767	0.6806528292810793	0.05530220771517358	0.3532055969109398
0.4911463370969026	0.019638742493329087	0.6183573859047632	0.2070185689065427	0.70682545416624
0.21114909572038287	0.731050940217197	0.9247318159195504	0.6535367497798457	0.18604832939784977
0.5471102162538535	0.5576243154086313	0.25640626844329284	0.4557993511991303	0.5465446791569416
0.8787613375411586	0.44130546541028226	0.6512399664833556	0.08379841979921776	0.8775356110871516
0.700833335307994	0.6020951828834029	0.04403206472225041	0.3608856523722751	0.14909083847764648
0.7459396801751604	0.08346602980780027	0.45936668010089443	0.18954606819691022	0.41312623822702543
0.14875232714869357	0.7096633351596232	0.7518068316225209	0.37386873080659466	0.3119661033362072
	0.13938451812683395	0.3985880621408324	0.2842525473727394	0.9849612716016256
0.5884296155483811	0.5956502735363982	0.5808289310007179	0.18506622179187748	0.6374723428590557
0.9851375617150104	0.9524858726059465	0.9833614926749156	0.38588867975468766	0.8537711679681758
0.876025027416346	0.4297013551123974	0.4147924298678295	0.3039386922776519	0.7711530340002153
0.5464768366371624	0.19799413040241376	0.1930975106073144	0.22679053712759734	0.2533708986157054
0.5958894526438063	0.9279491200592458	0.014658508965231243	0.07446100108968945	0.7256556322190398
0.48688146840280044	0.22378232410370924	0.747316770092985	0.2691137686256816	0.6169886901559728
0.8049940896420166	0.1979218933623773	0.6272288912420999	0.19101318551327584	0.8201771437678684
0.4505640046755407	0.24765406752088426	0.14915567354032777	0.3977881236298306	0.7805112912986184
0.3889845934679763	0.4590917922918404	0.8501621356594472	0.4562740487744845	0.9363491569124363
0.4779694303058646	0.6078980332970471	0.27981173133793746	0.2869620865890051	0.7752640070111024
0.902381493346915	0.8641582603531854	0.5354730759118311	0.9504384208068023	0.025880267779471056
0.03638659958947876	0.9861433698794007	0.411409675317586	0.7260608798341233	0.40377228505729246
0.6592216971451991	0.1934800332524611	0.13643043046708236	0.1605681026738741	0.5953941381387615
0.022305631590759267	0.2172369130995313	0.390499492556589	0.7230710841760015	0.06378991250173094
0.8127510908126717	0.6065191825609342	0.98892954597242	0.7666310320055861	0.6977011814606989
0.6097271160760728	0.731135207540574	0.38907616750278984	0.13007920916566718	0.48263181469459826
0.7819395455084523	0.04750813957688105	0.447734744247389	0.21850708919730644	0.30152887622631463
0.3351355035744926	0.43073537433274256	0.5810562722670205	0.23597313438815637	0.18535624241059567
0.013401856412494917	0.8399672601367081	0.3258698641612613	0.4172116245557548	0.9682767741049527
0.48166193816480574	0.07009107718719965	0.8449381760725807	0.7330636889555728	0.43988633107708563
0.19920143198152063	0.9343297594417402	0.7348590941853691	0.49539154278747144	0.06451472087982324
0.9414394026417124	0.43117672240892546	0.8167886373077902	0.48247262362201837	0.9000182908848752
0.9814509810435685	0.4249489613703399	0.09111308217443526	0.7533364936211558	0.5890982532626504
0.9425828187851485	0.046593587223669686	0.8167731670254432	0.6489653685401571	0.08450675548365727
0.5088772790833961	0.28631135566429833	0.720444239652507	0.8041899139900733	0.31593556768123976
0.28779747361256025	0.32043644617695277	0.5962350910838885	0.8862436134325062	0.3043863731202806
0.1517436434738354	0.34045279242219106	0.8652108225653118	0.8078634760514118	0.3088854284309216
0.9309262478358419	0.7259656619561458	0.28439286684174325	0.6512972726985273	0.4329680053562871
0.7762221301341291	0.7125433540903211	0.6238512277897716	0.08456861658053194	0.7846607034840561
0.4663414423062704	0.8450026128058459	0.23904447233675907	0.19031568359907747	0.1467202834307656
0.09550673203456794	0.18755289998950953	0.924061021075492	0.013883264466056477	0.201750115122468
0.5659650106725771	0.17896151428872098	0.8539580929746975	0.03838234649434291	0.33110451916409345
0.9822962727562002	0.18804403456345775	0.7414119625795711	0.8825326222918916	0.827230133572903
0.5193188480998178	0.3733093980698099	0.4661007362818227	0.9911139929115952	0.48397596367754414
	0.7850278285393852	0.14292124913746806	0.7292202071095873	0.32753929057698106
0.5802149250552516	0.6022186043499839	0.9595134396378797	0.8258741614546715	0.9676436410544625
0.06045233007002926	0.8495141178094072	0.44181348610371163	0.8437350283829881	0.9498447223709487
0.04682000165167932	0.7181837704350997	0.030530528225564013	0.3453148306602095	0.1975740044534573
0.07962364382982579	0.598928852025821	0.2725068415198023	0.8950248073065993	0.9669910682789021
0.133475170661861	0.037536859514624155	0.8125587911453859	0.06645611294568388	0.7516955199962516
	0.6546704409718059	0.8499404228134882	0.14595763736505774	0.6545001912059569
0.5801982959060407	0.32942628347157177	0.35948418977101027	0.2646675721353521	0.12724367377616985
0.23920615765624342	0.545971552013213	0.3314245759701758	0.6835972534938416	0.33092866319473446
	0.6559354412771379	0.21793601740151813	0.5302533056357561	0.7458157909721316
0.08082345771518995	0.4391631202451791	0.7836363298382218	0.6082592672347751	0.6871421265971385
0.6102885835641776	0.025431167139368327	0.05981427171011555	0.6961894277963081	0.6424528615114626
0.5410954394312454	0.905463988458962	0.589175880520196	0.5931208772035943	0.6950444258948516
0.5287137263699544	0.8811744046850608	0.7988813970583655	0.7237642690227892	0.9792574989466536
	0.1832350869096797	0.7127463139425118	0.5769905243682542	0.42930330713528153
0.5462343221151403	0.12297768591028624	0.5988058853811989	0.07074422950016968	0.3471258624567467
0.2567628114688518	0.8673568899343075	0.913677586203582	0.31655885709768283	0.8694996841046143
0.16485791872647237	0.4150304804538828	0.2863530143452516	0.34451316462667914	0.07810536041923932
	0.4860519267799386	0.34207067525452395	0.09771318296387743	0.0795267364089417
0.3136243474731437	0.3519709897016533	0.7068889365502887	0.1404956960660646	0.18763630290799282
	0.8475745686836621	0.7420600855273164	0.933789242412814	0.16787559131857221
0.17289391938606724	0.8257656518296614	0.6303804787019945	0.4918133721387843	0.9000892570227232
0.4064988598335696	0.7992615010637245	0.44627942143140775	0.8720052768103481	0.6154627703163235
0.8431354003856917	0.26836036452750545	0.5183581454082846	0.12510113100409892	0.9743707533222883
0.26192016394410955	0.9036547601880607	0.27604957454612955	0.03461284875322346	0.7740696151858018
	0.3448056046971478	0.5517165637733239	0.8762701410281245	0.6341375290561739
0.8047030810934847	0.28983096428092214	0.8116184241397577	0.18759688105228733	0.20374292987864173
0.8098897344999177	0.660813975161164	0.11733703902727177	0.35744168125961884	0.4618634930459854
0.8777448227652785	0.3334342487635331	0.6730622060655758	0.07077088969316692	0.23671899456797207
0.037040366871305186	0.6162544002549933	0.6769090080452838	0.18516544822745873	0.6368729473136151
0.0699192155741194	0.6436472039564243	0.1468485903834319	0.20582105633707926	0.1982940091051416
0.4861930199696244	0.490328044473057	0.07533451313806017	0.750802261440259	0.4702049792386256
0.41066088626676645	0.2559247974556337	0.10335487668634502	0.2232246895484269	0.8032852783500027
0.68657643734336	0.15142666360136325	0.21973186848089643	0.04800350775848694	0.9852303733497233
0.9566372725301157	0.8916265549805514	0.026590564002594186	0.11507794950161165	0.6103615404031069
0.7850124640024861	0.25427808850163647	0.9419422266810729	0.6309550773504733	0.45615487239716124
	0.3671367955216891	0.01972516789396994	0.5026617078182245	0.620496656793714
0.4427714932979757	0.7450876679022427	0.882254198198943	0.5489435034588059	0.8561154466899537
0.5983560585400902	0.43212844738551914	0.4469457342175358	0.6731082730153974	0.46537859433764295
0.7501808655491875	0.2346958469205852	0.9155473985733872	0.534000035123879	0.28243376800177833
0.26473834751147507	0.8886435245713182	0.56073638082787	0.8239104016782236	0.7906413591845471
0.9352369066650229	0.4894199797187876	0.6106754071896382	0.7849996027186187	0.24647545980465568
0.37897113019752693	0.05855629884738078	0.08132140967558343	0.9755423244592593	0.0758038239497808
0.7419661208485928	0.9956622688675222	0.503187856294824	0.9857393643741625	0.5565406957078265
	0.9952328004781835	0.5250383392137487	0.8878858779387219	0.9863710836021947
	0.8271052620014954	0.669310348583243	0.8158028886550094	0.17759737775235873
0.15874850583760414	0.9503659870218637	0.6211233199578896	0.7025498479812269	0.3886429069731512
0.44657631901638417	0.6284507635012069	0.9258877110601622	0.10347291617213761	0.9584271996897168
	0.5155749320241881	0.020095777836567574	0.5532623150372852	0.6114833832674021
	0.7727026559772396	0.4555343100498521	0.24486925536554338	0.47707558202050415
	0.7389331956547867	0.5680479165671398	0.13872734683237353	0.16332925492302497
0.6985774614110203	0.9641549689968686	0.1302830484894748	0.40679873074360706	0.6754643158015138
	0.49480582865892087	0.9066439080382764	0.6771587190798488	0.4839569993517673
0.9322827429484749	0.013581492008228557	0.6804688470245952	0.35852434423369595	0.07672814500815694
	0.8665219944188873	0.890956577111636	0.7550943338350499	0.6101515991702534
0.6826815671120258	0.016267514802719707	0.9914495442785501	0.4193854268834555	0.6577003149203788
0.515313917914259	0.7165331107018468	0.04911733038994914	0.5946418521960124	0.24861745520743428
0.5616437275986988	0.1767164997576498	0.8157093182915558	0.8126496171302545	0.32658467116757683
0.3485949704891552	0.948415004779122	0.7397381137508182	0.5162491050213838	0.9787211297211617
0.5520644939853623	0.980760561709137	0.41957355785372474	0.45418749557411175	0.436462293161785
0.025046824225041675	0.31858204487161046	0.5048032347344477	0.8072500722988114	0.840198661778447
0.22129106003040178	0.4088918561836603	0.11313256852965681	0.033318394571458576	0.9167821269703424
0.010601950446520347	0.7261820381257409	0.18830980584344326	0.8905299124611419	0.4568906830791867
0.39927438090814427	0.018296730144014894	0.08981914443123373	0.3393137093841234	0.5981012272585987
0.9006935821150663	0.38211096231477537	0.8034598824585008	0.3501817429676606	0.58412363430389
0.42538952721135714	0.8222009277896947	0.9024897358199407	0.4693861044287655	0.6785654572465984
0.6359337973127042	0.7010294873579513	0.9557294034262634	0.6203090504380334	0.2116473327984303
0.4060478996051766	0.8134075097128101	0.8570642774012472	0.5678325018342791	0.853812866025613
0.23310676240198158	0.13428865154085934	0.05042728357733073	0.0868899588269123	0.738511187123723
0.02449772510484094	0.00864463244236835	0.9481530835617472	0.4668467413131995	0.49619463217117177
0.7663809761172488	0.9244248122112917	0.9282190395633543	0.3534071983056123	0.3676327598235516
0.6978063016691524	0.544505881450206	0.09823963739572283	0.4445025410558917	0.6248186984966614
0.7606210620350833	0.04667847850830842	0.6857767271425527	0.17087198832727057	0.20432803011078315
0.2982768891680724	0.8086156869691378	0.2950056662153868	0.0011309964232949499	0.49443774492596837
0.5905279286224486	0.07354972459562648	0.7749752600890449	0.16785854014012702	0.4208462165494231
0.5103817626507474	0.3134264827527725	0.32190494399145675	0.08422990639528727	0.8791160655710606
0.06203363157500641	0.4248225730821691	0.8524007365231864	0.815462412543956	0.8907380441813453
0.5253530538501864	0.31622118080403594	0.3624313297301238	0.8590927378123359	0.16291655173327724
0.06954149101023066	0.8157220828345738	0.7360328412524701	0.453019791670463	0.566019692159387
0.8123818069613041	0.7472799873731457	0.5592421998142093	0.3071281415875604	0.4484002761466699
0.7534359003879516	0.7485613502055622	0.49154417184519406	0.44298199999841215	0.4924195602005581
0.35174093443623755	0.8378914256715645	0.20339324690842597	0.4634133722408197	0.3327673984829628
0.437933016083319	0.07059810696730784	0.2620462418874697	0.5077807226763293	0.3573429903696981
0.20630176061821026	0.49691033406488827	0.36277437907024257	0.9073942331903663	0.6400696028596596
0.6326363483445002	0.04484687297887946	0.2543779016669393	0.23743506638894252	0.24363633683542252
0.77303832941502	0.2018817013929285	0.4836414238447495	0.3113772292238962	0.8180565920128492
0.564616444942915	0.6434463922891847	0.12495196174397083	0.2841564523947986	0.8771375792440764
0.23363843498033665	0.7194353053910929	0.7091503788535451	0.48539081508101745	0.9417313376433281
0.06328592065660854	0.31222780599261135	0.9157926401218466	0.08179801916219565	0.6784334364095089
0.37961966515637646	0.583202758067806	0.719178251659357	0.46409351336503357	0.2566816967543909
0.39539340048834837	0.24414985450040594	0.39302067608313707	0.5710863976053696	0.9963114555093529
0.04569400441511873	0.368640541417633	0.05150829336039631	0.10714904545652038	0.2143330045392733
	0.6538559888224984	0.4297463952009477	0.9275016324902929	0.20134637204911754
0.05440053085376051	0.28930396591502205	0.10826662939316722	0.2468620004958979	0.7806902632168117
0.10659875393655927	0.8996599987119488	0.3359661154674428	0.308898201769907	0.26022804634045227
0.764611106243034	0.7362774873147803	0.2532385717127056	0.6786350855694921	0.27804484758878645
0.18781231631411	0.32310138361403096	0.9600012191141682	0.27706492843843233	0.7426245292823478
0.4862788950014624	0.7650713377425591	0.9626963224685987	0.34042283581786537	0.7820688714537032
	0.8698281771528072	0.8629242937731768	0.7262233813322686	0.6240803275340479
0.816137030090829	0.07464953435476718	0.9778227048652913	0.11076003273568069	0.14196944960717106
0.286328202373485	0.7698936520674062	0.3187675530122679	0.3651529212989951	0.14934473056723763
0.7978386541239405	0.2683794858832673	0.10201923145563052	0.9734540756514384	0.09793137921568096
0.30938993908655066	0.4588281205758633	0.6407338624250591	0.3687425727297764	0.6467045207082537
0.20361509751820606	0.2926112045803696	0.9292052844943931	0.7491533313032154	0.9598855764256803
0.4402663653570904	0.8976925417623283	0.5518405340422304	0.7072064590177539	0.5617212263538311
0.40889834046431284	0.5396210476280365	0.7963462361548448	0.29042048951015875	0.021104186634358202
0.6006968781569846	0.9463214346957919	0.7752808163655804	0.7911234302149792	0.5147110137902793
0.04610238533485089	0.00446461931605735	0.9104037019502349	0.8806342925561413	0.6652282129907855
0.2090698690766697	0.5885431336650643	0.9125170709196653	0.33020898416992195	0.27948848416765115
	0.10487471512255275	0.0881529250245765	0.06222875843181852	0.3257343708053074
0.651072379908722	0.9602728245370795	0.9772661458714437	0.9596404582999095	0.8192180474236865
0.08264371960298711	0.4330909896830284	0.3687741685050765	0.36986479965560337	0.5317683120767286
0.7179532203846306	0.9675349423990603	0.35836587005906084	0.46764950439216446	0.05275270345733485
	0.6923784350760395	0.5446191980006022	0.9414218681136405	0.777063371292548
0.6465051421220596	0.6400638716994387	0.10013607011305792	0.5848958336074636	0.6815693924360493
0.4603325275290354	0.472483268643759	0.29108399442034494	0.5912232756136164	0.35128316837331597
0.7757625556267799	0.9682295318613964	0.8150250029057805	0.0897926039317759	0.6906451287101945
	0.026993429557891968	0.035888947546826366	0.4790599606667022	0.7073424689803088
0.35496977134220187	0.7253077960255865	0.35373988782684895	0.2454723642315113	0.9275934634866763
0.23279356786716687	0.8479849555559793	0.7776940193356152	0.24739154379598682	0.6328003539348742
0.2116128513582074	0.24136629716443914	0.3587547622468634	0.007248056696237959	0.9854448572048142
0.34784829628640745	0.4176390575109955	0.9904970553148146	0.8768015982632587	0.12248615854145806
0.1727263010058706	0.7266227508282512	0.8070750207181157	0.06372262426199449	0.7059613830300222
0.949149559470042	0.05618555159675387	0.6393146109661297	0.6956753310777751	0.5290542322450154
0.5154548002108481	0.2758732316601128	0.6870547473513935	0.5775009139432079	0.31561998032542005
0.6870879263047417	0.5840973523080852	0.5257441495680835	0.7774879739832965	0.6194913232280048
0.3814280873191579	0.9372650464704827	0.3422044306021508	0.0924858497481128	0.0818874344888264
	0.20466240648133704	0.5504215336467608	0.22394918323617752	2.432285248443744e-05
0.4026401531316659	0.10601294559889851	0.5469250561634987	0.10072743523794803	0.9148738470276576
0.7291686923581554	0.6846629878543707	0.9183846734984167	0.055182861853787624	0.9812092094018194
0.14617132631091068	0.866404493368925	0.05702363327881266	0.4086586985343008	0.24589456754054295
0.796645978660359	0.2749825366801394	0.7541054918383914	0.09212116444468554	0.70971764502927
0.09726018096741251	0.9454196029109228	0.06467133371755429	0.1518045169694946	0.26718060655740206
0.06117789288160336	0.7500583736749946	0.179580015104287	0.32871076405112043	0.33418694211189137
0.7000175121686002	0.6262744575161793	0.6793886378820716	0.47431777736217917	0.3770903715143089
	0.787589752056763	0.42166052295740064	0.054751596058702834	0.6110788982928823
0.055677936111691695	0.762146698132839	0.7158975333969637	0.3256464441729585	0.7921667198047813
0.2598720256951681	0.3900712349818547	0.36118252353431735	0.4613532928704174	0.9882646951206093
0.5967863691543321	0.3984846793499215	0.9784032945329113	0.6189390671089056	0.7165865298032198
0.6369601658535146	0.07109314458835025	0.31826004436859723	0.3550676116843784	0.5255642200817483
0.4644422052742544	0.2701506849859806	0.31616627976302214	0.6416108437750186	0.4922051602440932
	0.724647484821873	0.054946624092444885	0.7521652433322077	0.7367266632810833
0.1520912033031071	0.1582171569683244	0.688126836142828	0.5457866136774221	0.2188637738908622
0.9406751462784341	0.7718014570604367	0.728657485244801	0.13932638268361186	0.3440845131091599
0.6177766971028682	0.2838440899007447	0.41727325887320843	0.5323569117184377	0.18210674867074583
0.019523174429198153	0.08445442837699035	0.9007021971220281	0.24026595883361157	0.01453328123352804
0.9478024318473467	0.5591893944089811	0.59405445011412	0.005438944240340526	0.3741736987829074
	0.07950728558263431	0.39389727125413576	0.6342480753465106	0.5016348968678276
0.5823178498824685	0.7993840736228964	0.4616817623812316	0.30041386836133543	0.8010486973060644
0.5604703862015817	0.43739603100422375	0.6337855670829494	0.5339236118987357	0.7356557396049244
	0.7341456097972024	0.5161731418168869	0.13064152959251984	0.7345012150758857
0.49151518947959827	0.6932741047413034	0.573155371617175	0.24627040285203505	0.6805847208661335
0.47226606889861367	0.9903522580267341	0.691171238847881	0.08885304534852678	0.3242564889456715
0.21593715878963715	0.5081883757574961	0.7168123483302936	0.7995239148794081	0.3419421693904494
0.801021836913688	0.040134521689975555	0.27099749008279805	0.46220246748994864	0.9752039903487565
0.3367111883973123	0.10579512258683321	0.23381644410765956	0.05907005568625179	0.7329106802658287
0.9165105672496038	0.20570992399768595	0.3330288128343367	0.0372105855508027	0.8010132577512452
0.755839973764304	0.40596563967000365	0.23059606351013262	0.4565823506484662	0.9199686174721937
0.41116672177352664	0.09436894652372674	0.869464706435877	0.3636241968505004	0.2815034851639465
0.9090801743913177	0.951216944551684	0.37142281464608007	0.5066365320392637	0.2268906184513998
0.34127966042788005	0.8622787754275222	0.6476829917060427	0.9372336478579256	0.3955432130348495
0.5697693118373826	0.04613018901383137	0.0707966560888974	0.4260663339815963	0.7206592507666695
0.19479378209680875	0.10050038003945128	0.4750701460683835	0.7014962290648789	0.2768345175935709
0.9107848615129752	0.5559097015544182	0.8092679203480901	0.6760322735685285	0.5478737361994078
0.21042131407106635	0.1103744404094491	0.4975842566815908	0.7214037317398275	0.7585403607941635
0.7498599142261104	0.9517512422806038	0.8183390026058918	0.270426851844232	0.09053631020416153
0.5771449741109956	0.01767054215982522	0.7892953227106145	0.9748895786316085	0.20386244921278907
0.8175686656420424	0.959863336028635	0.7702457539064124	0.5634530813391744	0.06820378091549173
0.7709329704042697	0.9491988130870153	0.42013675405079	0.08626687735824745	0.5533032426702781
0.35231622066833024	0.843354853765916	0.5191751366215908	0.7387436746609778	0.794938852513206
0.2251293322173591	0.9944106996107704	0.7916375391061194	0.7125929563354195	0.6975584386645116
0.6651108912433986	0.10014516696615783	0.5685247120990852	0.895422866409202	0.08763025314737527
0.4957821782306616	0.617298212868981	0.273309774374486	0.6912589422252122	0.6799177747314374
0.4309410702599191	0.8940866103202217	0.40503184090587263	0.22266404006141716	0.10424644557778684
0.823565056194191	0.7137795261813705	0.8548736702930569	0.08575975504939493	0.16000671154960588
0.5373567565617349	0.7854922126727623	0.831904195042681	0.9590823504537433	0.5239996083486964
	0.4190563826330209	0.4723280228126643	0.7556681664942996	0.3376073310853128
0.4935927745665364	0.7317996504057048	0.551428019852789	0.3334170427339842	0.923637614805474
0.960927390891543	0.31918247265490773	0.5549398179815965	0.6594961455849596	0.39409192000633375
0.5865875909401317	0.7960259920443454	0.2966062289208825	0.5836430857854478	0.16060527166883276
0.6102246499294871	0.3345179480275776	0.3336700949108966	0.162409485378064	0.296873431920018
0.5163531812929107	0.7848188264294014	0.8288893837021829	0.33759661094392346	0.2542095146376847
0.7971748712348867	0.47362704418204393	0.1876302403306006	0.5914587606192659	0.8777825048030591
0.9681979888475365	0.7045432756862698	0.8312775986764623	0.8787516645283824	0.5201512963771742
0.422229058760328	0.8205230288588361	0.3082400875245066	0.3808247642035305	0.7510008162467722
0.26987611663974	0.1319976693306728	0.9682704192437973	0.5098815130968807	0.11368765423842153
0.6174494148773029	0.64322216650335	0.6432114472943746	0.30102921454343934	0.31688237617195625
	0.5803313954250983	0.4881995332382085	0.8422485339268124	0.6060634021275689
0.8685082374747547	0.49418325721686907	0.676938197699752	0.9676047445650393	0.8889134516249796
0.4581156118575205	0.5789886126438438	0.9909712010584942	0.1358954500080909	0.027678730166939558
	0.046134182015518777	0.18736656279384156	0.3186276205748636	0.7736974239231545
	0.03912330693206778	0.283024501516727	0.20387279955025361	0.11232895781777374
0.710239065305779	0.940716879026279	0.4196635612371693	0.9623268217144924	0.7634944355886717
0.3172109017587955	0.8581109790819673	0.48596638201875597	0.5065892763784501	0.7900359827273417
	0.03944392455001233	0.3809493039540406	0.2014516599438564	0.19494692162863891
0.5009948569226195	0.010821841488130701	0.26965571360912666	0.6826991989783805	0.24659572566039656
	0.47190268383938294	0.9195803111477587	0.8888374344266531	0.9750240034545308
0.2980000374143681	0.49751911346028976	0.41871665195111796	0.9558392836825276	0.8293670884226395
0.3794697971774832	0.6451362963328775	0.14309600705581316	0.2916988452191692	0.16106295325942133
0.7290171611503511	0.8965804415372564	0.5303123558692633	0.7335075220754184	0.8457718628182518
0.623272270211636	0.6877934518613201	0.1908595153064565	0.18372266204352994	0.31784865676211027
	0.24259644193771146	0.318675473891777	0.719376236064087	0.046203743109264006
0.6109515157940842	0.7948563761230567	0.918877487457651	0.07523465143037988	0.996169796180834
0.9449061604384155	0.3264857891163604	0.4790916430406723	0.10716818642648496	0.965258890243098
0.7595262700336726	0.5835451654698889	0.5441424904643077	0.9773476742300987	0.13996579243353446
0.008605509925858512	0.976848306116361	0.35129171376999424	0.8593711988745866	0.8061663652272851
0.5144460170226335	0.6336806554316434	0.8626166042156886	0.7271019727805857	0.5898709223056904
0.3144187794488922	0.9459721156772581	0.07083777973077199	0.3269377082012106	0.26709754563603716
0.7685682722627207	0.4564449155442134	0.12233789590536626	0.9624304267836884	0.3493616717502911
0.5322493354199376	0.6522631282490625	0.10438157407888105	0.39570490264029656	0.09564216670833858
0.15225566277007263	0.7070174191632107	0.4678153899456219	0.3596486405268846	0.2535030949144692
0.6661953505540622	0.7744026736574909	0.4118473108791838	0.23798229818278416	0.8917222452417457
0.21803064616173462	0.9446775393588235	0.9364970767577031	0.20238138579997955	0.7266109512829125
0.9131345519905161	0.7522333996290592	0.3107487715709589	0.6252543538934154	0.8819676530155802
0.32858554391159844	0.18830466478551988	0.7529810031739234	0.5710738868303928	0.8477462428178665
0.7885545206308868	0.5800297787105898	0.09145446967681237	0.26205702006197074	0.813619020909386
0.534782677733763	0.7626169397443395	0.3469473483186555	0.03901741326478825	0.24869102558914913
0.7493717782148999	0.11993301660500788	0.3852018982387915	0.16001242155929674	0.019006766273437115
0.06934223787617677	0.09810155184557068	0.7110424878959635	0.7216656027163787	0.1459308172667153
0.23087196760628537	0.4752360712940634	0.31519955486427575	0.2519521942381563	0.26790697050683276
0.5429498480387099	0.7774184595046294	0.952813960658083	0.5183744225527185	0.46005899401536887
0.4591596428873175	0.08488841990383467	0.021287049017882587	0.7601840068788169	0.50780011283794
0.18042127330868607	0.5646349212193479	0.9330923234958755	0.19603523236474296	0.24867567616447483
0.8850806871877412	0.9112261745388957	0.9148288546761514	0.7229021382210723	0.015103611827602448
0.2978174775065664	0.6661741225659911	0.3951214660964567	0.1483469832851183	0.12628319874032123
0.6923413170153861	0.630893264079507	0.0927069996216856	0.4679133373302533	0.5120828692633795
0.0024131846977956117	0.7690018595956759	0.8720250943332556	0.6265593419928456	0.3194648197516913
0.9681081173598035	0.9930322071716868	0.6269873125399823	0.2297386945125207	0.8777325435093685
0.5819385368615366	0.625395507459349	0.803816733795907	0.8317616463749714	0.20494910360413643
0.6219444449643867	0.796643648308328	0.4900237617981239	0.9044795067729618	0.718559052675438
0.3336051959892975	0.14030685630678863	0.8901390207261664	0.4829258237458657	0.05922405156112376
0.6301670140762285	0.12152613492536024	0.8199196788635323	0.8110279469426689	0.943719431077775
0.42868189043841387	0.03931555488970817	0.18185534435917894	0.450932377796448	0.5360289707493698
	0.9590917133170763	0.43114982467317997	0.3179293810202203	0.33542217154131226
0.3205004210545065	0.8920150601014865	0.16404261847678725	0.49362505544525426	0.9963776708433971
0.910962278878703	0.3943751663359656	0.16928341228728427	0.9581696298483651	0.9473596504838427
0.8589380337357253	0.8760428007472812	0.2172269038871104	0.8268608278349361	0.4551995194071571
0.745074530294671	0.14850114189761165	0.6847349146946097	0.6795976809238398	0.08718664870033233
0.7451047024836325	0.30355244152905825	0.7182862410602369	0.19513267455382488	0.8961460656350597
0.4956332154344869	0.41834071374206805	0.1577149223179789	0.08502858052329376	0.6194840384859152
0.43262530052341397	0.2213448462679377	0.3624826404633641	0.15534518538123665	0.7971710619427026
0.9900379074988834	0.11941024133375433	0.17836914192132725	0.9842581455831423	0.6122888716061968
0.5521075119819185	0.3484151665728942	0.8817315174852035	0.516190485597947	0.4346391313431168
0.6108627126456389	0.2722938122787668	0.36055656921483736	0.042706591277463235	0.6694494012847246
0.826956502995207	0.47265118974416864	0.936438447791627	0.6707743260479248	0.995960227188463
0.8610816382599266	0.31767478523024417	0.23200245730266178	0.2674689003554609	0.10010858397084021
0.9576364845486569	0.4407104440212253	0.7696709478302968	0.13150849354479655	0.7062951794030647
0.95156729291691	0.7812844333656155	0.8409626683224867	0.12573463335496693	0.22026746183674972
0.9198134687163827	0.09353207412282838	0.40977073282223	0.08435745775209935	0.581016422068203
0.9283815877672061	0.8548403952258599	0.11965021977618129	0.8976440213002895	0.7300917176354753
0.9984189124389102	0.16240851158489233	0.5248555826232598	0.5102645906931685	0.11372611196474613
0.4111328876643262	0.6959148751126688	0.1542824200123427	0.19975294594345272	0.3209803154376357
0.14382634627152413	0.0947987697245879	0.8200616779160587	0.4152345833199471	0.40412876004133425
0.42246321392504693	0.8560980824306276	0.44066946784475103	0.657685746420964	0.377290398860585
0.09414619790506096	0.2047418987297237	0.6403654643097861	0.6251404047539209	0.9458330231080643
0.7474011729310043	0.647439503739554	0.7978233890921502	0.21316294807386582	0.13674883119876302
0.2922663394376408	0.0823753637324296	0.3482245730718303	0.3833299347344471	0.7002618172490404
0.7590045337859339	0.25593989280130913	0.2735927936563264	0.9497814913066474	0.26293053099939934
0.2909578953034708	0.5928922863288829	0.5836197330987849	0.899553982291849	0.30456925063840534
0.8627034563733431	0.42402665928458505	0.01728498214459262	0.338104195957467	0.3724073082253395
0.9990575178182968	0.6254474595284295	0.9046878159904259	0.07599790590470457	0.1977386482121467
0.030296335003694108	0.055441060947888476	0.1946613642786712	0.11912018646456135	0.20925297674904397
0.47287780386841427	0.6109124971474735	0.07946566317052994	0.3252671481357676	0.45732989917952493
0.7681803384809722	0.03319422685622819	0.3560479284716279	0.5180291940427996	0.7036026755006324
0.7512350267579104	0.5922543182716723	0.8638231096382778	0.5999657630766119	0.37540557227257454
0.8718377658154131	0.49625459432616836	0.25140283675070396	0.7152768146925467	0.42280105938822987
0.11384000716966447	0.6858923403359793	0.2292441555153243	0.7014839040123948	0.4679692863175402
0.37418902720352776	0.12760494775884423	0.6455028949989324	0.19602110917369608	0.1752390913815931
0.9343438969168224	0.42623554788830975	0.4587629897659179	0.12207636926336562	0.8048015431233998
	0.6224509945738762	0.9936522795960153	0.0623680053240967	0.44104056623028964
	0.6557826130584349	0.6081067407271441	0.9176422820633929	0.2926672165468681
0.704422792814719	0.9780762307646097	0.6937164085970353	0.6683217587050906	0.42464021195251356
0.1628899640576471	0.21355483872708947	0.9189444673326771	0.9006382900733801	0.8124079688487255
0.7879001957313717	0.7855855566632558	0.8218010333206823	0.5704387731092492	0.1103487392127982
0.03604224083869767	0.8904787820652785	0.5754841950632866	0.7001235697040855	0.8585636042349984
0.01673496489813464	0.1633958179917846	0.31948372274575343	0.3416496414940474	0.2776434909550062
0.738242342260268	0.6658353787965802	0.6254717437047356	0.3146538814964972	0.35131258742220806
	0.6223103967563214	0.10250218349579765	0.49211903820795977	0.11633459286362269
0.9624472936340567	0.19239724636673183	0.3369850490880125	0.41943719000576773	0.8847766523110575
0.5317208302211012	0.47343373414619117	0.16111837892515612	0.461660843177939	0.831319813758998
0.7274083920222524	0.900374050651537	0.35430914291707016	0.9630067060691373	0.5592782288029435
0.9411225381409637	0.9984686028074227	0.10025691313865015	0.7914131153087024	0.20719926142710343
0.855956299996566	0.2764361525012621	0.037251264773878856	0.17367974124937924	0.28730766662946816
0.661573524128168	0.5653838934192611	0.391239819509146	0.1831608808999875	0.6122025265591842
0.733677203275985	0.33935063283226097	0.8825834582088423	0.37302373653082066	0.3202558653495281
0.05175809242052409	0.9158625474830843	0.7554517500727554	0.5347122757900868	0.7989390162425296
0.4236298428275601	0.8341543141771423	0.3293616033321827	0.030450622076626854	0.24491022622124392
0.43960378350953966	0.47250694672517923	0.7387913424157675	0.23612631649497207	0.6335377454674446
0.5174646633087813	0.7759922047077839	0.33389209091228955	0.9119714572275245	0.4559280612379041
0.4125881253925796	0.010218868049594154	0.478873685185765	0.040931106784699134	0.48282630197267506
0.945487326189597	0.6442300104358439	0.5466510501039726	0.02127542894413781	0.4902916421126351
0.03920087038936548	0.2977626190615109	0.430749056477566	0.09295119419812903	0.9930282253906899
0.07771726167410431	0.5271126945840072	0.797259226360382	0.11857159448184096	0.7207055929843166
0.8575017998295268	0.520644502744647	0.41178394669760754	0.6086713872993689	0.5741920042992867
0.6047873064244018	0.2551916229357176	0.9928417253123443	0.3603480110052454	0.6449722889688776
0.3147010784016677	0.3740560429154206	0.8484946359871944	0.982278201813577	0.50919330452021
0.04771150889011688	0.7335813418211121	0.6998778011838359	0.8424827568286807	0.9338171595901328
0.9501241837648913	0.3294840956429037	0.6742936042231461	0.09059182800882781	0.9232449821498507
0.35213755668910063	0.7440529087208455	0.5238029953804332	0.36139822486571005	0.41813593735388144
0.3587090995723433	0.8111972947121852	0.12730706236652733	0.46005196990293096	0.5312948577375642
0.5815987448495404	0.6172006993471002	0.6331567434831993	0.6004505655537049	0.47703402404199513
0.4365435597050644	0.5286462468495939	0.24906245088556722	0.3000732480864289	0.4933877410688531
0.783297514925475	0.6792868115859029	0.10562699013634247	0.7320141529275271	0.20057467554745212
0.28455077600703804	0.22422086703993183	0.4858461230322325	0.8077785136697129	0.8885354425290511
0.03337060172718154	0.49478386426260557	0.5623162465015922	0.44926432625454304	0.47399279351337686
0.8830286592980752	0.8933980531525103	0.5888159757929411	0.4483872539124937	0.6425456085845861
0.17249911657825656	0.7282884153176055	0.9778702811167778	0.026757016750819096	0.3624447871731512
0.6423170204792723	0.34596503578223403	0.10476857931062811	0.669232023447308	0.5959841691485402
0.244291494209516	0.6713053103267275	0.1260128904043245	0.49830621069395664	0.4932154347221479
0.9921017817303988	0.105831607782508	0.8219915459402269	0.6506198218596413	0.7637353755354525
0.9441514078576876	0.4973079744948926	0.5955999618872507	0.520639752122155	0.44114209449295383
0.36997979933176806	0.5185596415222323	0.9121975420375861	0.4246804327474285	0.40980630942847673
0.8661590301784131	0.5811258031355282	0.1570069456053893	0.6221827088054426	0.5920821212565666
0.7289430857993693	0.9305993451474357	0.4894137160760321	0.9314932208172516	0.9234261307671395
0.3754180371664301	0.6154014232474441	0.9371322709907267	0.371963217148332	0.955492575970555
0.18219685562842858	0.324935779173828	0.42383286955537613	0.4529340087017548	0.18197281197714033
0.06262332009654714	0.8007295743072879	0.18953265993238644	0.9572979047203349	0.9014940409411154
0.8383117855189455	0.27611753310692155	0.6631531670274211	0.02519039215071195	0.9289740602498698
0.11845884169324117	0.3006883218274975	0.022575112894798965	0.5937089930957841	0.8170747408709146
0.037183402662996023	0.2756097014563812	0.7498575015002662	0.9259149247267797	0.8804833134496625
0.2549545734789732	0.6614212363647847	0.06983766544575376	0.8607730346697366	0.02936429904332616
0.42444907085499617	0.6954189474111236	0.4079637993057432	0.3536721164683102	0.8926189850068954
0.9479655383540159	0.20272412372918636	0.719459379821875	0.06965455893951167	0.6101212469942369
0.7127796560388029	0.6282234499116366	0.3027090183504224	0.4399066313105533	0.982635012761737
0.06008677019325959	0.7849283509224063	0.3526445905107466	0.2569822132635836	0.5803390563745245
	0.7629728729833201	0.05006433343937289	0.991987711000435	0.4647280598663033
0.3863731002061065	0.8147760601276548	0.21564343248691864	0.3252179044869776	0.9706774830015855
0.5678367500644039	0.40407150456897434	0.29064210892172704	0.4694778407149416	0.9643890327681675
0.30867845158593343	0.1701181144653382	0.5639935439566749	0.27943935023174205	0.461112831186821
0.6180362306723682	0.9306384136591255	0.1386326576822372	0.06113960197716084	0.45576018494350734
0.575727264812409	0.6467109998387973	0.038537114818108065	0.22673982159260875	0.5454976775710844
	0.7429068599566674	0.10604173648899762	0.47189263791950886	0.07580970258428499
0.3320034493798455	0.8852016781676608	0.7893308157015719	0.8050878401371897	0.8944328880101154
0.35005675816013426	0.8073423854675089	0.4562185260499272	0.27893499060203364	0.5050089579898078
0.4820617133805839	0.7859738771792665	0.08087756898355947	0.9287865402430593	0.47674287204179
0.14009043264804488	0.6347796304112454	0.3949398453781334	0.35008840613024494	0.5138850693678441
0.5991786293917598	0.5649749978607489	0.8175132012171462	0.3310189653606401	0.5385426627559554
0.36023492326948825	0.3363755933199841	0.5072812171809988	0.38348957763652747	0.5078310074632445
0.25633859963225125	0.17238082546992628	0.13457023999008244	0.0943682866185005	0.8543501367708546
0.20129865177949746	0.0761445692083268	0.7227213936840445	0.025876059023536513	0.2812329980893359
0.09506328075165571	0.4031145508257781	0.623849763397157	0.83212216756655	0.7780568864394655
0.29763871381516915	0.5088301384368815	0.4734442280790352	0.19487198614215429	0.2269911237728739
0.5995371400797396	0.3778200147633982	0.3406394086769866	0.7800775352152733	0.6193108590280391
0.30317851949927044	0.8277513003698914	0.5595300397416445	0.013798404044032764	0.18926195590261974
0.15999849846558345	0.9457100613023928	0.03066060882236532	0.14281767507930365	0.4846101918533475
	0.1630932702779856	0.708835799880521	0.653693534255145	0.7819384695369347
0.9135864118475843	0.6829218746461152	0.33448880511374735	0.10985899313174141	0.9796603486080814
0.2765931579410811	0.6451236001464823	0.4087578557978163	0.36362704689772185	0.1196194060685769
0.19983478712405478	0.5707283546128257	0.21126483509997973	0.8955494551427652	0.6048079885801042
0.7473469448168566	0.7252148689433608	0.7104743546722712	0.592937980666052	0.4579191936150935
	0.08590019502725565	0.7473160559652823	0.6741196903258873	0.18968805009314815
0.6208632794819201	0.0947447318403486	0.9260034276915611	0.3338314004927364	0.9265338613605152
0.774451616533222	0.680724686048012	0.26377037163734185	0.5808996868790551	0.10174470580384753
0.19975825342628684	0.6045744569824848	0.48275763242255043	0.6902074489211495	0.2546673777319246
0.33184592542766533	0.07461125824906933	0.785211450302982	0.31164538498609284	0.67747876463653
0.7524257493801616	0.276709927233184	0.35044089394951294	0.6796129641549054	0.7261345042552908
0.05106863677035989	0.5810108271446461	0.9139381389429226	0.11490284022372577	0.010629234116866448
0.3578286106758102	0.4071934392090427	0.5162689583417839	0.8035177944532933	0.6054729521722637
0.23249483578445562	0.6089311136140836	0.6060536152881086	0.7171928329034125	0.46241824614016147
	0.8247824518699866	0.845402426539264	0.35066466663388274	0.15366384712432968
0.5682229575887976	0.24441206797681214	0.8967589169744706	0.332200332031818	0.22849863900781453
0.17517393805727566	0.398678595066408	0.3833580994267056	0.4287578299646855	0.8249313589571573
0.12130023788138156	0.6882758913140946	0.7643992057915586	0.2423804804163503	0.1887639940100292
0.2838608610376807	0.5188738360724884	0.7043270561887104	0.3836513137929546	0.4339457255962005
0.6886328099515896	0.19750664077106939	0.9301967070067881	0.5642688870869432	0.8771406772935397
0.5737844777584774	0.025858138108831863	0.3182405895503303	0.9177925861607575	0.059402859379894535
0.13920503192334177	0.16082370593417372	0.03403169169380704	0.9639621317093128	0.4765301509603782
0.6547143479458042	0.7502619880310673	0.470630108622869	0.7796122711399731	0.7006949084199806
0.28310874223571947	0.7856920370844951	0.1579346876661174	0.4064747404208999	0.23125572069551747
	0.40984007373172804	0.5377517799264391	0.34829311351469383	0.672631129950476
	0.33325067972589373	0.1694050044082136	0.006276066147644865	0.3976475668693974
0.005159380288857984	0.9404123350762368	0.057158753120442385	0.6756353459618012	0.9094795139371501
	0.26385665794611646	0.18818916631546734	0.13601962942264267	0.8750364445933653
0.43999756905077425	0.4212978088400977	0.5862000589383206	0.2628965779988385	0.8865065289521218
0.7194057642791236	0.4255375344472443	0.11898305228829154	0.653511108667928	0.4025894236914027
0.723576943400923	0.12816997795168117	0.12661384244307294	0.6753478356531255	0.8961793763711688
0.521810512204215	0.526198566564814	0.09556922024181935	0.3233386022821614	0.56033782635326
0.8324974204507054	0.5380193386940155	0.5367778049932159	0.4282981608117311	0.2639443610926009
0.3793318860025725	0.25819395623551233	0.08669242473687644	0.26957109815031444	0.5878656961401628
0.828711476525743	0.3821423981218802	0.32821067639230794	0.7561738697000667	0.9335816142533229
0.2737232996417104	0.3459937164930217	0.976730797938882	0.861143004570027	0.2706625830756716
0.12143368673964428	0.49303295966761584	0.31829167641980505	0.7930787752046894	0.38707448025589286
0.32390395516841486	0.21690832855897446	0.6653624370843612	0.8500547756493761	0.5688564812056004
0.9492167573678645	0.8003600848637507	0.765978813220349	0.18235986593137765	0.29242834069518886
0.5074148893741499	0.016259284859980516	0.02050392709104032	0.008675141756372406	0.4692502942716261
0.3815745764328572	0.9506744996109258	0.8338022793892682	0.27734697965336974	0.09104524191185559
	0.777906383637968	0.20684091497549684	0.7292621916976445	0.9946650457720424
	0.31702987142641004	0.5134319649691241	0.3087020578599041	0.5106127390138723
	0.19213421741465153	0.963707588673507	0.16153226983908042	0.1994539716916015
0.22144292061671345	0.5779274121334437	0.895875079648058	0.8528040199703028	0.6724142375806926
0.46048930509762853	0.1185691004214432	0.5918598074417469	0.9505216855950146	0.45656432240961276
0.5153056077202882	0.7956386166590449	0.1572624053121111	0.015408580578511244	0.5222120600363364
0.8879730403970739	0.1737425854194593	0.02143563282884242	0.8398215802848209	0.29219500719701674
	0.930243670137289	0.32768386784759884	0.6554044235289128	0.9947203861548646
0.5665410696139352	0.6213495024834874	0.7233877563466503	0.9813772430580475	0.4465175513761047
0.7460786733198734	0.3870695089746724	0.1406539486889402	0.9062423618657011	0.6401297230737751
	0.3891926315323194	0.4064259840607143	0.21406919912119826	0.42912395139851645
0.8048843770727032	0.5927879248096191	0.2113360236558367	0.5672968742855856	0.7517790492109039
0.15229451121067705	0.7830928716568815	0.08446920059824847	0.5831390574636194	0.2860274761387418
0.711758031089718	0.2908918826354341	0.13777563200914344	0.2885507904436293	0.44098657953798637
0.11619429784056368	0.7764839981344703	0.9570184214968865	0.05325926120936786	0.08080178754651601
0.2703327178623899	0.019364781118122565	0.5716623979310252	0.965348435641643	0.050032280431977494
0.12118975536107512	0.015215060055504992	0.03111547502394696	0.6853595098016129	0.4012470080824526
0.15376319781216952	0.5782648520596229	0.9306018981148457	0.9739020231805351	0.02469854790359982
0.7679321648933527	0.28569002407793564	0.758628760421727	0.05578296995046539	0.2029248512168068
0.7806730658595153	0.6400129019791683	0.4520955318424382	0.5435465615798643	0.3244895861995588
0.8899071857368468	0.6576292204524709	0.2168412786839996	0.3783891592459169	0.2991443144401519
0.6709442532099378	0.9216207952833054	0.4984381030635566	0.9465755993781347	0.9776795588096034
0.7388685524385951	0.4788973594933239	0.671026143302308	0.29726640826540374	0.26627114216166503
0.8824394309861398	0.9452326041886658	0.76064914101948	0.01663348192142089	0.3358553331433679
0.32097778720355274	0.5159246797584767	0.37435723338805105	0.047137505674878066	0.4142507944055833
0.5600495653839148	0.5457728443798577	0.9897909796739609	0.07267622826204367	0.5171953586553303
0.8223494301142786	0.5380551960030746	0.09393850627037348	0.07796776724863819	0.2174915887475205
0.5433744893330713	0.8911787552224147	0.05826337204571508	0.16949963320381745	0.7773733447738872
0.40507837481920406	0.0902560872964957	0.2929206960699854	0.7993626871573047	0.47276847597675586
0.9944297783998678	0.005277221690019651	0.16658828025451178	0.8192867225067453	0.3267892227773933
0.05900516428698077	0.769077328938575	0.6076794630524872	0.7377241740634602	0.4423366360120712
0.17024075773013325	0.7371935448658455	0.6131165170809276	0.3931417907167324	0.08568240598166144
0.26857353446102195	0.922528183595824	0.7835792223281998	0.7898627205673259	0.2932765299723209
0.7171230560992425	0.9137481283784098	0.4216317181803756	0.3214781711752609	0.6958317789162548
0.21369180680229538	0.5430079969994518	0.3293590862056974	0.24206221304014663	0.2705633006074488
0.2529212640064985	0.822070417053693	0.2186348574594421	0.11257865400241973	0.5787370683914184
0.8396833858138802	0.6031386338346983	0.831248978455149	0.8905636464674977	0.5530017546194744
0.30970850495456415	0.8848323940722586	0.32445890805361954	0.34693779050784646	0.8833648564935176
0.32439735708943973	0.3811959266595568	0.5331736418319887	0.9593390567773858	0.23194697230968053
0.6029657301475558	0.38442374597284545	0.30684081480379566	0.28451741286173715	0.4622555919416793
0.17967345772697274	0.0789726039729094	0.6125491899414034	0.26430199828184886	0.6680346110722112
0.09703739652155219	0.9237940669977018	0.6669849340763117	0.7907559261537116	0.4027637497526517
0.057480694523696085	0.06404421919777281	0.5845570322568661	0.48166082528706355	0.38163325718921914
0.21226735865275392	0.924838709480428	0.7267790964202153	0.6826594325441875	0.29036487775196484
0.6122796993602073	0.6756846932345097	0.29904513955179945	0.09306771117836987	0.9486611551133968
0.07231402790998231	0.054017701251037775	0.07146456726375927	0.2935301223053046	0.15679041689427686
0.1976881474695501	0.9754451473083297	0.2789774085226223	0.651373279769838	0.598704965827746
0.4631033846478645	0.9497152913383805	0.3989085223339195	0.16449235015678632	0.15150313530171322
0.7455238060732474	0.14338167062239093	0.16314317733602524	0.4563680071631907	0.6250034541408025
0.24671028983689958	0.5258033401301738	0.6954915094193496	0.8843294279926874	0.30120808595584814
0.15908037433073252	0.43098084949887205	0.6217901508053069	0.8917855057164146	0.48331111252478354
0.2501261670283089	0.7181334752952043	0.17522505368400898	0.8779999912584036	0.3494985409432685
0.7519795644302221	0.7345773170453981	0.1478359931172043	0.043663929527879786	0.978011284401682
	0.31528933243360413	0.8230074405128878	0.0793496526979085	0.7057769882701658
0.4742112867232492	0.31570600273195504	0.17336720237924463	0.5532903871698907	0.7429365731141256
0.6423912750184363	0.5310075014081158	0.12890276571920478	0.04826255211425534	0.22459621015661901
0.1590234190088513	0.6252122455726566	0.9242328375882971	0.9642020846743872	0.5488828377667142
0.6681975906989124	0.006310040592710453	0.06388798089248515	0.46360507242094506	0.276353917651049
0.9168993533417364	0.8806661588182229	0.4596039944085949	0.6348954078437284	0.44989495581053807
0.6486384500801344	0.11791994636042424	0.3217153084530828	0.35702872175815004	0.2819595782667639
0.4685661626290345	0.7487269596053514	0.04435973398766169	0.9392779223213343	0.2560693304360864
0.7765457730646392	0.541380336413722	0.16224273932961153	0.6046064094368868	0.8546047180355932
0.4062613512925849	0.2602478963445247	0.22644698191664125	0.44689925107207706	0.9184313167190572
0.5739943459691177	0.3398599246028653	0.12202911466662358	0.8274644798929244	0.8883052749502162
0.21562711397777057	0.6100507176922524	0.8754515900099734	0.45075435217433335	0.349259335613742
0.6521490058757773	0.2478257917029545	0.39641073270223093	0.005895145809643232	0.382060498232461
0.21182119067226857	0.27353762821576255	0.09682179401538782	0.06338557588099891	0.9781835100877319
	0.2195282852272875	0.9249196246901215	0.13060013197024267	0.533678057539252
0.7069669256312168	0.06526428764395353	0.44135449487526857	0.96650358859821	0.6694615884831032
0.9116696628155183	0.2303023471287956	0.4548786284276388	0.05536467592509675	0.09283514020176653
	0.7012962371707288	0.30298411434448735	0.985963812316759	0.16755897958896582
0.6940551489606969	0.17858235064341899	0.6879819534647466	0.5614932023777982	0.05511983339011817
0.6070606939263749	0.3856404671002971	0.9040371279564828	0.6038694988409358	0.7471689056577347
0.5344454287791203	0.8992597551921457	0.5679597554919935	0.7368143089218019	0.187649322180668
0.6542324908932696	0.804508521717058	0.4484462394073717	0.46885971401109106	0.3866531609806946
0.6927169100296954	0.006944724930158963	0.4412704862338013	0.46059466293996854	0.44034192277767026
0.8870098154490118	0.707693105752236	0.07541497965102884	0.9402361435917319	0.23614024608584094
0.817555612463297	0.5617595707821321	0.29384138732615606	0.7454162735769274	0.4863603139028785
0.4195372913277382	0.9192243280497135	0.9380101894300268	0.21379042069905652	0.7243059849372714
	0.5960594398982417	0.4493260600898241	0.052776154260324115	0.8059542334640885
	0.1920814799841405	0.030874107813824936	0.8043273264059545	0.1464325543081998
0.9320590653564086	0.2341522018061235	0.8010285175880396	0.3920865918653378	0.6382783658823243
0.9462579886207483	0.47154230506075934	0.9694118578098331	0.7604526387549291	0.3390717904162126
0.20730393566887984	0.1287182956485594	0.6002001041529502	0.1197588567202621	0.8316784183095283
	0.23867756091822223	0.10899537649636282	0.1604179086179649	0.2750033902253556
0.3393910939729563	0.7498434988980387	0.380486243677966	0.31678620100065813	0.4359777932469934
0.5157469093717236	0.011865439332986893	0.03351177602106892	0.6803916682185734	0.12140623828735297
0.272520128788148	0.15209162351379024	0.038609206854990585	0.11465309852644678	0.7033759485373988
0.8794256564129274	0.05605959544171657	0.42336547400148705	0.5070626803865662	0.5912463368842991
0.15748767463976043	0.5992811235443897	0.2782603985701769	0.6345809257499209	0.44986386217742513
0.5150466337381834	0.4277198814959874	0.9586771252652899	0.5700279866154394	0.9991743836178193
0.464787351614269	0.20914806869900793	0.1423266941239637	0.957653122434666	0.333031042120293
0.21967008555702228	0.1286932644119293	0.29790256365881385	0.7028598752036118	0.22596456341326898
0.915380108713457	0.23172140758208848	0.6796425611654053	0.7210885045449493	0.46585582527845715
0.8045408066856653	0.9590604637621026	0.4590758927226021	0.710780617991003	0.825417726091
0.03497303683409636	0.475460329761345	0.7353927405580641	0.5135825777478905	0.8260128043467934
0.6435455487923951	0.3044886072825105	0.0060371618303346475	0.6222272003111159	0.7039297830984507
0.4274281666268771	0.3286464046853197	0.3157987869277432	0.2625956123706521	0.26985910740647734
0.6741005553977215	0.800515715027994	0.41836105451405936	0.44493768252417376	0.05068222286925428
0.7520748377525448	0.42452296611582674	0.09788080776687313	0.1851156951915126	0.024755988287036845
0.008691643073724942	0.5963121939952154	0.33791451116839655	0.6888474428517913	0.4471419562788742
0.2131798682430459	0.8046386363638333	0.35613441599393336	0.4408664946450256	0.09411106776331324
0.4803410482516345	0.7033871578430727	0.7469355980827435	0.6412017756219199	0.8900953326899977
0.33128157669762026	0.3035705782944984	0.31763984000848233	0.668054245090369	0.5122545622377239
0.19819784965224452	0.8172159244432772	0.879684785086984	0.15642383182912079	0.09399367803508485
0.33916872885193183	0.660570825660435	0.7419822903352649	0.4401143104747206	0.2258641662260522
	0.9860427678734779	0.35808590693534514	0.3066456883828417	0.2219972270145567
0.19351978801143466	0.22864655157362723	0.9663026457702527	0.9387417130306919	0.8982449971261608
	0.9086167433593922	0.5494359772066457	0.5176809591130584	0.8952173104512088
0.5451678964476788	0.1138242537284786	0.02831808627364296	0.38646057859572946	0.9459038251714367
0.32420079590794426	0.4796967877136401	0.09822203054648782	0.5195990120149901	0.7256444723136612
	0.42891235534177174	0.998947184498296	0.6020958360629229	0.9872915271963724
0.6635876445461324	0.5510104840642864	0.20093131429017352	0.02408592428674461	0.7971367756963758
0.1474497263429202	0.35362258856422335	0.19309838284812875	0.46808497876346344	0.18942674752473887
0.3545805531372479	0.10262414838335265	0.4696749761906883	0.3557447096283116	0.7618014164604686
0.717226621699866	0.07258344202743505	0.9968896324526506	0.3730041042849822	0.11732759686405658
0.3745417086399174	0.9534277226495449	0.268064872909232	0.25537831412531053	0.4786505246820425
0.1274443676927568	0.9131092283127433	0.511258887414082	0.7659911835077161	0.7917287422824035
0.23653446210030027	0.07032957781121651	0.3520527525137397	0.4990535134170092	0.37058704131443454
0.13005102675496516	0.22571610677308696	0.9992703659471595	0.7682160783768441	0.292680392123681
0.33075562051125407	0.7970489224111735	0.8583513732419866	0.5640116799077151	0.02206648658522592
0.584899371741615	0.8420888214898147	0.9916871182997774	0.7634393136134414	0.867876593260422
0.7870199905783738	0.9662005052534005	0.38658456713517564	0.2964097735186014	0.9339866820507994
0.5437640277867498	0.5811841239275213	0.302427693748473	0.8104029976198971	0.6607218236727164
0.6704905370404256	0.9281999524706005	0.8319648636709323	0.042853437434953845	0.0964337208136975
	0.752086251653508	0.2266655818441976	0.5175510362284037	0.8459785502423273
	0.24432009815836486	0.4739804020009414	0.13432273787495796	0.5654989309657108
0.0985478612710915	0.24996873403997522	0.1356832957706171	0.8736696515638311	0.5969508796782749
0.2749139290667372	0.6344893179158323	0.18257202820484553	0.2478877940151316	0.5882103133492271
0.37668526569245164	0.4981281832043063	0.4289816836888125	0.25568271215763927	0.7925582041053039
0.8412041110951419	0.5558537328053635	0.5951736259409945	0.3247897301005179	0.016252495132662914
0.6991714083766104	0.479963759354622	0.6130712984847676	0.26497967089318464	0.11078137389041598
0.45960733960356326	0.923134668156694	0.37293347760740747	0.9667226888779333	0.7044765508213817
0.5377010053897054	0.014415544739152408	0.03982610019570243	0.24164814009616797	0.39006682177399565
0.05505738738029475	0.6825531987590154	0.04139980769305507	0.6421455168448807	0.8807238474134045
0.13956846343982232	0.5641398378727149	0.11089448584292427	0.4918279905221058	0.7369227943056581
0.8370714865776201	0.7021613248090963	0.30993486219572963	0.7317473488550182	0.07867016462824428
0.28043580577966354	0.10596293562103587	0.9725163874680871	0.6359977865899246	0.8106485443491228
0.8473611679347862	0.8103196558230266	0.6331911668983823	0.4174850071336059	0.1452280595355694
0.9298688967166113	0.3844826109447681	0.7532144672263507	0.6146606760001658	0.9887758405836837
0.33117788830800887	0.16720452101804162	0.345479557310312	0.6894950794246302	0.3612031272113203
0.18759683730780197	0.6852611714081811	0.28076548100860865	0.8683131155659207	0.18220793446530892
0.9562496931202478	0.8821623718904137	0.37690191371379955	0.7798370134740576	0.8456263223642153
0.5140606844335056	0.84442975250146	0.025004932513925326	0.9992054144729519	0.9596321679339159
0.2670368709627119	0.9291308499081342	0.448769820878853	0.6333072753990739	0.2572220756537422
0.22726243319926698	0.44269070268346045	0.561779934888699	0.13784670477918992	0.732983830316178
0.017699270735257344	0.40054188748467723	0.45167624426382813	0.6177324370367037	0.3058342540006609
0.5642682600966791	0.3314854395927761	0.7273732365076275	0.48525322363421974	0.7208986730829592
0.2937889769812312	0.2677600569916184	0.9365278299454451	0.7304917544732608	0.05811487482263655
0.9034180934023622	0.4366864638353172	0.1650966869881998	0.43192998941687677	0.6210031620191476
0.6349203497712159	0.6125047421652379	0.10810080086690788	0.1890550276775388	0.017931831293417577
0.7017445098849098	0.6624741015213437	0.04777113707571756	0.6325819496643802	0.15935339957888295
0.9169518732618166	0.18026675267969217	0.8089646128767716	0.022456069063065187	0.7239052235790479
0.5172722541743792	0.5103877380869735	0.7784130368328627	0.8128903691364175	0.785200474004855
0.3921822552656271	0.539284488065947	0.3206343543111906	0.37804159766346945	0.16338347264620845
0.3518707568696954	0.5475045783846639	0.6239138421994048	0.7037467790137826	0.36584144588274325
0.8873777492928417	0.5458668959622995	0.3583270805914456	0.7025303884974466	0.18386016100982494
0.7326743743775748	0.39146060775489067	0.22394616433724346	0.053726678024166974	0.4719783452171157
0.8292485757667578	0.18912998583784912	0.3282171415548949	0.06480072699081851	0.7959205262033741
0.15836003420599254	0.07030615268928542	0.9235257403676989	0.8512540967731451	0.020767164611103506
0.682278344845833	0.4484891286708943	0.2148278190290689	0.8580193022276854	0.6865855609508592
0.6429935126170185	0.40432499714014103	0.6625249396772449	0.2838613996670304	0.5033927665465221
0.5736155824373066	0.02744526316685103	0.3761092570948429	0.18064284963895672	0.05136807636795271
0.06745444019083313	0.18405173382395468	0.11042803153252301	0.08218361195984136	0.34683176029438056
0.8930959557627333	0.6920608425896847	0.6361362362135486	0.7755721995721465	0.4050937991911987
0.413384283928387	0.7912886159190891	0.4024652378107646	0.5400874626949287	0.6087039414336263
0.8852494061924393	0.9349298857689934	0.2414753899533869	0.9220236789901836	0.2032495485747925
0.24786837689414687	0.8985502225380869	0.9546692737515237	0.05192718976447952	0.9816484853644816
	0.09585683001885581	0.8636833157111646	0.6519398424191329	0.32327214734023024
0.09450705048462882	0.04626058815748002	0.9741367071949082	0.5569492738466395	0.5838562779062946
0.541199231877968	0.004934347741532008	0.6058584057793622	0.5934357593907392	0.5638397239071828
0.45985801949419947	0.32877882842439365	0.8099101548633563	0.24779841214768406	0.3408389029210197
0.06882695564030039	0.3365142154690046	0.6442551398168896	0.12182499798173962	0.17925656960732173
	0.24623571974737124	0.16030193957898697	0.6356204656004779	0.49131105495487915
0.08085708398871039	0.06608182225266535	0.08236932891845483	0.6930673253352118	0.2734556623264711
0.6845054997860684	0.37629974153536616	0.23575883976824663	0.6090026388527444	0.21035564835158305
0.049698171194431096	0.300918341049938	0.7194888576338312	0.2622842901186958	0.5185132666871124
0.8614514263990343	0.8873897394897988	0.8685377741068661	0.6513697948840873	0.9947592679752235
0.07935884844013619	0.7965884560623868	0.5705430801206478	0.17559332677067896	0.12555985456184426
0.31583784231095224	0.7505928032148881	0.9527035908841125	0.461932722566863	0.5230852930886398
0.3682616083923185	0.6104177503110177	0.29853151727927063	0.5895416087972039	0.5074985264205514
0.1056189026871075	0.21558759239138703	0.8604572423400807	0.6941943342896616	0.08030706471863125
0.28360918243893896	0.503964725654834	0.13114167466200966	0.26653849287945075	0.5855451617231342
	0.1308194153479414	0.3358576358185479	0.5042314234220325	0.6657235283165668
0.09899208962469097	0.8785225904836755	0.40126924012965925	0.12480659124206339	0.07119491240653408
0.758455284000728	0.6312525835328977	0.34444177448125635	0.9737339593028439	0.6941471566416679
0.22921373899610198	0.35099344569713364	0.917862238641785	0.6406555202068548	0.36910104292328383
0.336313212923146	0.6771352542760137	0.25380102692719275	0.7183369357759289	0.2527628680569102
0.08336781719201514	0.5436406123944939	0.8126469717778104	0.9389733066077433	0.6807313765397194
0.37501133539462117	0.266060402893599	0.1394823117980779	0.3552374704714719	0.12218821371407307
	0.48900611404705285	0.6775978039256031	0.3153958324913546	0.8954322158080831
0.43982871953224134	0.5324088472942705	0.7062520061322508	0.4413690523102235	0.9879165081937267
0.7274619378382832	0.12444635648888602	0.2991780556162753	0.7190930285396164	0.3127186197808828
0.3519271293817954	0.1450566920859202	0.1694513824818633	0.9001408035796848	0.28983941500594834
0.12023946224572524	0.20970115524190236	0.17647136983691303	0.6503947717047063	0.7094242417187725
0.583504215650035	0.8351510630274698	0.4070593754982681	0.16785665989188814	0.8364854897352877
0.031956931253866894	0.43839628521468177	0.9701354908225519	0.8430923225775988	0.7331748721754712
0.8606889849261841	0.3650272578943732	0.25462896836370064	0.08748788667096885	0.898031399713805
0.5738688270901717	0.8173298166332319	0.05160552414059549	0.8990720867843074	0.3014989218487433
0.5113530144623807	0.06222397593844575	0.0932754549978494	0.11011733693938175	0.7446872568890068
0.013002031718781004	0.7062184089274315	0.16615817461631677	0.7877723525600423	0.5835921349313504
0.7639256697998625	0.480436012810027	0.13149458648644374	0.5615624789963596	0.1335274588205212
0.40638056953740187	0.43954466819377347	0.005388900085828152	0.7663361675868023	0.642814491448853
0.13867054759218533	0.473835953016835	0.7863116181936837	0.25227517302956026	0.16756722471242436
0.18399311071124036	0.049205978849921395	0.3466922551467537	0.9409670963438176	0.6200418007753573
	0.23771392631710364	0.976166011039036	0.10177490789480992	0.18708940005998353
0.41254007940396487	0.4715084471885508	0.5434412146007578	0.4142484601813494	0.706034124947892
	0.014836836837207268	0.8053238828361464	0.9925913545546304	0.6771536892981753
0.5666861379038373	0.8429637574650407	0.5147111427852816	0.3811277838786903	0.6141932533643073
0.431446526965237	0.07259488420192728	0.9768677106515046	0.6179707237672234	0.5563606494402723
0.7641042523170047	0.5318527836740353	0.48539684510383574	0.7432175747458467	0.33666162640732
0.16963021859857208	0.034064857463892984	0.7013489830191831	0.922821109224753	0.921036656912752
0.9474573855265299	0.7383851756172862	0.12477344087718856	0.9294284500853774	0.37660541784076595
0.7633456003773428	0.9997064200619776	0.2361160915642212	0.29223408707990806	0.5168416766817949
0.015495748713270308	0.2190988003245805	0.04916152171856836	0.929205009900107	0.923138275815708
0.10566074281838389	0.2015741202853797	0.18146127170309412	0.42653396088201734	0.136600666813941
0.44579830068546245	0.8253871927723636	0.2645649711753175	0.9870456012872045	0.8175194893168777
0.09917120285717651	0.05966975172740885	0.28431043487411434	0.8986684310230414	0.7261071010895457
0.27049353366154916	0.6166475648895299	0.665780144465578	0.43278386844903927	0.8347271036474236
0.2424193913665338	0.9843019667041807	0.02796384820627995	0.6011973127469328	0.27556881053240556
0.7969831716672904	0.0690659550620698	0.1276791891168284	0.8586553500579226	0.4191831932086706
0.6991974231543153	0.7635086347098728	0.9001210962690872	0.5370987989959823	0.1149045250932228
0.5270397464213378	0.0940788180957749	0.6540243310160031	0.8406411913051798	0.27447705176214277
0.4104926173033223	0.9205445646493126	0.6004324889558845	0.1781189668536255	0.3480834773885856
0.9380919683023962	0.8160949354469307	0.5272631567572443	0.39514267364637345	0.8393350531190503
0.8226722941247214	0.26002161796554646	0.503024233112738	0.008876338416766494	0.04619226028081436
0.1262471047592274	0.5507392896800074	0.29761265149278915	0.1003364487151952	0.3721725876024945
0.37162986680108956	0.7715070932327447	0.14824329362496413	0.47979488605005305	0.8245477863880268
0.36742749785971995	0.9086116119967197	0.2967258512177765	0.5111727504097766	0.6500906791135079
0.700393645182772	0.33058475125530684	0.7816399172908395	0.37817130097137297	0.8251902751843203
0.9963618671970164	0.8182506933967437	0.6249880612148472	0.04937416303858688	0.8708230950700395
0.689719896601194	0.18145219233282472	0.9878182511499567	0.11561625940490683	0.009974230289509833
0.9853445297555187	0.7416085198859846	0.3799761214712005	0.7368869933951526	0.04113980956947816
0.7342169866183272	0.8786482637408106	0.08595085732227448	0.7874887340876496	0.8180890732737564
0.7454591742222711	0.6844631792193517	0.3356255770893881	0.3753915389913214	0.7438545142931121
0.493978612575782	0.002066225386776477	0.47751088716235124	0.6470850617988698	0.21634622202055642
0.01960998635956057	0.18035422109956412	0.4715642392079502	0.8325710272637439	0.3763753437854469
0.5310026794736871	0.3004435851962842	0.876155071158522	0.5402517091112066	0.1713758096897482
0.30118789058461803	0.13774165283725115	0.41871784012688007	0.828086359295388	0.9589806603562466
0.812046820491543	0.993672399242218	0.17769299624533508	0.8436672939723682	0.8902750123017457
0.7554936983345997	0.9047893459200821	0.296690690075212	0.19959190087850742	0.7518415106423786
0.5752901985673304	0.8507115942333615	0.5724595972568128	0.33580110161355525	0.05449744053424299
0.898628777539126	0.5058904379730441	0.0008608355104485765	0.5957859876182363	0.8894765043501378
0.28873585934918156	0.5709666055070751	0.08856226141543022	0.8419840307676656	0.9390924915876271
0.13045232206766844	0.8193421296605901	0.7868942777154992	0.22910449139468425	0.42914977807187427
0.7669646877402156	0.2813788620662425	0.3640677197129487	0.05418218475006942	0.42408324583001233
0.8216793193303009	0.4257707931227066	0.9281146253101825	0.5556625592205239	0.8211218198867758
0.0014212852305653945	0.09489862596305143	0.02606054495658161	0.35731052322711243	0.14529248638147352
0.9699720717021891	0.20371265349323098	0.7420713450985305	0.9021623503553297	0.8951773064542722
0.2922454238222899	0.44259545845793247	0.0688187923078355	0.9635370960391951	0.01548590812747519
	0.12158111591800624	0.8303386267789277	0.297420324963673	0.016773158381965803
0.9731065686601672	0.46706425694908527	0.8911748316396833	0.12931995657715412	0.5054681697154839
	0.17131351647220694	0.9121958803685278	0.014674585055555744	0.36564775715205144
	0.408369755109265	0.38084207312238505	0.7662119616104718	0.05454915304694974
0.018892522248420418	0.3434631130545077	0.376159995771852	0.6492582165413884	0.40441286298904944
0.8059469155077801	0.12280204472422351	0.0869741412101459	0.5862747707788261	0.409635355982201
0.24776164524054456	0.8438032245703573	0.1714055714305145	0.5882544576054971	0.6297379857510842
0.30757889739137134	0.27149155143566495	0.6006319529655055	0.49264466873129875	0.6061487340525388
0.2151112920823267	0.1620564656977127	0.9747556369219297	0.25381496062710884	0.659206850716468
	0.710761787267111	0.021333126898109955	0.33484225142720425	0.2925657656631694
0.7225353533562003	0.8716249679754601	0.03187781541558954	0.4005581906194742	0.7000954756797906
	0.9428883488433075	0.4498970801172717	0.8774254544353417	0.9653520529248116
0.1420150174662005	0.08988583359233004	0.769802365272868	0.8758167748910392	0.3534009816943139
0.46614404820451383	0.2304038720515641	0.5411853120717282	0.6454005071318124	0.8206000649021622
	0.012582385434228627	0.8942491960621334	0.15249553119574522	0.6822202595424314
0.6554047673669013	0.3293987927284654	0.8218512660503279	0.645417101220635	0.013198158952670958
0.7288184001508063	0.5208901406109709	0.5327813474306138	0.5988345259223828	0.8307815922802531
0.026168663901390277	0.21507993816231774	0.6056509576253327	0.47118147996082005	0.725284276257898
0.4022046336477676	0.8358375989023255	0.3131159730149442	0.3057360586976918	0.37085763708527775
0.5366039933822319	0.08976792579620707	0.5256122523712338	0.03632207528194431	0.4198112162017624
0.5360470889744561	0.14492352541429887	0.748885554247308	0.8125223633360438	0.9724724253093355
	0.3694318217532665	0.2734045266382634	0.9960912456004614	0.8818073377863334
0.5392931519906466	0.11154317702718142	0.45267137726224516	0.7044378286073837	0.6918740339820413
0.35327085897181265	0.5680597020031343	0.39355638930307746	0.16289399838329188	0.8437726455646062
0.10680602848007448	0.12568566947245718	0.5683980544034166	0.41997103071669983	0.8811289318356036
0.8137311605027305	0.8206944042298938	0.5923573537954137	0.6238204032783913	0.03633892667104566
0.5750935805963837	0.6100880506932547	0.38828933745364713	0.9934863452405767	0.990039949155567
0.4785303105350056	0.0016671586844233532	0.9972428815916827	0.9594448917575509	0.8491427144742855
0.5076830085671863	0.222446035299938	0.45310173963130307	0.11235770030403303	0.8158448833293495
0.4093251452485629	0.1471712765433303	0.5212606019531834	0.9089335227275345	0.8493131597479532
0.051043406332169305	0.7689800171066146	0.8430989289420295	0.16514523495388567	0.971040550415218
0.591239046979918	0.7015575450950075	0.8000518123668251	0.04075294770626825	0.36529444787279963
0.500121675408279	0.3369990863032264	0.7146257412786462	0.6726178504648291	0.1386386000140989
0.07238465709369524	0.03467606082060648	0.5344341436027029	0.26584792789663725	0.08664859657347235
0.1232897484939226	0.1724900816922701	0.46125155463561784	0.6836993092124968	0.05943986211473151
0.8486413620265845	0.5153829866348729	0.8929683727042037	0.2341009503136282	0.18094059898866155
0.8438293648809707	0.9236703767731217	0.47046765119549183	0.258122132473422	0.6281587447441637
	0.8559424670576447	0.830215646953889	0.438388020616331	0.8491959145897134
	0.5937741720285525	0.6883440891378162	0.3844545602783017	0.8503922061217728
0.3563611114072549	0.39670882732171076	0.11957487682495471	0.7225456244423615	0.7513886303992053
0.2856393641366668	0.9276712374638281	0.44518967268355814	0.09607713854444189	0.9926486681071256
0.7644138450537978	0.727846136602412	0.8171497417833458	0.3040218035543878	0.5676640027126274
	0.12222759153228069	0.36937928199981385	0.177252769932843	0.7642277800668982
0.5098544514795356	0.6636675923433677	0.4921090181462504	0.46131038598588947	0.04300486961185512
0.5598341328605466	0.5479455651863132	0.41501346938292694	0.7111603404204914	0.17860284033947393
0.400014072971708	0.528378301912625	0.059329803667812375	0.4322533322084874	0.9523390284842685
0.6901639431121833	0.11184682517985756	0.1610651890026884	0.6581244837320593	0.6825004058352035
0.8419296022309682	0.41769315162186527	0.3117980011426993	0.14430170684964672	0.3130375433067356
0.9674186591357287	0.464158273061689	0.2227967674518605	0.5225467181342515	0.9943629315893067
0.6269642877111042	0.01578144284240013	0.39409887563809376	0.22576521664173155	0.6054317834296891
0.6803028530409773	0.8121670193448333	0.10481650376537999	0.28573132542529156	0.5875707353692431
0.12274313827182026	0.004824033693466512	0.8513355549774964	0.16507426582268236	0.5918901371481802
0.7773010090614131	0.8580897739875524	0.9669454176561582	0.7233515425698571	0.050872407847366796
0.3747288900447814	0.13495584753022738	0.9908584659439506	0.3824968555893946	0.877845416332395
0.7280000200584161	0.3886183708247696	0.8589513193683075	0.05618652306088079	0.7490812465103265
0.6894132066945193	0.7839841698715156	0.39984227922215454	0.24684265940904837	0.9479661660589846
0.6278255799844886	0.04809362480746093	0.15371280685864996	0.3978965401124914	0.8062551595880939
0.4198815620728724	0.9462958580444671	0.8967612424175958	0.843430058024583	0.2886985962744062
0.43699552608000236	0.7010910750265531	0.39634269082421514	0.5941707375615997	0.21144133404419718
0.7492259291880529	0.23935290487236327	0.03513505480801471	0.6446664691456273	0.10094364442800297
0.8115447682581383	0.07316524508407474	0.25450016432777167	0.6616253972108926	0.9340646605773111
	0.34854583013651264	0.7138322039291588	0.17435782544004186	0.3521248900570846
0.8349070101327275	0.8967586456272009	0.4615300339474383	0.08578121456696342	0.2418263556112945
0.6004356446612151	0.364760136551212	0.805067808254556	0.5687538744419032	0.532567788495416
0.8214382273304346	0.7076348644375192	0.7392152076548547	0.52526376829878	0.8485029780841481
0.23464075160970965	0.37268957607160724	0.6604327560739566	0.9399038255182036	0.4275302061905881
0.5868904250384833	0.7646474259614008	0.6013371290800333	0.8148076607891973	0.23090080455894424
0.37523148861339184	0.3496102123625975	0.5978155081054962	0.005519957411453058	0.794527765630646
0.465438941211592	0.0932395497392523	0.5033945595381148	0.4083538229191974	0.16818556828548703
0.2966292018714083	0.036263806645408625	0.8859549843192401	0.2655445595969782	0.28587656163104536
0.4848471971850852	0.20676338167532282	0.8501885648022849	0.6261210640031735	0.5739252039494813
0.5747726820300565	0.17339122316084565	0.6150973239908596	0.07656382271288242	0.9243434281818331
0.3347126705719655	0.7252447877836024	0.8619500894183765	0.9872130387366715	0.011626263203594722
0.7397104897264181	0.21076615019323808	0.9226188090223189	0.57738880508545	0.28758965612791754
0.7075424679540263	0.2766609998421806	0.7601233923889897	0.7638832443671855	0.04931330431573577
0.605562409886359	0.41196194413562637	0.05747342392461885	0.6984886420849611	0.8296449852546491
0.22665846055326633	0.7615044138593986	0.2928745718731798	0.6908441474211329	0.8104450764341321
0.9162324266533396	0.8927159166832764	0.34433215754695445	0.4061189268825509	0.8315829281041156
0.8069127092202001	0.010358965994332725	0.40434403669359764	0.25140015173920505	0.7473806949911187
0.30126409644489016	0.9070125389528412	0.34731336487658326	0.7197990642680789	0.9262409382149175
0.2741232243011663	0.2739472738214811	0.615929194784533	0.3682704884065401	0.061820070424557616
0.7808080858076012	0.6452277751628057	0.0033747398985020105	0.12691885387104118	0.035977713619019136
0.5709780610177636	0.02624859467744689	0.599812368668254	0.3506121991119008	0.18448179332433656
0.08134785470445605	0.7090661021386819	0.2508252597106938	0.6521354356051912	0.054342513530235226
0.38198180268514026	0.43937426011348135	0.7613665804700973	0.4139676464651997	0.6971976975834787
0.4450313200413969	0.5175926036055941	0.8798546799063287	0.45119154818729734	0.15358386266540658
0.9405645261363478	0.12013961765224113	0.6910056085410539	0.34761775569044207	0.9924699925110408
0.09937419977849604	0.7028321585675023	0.2388773777396449	0.9835899434656367	0.7177623823526691
0.07356126855187028	0.3529255538397372	0.31906663209687414	0.6248376030492219	0.5827016774668416
0.7002002116558093	0.9771165105136267	0.6380093749911809	0.5518581452285349	0.83713552020067
0.2494145311951711	0.711105744762383	0.22468103838764042	0.20222875517856176	0.2871729275501128
0.4065319288831455	0.08575700861945901	0.7272627456261544	0.43998034051222235	0.030169424784468046
	0.19158267175759802	0.12766228758138087	0.8722279347112135	0.5338496246594605
	0.09096035701418359	0.3391408712603663	0.02412373614250951	0.8695852815920304
0.7651156723748987	0.8339682405153349	0.5086353677017162	0.2864777786362398	0.9997507759088378
0.26518860295684465	0.9432017305203313	0.4856569778646592	0.6727785831313217	0.7097566226722435
0.48864550441287247	0.5977386480482076	0.1694679486892765	0.15495646895627146	0.1741730297777737
0.13401188355284677	0.06043326146772665	0.03912675627145157	0.24099664055577819	0.719514855734864
0.7337449547284458	0.7295083250226687	0.22424427481476683	0.20720965085298348	0.16165872637628487
0.23245556449836624	0.879905276269288	0.13872787668374809	0.9973267838071924	0.5044289067183937
0.483922303876274	0.7884888004451057	0.14913951496251332	0.09946263305379666	0.10365108220354369
	0.18324015667173843	0.20549161537952243	0.30769871877254773	0.017747881430427714
0.5243203810831916	0.585912330830564	0.9556536295012921	0.45898883988870265	0.2026636714785306
0.4308813802985638	0.641856161659509	0.2978940993343927	0.3310289069979161	0.03428131566105186
0.5384695253966956	0.43527257552130816	0.974001340837841	0.4701021530633953	0.1275230453782078
0.31233609280815366	0.42546032116285404	0.023631837866581407	0.4206140664324761	0.6017088285907635
0.09197195194886687	0.3049666947906927	0.9205449749706187	0.09516077328584471	0.04053681661706687
0.43240331896930373	0.03246122404054275	0.9228196220856103	0.8611320331147813	0.2170024312129829
0.42457637393757075	0.9726022541943468	0.5438694997258183	0.9187790035235535	0.5433577426355862
0.7056079362077086	0.4864004427135251	0.41398952008508405	0.8192214251053026	0.7472144264625049
0.5887267263838586	0.056625088248020816	0.179493090651626	0.6285128791968286	0.7360359584306087
0.737568174206372	0.9559147145680015	0.3911648184607194	0.6301502515694569	0.08779260315903381
0.4260093722554933	0.11562673309848137	0.5295197096810612	0.05982107529148073	0.6316078761356735
0.9258838130772025	0.2349377686157207	0.7524242563942904	0.6549767651624866	0.13679556054036668
0.3163033765618978	0.5499043548249263	0.8382482313762873	0.5515419884329851	0.15708910154247047
	0.5837626876494325	0.4223219666430599	0.1797910925647408	0.18156196289048776
0.9750722867427368	0.7622862309258317	0.9935608723838723	0.7202003825290969	0.8815240889168615
0.27825270044279815	0.3553595385630717	0.06473795146830974	0.5883851025840873	0.15594892523085102
0.6710637495531119	0.33764741824514743	0.25986450650522686	0.12762106273475382	0.2331375830660044
0.40373092639584685	0.83184626341128	0.9250083733405081	0.33331438038774963	0.6976626232500662
0.46765476388726634	0.5576058180267409	0.6845554787626184	0.9570355460998119	0.9877690145966836
0.35415877278645214	0.6209397856750386	0.027544204327505706	0.5089261197216922	0.19523427849434205
0.7810681814755728	0.0815076810297799	0.41269427167493755	0.23897961531273593	0.7327631627257913
0.6569538254077221	0.6360824242596433	0.07606497481177543	0.299487410114603	0.6838433974597947
0.7782061091631627	0.46265258547131505	0.3974063126592873	0.22061734889733364	0.7058000608535804
	0.7834147143268517	0.5298936477100168	0.12386150040262045	0.7287298211362221
0.2807601179078515	0.6042313479294749	0.6214197975726722	0.17007526536620932	0.43284973538864835
0.4489171548645138	0.3128236684517379	0.9647614475036005	0.41334327242622637	0.6015386591345857
0.34503126701753595	0.7160229659669654	0.2686495040236264	0.03087267255064241	0.821173829692488
0.32936754920099987	0.2098701968197373	0.8220595857930714	0.24773225557093936	0.5830848249498343
0.44684729383105837	0.7981894604949673	0.6289894571095705	0.8439341877400744	0.47403259111951357
0.8071741816688436	0.9214503213348669	0.4401570860936004	0.5374112006197824	0.4422993326043927
0.14656657340056278	0.9157182690862901	0.3814317306898646	0.14503572322821434	0.8819033427671877
0.167528416816061	0.21653846105004004	0.911678078953256	0.9367082163657522	0.5070541060019019
0.31071608851421784	0.9258412623891799	0.8030934777770851	0.7515278404859494	0.5600872347213581
0.004303771960525449	0.04066072772273788	0.12437841296597618	0.40177885582809614	0.7163734084259823
0.5310519046671525	0.41176924001512694	0.8652120861240743	0.6562381549019827	0.7059972213376787
0.7946025217456582	0.3726380207825669	0.11334100577805772	0.9050802002427651	0.03579539321947056
0.40357605514501294	0.5619939799413854	0.5948390595634697	0.041794456740217534	0.5315316196801337
0.8016303462675333	0.08081990680359341	0.20626163676543574	0.5714607128915917	0.8938736923625419
0.39256225091287933	0.49786956223038903	0.07664779646343811	0.9716424094048631	0.5665354374235378
0.3849726670566139	0.11871503193202215	0.42605102355134883	0.343457950540093	0.2552131869652151
0.19053776833172953	0.7213380880548543	0.7572430269653374	0.12511675539030664	0.27173907342588677
0.16728973816889514	0.20554007046794087	0.333051578667962	0.6437162877005213	0.3755160188894031
0.744505293762233	0.5910884169469731	0.5193933977737689	0.27793563555034995	0.4260564324581526
0.5137702991933044	0.3820945481004173	0.05107923161471528	0.04388296293237315	0.7588812329188015
0.8028464055960924	0.190582364625	0.07888098434768565	0.2624358083489239	0.35334365731074013
0.3459354991515722	0.09339209445772312	0.2781172930313701	0.9867652108528343	0.5325013857064276
0.8708559296621038	0.6597806415522233	0.10450751718653106	0.8521907286642793	0.8693577208991244
0.06602732835312519	0.4235958754515131	0.20146224582625494	0.16051532300715754	0.19202140604410312
0.050537912887949954	0.35440650950497965	0.5127218514639287	0.6651654185221766	0.8771955001088433
0.9227716394598545	0.8313814894259974	0.06938826098517914	0.5077303096630473	0.6232776081478839
0.15123697599760244	0.8644213666540451	0.7040943523194868	0.5988297602714604	0.5457036462165277
0.8974826192893371	0.013103601403640974	0.7073093127831186	0.8149697486358426	0.10501384176726147
0.403356446547005	0.23716842610762134	0.6014125060511365	0.8131943712128303	0.3354690638554647
0.6905654341455372	0.6663514609006748	0.5969819744789379	0.7950691771086145	0.1329621094282728
0.25648756612878953	0.3788210188167247	0.035414059337581016	0.15575256358015532	0.7142902308033896
0.8083921076383807	0.15947045128110182	0.5751290705703969	0.05916198674702966	0.19679675493486304
0.7330510752399418	0.26379286304023963	0.11171722380350402	0.7614966191815422	0.6438827917478078
0.8274582050528295	0.4142363760920075	0.4340896406797191	0.6972122819936188	0.607910580010699
0.6621456698817361	0.3468823353854691	0.8248693930115513	0.7035312900061631	0.2219215356501032
0.5516259208089898	0.031419261761257755	0.8076378450940137	0.09962408580337756	0.13788704863611112
	0.9852617760343108	0.68430275625887	0.9603107356817427	0.7051155203560996
	0.5229986507752921	0.6482244718771204	0.8068643240463276	0.3975913683766351
	0.6135820945550317	0.9025457930494347	0.2268267386978714	0.8815909951102181
0.2622340895021612	0.7697922882511243	0.0689701505959407	0.027910399566126065	0.6743804637828151
0.7108878957723878	0.928374321294397	0.7178697697302688	0.5079342770063519	0.31705265239491454
0.38157188740435233	0.0998333614054212	0.9695149974024876	0.13035991011753267	0.6940734510019213
0.804498035390779	0.5633301298180188	0.5510699934570544	0.10102184296462491	0.22971316060457792
	0.7619695360082706	0.8262546158406227	0.9966050586647996	0.5562054058126723
0.15876685317703954	0.4009177696691836	0.1401669892052574	0.15845410890080447	0.05328438757137055
0.21278969245334478	0.6159028884584496	0.649579769706068	0.4598594014297378	0.8432282747944193
0.8331930098120788	0.037545136493573716	0.7256000234929375	0.5025901150304943	0.5674004045175035
0.6563354204314374	0.9486900693264934	0.49272003255316277	0.9459090625710659	0.019914717936701187
0.6655633191194263	0.04047251089136594	0.9100343884396881	0.01511257663497989	0.01691749498386108
0.8290782934091305	0.5885730363489464	0.4981417827187604	0.717732638211663	0.5353156709312312
0.999294757912053	0.6278685751801626	0.4951287626590978	0.855698105960311	0.017759747586655883
0.8229821318397708	0.028209003232247176	0.5120893718765672	0.4421265780573541	0.3699314176425098
	0.2168226719366274	0.6470965811892277	0.9180506410037474	0.015014606245322915
0.8595574344719598	0.6173071666393166	0.7091237430792713	0.55287721062287	0.7240089086184691
	0.3881352219188301	0.1771853352981475	0.7315335315051456	0.18863648187465787
0.9823470528249779	0.6099097545979688	0.7267612017923848	0.11548650597876642	0.38638218101917765
0.3608092560392113	0.3680179814009624	0.10011479373149201	0.8979943657408149	0.6115023820655795
0.16990327168320773	0.11921298766965649	0.37387064088729016	0.5710935877703365	0.054739114900614116
0.7628093180669527	0.9996214374861334	0.47185419230644254	0.5420995080044262	0.6586406847402559
0.9027090191825228	0.16069495184408134	0.3476494178033047	0.2784771024721693	0.8548714359193782
0.5825572183974455	0.7234960151483727	0.7225140683804435	0.9685250123900576	0.1644493314186487
0.24730255312241045	0.4461963341174543	0.9208775647055989	0.16669981157215286	0.6002485870425243
0.149834462088147	0.7668990281206562	0.6145751649113781	0.6661942803147134	0.9600589909765057
	0.9571944656076546	0.5882193545502402	0.5315862064685082	0.8471279244679235
0.4990697529468733	0.40098064817133827	0.6706053969058247	0.16894682701198072	0.232813887528185
	0.9492071575820455	0.7154798682764365	0.2693304665576284	0.12490731510282826
