X0	X1	X2	X3	X4
0.11967561792365156	0.9915655061329167	0.5350635944616596	0.18466416927871032	0.2120839767167284
0.5644399241486084	0.9961607154547173	0.19447033323464147	0.16392198881886522	0.832047340548513
0.13677935552717113	0.5728325310030271	0.8251739288522699	0.5298197273604807	0.9794981534722532
0.8058881213431472	0.961346369590344	0.009389018285562378	0.1866095106877933	0.5815984574192421
	0.3243769278576135	0.09290983981466105	0.5162099228840846	0.25641947813157884
0.15989867639038058	0.4373505545603368	0.3009805928626802	0.9549567539069057	0.9460351677672555
0.20945309423108938	0.49622409612951124	0.9513051589745317	0.17596026447498636	0.7833665594094966
0.28464603674084643	0.4031234124270697	0.1533126285538876	0.03223417935936379	0.9645343384891416
0.4151460471716468	0.959764730041546	0.506242729095287	0.32848010976584363	0.23880976711451796
0.17896417528326602	0.445135892959023	0.1753664493832755	0.3402933033026301	0.752254506271207
0.671655812823126	0.11307484130986634	0.24866520922560365	0.941863408918835	0.6791206004242818
0.5214542511310868	0.9961059314795355	0.09506888780182887	0.2422363977804859	0.06068878224482921
0.39321407842898404	0.640872086138755	0.39772176590473374	0.8014688291410379	0.3369686898991978
0.06027633338520355	0.4507479977471066	0.7045627341579798	0.9930931923597713	0.5192996914647127
	0.8437685111857685	0.26424513731846566	0.017775172638458514	0.550743909735694
0.5226718777270738	0.8601897636590488	0.22712633445706865	0.755578550565776	0.7782588398451691
0.3953358206457249	0.4596342027166169	0.9702723036661209	0.8134010677366638	0.9305154022474276
0.7757031345622705	0.678462785322107	0.29920562678323237	0.01040756919218655	0.7330969131964303
0.0842233476731522	0.9429767492947038	0.5600035067099093	0.7772730859123974	0.7807386030412784
0.7130394915021431	0.13618360535188978	0.007352493247238856	0.6457116152729847	0.30683406680190584
0.1970964413279136	0.4304732364686492	0.039799896378059696	0.9855436590047311	0.774500075152872
0.7467919740902041	0.7957189531592762	0.41776818303597274	0.6248059908349143	0.5779986891563025
0.2883577320249241	0.5270497835586608	0.40132447290557716	0.16177810015599037	0.8606866446013377
0.6726889030709335	0.9944012127233993	0.1369347474007222	0.9803307957278266	0.22866684524245373
0.2088659494788896	0.9520627482131319	0.3088193461254445	0.9009635756963192	0.8162319682433936
0.1543424704433659	0.02034295206294101	0.5860928199765282	0.3239774569400321	0.04754165032190116
0.38271712833521077	0.7342336278405082	0.644358634883468	0.861601222468995	0.37594149828474366
0.9500710220466493	0.4687450953906305	0.29049737946950027	0.9852658368848125	0.3595424995527119
0.2354374325106604	0.4371608073227511	0.9865978882431194	0.7603407187666477	0.7846826963835809
0.01781141318886259	0.5033164724992082	0.5907029533332535	0.8705983294939649	0.8726701794734888
0.7803646533519051	0.32389476183457466	0.5816661357197653	0.7463462522595703	0.728996260344125
0.4797826864534567	0.5392318583246992	0.4841091078562523	0.8640088886074717	0.7651131282149802
0.07621430044756705	0.2934716063791937	0.15200435301662352	0.9121007136225076	0.47090354224592335
0.4614332275157371	0.9060637128421147	0.19708590169002438	0.3233020487650773	0.5310424180656109
0.6587377244363328	0.671460323967959	0.48706284345084594	0.21173809210059646	0.21424205842561883
0.3215800244379131	0.7607416044848309	0.5758664167010049	0.5572580281035159	0.27201529311193284
0.11386068791803106	0.6113998738103423	0.9971807892453194	0.48103268998795334	0.30382235608435837
0.9474909731966609	0.7645361976069772	0.06550233317622067	0.41078243488677824	0.18746403460904626
0.16504138194067697	0.24799224676192655	0.5572104032536244	0.9277029389065146	0.036236148559891435
0.2494245445528438	0.9142581976627986	0.3304953978097571	0.9772382774077093	0.035834596253940254
0.8655363057572677	0.5505998257869292	0.3673583602065932	0.4690214936011017	0.666155058376296
0.8020050859697313	0.8479612164582129	0.5104125414167875	0.3935652224541637	0.41758445122059995
0.11398697706134431	0.6416120814744435	0.5906931602089107	0.23801519464585985	0.6947807368361211
0.794678011678272	0.7391794517977202	0.7936264510539888	0.9071918393663138	0.7667879319615103
0.11653782365020227	0.05614277965767267	0.26594985045787567	0.2760960245422954	0.8067897303441715
0.6803019495016733	0.12114763123782801	0.049954895357138596	0.8249529205763383	0.37075650765641543
0.4000621078396783	0.9481478698082697	0.05504521063666434	0.7721879086394106	0.4247641123891035
0.10111123038282321	0.9549148150662603	0.13082120102926975	0.25154866016782673	0.49605819514779537
0.7751678294246539	0.42924980153790293	0.34606337175788193	0.3874060445847397	0.7967526131621138
0.19493613265467824	0.2895895782707476	0.47593741572929993	0.4728463361600036	0.6883763906548288
0.04189539185137203	0.2247706595793224	0.24205587891000313	0.48456739234148827	0.2737980168547314
0.46263152112605255	0.1778677290633469	0.09955902936409233	0.3363290813400479	0.6566299819190409
	0.08250140567331765	0.4606172013440939	0.757942669270287	0.1102097031770416
0.4890080017032916	0.43151638072464293	0.1021537773166864	0.4033560460340725	0.7241630521386075
0.6184589077498289	0.5765478969521856	0.6698734001416073	0.575445770933798	0.9855916006983222
0.5253863304372209	0.306505416916093	0.05265603128316254	0.25910632103747055	0.6267522880409186
0.9176027954054221	0.8451727161700995	0.5763494048063453	0.8337369960489204	0.2577720783366735
0.8918952126116501	0.05408240971618106	0.48604071622671585	0.5991215644240886	0.4671876759794784
0.7832085776230446	0.10808480250600072	0.27636959153013085	0.2552769454685183	0.5742079860316031
0.2422574911130646	0.7714566161052181	0.5324984318755893	0.05524510909426961	0.7048250684983534
0.9004863203789863	0.6323886355654614	0.8017862007708786	0.9581791678953786	0.5293453828899256
0.7982077959228588	0.24368641483720388	0.1371752642539814	0.1964520633435376	0.5705551437313187
0.03463614789874281	0.8135419405552038	0.4542898726525607	0.5984962096741973	0.6084937268370311
0.30347449172776786	0.8675218237207801	0.009885658068169767	0.4370993284527017	0.48624849783675306
0.4606239128821591	0.19876543861677787	0.7046169922517012	0.6693635045125343	0.77880212937408
0.014459419591528189	0.42553523347469435	0.7505703141397035	0.6853450946092834	0.762789150938758
0.0027321980070720286	0.9159729342953018	0.34629042120547116	0.6834875358011248	0.4517069159135697
0.7754023446699781	0.6462406237273367	0.8983652428734983	0.08590737327112441	0.707826015821606
0.33483295032663696	0.1800495975781431	0.2971003205988051	0.905461141696079	0.955129947619782
0.4997078594063701	0.9413341741647135	0.5539881501447752	0.7557746841274305	0.9036083287591448
0.2560171107811048	0.7073194834082533	0.699194723151812	0.15561332730226352	0.5286341326181506
0.6934764264337162	0.7655016341631012	0.44537936713484116	0.23669088710109387	0.5842012779320355
0.12727445958649353	0.05410367442431252	0.6191372696293963	0.9560513190829213	0.304225607134021
0.742269648288192	0.42897093907050254	0.6793721172126773	0.22698847680879108	0.21011326696844834
0.987803060084262	0.3699043503652121	0.4751170277090744	0.4686135185918022	0.939891297639636
0.06308835996203188	0.26416355782110745	0.6989538486598504	0.3657713404829024	0.5378164843467559
0.6822993168541479	0.2494312808853565	0.4949603605639915	0.3186208460843768	0.9111618329308433
0.10129199383331233	0.8925122037491654	0.8343611847888088	0.09077820281743598	0.4489270926742247
0.6578523156670534	0.6295497706671632	0.7991259867877123	0.5104199777987416	0.4783144767888231
0.3498607917744829	0.10620190949553698	0.2567976610178432	0.37870259590303956	0.4939643646482633
0.867265640985928	0.9123543686291324	0.9638287723875633	0.05284314244377297	0.02113910454800838
0.944314312422459	0.11640769392596118	0.2086851892053676	0.4124356425646938	0.12971590886847972
0.7482481213672467	0.7654726438151964	0.7999921392653063	0.3511190165718385	0.8175801358797121
0.6459461029302097	0.35234764772854044	0.20429638570371678	0.4115935105311639	0.5000868286349873
0.37669986126699184	0.37765920826670396	0.6573280818247716	0.4084305737447338	0.25240385336593074
0.4241506626288051	0.19465964757608378	0.8047531500839366	0.04815435165018889	0.45563724446574705
0.26548028505391286	0.7470847280216527	0.25596639951121547	0.8498298470070221	0.46756768991628317
0.030129330747576066	0.5708036393201813	0.2923233996831309	0.0387607035543206	0.9585896423934768
0.13166184133214132	0.3055414466454812	0.3853988118544863	0.7587670676574267	0.956214993808777
0.27352455137209486	0.8307982308725315	0.4764558005395533	0.5639127196220047	0.410628950201419
0.6534675055083607	0.07287297321831632	0.9663089269911096	0.9577210660585956	0.8894623329452123
0.25515911597771723	0.4421579563344993	0.5212175945027179	0.8364985784705105	0.799690650470985
0.25082105283363154	0.9432697818991861	0.13501182093356723	0.6822927815277366	0.1805267687868919
0.4125066168193514	0.6133512472754626	0.5950082571198295	0.9145119230874703	0.4997709300251948
0.8762939071611415	0.3225025251410085	0.607757908617982	0.3738210243513447	0.3739097741201258
0.6089629215891419	0.9981445551602623	0.8313203911843119	0.05325470121312326	0.06680584233039644
0.6177026761763481	0.5979235296959982	0.2111025120488127	0.5803006758136401	0.1502655826930973
0.6915459818170998	0.22089290513610682	0.22321903972825297	0.9270422852934009	0.6053734945561009
0.04395030359141361	0.2157404710789983	0.17993129825489307	0.323722143031992	0.18453256387353734
0.3120948670140892	0.49196027504797823	0.697937505463147	0.4280757642721873	0.8051586695261516
0.7880596225968632	0.42049488560605686	0.2284763326687963	0.726051078514493	0.8718199222360044
0.8501864462830496	0.658997656089996	0.1388455003304634	0.49509775966911695	0.759509581210045
0.3369657715802262	0.44192439988256305	0.0058426852983025634	0.7804550805542371	0.41736661595480373
0.19753617106482313	0.7595603573605062	0.4097428150316036	0.38281435540530884	0.35018415139990466
0.033369760964214734	0.7685738510068355	0.9155585958545315	0.5373643690334227	0.484964686230819
	0.6644062251417142	0.2679507577668103	0.10080393162386048	0.13743497523097103
0.45623780122495894	0.666114693804095	0.6674472072606716	0.530957293618708	0.40639246790043404
0.5817782833240768	0.4417918818258958	0.728350604946567	0.7965360884795575	0.7801838914050889
0.21470906611836438	0.6871882937230764	0.04926217775918007	0.48452586340614234	0.9640689862733889
0.04368506410012529	0.19322179823359686	0.6555774578690396	0.6130146535171017	0.5880247847458652
0.06069649243542441	0.9474915835131323	0.555738857140309	0.1385741374581796	0.45006352083425905
0.7931284117336584	0.48425786683527783	0.3892253720286881	0.24875875131810044	0.9584839425082072
0.24858092437085078	0.6157054870852838	0.19350673108822725	0.25058513806523464	0.2409951518534631
0.8235100610270377	0.7892830376803941	0.047688904471603455	0.9667131301086255	0.22753508290529245
0.4449127493055769	0.6049558159747832	0.6668377092683063	0.10462504047069277	0.55813714968094
0.24291767378493567	0.519044467698374	0.9262416170651147	0.07805966169906364	0.6850773553345247
0.8202876796670999	0.37989466506310987	0.6476950901004582	0.3585016353120465	0.21895803978516537
0.16700543019404146	0.9970156198927972	0.43313182075654855	0.5731531020509704	0.3707210254779568
0.5532376754422694	0.39339841857903945	0.8664604595730933	0.3849129874639563	0.631940033292791
0.3788582002134392	0.8620804529721926	0.161730946179227	0.08629879989054112	0.2077444187884424
0.6088452524919051	0.9546000838731568	0.8691672655550211	0.4808524858304576	0.3310351935164628
0.3172453969742255	0.9088092465006159	0.31640644337537926	0.4227124899285357	0.7589866934609785
0.36943735571754377	0.7788873278617194	0.033454265300993824	0.4232418549776211	0.5461015944675164
0.883054729578323	0.555139362890872	0.6580750894779178	0.733456359467168	0.4650337876056738
0.7131612148573327	0.17698311638920605	0.9556664049827528	0.8931082170874961	0.7061545603323679
0.047771862002848886	0.4028697549522622	0.8314953285594523	0.19063113904700668	0.8425386190803006
0.15475024937854753	0.3477093637150638	0.8524213420446874	0.2250181784298575	0.4658808443621324
0.4721738182121724	0.8449986169342787	0.7128383954734417	0.24790099590616654	0.12026946133054461
	0.002618921393082174	0.9149449890160192	0.5257627993552608	0.6610485846497491
0.9906630917717191	0.9980795496868888	0.12437222610617926	0.37760367130921546	0.27201709353805126
0.6344541148379594	0.600315107461624	0.5952083772581235	0.08975477492886474	0.3709438946339453
	0.39656803079780867	0.6450095218998627	0.1592763612007584	0.31515016467720247
0.025862674930896223	0.1624508371267629	0.6614127430914868	0.6300950999076792	0.8844174772373059
0.33259887262656207	0.9498097283454492	0.8839101740611264	0.691842491427081	0.23093386763717194
0.8417136613863703	0.067665337422528	0.4062999276717959	0.474376857718684	0.8969826149383707
0.6607917316145362	0.2979102931180535	0.4788428441966317	0.7591677661493125	0.15884199191112536
0.659592510600445	0.26782502218233484	0.5047900677975398	0.7257076173679761	0.7673292348869111
0.4784096238503657	0.3735661752853655	0.33107954734104783	0.9496457416952405	0.7645318675668781
0.39686550323241954	0.38205388388542105	0.31719595742480045	0.33812233798696023	0.7775806852569
0.6562005460502038	0.9993355594937068	0.02623920561623505	0.8910427824877952	0.15773630430237662
0.13876506247714215	0.40435493790659804	0.4484639770705431	0.15211122091109153	0.6159726341127375
0.16796044509888974	0.9526809446677698	0.03276914751761972	0.01877204676143429	0.4417433118450509
0.4210743167753589	0.037078639950531955	0.6702201762932413	0.1451749600795934	0.15627749702294158
0.9417855719734852	0.5996957775381936	0.35725977551896126	0.22636906248686184	0.9176190529312405
0.9197827783172763	0.534002697539849	0.07978302915782809	0.47769162656429365	0.7821166036202571
0.12108986164406932	0.20412563629793212	0.19829952080112911	0.22919454888630453	0.19941286159918692
0.5797139991920324	0.23056189075887357	0.7579236984961619	0.9678520576873151	0.3651989671510638
0.6323786281027424	0.7163872007172847	0.809649889236684	0.8544119438752528	0.5360609224564588
0.9590591768317476	0.7163225593402897	0.7826304676580054	0.00688226056832919	0.8455710248419511
0.9675784386955367	0.07314493218295981	0.18688079826131554	0.9714791181653682	0.14036876261329012
0.8242615471492382	0.6901782450818534	0.03995470545482149	0.2051177644594694	0.02769877975739299
0.5722632424976681	0.8424964633701871	0.7662998925185576	0.44638746446140687	0.3522306405897131
0.05274440354626464	0.9519993507842558	0.5952224712039426	0.39645943980639353	0.58378405493423
0.06270392178161388	0.5511554755116935	0.08692223364649088	0.582081847992398	0.14603903509693184
0.9393366434233021	0.835740847846437	0.5799534557627741	0.6495290740028319	0.7543430483541457
0.9262500540503869	0.23517861051741928	0.7400388370134706	0.7826163388914499	0.6434364269825164
0.3049955378955048	0.8093747291359158	0.6493694282092829	0.5011184265655562	0.3839117283900233
0.8872438213609599	0.11862522222728422	0.49693149878653786	0.6259432678037412	0.12486639147308176
0.7598881979138224	0.8872808265786445	0.1829992603789271	0.891508087703131	0.6244607539197004
0.44787455108186036	0.7288138984895922	0.21653870612097925	0.1539056596878854	0.9900096742017295
0.6784763468473932	0.6387443674667839	0.9562237102883984	0.5315642260946657	0.8571601000553097
0.9594029456462059	0.39847141508152595	0.8786573096052235	0.1466012295087331	0.6170795823756223
0.13928600383525513	0.03703895119227363	0.334385124968131	0.43249510169074556	0.18436292173160274
0.5695346508954575	0.1258810793962587	0.29817963585785456	0.5049526789107185	0.7637234909943925
0.6209956028718928	0.5129051952506823	0.31114538030934424	0.6610590168904668	0.9023968229686327
0.989925031741892	0.9724308336759874	0.6552576518694055	0.5164703704534421	0.7704168626845656
	0.21575020615376717	0.5111803020449169	0.6507968873122679	0.4051222175410517
0.9174431568686596	0.38816146774511706	0.20809114038901266	0.15966120860335387	0.1279960786009524
0.421613182316541	0.6500381279564366	0.9168484609196489	0.9070912331224712	0.19005470891164544
0.8501874260119765	0.05280004614802025	0.7017349570749747	0.38631942755326865	0.13283024446790004
0.27124602911672524	0.557483189649426	0.9882285784929326	0.04701850194135648	0.30829409200282054
0.13812366298541823	0.8650861695735493	0.858716548450384	0.35479583841556794	0.3416279530665137
0.09300258151487739	0.27103498217815547	0.7367957985119189	0.6954290867785448	0.7555259407965601
0.7391463159205466	0.3010545476354217	0.7025729832937884	0.3129568594530643	0.366849353827598
0.6320135254633367	0.33622122130619336	0.07009782840576395	0.016032164016916095	0.22885713112832173
0.9558023303603946	0.2552570488731908	0.4489055152178347	0.2008682535688937	0.8757214438424916
0.061735800296016	0.044046514902153056	0.2718542986247364	0.9765521721248266	0.5319843564813352
0.16284366022612917	0.8943176002337787	0.9984005340008051	0.2592518267567848	0.05700752815241317
0.18511776024821824	0.06290754587173664	0.9622946005290023	0.5521781895989135	0.40801313108246506
0.47192087376145153	0.24418976848089435	0.2915404361843481	0.3126399882635217	0.1697771526511731
0.6978627075225275	0.5073917058004473	0.7065383975427872	0.2708423388129505	0.28325942014853
	0.7644568945981143	0.25077567621585994	0.3739691737594977	0.7945821894926355
0.8393357055618857	0.5677116085680974	0.3668964922896042	0.35288169036405803	0.6093014613396822
0.5652606887792828	0.06873112828215278	0.6428072353595831	0.05018850524109841	0.49711463336801576
0.5265789132978056	0.26759173949514614	0.10046198584829769	0.55113782908295	0.7240858452972776
	0.27032724339154734	0.14371546582052586	0.06374518183889921	0.7620994708243719
0.34450597095614277	0.025743235080183724	0.2764090498206744	0.18957353631366058	0.23652448903873624
0.7909559332647799	0.8506669666513954	0.873613283068957	0.8670490771721567	0.9927338209152244
0.20880930023541744	0.508611815217346	0.5043368049392227	0.44789677373223824	0.722700429730362
0.8138966651924505	0.6356518452592769	0.8488020518784672	0.3938119149675655	0.8716300446936023
0.34735610879381407	0.7480328048844174	0.06188976164357407	0.26011946555334775	0.8237990885055031
0.20681809072222512	0.9879519083237477	0.8921732659885175	0.3314789785457114	0.06723844316385341
0.5753486696205479	0.13108989345812083	0.028309153024821065	0.4771331398214371	0.38970126221838797
0.5084797389040072	0.24307390128026873	0.8013901064990884	0.2950202351633061	0.5523320248471386
0.9468246909286847	0.709914277475876	0.9106490043005055	0.6609048795162705	0.36692439953892575
0.8259944565074414	0.39557745683891754	0.3024704222556477	0.7041202966843324	0.19578238377249446
	0.6210541868531488	0.024959634319137947	0.2682666138971481	0.7923207651889808
0.943847598808348	0.5610236639970011	0.16916893140987388	0.41507755221036124	0.7407978617259497
0.039306895614874104	0.6781167145417919	0.28252204072485887	0.5532457566821932	0.709200003547369
0.6759952990584881	0.6455168436256172	0.9252122355755745	0.6167382018318021	0.28071400637920296
0.6095484279488398	0.7280268452300944	0.9361524861305218	0.5662399482218495	0.43022451123839545
0.4477642100794318	0.5845356983311495	0.09821862715148388	0.2712025110813915	0.16109199422336973
0.9363696042950758	0.7870373279801813	0.7783281354669909	0.16649689821323266	0.5316278421392944
0.9744234226128287	0.5340086094179666	0.6227041721074668	0.8315707180790574	0.5537765933911687
0.3099421554043784	0.2669859295131989	0.31147596882054474	0.0015961265329360597	0.937796948344446
0.5123423361473768	0.909076263839673	0.5989000293818912	0.7137181377185864	0.4591779940484686
	0.2664023278472749	0.46711978352445904	0.30879190533464795	0.7455336722884214
0.11971213868084518	0.03517270128568972	0.9762185163976664	0.6107505787534001	0.9905558696750226
0.34197377050821576	0.4639880468543005	0.5152111804655094	0.5968378191651349	0.8899514275951949
0.06938915519319533	0.8048100317904132	0.5306715231235527	0.3801264061134111	0.6695482996555451
0.5771403660932326	0.8007965986221532	0.035092032363251424	0.11017841794494554	0.4893235876772193
0.068511861769043	0.17807427637556728	0.6353036998245128	0.19126056362128152	0.14391345134458644
0.6607473211195618	0.47751278431547606	0.24310930338326697	0.8487747245730761	0.8306637828115186
0.984822834521664	0.28488267162053404	0.6298741654453983	0.22648525780035889	0.23030297762003726
0.7739069258921257	0.9185424859191283	0.3187367653747608	0.319169739549354	0.9264838983610199
0.9180754982358146	0.3652671460399277	0.9950492774935983	0.6273655553360943	0.44234324420132276
0.45979847577643607	0.3008514225254476	0.6781160090983003	0.874960902650874	0.7244998068148576
0.46005263140846575	0.18228489336226616	0.7057853956095107	0.682565320622997	0.40566464440138894
0.7512247019127215	0.4537596198513546	0.3718169176600833	0.32463665633972927	0.7990771761825908
0.5451242658831545	0.1774096944190373	0.5024103941871223	0.7099475905731385	0.9836250045310359
0.47461679960900527	0.9577604535033685	0.43674552311236325	0.5643362158746613	0.12877560564097623
0.2074077153053111	0.9083583800246274	0.197099370864099	0.18056239629375814	0.07012510628072743
0.3760730899381721	0.09382630433791084	0.1372632049115181	0.6338133199654796	0.7969513752640836
0.5218759294884129	0.17281315157551158	0.18609351737484225	0.04738280865936362	0.6655994352099788
0.3373734497132256	0.3152354668091042	0.6450914229565416	0.6643902931912197	0.9536676391030057
0.32486634640716283	0.5916425654026238	0.6887234228080453	0.3200301384687263	0.5138142702304257
0.12484270643972895	0.5647336889400074	0.1142189854219432	0.1689633149628631	0.2822770251161342
0.41039770379632223	0.4509756075102056	0.8360375624727028	0.5468907318946792	0.7821625714116044
0.8322853126037241	0.5810540616869988	0.6036966122357907	0.10616827770917336	0.9626503198043821
0.5329460331526484	0.1820051058851324	0.20778506950109055	0.8666206689661234	0.24389031220928648
0.16160269477743006	0.5009642820658056	0.25665336084268076	0.19556723594918646	0.01315705168679826
0.1686464526540029	0.1447866963902491	0.4132186410030023	0.9455116166274129	0.4246140908313264
0.8271670250529704	0.831348365712708	0.5646144978065563	0.03023074661652314	0.7228836808965142
0.09817561211956749	0.5282493922127228	0.13359401283948757	0.49515968186060544	0.11573223309090197
0.5380413993368949	0.5641777890262163	0.391050542273675	0.8679892778956264	0.21397899580827073
0.41867700276831055	0.7209951113574963	0.5703518256601532	0.30808788097618955	0.8945941383272212
	0.5166121474066736	0.23144492655042948	0.1708570203305615	0.49825028993241083
0.43058043800594215	0.152373711626971	0.3750999719925717	0.19770233344763455	0.9147738680514579
0.77266035610858	0.7642343299600669	0.4561025589470157	0.8165133630936787	0.026806384360756885
	0.2920258536221423	0.8852182668966744	0.5383856546727074	0.7650741431231952
0.3985478899780234	0.6499513333508865	0.7135352929452329	0.40730183803800546	0.470183300615151
0.34862239498884195	0.9618526305785313	0.37671352515280954	0.48314799984623424	0.30588692335709655
0.12530264947213954	0.2240786096783789	0.6140779313716263	0.6679307697871179	0.6830393324982783
0.1807527687295869	0.27027929764171765	0.4575640396551931	0.16657458362773858	0.3768992542534402
0.6568962290748469	0.06983335544942137	0.3829266993981647	0.02235848093938675	0.4801395713941998
0.5205103814944364	0.836631522918326	0.5742082584965041	0.3359846860715381	0.21729669892906622
0.17343248667335054	0.7462347613074258	0.08275309947512399	0.3763418209400351	0.48577105817125754
0.6206223679240306	0.8635534800627799	0.6626130307674928	0.8474061683737116	0.9324715381472738
	0.8045210969716878	0.4951910407604524	0.4281350170131454	0.5149622418179508
0.13899972823421036	0.38196093456588165	0.9310252409515407	0.323184045609348	0.6685049559552148
0.6481160892747949	0.7271287578437858	0.8320726275163263	0.477057459337895	0.6925842147726545
0.12443990528270787	0.7907187141321108	0.7251796661054061	0.22685737780106174	0.18340612668461598
0.8166572850698985	0.716469428669379	0.14074221263152753	0.3507480786865552	0.11988808485314584
0.7233676215950433	0.35868301422354887	0.2309628916362525	0.27445667590043354	0.618018479207288
	0.3497618750445607	0.7003683970813006	0.9159605981495723	0.5385340981387902
0.9835653428643091	0.18411035956072208	0.9377346331401619	0.3151307805623229	0.8026566004818271
0.8499134636254454	0.27065649467043074	0.07799652634197773	0.16237308889256163	0.4142432041593229
0.0657052624761656	0.7604579298732363	0.3841234310597237	0.09460846744678608	0.607655450398202
0.01975974978092221	0.3168975522044333	0.5615240525236198	0.8218181881558134	0.8546837611865664
0.3095031128133301	0.8724026020497208	0.3523139000342693	0.35451008507053006	0.9654519612579867
0.4189892050072236	0.052821273837488136	0.9233539465689827	0.5459572267480443	0.5143247048474932
0.08363196975212328	0.6550772243771249	0.4343174037172045	0.9790670275694163	0.8583324819184774
0.2647636287458883	0.9193441885010755	0.9210495133707545	0.20030021527526254	0.23131376500954726
0.7236511305838659	0.795767621293515	0.8132228342047263	0.2902692051180783	0.6890497961253141
0.4519757483105349	0.190197290267481	0.5926066585422307	0.5335965432766486	0.9795225487828839
0.33649096436064907	0.4052910229426321	0.5556225221821149	0.13408242345015353	0.31217449826916543
0.3018635076568468	0.3432119836744594	0.5280022722390878	0.400425795024427	0.04896510416584676
0.11637896336216691	0.8033367188943948	0.20253437430418597	0.3384447189816694	0.0006372343089071641
	0.9814823709386198	0.10847565360199385	0.3700081357292617	0.39425267416736687
0.12009229601996152	0.003209159150524332	0.9931001866900727	0.5642880507715491	0.5174860627538801
0.4377105165452849	0.7157204597354303	0.002643495089378445	0.4307550621209274	0.9671272151465437
0.8988197332964342	0.7120255433386923	0.04648118493256681	0.0028223890052005984	0.319205293135732
0.7256216411291438	0.09533263427033434	0.941056478767626	0.6820474899495897	0.742039741512691
	0.7476330844552075	0.04113672859146278	0.4539845679507438	0.26860789433218846
	0.17452806732713078	0.6618110597136939	0.057313722641826326	0.9820433215680795
0.8377435153482434	0.4390512770415982	0.27798826607253224	0.8938217124512696	0.9821813344040091
0.9649707126152877	0.75591243880487	0.38183238698613	0.4929490877926411	0.6438007091534103
0.7037514426487428	0.6485564690209318	0.47525994060670773	0.8575550915433325	0.680775020523848
0.9458663382569211	0.2716068331323943	0.3494782572704974	0.6301039145299027	0.5562501817892793
0.1633944250632705	0.7701882995481267	0.8438786474025485	0.8619831516353786	0.15232089516239822
	0.764736507798165	0.37741684356751926	0.8098033078064997	0.8668448077561776
0.2849710859474983	0.4684662073951291	0.7134189892855805	0.5521789785662437	0.6762553518543772
0.985447087229702	0.12489052027659142	0.8393709057942498	0.7816701267977246	0.05133532818575415
0.5786178534944764	0.6861504087894608	0.5496651703106067	0.8977829435178696	0.9226861423399174
0.5526082595284697	0.12195731346618299	0.24295832041266163	0.7685068062292965	0.05501522485635302
0.8937703606371428	0.953109919581746	0.6669862591323447	0.5098699170516775	0.1848574056933917
0.8334602763567804	0.48181285295166587	0.5284813829721874	0.8350217996837727	0.3763767239535343
0.8574261751524528	0.07373301067326521	0.8019281948393595	0.30203465120157824	0.8441129451473071
0.8183854133619105	0.4591354226614105	0.4281152100519867	0.43512008979146555	0.5586480694427001
0.7499557204507573	0.46189494768019423	0.6930291627304589	0.6290622413569289	0.6418132128564914
0.14049838300470763	0.21521435032629932	0.9181333744327416	0.029041612244144255	0.522481330858591
0.9236977451606995	0.21617393167374221	0.8006466330522393	0.4102390235934418	0.22038067221357827
0.7330965161902039	0.7243812517632064	0.5994214105632899	0.7873551114686427	0.41021995776456044
0.07894847832994734	0.4967147537456341	0.01258570209858001	0.6965285609360777	0.9805602499696668
0.19352509434913745	0.27769175364545495	0.18224914851111096	0.02476759137005724	0.3607292443177684
0.4471381735010109	0.2510403759046157	0.7910492848571264	0.9343383091423858	0.6114256636164699
0.9370937448191586	0.9291871648566721	0.8136807734275215	0.7464822930378794	0.6037926008917348
0.172256195806889	0.4102031689284312	0.6169804140167002	0.08825087912615104	0.6257898852463188
0.7462296938681926	0.8124571745014523	0.23177158474380688	0.6445906010788824	0.3434631706244332
0.24431714732048482	0.10590176309388799	0.6306092732494343	0.8391737003807234	0.28304865192749085
0.9564208280651958	0.044534909033744796	0.5474928473589492	0.5946402759821713	0.8330716647093421
0.7207535556360433	0.9245679668320378	0.387127455865958	0.03752762400947296	0.7294847613091651
0.5237126950968374	0.05859837757296449	0.20872872793998698	0.026507699813293484	0.2555193439456691
0.75371341222855	0.4264557180444498	0.44265046686280474	0.276128729134542	0.9027777690639188
0.32992056553483007	0.19074321104865932	0.6860548023670637	0.30088844234748857	0.6117488647686813
0.0659246083705437	0.9650019836828851	0.4568649154117914	0.35961677775230905	0.920965207521867
0.7993552624663813	0.9204093469946977	0.8139897801195528	0.9807956058826703	0.12911109401035004
0.0416285608682776	0.9489480810390192	0.5981824686196863	0.053922043227194405	0.23065422480855613
0.8014723968028707	0.8414262528654967	0.14412338243504452	0.5035343060119437	0.10168608729170625
0.05514655181067263	0.7028122893785974	0.5878995153854122	0.8509769398997916	0.15827257160785468
	0.027200023840988297	0.9480815739597973	0.22197041422904573	0.3263629720128187
0.13717582235478687	0.8167844935657272	0.694063234283659	0.18919652154762268	0.4947306311338928
0.6132282246186084	0.08863130358859717	0.09528197602401312	0.053227770398283636	0.13172241113939587
0.6092161298661379	0.3302044779663871	0.6298086739983928	0.6905445438811256	0.05795865535088929
0.19608381881204795	0.3612078346857446	0.5288679044123723	0.35376527722124496	0.29348122839633894
0.850245684060162	0.40829845916899854	0.4427867241156941	0.021609847020187423	0.8487068146017378
0.6718099850077892	0.16190037278778646	0.6781575848546796	0.8054762116574291	0.4650353072515412
0.7651640893569908	0.8709699245904177	0.2056275036104387	0.20447426690265336	0.20896135479793942
0.19225564530395112	0.20435992016294569	0.7217244575910873	0.07926215534839376	0.7320530642038755
0.9743112511814133	0.9267379794173906	0.6448626179421834	0.07509243589520254	0.5261297216163631
0.3025984297632135	0.24380957632038724	0.4445818132907631	0.26306934660475134	0.15702476000759502
0.47001587562431846	0.6159503482304244	0.11477013430922789	0.5546344249906189	0.0770772635879966
0.7688605054985432	0.81930532447555	0.9494569236816629	0.6314876970621813	0.3040028253714231
0.19224440358682338	0.3516580215874753	0.17068521985459262	0.7251283410400056	0.4080097096367674
0.6933977647691235	0.4371256870233343	0.3614481273273896	0.5287103612193949	0.3534797629519224
0.371312056415968	0.8381600477815647	0.9179022188125731	0.31283242657675214	0.6122115247208086
0.9767938210496812	0.36909031515387347	0.13312499297426428	0.12115860055748862	0.5359176546636472
0.5713097602260989	0.4398690368179712	0.11949426856881984	0.4930557463317282	0.8860647792045026
0.3859549697047212	0.27481366007498664	0.15845098255391177	0.9003968016775491	0.16297109351874306
0.2020654380376281	0.09116087722015331	0.40001519035986965	0.15038845883958463	0.14413511159123937
0.5105760948351955	0.6897627563548976	0.7483762097016549	0.09513193276017595	0.6199358810893859
0.021946184330938867	0.3875460007813325	0.09156689429693299	0.7951084562330994	0.11643211004003051
0.505412534138717	0.2602534343155819	0.7839526219369555	0.5147156161176266	0.46924214179018
0.4604879802420587	0.0891967665728457	0.39580123435971104	0.48410306168677697	0.9466801608917925
0.16976022831660087	0.686601469885861	0.6991456016394081	0.4787004386836813	0.21225012335794746
0.16048023380233256	0.8076220776979647	0.22895246339326125	0.590313737227372	0.17715037457425176
0.8670562155285099	0.2883744643069319	0.07043664733231803	0.6496659489512441	0.38164350104675826
0.2423746550164081	0.47218625353546706	0.21058267197617442	0.8371632366437475	0.06907127886220576
0.5768477638784706	0.03307270961016051	0.13483902412074567	0.37403579520651065	0.372949255878948
0.20472201578465377	0.7363350288024434	0.15321018677825093	0.6247391491141187	0.5540375545506593
0.0993781009623056	0.020075403352732835	0.1303077199734869	0.3971380830230351	0.6946621157129516
0.8914540408557934	0.7187072919415157	0.6696055687840218	0.36447451591274804	0.8869198581350205
0.23300560526528058	0.09758656872193083	0.26168878521431926	0.3455841485098484	0.522732203388784
0.4943229643254615	0.617211626990698	0.0603943894202964	0.5826933191932869	0.8316524419916883
	0.021895543095610925	0.9864838060896688	0.076431294455088	0.1810024848419871
0.8966765906552191	0.6748513269682634	0.06724424077467805	0.985358967040484	0.8868801684144613
0.923361477857741	0.4148216156728429	0.20536268452110829	0.5092509553149838	0.4816670365300285
0.002882608235668993	0.9038788073963803	0.18213371149295632	0.47080882338878405	0.9902363693136382
0.2233605816385016	0.5299263281413734	0.1739724331377318	0.0860178946620147	0.45021907473745804
0.6219146467309978	0.7856672885769697	0.1762774429002374	0.0029150271826490215	0.24462232240921555
0.027576979024650172	0.859476344914742	0.9706710453546067	0.9541513232797855	0.07765320744141813
0.5232579727766024	0.04307144369839189	0.14483398656404167	0.2568827964311303	0.9545902641968301
	0.3028060136991175	0.8546937049428885	0.19481854666187315	0.8070251780267623
0.6646255382063123	0.8736161385916321	0.8443000704601403	0.4705501914594241	0.7994776639429114
0.10430071564067578	0.9489636311650563	0.05692648764332764	0.09475785924004354	0.13742320114271556
0.2458958394641647	0.05259574157605196	0.3725794870736324	0.47179648598253565	0.9285589556826015
0.4043058994525639	0.9517620621807144	0.9539660960578502	0.0886528623578251	0.728404393530632
0.023598485705218386	0.29675427610960525	0.39857917286038713	0.19687030155640972	0.4506082675382611
0.888976874687704	0.8495773141668304	0.2977051667823588	0.5425733917001043	0.6574320002145001
	0.4546523833250876	0.5726888169365253	0.08861211224975463	0.45856977006914923
	0.4146680817264713	0.747116703501338	0.5467183967496487	0.31323878533876237
0.8397952132840794	0.8609265425997374	0.4414774625011656	0.40239824368485855	0.03349823210511105
0.8642370247057364	0.3101204665738728	0.1120800817586276	0.41875897323577815	0.7145947129673695
0.778380691444858	0.5624372115921371	0.541008119532945	0.3874551370854349	0.6513000195996079
0.22450899476289055	0.7322133050843003	0.05416384875199731	0.5719789094509244	0.33513892817627355
0.9137962898711953	0.8573917379775433	0.08349935552920673	0.11991098371410913	0.969442935191182
0.08796590008596117	0.008848549533224781	0.18454802069390908	0.22235149635995644	0.9462930273980019
0.9390212599481951	0.7028920595950644	0.29507206897336347	0.4372016129648887	0.5372672720813673
0.4903062031509898	0.735127346232051	0.6076441429367048	0.949183374812607	0.5681591704196944
0.42273188999402755	0.845282029167363	0.0369330831033059	0.4976859773297331	0.5725486485499629
0.7601269846749161	0.9248497735597193	0.10017329144925058	0.6192109182265697	0.8539244303602359
0.1333703574788837	0.9558773388466902	0.4723657106489789	0.28303934646848494	0.13280758317705443
0.09625948828104347	0.5346851913613188	0.3317013368930557	0.5796633809391114	0.344829778790835
0.9811287066957565	0.2886611220246085	0.9736804136021453	0.3768105646038329	0.23506222539366783
	0.8400151598881661	0.15014717462657723	0.9448542893409577	0.7263472292805997
0.2461791946293499	0.1769053919637238	0.3610082170721751	0.125655846836923	0.7455709702253474
0.1416614252916556	0.9544847692604614	0.18873301984729018	0.41315010948955566	0.86882623914842
0.16174274301412328	0.6814896767395566	0.5623803708104802	0.24217288803335002	0.2125305373954297
0.5605479022868138	0.06422670702169198	0.1214302400134124	0.6125432462758064	0.2701490747933447
0.07743370309134856	0.03861305654028979	0.6110914782316691	0.2850043058201407	0.3858044747434396
0.6352753985393482	0.5262619954417099	0.9435972553987799	0.989462829990046	0.17136075682620422
0.5229711536280047	0.7506478955826328	0.09492724456129786	0.3895025831728307	0.8067352579441448
0.7488137570043365	0.4675922577662801	0.5083101156690385	0.3379145864088582	0.8490694829578431
0.13009031407340488	0.6410124693476419	0.4099886708804883	0.11600796233763389	0.38148369361758416
0.9247912347893524	0.23047684113237465	0.6331885337993656	0.7084303335328351	0.004594938230601531
0.5737163995223931	0.6535677926615086	0.23971246889430686	0.019165445476096554	0.07364038428818087
0.5927312991813377	0.9862953172348935	0.7748823518500928	0.7491244049453164	0.09314497853603032
0.4308855575393796	0.1463364256926032	0.5253577212651478	0.542146457175214	0.5382551772205529
0.22402547508971693	0.714082114537682	0.7231222032052176	0.516456031468784	0.41617349104407186
0.5289257560124405	0.04363883342968922	0.2871777473165741	0.4972528403333488	0.15652161782737295
0.6681707834587137	0.6239975419641687	0.701131682762627	0.08065480271260828	0.4796494833831917
0.3947232280578944	0.9371953759010384	0.49929121187798065	0.6682660171820713	0.18954549194126757
0.3884509645909664	0.8505883543337613	0.4877925580266955	0.9234665801572781	0.37455849825655163
0.6635216359451377	0.013401013108290116	0.1997470500012769	0.8239420158460958	0.1503326985362462
0.1139180448581607	0.7295090958148169	0.889958945633896	0.739866825784513	0.41549579334936226
0.6064041803227999	0.41779373871634073	0.9209451244356647	0.7886106498920614	0.293138706983054
0.5692503807853684	0.5036850812445933	0.8516506699211794	0.8698065131492102	0.0378882313830986
0.40299241889390747	0.13898807235585642	0.6616401899695072	0.08783461344312415	0.6679363643486405
0.09202527905187952	0.2234503100725599	0.4475271861406329	0.6997244649508709	0.7479863079901483
0.5547547368793531	0.2809684287152492	0.9082971890860482	0.9434908994956538	0.4316407953114927
0.6398184446611644	0.6363608964871634	0.9463465233893227	0.7409823790041657	0.3012969826262687
0.4476163850415852	0.41114050738325236	0.1719209385769751	0.28018983754758164	0.4194205421342557
0.9545402039989084	0.12153910458975237	0.47378373555593334	0.30343238157299657	0.49946422968929416
0.8003227070804186	0.66881386924992	0.3847089887009575	0.8109067624405186	0.07418654343382325
0.4135777778265045	0.3703413572458223	0.8008948561082437	0.15090543967736358	0.5887675745208377
0.24855506679375317	0.4910264846660757	0.21047218233670006	0.5545156153931338	0.3059414741590958
0.5096967594240122	0.29231081729918396	0.610051366196476	0.4098571466392745	0.0012499884454412191
0.08734307996744273	0.9995746248352286	0.558305450345599	0.5718569995797793	0.425217454156242
0.15050720958122	0.037499112122768574	0.885637475533833	0.4846822621833651	0.575200591896736
0.08717897007481967	0.4186754214613789	0.2815784602236844	0.9097947551403898	0.8406375421981804
0.027385096260862718	0.05059795536793621	0.23512985250744634	0.6528507997106111	0.1313117875371581
0.7605625712151692	0.9998079212101095	0.09843827403114447	0.5057687901134826	0.22993013013207197
0.5095534157167912	0.9315657524682884	0.8513824029971638	0.9228695752588691	0.06969394860432221
0.7779255172616536	0.005946062250783757	0.8143305131537898	0.38000805738181176	0.370745716946305
0.8311702174369419	0.8262330898445226	0.93090348152653	0.37676292643624976	0.48778993126439474
0.7653227665999373	0.09056126091840289	0.9383545133883083	0.6939750320364189	0.28603667694992185
0.384209355529885	0.04312075412177241	0.12258692545486394	0.08375286453306141	0.09234877372480554
0.48234334388229716	0.6064871771996398	0.8068401877760495	0.06664408177183845	0.5104897128736546
0.5857019726746283	0.7067210921573592	0.3247488470638219	0.09806151260745277	0.9353665635000808
0.7029695263554364	0.2905754343091693	0.750793375899784	0.5818562671177421	0.4046421744138986
0.22351950743122262	0.45762551114386263	0.6495651373272848	0.9143283575498982	0.722705348889398
0.8350926488066479	0.8658359065880296	0.8638673485430516	0.014319002367937372	0.725973973062991
0.6052535593368781	0.8527107645373408	0.21246289407688157	0.8743270307211616	0.4085421469296152
0.7806855010867148	0.5741826184317479	0.5929598375628661	0.6990847928595136	0.15701364484865787
0.1939473130335988	0.313643997744388	0.1503605993120899	0.7752419398374658	0.9077665681010193
0.16308734010339077	0.9396760304622329	0.33792672298999227	0.13049917417187284	0.5694149771526015
0.4919193511808331	0.8286059806672679	0.05105996642479582	0.680799279132828	0.71617407567264
0.9941117399881381	0.2484710754424484	0.26128554445523977	0.6354458452131732	0.44184126011220937
	0.5479678609301553	0.6143370477191311	0.5913812578345102	0.8836569181692548
0.5292544117423437	0.11888866473672277	0.10833697798474062	0.6768045530499583	0.2518188293865441
	0.052133848932283344	0.04214642989059758	0.06017471509496097	0.9573627443973086
0.6933459398217093	0.3945130828805664	0.7965033084649368	0.4678920525968139	0.28118737700819296
0.28462484226662943	0.09574953115645635	0.015567007702389724	0.2022023430315204	0.36958041252278195
0.6127571617594693	0.36593068374474835	0.1923899491267168	0.690371312933226	0.2478976674953708
0.6668900742586498	0.5453005317277543	0.45080490113340466	0.09482434139355334	0.8958033571206655
0.23407613776998526	0.4168421397124811	0.5110913304430882	0.3472047752256654	0.41236377128306323
0.19847926068994892	0.36770816726193933	0.30145024839890944	0.6048082106727705	0.612515203841176
0.6900658342325254	0.08654326582486749	0.6635794783931932	0.6150688698271028	0.8490533287137867
0.17589834918268055	0.33956737459485964	0.13912195267898497	0.0005514250819846911	0.9716918927171154
0.2773066549748118	0.2596316506984325	0.7919830663516008	0.5233328447722211	0.7856180983563479
0.4373213608311327	0.2209057360581681	0.1981215207531416	0.5014819798029593	0.4052816292274891
0.09679725245685533	0.09783600587470209	0.39118466192159806	0.9621328350387639	0.05872025617934207
0.29917809468611767	0.6678385073456067	0.9520281879934495	0.3056502141487676	0.029792447924490206
0.25469679641234133	0.5309597504843915	0.244994542905415	0.30616961761421935	0.7945169571378976
0.27476732142688054	0.4058584541628075	0.15422384875972894	0.6505057503603103	0.23089395807043678
0.5798817254555242	0.9825736390954142	0.3875424037999511	0.2071441721517172	0.29348455362156445
0.35367022044330676	0.4143139003987448	0.2412077438526109	0.2522727833037157	0.5691332407950953
0.17929662029581794	0.3170945878235777	0.37824257462038147	0.8676266266206722	0.13384270895736106
	0.16278135312131659	0.5413710888516063	0.443933718706476	0.5387234644561077
0.2298515762390373	0.8677374497650245	0.020400784517743964	0.5076010426883784	0.6698713257783626
0.21828684421406797	0.8641831734708868	0.48899420236556745	0.3259582528756546	0.2959915999971824
0.742131703884926	0.1188203643204736	0.7174797144940755	0.727746880455362	0.1620557358055933
0.36699607000651524	0.912562518427084	0.893416052159357	0.7297750965976433	0.24994228812405694
0.8953066303411523	0.7772578003646419	0.5715245587131572	0.5491342467738575	0.4255363412377762
0.7820790249223437	0.10282495110236067	0.7962457729564325	0.5589053341243266	0.1218818476699226
0.31082765059264683	0.5187843029494021	0.00693464968457691	0.6860779612332533	0.9075397320244138
	0.7332055025501074	0.08896934993942918	0.5708475953505393	0.7239268154519671
0.8792639118033405	0.3509906461409219	0.6729026786312421	0.09423735585663562	0.21482429354860189
0.5875043896416267	0.08767467695331177	0.3072217615219547	0.28469939467038274	0.10866853196972404
	0.47170251425375287	0.7399816640158633	0.6497242917030049	0.815877684898311
0.4446984544012843	0.6483726251360761	0.5184770802105371	0.8306596462995794	0.6759344998512924
	0.49276420040811975	0.6605286002117376	0.7786257010475739	0.7979257553744461
0.9515685812454164	0.7678787813313666	0.6675258971556275	0.00550882179104395	0.04498566642900104
	0.8098844262412206	0.22857004116967783	0.9538628099138773	0.5341971232985934
0.7972497819244974	0.7080038357118531	0.5043082701496377	0.8498975667551899	0.9893737429303444
0.8952930887356556	0.22775508388979637	0.14342774440471573	0.43505027848196953	0.10580448404886134
	0.63519644941732	0.8868299768981691	0.5712305405486243	0.7502857240822021
0.29808211680923846	0.9875850017887539	0.7858189969961124	0.3712753163610448	0.957505576073182
0.6483248852672858	0.5392122181416462	0.8331424422463195	0.04928333180980726	0.7914488090503448
0.5988619874676643	0.18938004580593037	0.42004340647898175	0.676643838360766	0.051257876316383566
0.26283778025199167	0.7293825735828	0.607316232774582	0.9895820746787642	0.43565368644914226
0.8688103390975145	0.44289705098234466	0.15847379551410057	0.24121253731789283	0.4099673976367336
0.9218116983917396	0.4550973494092254	0.6824318285988055	0.7043097103001159	0.41848815022590047
0.9769413595520332	0.6147481159600041	0.08047523583183913	0.10581323464432912	0.11692933444145792
0.8278747219112614	0.2902679335273016	0.9367255965873983	0.5243982961290391	0.5999154018362598
0.01762481257624937	0.9014738938827391	0.408730926977931	0.9194006687872383	0.2717260678051693
0.6968219164129086	0.18111399982986542	0.5399846388767578	0.020010059403113623	0.8163642147580129
0.47649756561771583	0.3114266248958284	0.6966494650228705	0.04240993779307867	0.7566077083585248
0.5140259091142553	0.7553283215532325	0.4238334116223508	0.4044446639824242	0.6720670633884245
0.8626679996571014	0.3959975783767842	0.6035202595519097	0.023929976405595466	0.9218978968725746
0.6228614986957903	0.6818914307461591	0.5090086302326471	0.41588964917011795	0.5883518737795801
	0.20271722932620506	0.6177204640228903	0.12120573546784952	0.07013665155259374
0.6551220877326321	0.33460103329322954	0.7043707075887744	0.33268067549165325	0.36926243195366426
0.7895805314456485	0.02706937087106842	0.7983859360758314	0.1820522057740387	0.502123511894152
0.8464019380274288	0.9549274912902499	0.7741476622546215	0.1656252686273607	0.029100601168132956
0.9091270465193702	0.5695440150766526	0.7560409406370808	0.4734206115433641	0.9018359695482276
0.48906404159334826	0.9992448792885065	0.2530545827493479	0.22613642357562802	0.9431423348648283
0.9715974520259545	0.6549072972906942	0.2898851688674773	0.9285222812035469	0.5192270725802766
0.8440325745308378	0.49442701856573057	0.6137515176373378	0.9342580825263626	0.4635829781763714
0.779268570463208	0.9674130230508832	0.8471675799585566	0.9753750550036024	0.40021236944342053
0.6930388570950502	0.47777506065706765	0.8664355474584157	0.6236801927982383	0.6974610839776716
	0.8144153056182667	0.08974281641587989	0.02123349734414537	0.9001262599410632
0.6433670948167958	0.922344015715188	0.5260852597579383	0.12181269678722517	0.3716015488089812
0.3463055893227711	0.42920468603418416	0.4042168357136495	0.9643745142226661	0.14002585780528587
0.03836785535564935	0.1875615530766941	0.9506050239351457	0.8330970406929233	0.49475759742411607
0.8300507301947633	0.20869229972873493	0.156508754635292	0.3103590253499894	0.11184481454091733
0.6039307952540047	0.06897704655648729	0.04602668049917902	0.010286015698884432	0.9534329987589193
0.023184616556329862	0.15251847904170945	0.04882341232468079	0.2140263453361183	0.9640438925040519
0.830282814362604	0.7817883024489903	0.9092103944060641	0.522078988705755	0.17569113320808205
0.3112298967970645	0.5318095175189396	0.5333780531000859	0.15853014182729175	0.18713048838745705
0.7411793712924641	0.673045672980361	0.3011471970272017	0.889161778364735	0.4856900589414118
0.04287950704233123	0.5642412408124954	0.1468511707257688	0.6905739362830247	0.5801374340008806
0.9722971866350472	0.46550743658369587	0.5105192800966496	0.8143262177974512	0.8674924497986112
0.4464305455466202	0.374690683642362	0.8217372294817039	0.48943947200993887	0.13634370706510213
0.022837099305506925	0.8901753066468769	0.7888177449671939	0.6721187704360101	0.8487417887101902
0.8490386853380828	0.23208273431271553	0.9860579314342289	0.1530467013530331	0.8729885010243531
0.6712918677044807	0.3090451489716892	0.10574589332704798	0.8978255979281269	0.515082187536325
0.23362070180006267	0.4551291089788406	0.695598032499662	0.9132327910684993	0.2097022982127319
0.6788346575055508	0.3522733465366116	0.9924867136671868	0.6324725260091483	0.6223694027972884
0.287786340955838	0.7845835923402031	0.7419206050243305	0.8346650475839421	0.9798343850045204
0.7361841383309671	0.15895949931394027	0.27136358590447085	0.4534204911348386	0.16335537506059594
0.49439815617724436	0.1452232100777846	0.3053439764787411	0.3110327016464285	0.392329896793317
0.9939034267356183	0.8132562214797564	0.9460619320810059	0.6365095892259002	0.3829017619749464
0.21617511962436242	0.04975814693672487	0.06057421245571881	0.984587955119624	0.4500642521225142
0.38428014548019784	0.9343606911050069	0.36850108901994105	0.623426345301556	0.33748841512110883
0.23749233600093334	0.8663054727583183	0.21150895046880502	0.3490051936267131	0.6485296096139206
0.49783176012497277	0.5774882867960472	0.8515327667363398	0.5235884840687526	0.7151363880122928
0.01873259090361734	0.7247829988566562	0.16963018169514188	0.5548324105125043	0.5217390172711858
0.7274759000573626	0.24208537205261982	0.6258323940329289	0.6850323023678807	0.9557210809877765
0.948061634798834	0.21970640743479508	0.13259318658572694	0.6747297672384934	0.5127492143174993
0.6841871354952231	0.4754678906662352	0.9444073630423524	0.22380206642467526	0.6808245869258811
0.1698805805673541	0.5333807370465962	0.2945608232438657	0.12136552365005537	0.5712059802725826
0.33753012573908736	0.5666333527479732	0.20520796243434714	0.06959686860342285	0.6355307685348608
0.997274457071674	0.4014750590793693	0.15174645175103363	0.8353009099893497	0.01716993455925042
0.8055974571720589	0.7209311611027049	0.31297995490585784	0.3066105393566503	0.6892680604669866
0.9312538632127734	3.3019528969724377e-05	0.22738376625451662	0.589626205488088	0.9032347655154565
0.6690176555342177	0.7962414332187489	0.7990176568011811	0.21696350207392512	0.6760756655407042
0.8719377293960834	0.22670230740749686	0.37841918876429015	0.6681245065411985	0.8929544757796447
0.8248429326578123	0.575143305257466	0.4158765374682243	0.9848862963919369	0.20673252842480272
0.29232028023190504	0.3667738152611383	0.9789313568899448	0.6969111984043268	0.2586907129812921
0.26151032680224107	0.5937476000019424	0.20799379195639456	0.8504863991540883	0.2690415261115645
0.322761193154974	0.2574311715150498	0.8496581476558901	0.5698265385978604	0.039323241789644414
0.7299950436459052	0.10383579551137645	0.20907724304133524	0.6491601019780683	0.3830949275545886
0.7411157555290118	0.1690414889171109	0.4791603383162244	0.9926957275243262	0.13294313638482824
0.8462545660198216	0.1345836975110123	0.5329924880993243	0.8458227101505201	0.14938663844180577
0.7559959094532966	0.29818695337272505	0.19302156604112897	0.7619357680512139	0.4304735264634886
0.41505769694887584	0.757225994689623	0.2413039536376982	0.6321652941138347	0.7676276305439445
0.22816060464926213	0.16047977335169084	0.016080384028086314	0.1865830682859143	0.3477000235188047
0.644664166240842	0.9409116702393598	0.8626604504218938	0.558876002562153	0.43714446268258267
0.24383333631933857	0.12947194959409858	0.6775987214633338	0.5381508284319388	0.5242078925293718
0.9358539519711354	0.11722943081334325	0.7442545396191204	0.15089380315003975	0.7388839455154648
0.9458249124560271	0.19877544646213485	0.4334892261216108	0.43971957454740873	0.2290706840271114
0.0975349741852859	0.9686439798746861	0.4473998953677226	0.9656465159956866	0.8021656801319312
0.015234787037772812	0.5978468279400991	0.5001137008628884	0.07531591974575513	0.7303232576820009
0.44486598883098616	0.32707869279991275	0.8475923225668105	0.637121939906241	0.808330226005744
0.2519161730432412	0.7665051634619361	0.49337280365195124	0.3053247992522181	0.9197067322414247
0.05151764792782143	0.575011183883758	0.2650127408300631	0.31797444156450394	0.15105431149647408
0.1562703596767645	0.21870096992838206	0.7300038311436914	0.20798745555496834	0.07397974249264605
0.7201423808461006	0.9698857345546229	0.14083014422143803	0.08986677869466353	0.1030146294766433
0.7465355261645639	0.4107803206659528	0.2604168274130929	0.048194782333972785	0.15600582349716074
0.0773288501957834	0.7513481198849733	0.10824529862084209	0.08335405212271663	0.8794455506560039
0.09155406392286913	0.11208804644475967	0.6017820182893151	0.12400341365051759	0.8755508813580293
0.6630246091178731	0.8013812399918796	0.9805573752205686	0.782917189931779	0.7292435484118935
0.401691383894204	0.4535238915207759	0.8860716650026169	0.2987512230816963	0.9991816441688774
0.9011490986259081	0.16872240525043647	0.5857566577918871	0.19047901972021508	0.08377592637150588
0.2597671289131228	0.6277036748280111	0.4996888469710238	0.6657827355624338	0.5153382016932434
0.5572148252243969	0.9947693330689754	0.47071917199809366	0.4205889487279759	0.9876781186347623
0.9193935729796922	0.22862023376053364	0.9406001160393129	0.2434166497523117	0.5818484325126868
0.5966256700647964	0.0434776374575192	0.31637650942683326	0.8847712776424199	0.10984936976526605
0.08707399728690113	0.6871946373116257	0.0037215271780964843	0.7180551541537971	0.0642227505422227
0.36576134149424333	0.6238655581236744	0.7008732640350812	0.3718413290317166	0.7254248189808566
	0.001562383257167843	0.9986973569700283	0.7554704641313377	0.6734135065433399
0.19241695459187447	0.29722142411966346	0.8771898680537054	0.9705035758465945	0.4099788647748889
0.9546235209046258	0.057051567157897054	0.786298768737315	0.6126102528735415	0.33524456990052764
0.2664830035180825	0.71664754580883	0.6911967217707545	0.44272396819687887	0.1489507957689553
0.16723624364915646	0.47304973478687506	0.0945789475707216	0.4879513551800584	0.6987505752594373
0.07278557031347521	0.31073777618401954	0.7687150649847926	0.22494993469473845	0.596365084202243
0.8673935533932361	0.029683410490545237	0.573010937072767	0.43986883110482156	0.39601938962193073
0.13518191751914965	0.7059803497793751	0.48563736681380953	0.7395807271904477	0.34345513145208795
0.5688544665446955	0.7182485793812938	0.3527818855984548	0.014570513104360971	0.045236800009399225
0.6919938746392723	0.9071947775517739	0.5589818894926321	0.9889293632949241	0.9205779932963306
	0.8339622776389969	0.17387806272995532	0.0025872227522723	0.02838310085948892
0.08306699299679332	0.2716923395663148	0.08016083840472621	0.20138185323326752	0.17887417733681632
0.10916407243827675	0.20766025459384507	0.15160886447571753	0.315065481105981	0.6171505167983206
0.3574063228887958	0.17281424512014343	0.3831586294742092	0.4538873864987737	0.17340704712299082
0.3610734806464274	0.49729866335007666	0.11486181186422784	0.03025111300342076	0.3360349543686483
0.007446315570532547	0.08297914923092109	0.9244532226588231	0.2619511003225917	0.5457307116092273
0.30208109860907184	0.11336077259603317	0.8005339118848769	0.13888275295347763	0.5146633323662865
	0.8638253714550135	0.8452659112344633	0.8427036217013069	0.6648418493031134
0.5558965473815037	0.6504480256266918	0.7914309193948789	0.14920134371186744	0.4308414246943696
0.5944790522209497	0.6865070163985325	0.5244914718382357	0.7437186902511687	0.9440565896658095
0.024078194036463274	0.4200765064481059	0.3288939261176397	0.8874359444090494	0.9960691266290096
0.1802303955356771	0.08484612959398286	0.05322415536344671	0.38404160678730515	0.993023808230145
0.08814642497700353	0.6768846924902074	0.25270122407645046	0.9992341973613462	0.10736683062285668
	0.5006906647523001	0.688976406580937	0.27683911500190495	0.5828245375385307
0.6994961761843529	0.321934460594671	0.7338984289930633	0.27700532867405114	0.2321222911204377
0.9302722040305771	0.9983130552341437	0.9604091359190191	0.28687025537759503	0.2302103151765409
0.7821141930432783	0.363845221102423	0.9397574525802722	0.5465075580942851	0.5212969542850889
0.9765026806958353	0.7300130208211758	0.9946974494383047	0.02609494152153946	0.80809711538304
0.7732905632637415	0.8920841693763065	0.9781568983800873	0.5124189379573184	0.26420637533712055
0.10301839605928043	0.46236994609150295	0.6491622748245612	0.030299545998391353	0.8572625985987322
0.886459814273977	0.05978663666917505	0.8258599973163788	0.10256674280871514	0.32563318448912393
0.4336664100177955	0.18769906173555362	0.7234452245597488	0.18109668860780848	0.14946026633114762
0.2702574144760046	0.9127708722269994	0.040136612694416596	0.647190799347688	0.7145368630702476
0.5111520667493645	0.09240487864223346	0.3419974219770525	0.9218772062222268	0.6106106735851323
0.5141706409778541	0.6072301090224753	0.22407486331346205	0.5498739031848399	0.4014445877785434
0.02273778848346153	0.22802199366747755	0.3796749569083151	0.21075836461916897	0.6179302271478311
0.7468951631120432	0.734432765516538	0.5939445420508431	0.2792973190671716	0.09950371584327966
0.9060929672417103	0.5245720438369913	0.7464439618062393	0.4061076511340438	0.20265198852913846
0.5523773450188657	0.4083860039979331	0.26607149105578365	0.6015301792166748	0.3307311137760236
0.44255849032562955	0.13405829328633057	0.16526982852546368	0.4662522600110717	0.4427726121961689
0.42378761488879146	0.9096314647859924	0.28474923951361264	0.019515840328269696	0.7752113392763288
0.21270931294359952	0.8638257389916963	0.21755481714550884	0.24583866937793464	0.34351990097808616
0.20507168544941068	0.30863143922351177	0.15949186195491116	0.4512891103421034	0.9835839275645423
0.6685729172193684	0.8258672053340862	0.322635903523265	0.06660140163782147	0.6422447772627925
0.3493006595101804	0.011289386976374938	0.544920283896982	0.36106797315123584	0.5243419904909924
0.25667415487259027	0.5554527313470246	0.04225970934320045	0.7842363141389054	0.28200173424920116
0.9105179976919678	0.217055290713009	0.328618733227939	0.4330554508270502	0.397192821471672
0.44374898983096267	0.1009312185172564	0.6920327835443562	0.44302366352548406	0.4103259164981373
0.1381224917679611	0.561352129445733	0.9115869380619525	0.8527801027292251	0.0487298338681349
0.43081896353767246	0.37108833552630305	0.5757757491167838	0.6736691898256211	0.8779793216654227
0.03575432411834989	0.6215007528262144	0.4251009414688186	0.6109254133883819	0.4050176388806517
0.4838146095456256	0.9283645654107658	0.5591941314088109	0.5965684264590673	0.19297849979395632
0.17092227399751725	0.042137930297772574	0.20946137226455153	0.9826248829611016	0.347610002796941
0.3168152512376199	0.1393486448538337	0.9712651407682548	0.45832869400460974	0.5276204793407951
0.15353176847477878	0.7265477040540945	0.44258039006563166	0.8170556420544451	0.9568572015573826
0.270224811186881	0.6390785958308502	0.8885843076494155	0.9275145502297167	0.4471065613973425
	0.2460443601814668	0.6330576467669196	0.9729710781450847	0.3174590300616641
0.8652592956150479	0.28779553629673627	0.12868740397392753	0.5046610735420082	0.3632018236426323
0.40485328525432074	0.6810119137687861	0.4315291312191466	0.37982688077387483	0.25373275329646805
0.9893966955086966	0.9356964026213325	0.3566525329907424	0.10393688726596217	0.9504927871462898
0.7276209063702117	0.11601025739926141	0.023001397441212323	0.3360160380057914	0.9529385394728533
0.5956361463577925	0.13141166609777044	0.609075047641074	0.23145364046107775	0.6951819171071615
0.7655639356991564	0.9110850348442942	0.7908598551468111	0.6968655374439958	0.4643666348661729
0.2081050771938111	0.08117755754943612	0.5602126907275059	0.4334922282367113	0.4438100303561393
0.94101193170705	0.5412971311963053	0.04283077475493269	0.22292809237585376	0.8388189382664129
0.04129010951616974	0.816033937616928	0.7795345204854744	0.10139185346442225	0.09643501149879796
0.06992909510628142	0.1611043636934465	0.9312462913839495	0.11568639389209578	0.1871892543230984
	0.814933263644959	0.40271796808675686	0.4760492875428898	0.010404028303920732
0.21916087000497642	0.8297929517024942	0.8884014952280661	0.8806041076133934	0.3355310104744962
0.4346307106810803	0.8591033150769496	0.5996400809158657	0.38183031864223016	0.5189834405403095
0.8913540248853669	0.3738345346701416	0.15715414826692975	0.7006318668953064	0.6404945360637977
0.03041616162523464	0.504517312264273	0.44360320700869627	0.4178161952304468	0.4500767667446677
0.1838824626639446	0.6739923528624266	0.804850649653761	0.701783376716773	0.6867775574000196
0.742821736913921	0.5955787187803188	0.8006234301558821	0.4968569378635811	0.24590942629206214
0.23748342229741115	0.1991640330979303	0.8651309467073641	0.17979433665310218	0.25227723306916916
	0.6534246518161492	0.47214573348542	0.4279139883456675	0.6592626282184314
	0.485347578239513	0.5200964144347577	0.48634668918214685	0.10696541699213558
0.4212680676864695	0.06538718643379715	0.09456623467303515	0.9464010786852559	0.7641746582292166
0.2624748828585398	0.1784784581911849	0.0650369143219085	0.4790820103504674	0.8339616355862371
0.7405895765588025	0.7982995914648852	0.6734915499975296	0.796649607360136	0.2089707959095808
0.9045435807512512	0.1146468746895507	0.8635119508924585	0.26864954361559423	0.7480572183924885
0.6620336056606746	0.42921575046211125	0.3803776241681758	0.6315741093290975	0.6633023383948308
0.3480700652016845	0.16027237841497055	0.18944745686785724	0.6351842002159231	0.6368532926857138
0.06529300050582443	0.9767823984311748	0.9711226490025499	0.9306891049162351	0.33123672654637837
0.9580587388502797	0.4634135010182494	0.7739711055608504	0.8965108046656667	0.8988863241607727
0.6127065894704101	0.37117683888719055	0.1518740948952111	0.8663665852322918	0.3077015793787756
0.25811886469769785	0.39936136129680067	0.8576372855717089	0.8645692927826892	0.6288831156775704
0.7370004320733226	0.45728688507224813	0.30223536853149513	0.37283447844039885	0.13593580122162452
0.19665639174957938	0.5794165820708139	0.8750851988021007	0.9508809260662329	0.5879633880162071
0.0839877427097383	0.1487925272963444	0.8144895231575062	0.08071230523243045	0.29289962286783544
0.09646121585235623	0.2760671075801213	0.7093511075950776	0.5473629650945138	0.8753189476434219
0.37798063828762507	0.23463852431337417	0.9673445996845039	0.2356087982597872	0.8888917447536092
0.1778387919305805	0.15439362876224183	0.05156538842234837	0.08870364945862108	0.6232582016645851
0.6048912357967242	0.21958408304613797	0.376212251139182	0.17764936856981606	0.9785796408371616
0.5752828600839927	0.5344412353592091	0.8860404533029197	0.6113056380900098	0.018351770912151566
0.11977046511803002	0.9878632502244062	0.029604715240552637	0.3691538902823376	0.7131803991274849
0.306873529587087	0.9783502082475881	0.5302522217156468	0.7701494581914282	0.2397196163580717
0.28651972697186356	0.8760427308138421	0.4131714707463856	0.82148917730906	0.8129035776088538
	0.47070358124021494	0.23136798031241312	0.9272888710066526	0.7783309535847803
0.497832019217869	0.4075031302806358	0.747987292521427	0.12111090834834859	0.3837982775887834
0.8976675513804898	0.42215166027090856	0.7321697865280118	0.5363129678286586	0.7103110582110445
0.4114504295716822	0.4805048698617077	0.4772565318930688	0.01930916108186731	0.037805785941578796
0.6301820107963605	0.3016739887197777	0.7479128800924056	0.10898126114020201	0.786341201112409
0.33310467094232854	0.3713959009146677	0.7039191071734504	0.8219777486432033	0.6377324535520621
0.25791324712765185	0.4593436765346982	0.14885660447201177	0.6128737491188486	0.02989703489223927
0.23432645922342132	0.8019057847442838	0.5446580063802813	0.7481100983903496	0.6414271105886534
0.4021325025177518	0.6792996238510159	0.5489535675079537	0.9636645687229889	0.44125402987759266
0.7809699492573291	0.5064508903109262	0.24629990765376508	0.0504518980984201	0.3361494075842626
0.19092774665183976	0.2281223864765901	0.7436949223075695	0.46288213339806106	0.2107788365256461
0.10744919706259781	0.6935392643344153	0.5001166788128186	0.7792754794275837	0.11456934040014144
	0.3791175244875785	0.3200821076355229	0.014726378046969746	0.3832663107356843
0.4445990349608008	0.5192841135752991	0.3773341273057047	0.20625464431193452	0.08226015354050153
0.9061216690720929	0.04355129135161506	0.4335893288291419	0.8896956891149786	0.04465698975408261
0.648818975828128	0.8391788868979444	0.8204214925697195	0.4611044765076435	0.4380054137238616
0.6990063407320132	0.55364775497823	0.9577397735977171	0.26182583928609526	0.043931851629537944
	0.45536382897111805	0.49436981028446536	0.08697898213932465	0.496212437748231
0.675060605617304	0.848928988307156	0.9521688759541566	0.7846212497985108	0.7857255106062757
0.2384526554467179	0.1229616136224142	0.20363189106424118	0.43247990055927454	0.37665827864705437
0.9263790072377601	0.7288698837094524	0.44637388725900184	0.7582209555957639	0.8954285477036806
0.6817485329532698	0.13666229945970187	0.2735899021304564	0.8497219009882425	0.5521693401109976
	0.8488998785641902	0.6408652267883372	0.28662065352484245	0.33498283019017683
0.9701166009528056	0.6817755934396369	0.6942528656513259	0.29348217210213545	0.14570722451886076
0.02621116817288749	0.04885440308853706	0.3400952536542322	0.3944916580023714	0.4866336206980765
0.8395851091703546	0.08666055821733032	0.9828217729529908	0.4702059377518083	0.33083945187791164
0.0738983236034747	0.5293516131989382	0.5093755523676594	0.8527832959990791	0.8668142894943568
0.46045297739268254	0.3763701779216544	0.07866381562897529	0.0018793060369716175	0.6304756994593713
0.5131924015947432	0.3387936814420035	0.5671008728672167	0.532301282652596	0.21577586047958597
0.9883730165417315	0.5110919763379962	0.0031183229703949378	0.28722775716103965	0.46464500899777195
0.6697767758848351	0.8634312339367182	0.7842909425456539	0.2168812413509349	0.5715314076969018
0.1950364707783364	0.10526314099332623	0.5615435577548079	0.7354747333180771	0.44713577194372045
0.991057315845208	0.6068358517160581	0.08478315544598058	0.025011898751984618	0.1440122416289702
0.43945862246177103	0.8881251865131571	0.010927871831022506	0.6176709464814801	0.47904595623346735
0.8391431864916229	0.8741923728698738	0.6086168163758093	0.7180910050283552	0.5511525014422121
0.30744350002607257	0.19205308491828244	0.8237325939990758	0.3794703535763496	0.3222881131977017
0.19577077760626715	0.39680030689644985	0.4495285752216792	0.7819303028302597	0.31302760128467866
0.21192863732058742	0.7778075156650126	0.23387450000777787	0.13365503045372695	0.8375861261378059
0.8355776166934542	0.41538113142832156	0.22355058367041059	0.2552215348162391	0.9239294906436409
	0.4410291331495232	0.9577989947109403	0.7748454225401327	0.06567759747849689
0.5084940700600377	0.9937022490750096	0.3341459524148088	0.7086164006222493	0.052625811134960454
0.43915147265851273	0.3986888225838622	0.1692626108870331	0.7300957348822804	0.6754179937445122
0.2121141333263451	0.7586177321905883	0.18378258098149514	0.8891003939275366	0.31598680658528155
0.5672461115786838	0.9000904918178464	0.2055297036147271	0.15818148883301264	0.6021047182576805
0.6299290705999451	0.04936383516816345	0.9537259476856352	0.2929811479162331	0.9019964311021664
0.0032788130767471557	0.9127440255358396	0.27737252235184817	0.9004297982297125	0.6620629778959608
0.20189192618073915	0.584806409391354	0.7491929733166356	0.07978174184936837	0.7898561673911456
0.25819666504648553	0.8636384513817672	0.72065176247943	0.6908235815218806	0.5244310007115052
0.3088814732358053	0.9512104669332927	0.21326022944629242	0.2767880458310361	0.5612957934802351
	0.22185993013189753	0.6615892103690432	0.7611183396461431	0.14921229920394163
0.8691521976266828	0.41874721299933393	0.3852712657402205	0.7269173496372994	0.5538779492548385
0.4773736460235244	0.33036243910247043	0.08075121587727019	0.26228246178386483	0.8720245931018374
0.4759986061769572	0.18715294428933682	0.32422010211721575	0.07127113462691004	0.5208228822999517
0.11100725972619974	0.8025449583981827	0.5444053933353892	0.301788142802789	0.2773550446725275
0.15743972944131668	0.9274713203921976	0.6662440468659244	0.8465809879293222	0.6515060456511944
0.9595551822183548	0.694813305278811	0.7308230701476817	0.9345786187299151	0.995390398975767
0.3764566697834387	0.03143689297322905	0.852850539091145	0.6806639052998953	0.7374534145501418
0.599967915792985	0.5942434582776471	0.4302471115499932	0.612935450594389	0.9673046594059593
	0.5711874786729269	0.18692543162157338	0.7914433895757776	0.3399203270761827
0.17260979111683206	0.3889170862622795	0.3685289675450223	0.30669152913066433	0.9137545223687348
0.05487856783478928	0.3221053127727018	0.6410730722207315	0.9649527248354499	0.4742120449663635
0.8720956287061767	0.9575453875088831	0.9762673753250053	0.9398283121359642	0.6903487434529533
0.638827590508684	0.9344005454890851	0.2959979617767773	0.5862719107781331	0.25234766464309755
0.13934235868308342	0.5396372644223176	0.0527916466652143	0.054038505587238994	0.1634910013300298
0.1516731314763805	0.7664245345639803	0.7727400105116032	0.3723453220770696	0.5478029149318207
0.6977355445292683	0.35437036340451245	0.9773553676754285	0.5079046800458829	0.040965018501030404
0.23634523800693785	0.2742272290030141	0.020848398113894162	0.8015908248058778	0.043903799865740334
0.5078589841084075	0.16299326654544755	0.46294424780032717	0.11368179123947675	0.008056963842097198
0.27182436316406	0.8177932560193718	0.9001764480227793	0.6243272928831347	0.7727063201996268
0.5979949508157474	0.23479004926591596	0.04665994115811334	0.5777288757769452	0.31761486930893057
0.832497360075695	0.562618528627253	0.9709739056522126	0.36088130500777227	0.9022402078080245
0.9858364153223235	0.7783500023107854	0.16690116296319946	0.29070686658939804	0.8067850529868482
0.1352763097647267	0.6083222440432114	0.8444528611438584	0.5008046112832194	0.936409568217653
	0.6510438470912225	0.4863023511951877	0.25385811906432043	0.14308890121654227
0.793117358438993	0.9215032238481271	0.7618811714704168	0.014774026185620515	0.7261247379328903
0.6566435902829653	0.04120728377877758	0.6940037292346672	0.9162174151849305	0.6504119060142539
0.2965853443929858	0.5847458824962113	0.8861607913662254	0.18367527884275503	0.004407239121094975
0.8214561240916335	0.7986254339891016	0.13169841422194928	0.367762131599801	0.3822668832834476
	0.5075671777375977	0.2080384150411403	0.9595064303497873	0.6148934296369744
0.5566045423564939	0.1800169162365548	0.8620353029657347	0.8870145019401897	0.20491613784220286
0.9716736755197097	0.6722784029826796	0.35564629445737894	0.7838990384098452	0.07880510217476788
0.938982565284094	0.12764996285965557	0.6076862379533658	0.4010174803910721	0.7068936804969802
0.7943838488989616	0.5592943188593071	0.18023318951115763	0.3867527402933111	0.5066609654680427
0.9983337368853814	0.5089513253615298	0.6215793659194154	0.680351221106687	0.32013612801885716
0.16459717959989006	0.39350082461443836	0.5717351589731603	0.975185804853258	0.20443517895966734
0.7041073727986153	0.21537717871459572	0.9296778870663314	0.49967569984070315	0.7204408754893412
0.2613853096272972	0.9973402173405445	0.5474804034002683	0.08621581415935153	0.5878957181399543
0.5936203541296008	0.8764597499793616	0.4658639136518745	0.9408417089690628	0.8250001792260387
0.2245207085494897	0.6939512136917386	0.08353126361143703	0.6747637737746632	0.9257710553059305
0.7200493633545166	0.44293628003863916	0.8175121038835133	0.05776100774525039	0.47178858655936273
0.9809555238892206	0.033182190216496155	0.4085981774540286	0.33229903607574773	0.8738300628983591
0.5898241453167933	0.7488394019376992	0.9423549893504228	0.19771839294681448	0.5910833680650694
	0.9843829681291288	0.3429300148315112	0.6452535586856125	0.9524029675696354
0.11071865315427887	0.3864312454794623	0.2535498502214101	0.23721739752866156	0.96660884831351
	0.03013373022570842	0.40366404204936046	0.21763998870483514	0.35899069460576616
0.6534400082623523	0.5504501627986288	0.5367537489289689	0.056606031904781084	0.8797323422833927
0.417253605971575	0.049362239612154024	0.3249451234252929	0.8603201391772796	0.7290221127514408
0.06437087605912761	0.6757621139744827	0.22266503693131867	0.9120742758588579	0.49542075105096217
0.598410630079732	0.6996035575589917	0.5728612025419256	0.8773882595858308	0.6151494773660663
0.8994668369301849	0.02675907389113308	0.945153296463652	0.873429438079667	0.6252405769778766
0.27591179883096173	0.9661917964832509	0.08161802276177199	0.8133261404201035	0.9747431076894936
0.08171647500927848	0.2823154165205445	0.745348255551471	0.1832214855541151	0.4341637389326868
0.2436820391522142	0.7378003227560882	0.0724974352297506	0.016042106691385616	0.9210944711740483
0.7290490087098602	0.7345737197571748	0.28148269549100724	0.6324418107638233	0.21840194746814723
0.9787766369969105	0.13098270816800595	0.4369427374052264	0.515525698380227	0.2052233465856157
0.016232470886036077	0.8561822875821187	0.04862864575377668	0.07376823417434031	0.6110653729283094
0.07304760428425516	0.07112711130219362	0.45308649462550543	0.23412138356236611	0.5203565326180227
0.8874704525396262	0.2987620580460073	0.26146136181829427	0.0018599272364951958	0.86091161944951
0.6242991229416442	0.007928295629833437	0.6648552819093524	0.821124899212031	0.7132666643003005
0.12911349718626874	0.3879014131733338	0.04906464777684261	0.006648439483981861	0.08353676025370271
0.9635794565766335	0.5337280950586569	0.00765129361821304	0.715113338507228	0.4856528874048899
0.7076818699020284	0.5943797177524633	0.4648940404656453	0.7981478666246352	0.2681976791173518
0.9075989802966135	0.13586653873770838	0.9505519944226153	0.3381059650293735	0.2482006194443933
0.10803359495139186	0.1357932444316282	0.679924917371236	0.17629815502035306	0.08718856195347546
0.182451058237858	0.20589955628746304	0.1558202811769831	0.534060210493235	0.9547213218260407
0.7700527458928356	0.48381133713286095	0.509887141352345	0.27728171336980256	0.9732357636197835
	0.7358352275793455	0.6794395547505087	0.7167706793901396	0.5645527981808418
	0.3610416205880317	0.9274524587124531	0.05551107703081859	0.4388064197406234
0.4221273888757743	0.33481277549080335	0.578378592540413	0.46086493344961077	0.22412040531750899
0.43943283091814356	0.17802967857391205	0.33895087099703713	0.7220252252853164	0.38019857903383647
0.7213705859055464	0.7265848999747072	0.31104405675745417	0.3190184046775941	0.9389839687847156
	0.9356314739239718	0.1352520900912254	0.9299272465486422	0.15163821749416295
0.6825609766637853	0.9513013725980292	0.4049354979607728	0.9331670300784881	0.666052135675958
0.09724052587210663	0.6575771401693277	0.8863146981942398	0.5486818071607428	0.09868118994219477
	0.5824798468400411	0.1767799951379455	0.8054301430846459	0.14091833719409264
0.19003052842692048	0.965874976085793	0.39990986074593116	0.0260171998151415	0.2969051176230332
0.81077031746005	0.2610163673988457	0.1562073515170248	0.2927240939589105	0.7769151689468293
0.5226101193225223	0.7321616808147019	0.20054258455275065	0.08190463589431896	0.5025563971800319
0.2898145497168644	0.8571922200556733	0.6466057657115456	0.3507656191984352	0.2667186447433999
0.876899801259111	0.26690907603564895	0.2244450867649701	0.5990820707648351	0.44304049668218426
0.04866972660664459	0.6286030813369542	0.7192025600439984	0.13541011821090887	0.4376562116124425
0.4673589082712869	0.12373605104786523	0.3023585068390632	0.43041834658148437	0.2188745959882421
0.06013550337213236	0.8329389081092652	0.18453576658461623	0.34311778032134377	0.28495782266637393
0.8776320420815261	0.7593878200689276	0.3337799752864703	0.7044383305480542	0.16760478854873273
0.3041352967400238	0.12956002177882286	0.5207773994650112	0.04800668227339888	0.9188481652172377
0.39626687419978224	0.5942006615425378	0.6270209477694946	0.9539680190408435	0.25075530386879386
0.04246588940686824	0.5520088316702183	0.22845455028504458	0.49163780163345117	0.762839502440233
0.9069458642522962	0.9386027790368788	0.04633543942207807	0.806038670492424	0.49964071645837826
0.5030509262781436	0.5521261144321404	0.3615199006213853	0.1963727997389666	0.814619364865847
0.7324623089798047	0.16139919267961078	0.18627008366901665	0.7811668043831216	0.32582523353154935
0.827698246073919	0.6608950906518103	0.9754581670790226	0.9493215807323284	0.09180881909189686
0.17065739763559007	0.9232802003047236	0.44982838004060555	0.5775921140184546	0.8348784040505749
0.2994464269950895	0.6122955891240593	0.0479548453409282	0.8586585788221556	0.9387974139380528
0.7878788356558616	0.2999198561607691	0.8486343888288234	0.9572231029151772	0.6902695497633946
0.9305295318177371	0.8611954210643101	0.21608417732779395	0.5902798739164907	0.7521688635293319
0.5407004230895874	0.9835750898222033	0.6133673801647193	0.0013429991295150767	0.8411937190562064
0.4925333984312654	0.0978002509017315	0.2709270244664155	0.33956936498560497	0.9737406667500861
0.8698947449354717	0.34415524990878943	0.33711685461339636	0.7236944536495681	0.7578071065950222
0.06639401623138041	0.10710751861550172	0.7922394613873751	0.46822551660588985	0.5330891345504173
0.1950888211320364	0.3229445279576987	0.5651476063178663	0.7929962177212895	0.2949231319411404
0.42550911236836864	0.8609689811936387	0.08279378112603009	0.43263667656654836	0.737342556159109
	0.29119989731326434	0.3946607953264729	0.9142262677142293	0.15342026822784338
0.28751811602289834	0.6563679488785901	0.9286966095320337	0.843087627404934	0.7431161174503956
0.9153694333466693	0.4201486860861122	0.14231435705095696	0.5395755971093908	0.5256486894692917
0.2395200369506345	0.6249655185060474	0.2118841788549074	0.7550541512206675	0.02626234302742303
0.6375103116120916	0.6040346754596024	0.6463378314347632	0.5099993247180216	0.49351559841993686
0.54099294288628	0.02445968693352185	0.020947431447220777	0.47230496842027814	0.22715341910622133
0.4000339936869304	0.02059543064439595	0.4850209892170183	0.0030255436848178885	0.07075061841240848
0.12328679927331077	0.3023651802074515	0.15815621765361598	0.7504021917076228	0.28062262057881626
0.6666623145848029	0.23198152360972524	0.5748286138168972	0.769815042251212	0.816831567542531
0.14687305349872704	0.6576550219502814	0.6149195494374989	0.8787190818023243	0.648318748262021
0.5131208945794431	0.4383813448930337	0.11929267908594099	0.4128471669031121	0.5971594665520275
0.2568734532696779	0.3930867506702318	0.19160980182223442	0.5868687108054107	0.385533949123281
0.2997130107816577	0.5433436895718445	0.05033677230468914	0.9678302658326504	0.7350844301089199
0.37219281193986287	0.06395914490152732	0.05667422358286034	0.9117587474915669	0.7743463595163509
0.8733109058791367	0.5898827145019836	0.456645047546132	0.6163786117563883	0.35097268466119624
	0.6333884318687165	0.9086054720229155	0.925929579745457	0.3273149468142307
0.4649600037393542	0.24211116126146337	0.9446103399595251	0.1087379159325984	0.41565174038726305
0.33384597780830194	0.052171146826193615	0.6645098652871962	0.9437722188274743	0.14744871278737404
0.4882877094106308	0.37732508030397904	0.60450902546904	0.2739240250236702	0.5072248976058695
0.2077993535876056	0.9792844172051418	0.6385344274535711	0.9428258057678042	0.519615892740915
	0.9142165643297796	0.526749132300494	0.0681897182459299	0.21519668738148567
0.7630690555572156	0.2218293447723627	0.14006276936209527	0.7273431940588893	0.26341053315985785
0.9707856565679828	0.9913408479401296	0.4878915884579539	0.8677093672884444	0.5426613597392248
0.22103377357927045	0.2512253247174616	0.9218853490135578	0.3446838879451093	0.31806534735776126
0.02351394977494803	0.7684405487530543	0.5393642380202387	0.4848589811415843	0.7500366202496939
0.6161403822335721	0.5230194828678023	0.920725221548279	0.7841012932924357	0.041166352422196684
0.8181385615529775	0.04635213743472799	0.26409988098994097	0.45127511957826194	0.4084722603032419
0.3510671607579817	0.11527804747065862	0.5618627906188566	0.1240253298798566	0.5583106018732668
0.8703502420570104	0.41451729445374796	0.4430564795860872	0.8080864656430748	0.09953135703259186
0.5707387257429712	0.15195745267179228	0.22706601092323975	0.3863201451830238	0.11861482360174325
0.2821712630629577	0.47446669745631087	0.8554745476782133	0.5562248964764881	0.891876583132983
0.7312341635830097	0.9787832539831656	0.04636481984774543	0.16397223250953374	0.7305330658481027
0.7359152558511107	0.6883206557112932	0.49388731873035674	0.5434276594338634	0.658688201101463
0.9731757326067395	0.1701549963181639	0.9539916053120872	0.4040395006300719	0.8270572973137619
0.16964402867690698	0.7755491351657715	0.6357744901998211	0.3489365828631191	0.8439185414332993
0.011552312898736705	0.2851016799298176	0.6141820053196041	0.6264969363997622	0.9576902767918889
0.219319841439093	0.9775523558372373	0.7239635533263108	0.6445459834187331	0.6938959578141943
0.0775061468485656	0.7867572577882624	0.3622933900787313	0.5266862670409818	0.8347368269665001
0.22609730705790076	0.8209678769187775	0.38609592883080546	0.29877049319190885	0.1846898735913003
0.6983718759940953	0.07530839049367444	0.6116377595416866	0.6003524355312888	0.05795095785346838
0.3222839374860035	0.6149022559340774	0.37899757639868314	0.8949067701402853	0.09563859163441168
0.922065336302649	0.3314511655509067	0.8306704946008845	0.9927717636536613	0.1328326510103075
	0.33031825103389445	0.0597944107622389	0.8664566862956387	0.3837098696609136
0.9266449715651245	0.619746395032555	0.47539221812479404	0.32895085851104655	0.5637433663552224
0.9327559527985612	0.8371885380726442	0.718428228534582	0.8256901861789978	0.8388538091189451
0.3644654567959995	0.06400954371122236	0.33447321706902755	0.7588670491904908	0.13123398093983618
0.19878419239099943	0.5080413546196136	0.7540240248824381	0.38895672307618656	0.8501775049920131
0.990470409251834	0.9120586330645599	0.5093810252507222	0.7869882948906668	0.7562332522514806
0.4165682601726032	0.7497167187993037	0.4632414874271965	0.9179621184022554	0.09110733674825067
0.4471980217659136	0.7994640354361043	0.23240741241029816	0.03384036248411515	0.8222857213635727
0.9650402846292956	0.5499162434777168	0.0591313643030269	0.06075507565555416	0.6534657308897784
0.1778146081278713	0.6105869835683619	0.7287329537212894	0.8187754847066815	0.5473412154902844
0.061317900364086575	0.8018815330046641	0.5897901025784658	0.4046631408572289	0.4037206202325945
0.5973474603289748	0.34930779974668624	0.662832148773737	0.8580129145917362	0.26859550294117585
0.30087545400222027	0.6788739759041077	0.6148650436357805	0.4301859798261346	0.07884924412571515
0.3229317146285169	0.3736713058600739	0.5383335948250499	0.02030179029609447	0.815071703683909
0.30367748188450006	0.5568249056996302	0.45629525362227785	0.6686403490800871	0.6842223150627533
0.552835063798509	0.38938792300425273	0.8445637323413157	0.4605169412961363	0.24938098328695424
0.26346330922176564	0.7950413749039633	0.08358282346780432	0.7612346500548535	0.5433361995746733
0.3776780822321879	0.7720434083481766	0.7182977599930346	0.9081978632456728	0.2219938952417938
0.12020315625571676	0.041743583826079456	0.6310636932055163	0.7926624862805524	0.5129996230712031
0.1949562487799893	0.48266822860946035	0.895229691566393	0.0838780131468726	0.6787602291186637
0.6616383101883271	0.8248387502513324	0.06854452271798483	0.16245985844345545	0.7979512651229113
0.8093671186971566	0.27749468663753585	0.036841052204412805	0.4783876134235969	0.32669845796210484
0.3218341135203654	0.3476193958020729	0.7675475166178791	0.309694202743965	0.9720925270176839
0.04678222896070339	0.5451656127123522	0.9477591711115088	0.6883627898311848	0.965667794163166
	0.28610857780132404	0.48724818442014883	0.22422491907522313	0.6665280393927632
0.9917409805961829	0.7092606140552078	0.03873402752568145	0.10247331218685396	0.08725513743405211
0.42348040845659074	0.9159592224253813	0.37131793052206996	0.5392312600855743	0.8057305800635952
0.9402863501770826	0.7541557691693456	0.012782579497315205	0.6034408053586369	0.4134005009545658
0.15610005713294406	0.3567404169732524	0.5126424740128485	0.1207829710497158	0.9152256913716026
0.5004271385402328	0.8067993673930054	0.18462303602234642	0.7735365707611055	0.8636201476314712
0.680707696645031	0.6089482726609612	0.6118388913704492	0.4303144214099365	0.7966164298764031
0.5731507756544248	0.6071561081680266	0.5186054343555415	0.42247812052919287	0.945147803362638
0.8771147423416512	0.6567868294791414	0.022732659424979706	0.22854859176721087	0.12984733725616793
0.5247866840894594	0.5030583345939718	0.7304775032627994	0.6712775558593683	0.8297885818502796
0.854645451064714	0.4713071287490076	0.22806534420304803	0.604245449095386	0.8383110532558852
0.34241706996520194	0.3885722467328895	0.46843325764851107	0.8520486495731543	0.24740148875130752
0.7873593511155454	0.40652325436012826	0.4779603984365225	0.9591356793827471	0.8178702038039405
	0.26012363481706346	0.7552886611498155	0.8929163695035077	0.4845731286134082
0.9141934230895052	0.09049238232708612	0.34353206604542075	0.35539863617817635	0.34928162865567036
0.294275115996233	0.6679139353495805	0.6034946581189133	0.5166397727516752	0.46345903020946955
0.777950458194703	0.7379148753173548	0.869574956895952	0.10136491547854376	0.7060732324509651
0.923426284066665	0.9072540500548858	0.32190858909489817	0.9614239118099892	0.5021459563324066
0.20270637355187893	0.24198947638810964	0.5783175242677951	0.7942189808690999	0.8754797024899205
	0.4205826233295211	0.09521660131914966	0.388663601299045	0.40251535142591877
0.4786125912167195	0.2528256112002595	0.6359744472148707	0.0559745600285565	0.21479913449144217
0.5542714047622848	0.7051046034859462	0.7966078706373317	0.7151497842584424	0.9336496287362278
0.8209290467705523	0.22975704052069545	0.5547667098324882	0.5123525301736543	0.5658972917155197
0.009290500789591705	0.28869965691233046	0.9396219212882181	0.44831759488013045	0.28271672376890533
0.30210327105017776	0.2712711687677939	0.38785309687927694	0.1171798753214024	0.8236603131408929
0.4110993337357709	0.6343801867853234	0.5132394143587937	0.775164329334577	0.9439590903200498
0.681464839561391	0.5924086779056246	0.2694998658821932	0.6408175207324641	0.850958249986118
0.5673996182306756	0.37882425098666905	0.09288420461375924	0.1956344866491142	0.33776862616921266
0.4776417512500838	0.8422819287071877	0.23023508790537717	0.09733055221680764	0.15448828056449793
0.7374536936187045	0.2298024792743001	0.42695469295596733	0.8918054735272777	0.35999425731467993
0.8801220448623533	0.7259100452263626	0.43541596575138863	0.9984608314755673	0.8887272743202879
0.982810612306409	0.2616227903377937	0.6719910878113973	0.2340614888425544	0.8370076311039438
	0.2873482550772557	0.4212276445706429	0.6566806936491218	0.32040478210831425
0.5489669879972644	0.42251448324286245	0.582020462830242	0.1287494113166875	0.24885633503904925
0.6074440715828715	0.2830127519611426	0.22562397752289387	0.9209763022829532	0.6203595814725941
0.0543095242094489	0.02838067842935843	0.07703254078225352	0.2206982509021186	0.2289204268891074
0.30440404475443517	0.38700201352221464	0.7630503810978921	0.2891114731684603	0.606584277182782
0.03992889008225742	0.7072001909902669	0.8797098992835244	0.16823960886246558	0.8061429802445389
0.054743018593925274	0.2181165347272852	0.7819631515898873	0.1712212836050735	0.43911717412007467
0.4285250619424038	0.27175124816920215	0.06857090864266169	0.4341132277855497	0.19174408055804282
0.033759242651515975	0.7060020147485618	0.9010416487781318	0.0846453318814	0.009155226449251264
0.047013631975371895	0.5909206526872405	0.7408443058948226	0.23043416828316943	0.8096843834935522
0.7361504113277545	0.626946971153919	0.7693687997059689	0.9248548421373715	0.17624649631237232
0.3668570477317984	0.27894433912691485	0.8864359547114938	0.5745522445277482	0.8529501899335951
0.5012005744188089	0.8928245233315224	0.7870832843387038	0.0878282840890311	0.08144458508492503
0.3287005499262605	0.10110793341473645	0.6028549824539037	0.6519046253304364	0.9633271714519188
0.21064472288826108	0.7075227703489835	0.5110840116533374	0.5342392173974108	0.46608476807792365
0.2837940672589918	0.7815141392989841	0.49303817502412084	0.1444607525119963	0.5562086224834453
0.16602579044920995	0.9494325646516035	0.5664594624158201	0.41314480290993505	0.16428144903952702
0.6124511581641844	0.008451776855310622	0.03554869848835063	0.8542789472496182	0.9895588953270884
0.9613452735701048	0.7389149700085023	0.8939253137550949	0.7294067234066526	0.6577224807858407
0.5131937652729661	0.3370592018795834	0.379236527040414	0.843941307541496	0.19007244650088662
0.5146487254555775	0.8248407451432768	0.32171351830279915	0.573838545615049	0.3270954516941562
0.8730908486249026	0.9394949078210626	0.9943407954557714	0.03411877351926451	0.16531140601270622
0.3858549521304574	0.18397280332533306	0.14174677602231467	0.49029990440484206	0.49980345003042825
0.04007662760707997	0.6116871086282284	0.6295311645065218	0.04521733593789101	0.20408243375212187
0.036771271356499935	0.1473240493014233	0.5093016732528696	0.4056748439172939	0.9712691704390274
0.27300720716380555	0.5189688119903784	0.07938833452314153	0.8159971127601543	0.8787390725107775
0.30916067995745955	0.9444101173457101	0.5411246109572332	0.6119276664982103	0.45064932553120485
0.3740853126452809	0.17742363307675713	0.07889077155501245	0.5876162227695879	0.9049155260994873
0.1834490481683526	0.7885444208099451	0.9882048746340815	0.3169356357872374	0.8335965850840407
0.5234719729362854	0.3127156102932025	0.9269501113158383	0.11929473207183128	0.7787710428771534
0.8331147158925628	0.24836708005088526	0.7617003877628616	0.902068858097395	0.07961366145137938
0.981662074409998	0.03875899521827564	0.11777212338489085	0.276859048465116	0.794224738092225
0.9343265119198769	0.9398493527732821	0.8233306209743138	0.34693994560188146	0.8626724897943103
0.04146642036434778	0.3610946181109608	0.021721814064065814	0.7673520358734052	0.854114707838944
0.22957046115027124	0.6818475688843348	0.551767980417033	0.7066191178937663	0.0856580184695509
0.7560706991002437	0.03381837687551337	0.9817207732301689	0.6203258147079935	0.4536921154027769
0.1308609571648165	0.6968374716495304	0.4283421899380171	0.7688456715654235	0.8111607652380537
0.6121820259393715	0.3449328511644234	0.7324880363651057	0.4895900708828349	0.6031523329585713
0.6151083768939563	0.13282740534649373	0.7926652622078317	0.18567619758355458	0.4403134174142366
0.4341624746306345	0.2656907429931199	0.4223640101539854	0.36825810513256985	0.28041671351013775
0.3573290581478573	0.10373764290037024	0.13904932934522285	0.12038157301311636	0.16400404362080234
0.4101183463166186	0.40934030185738224	0.9064773524306884	0.07832402518614112	0.4305295677543868
0.3223793972684045	0.34150990695682015	0.49800385158437754	0.5940174051667693	0.4745968868087239
0.45284250114789537	0.09215872935067959	0.06533425250793701	0.09831406415923427	0.9832200348529211
0.3941338614053089	0.06661117003212336	0.6386224133399325	0.013775405703902122	0.8531113925379188
	0.4761497053328304	0.8269904598865101	0.379089833718961	0.5028039244900262
0.2609868657674739	0.9785654772811939	0.9330004710397213	0.15228913383792198	0.2701194563670758
0.5024793310189261	0.19469516290748168	0.14758938217789264	0.45019545085683754	0.040891781800962534
0.0821336291764243	0.16152986924334967	0.9398717499655894	0.2975183679553547	0.39676792151614926
0.4751814302089168	0.6667623870729059	0.42845096039217456	0.16012693484541407	0.05387675445327955
0.8872309716568085	0.2551167234308901	0.531512771512148	0.2752726743216636	0.39645240556915795
0.5228292858853474	0.7818017931258976	0.5529969996713491	0.4975901637912634	0.20400590834666743
0.5883325428565106	0.6206296019753619	0.9999374915018395	0.3067414442073131	0.9666375656897417
0.806017337602826	0.5287534544028709	0.14638183770776114	0.10425152420800277	0.1987992116477051
0.4362379216597937	0.0045391044793021695	0.32422585019523054	0.6078126399275411	0.28770291601223885
0.42792224417102076	0.2359010239440401	0.4107832667430088	0.8203311253401651	0.6936050902832538
0.10618160517462627	0.921072229307283	0.591151834262318	0.08449630181650014	0.6839164604477408
0.23309212772968013	0.06336855961613352	0.8646051874416467	0.5594483118176995	0.7119254421348608
0.16749038387926252	0.8205627949147071	0.23317050494983027	0.07259393063478348	0.9035061649826903
0.06484550174998016	0.6861237391228624	0.48388494953342387	0.9028966871512571	0.7946038698772138
0.16553537119666684	0.710530484661906	0.8460442693033154	0.08834227533748695	0.9961263225314592
0.36377989414928913	0.8444176398445943	0.6555860619304413	0.6919662533846322	0.01584051848920487
0.8202183744476563	0.928823610068308	0.31688943916271406	0.4113624439524147	0.19415226236530925
0.34146688035056694	0.7904268348888479	0.6548128363646752	0.7459044051194522	0.8085244478537225
0.7909259192921246	0.9911871335528822	0.5190946476028364	0.8224067684804788	0.7657668911176455
0.36308694805489183	0.20777678765376262	0.5348051570148895	0.34327209936790226	0.8335676770788623
0.996150391432187	0.7209798485714931	0.5042809191341845	0.9001094913242411	0.1071098376451769
0.778077456909387	0.7772940666930988	0.7781712345875089	0.872943142181373	0.990277448811203
0.024787115190968878	0.982726659982525	0.4403226183140351	0.5903625306204396	0.20698265102312596
0.46472038266518445	0.06042261027444018	0.2246154725740228	0.7341229054789374	0.6882351125170508
0.6649987102252083	0.9410992128671225	0.5453827120020683	0.7367001813266881	0.6148376218899833
0.19355787944167613	0.707333935021342	0.5342317873682764	0.6776124541139198	0.7035665526621869
0.01711338624516545	0.7822328987898126	0.7636005703704795	0.6754106154056818	0.8517592657907429
0.4022927642962607	0.2829221977466777	0.5705531742917327	0.3419704274014381	0.8399687925191051
0.6919202381858287	0.2174455444753266	0.6838875327892505	0.9398429886553009	0.02403596729425994
0.48521854007752474	0.8122044759418148	0.5840940864777237	0.9013458322850929	0.47281450817462223
0.2704134309369024	0.07799798392451796	0.6642887781708398	0.2829249225896139	0.5374850872088757
0.9157487234727664	0.5955079281445286	0.07399613171647113	0.221006404952789	0.26082423178309133
0.9875111341636229	0.1959420212160078	0.03441411212735612	0.4796625085879074	0.8374984219688237
0.03638912689764029	0.694061087520644	0.14773085888387827	0.884982481289938	0.4667237437007945
0.7181836398325767	0.7758158742658849	0.5366881824774319	0.8966921364074807	0.4148520079226543
0.10536946842666561	0.3085340818174881	0.36674186768705697	0.762402029542469	0.797130952392712
0.2865192616591856	0.5883493506322257	0.4339088482353948	0.2029017745834254	0.18371507286145494
0.8028627099036368	0.2909220394726415	0.8682264376304379	0.859006592048478	0.82834380850476
0.1908040524803324	0.5248506958803524	0.6205992939687862	0.5579424935904738	0.8508028627853328
0.9784793667129228	0.3268563603134331	0.15209397908220212	0.6661514564079809	0.2542398468751125
0.9334061751112567	0.2746798171999665	0.5179263259458103	0.9261878995752268	0.3175788163595843
0.17890359117367927	0.4435342117542057	0.5926485232303673	0.44433798867298224	0.5667408547612354
0.7798895375400229	0.16129901121588486	0.41444229102196395	0.8948190753813635	0.8372221259973224
0.5177962774840172	0.27548153884114324	0.418791651032035	0.8340567918496141	0.48543519947255287
0.4649337042974465	0.9716673702939507	0.26102122735512745	0.3455246524761446	0.04057456923475711
0.26179685652783746	0.8226706379587073	0.31004353131608786	0.6268431340882287	0.5245030850764217
