X0	X1	X2	X3	X4
0.4220748939875323	0.06183527694389923	0.3531889623479447	0.7569317603719395	0.2465206259629702
0.6658507136740535	0.4689906398636343	0.2329917471385342	0.5711425205872054	0.8297683100320637
0.18305851326297196	0.836604891072821	0.21172437689641177	0.9855854609885637	0.7717886995280238
0.5403901148667389	0.5517486461229976	0.526866685344375	0.9970738418399887	0.15090731028042925
0.8871098483715607	0.2516199577090049	0.03846870775292033	0.7245548928187825	0.04916359413865323
0.6558456976368902	0.10023326862833004	0.10517406975201349	0.8439211256183793	0.41556617603308843
0.4994349261972978	0.3657822204314024	0.93553769347255	0.9536316354588704	0.9894526505768112
0.29360495903417727	0.4524339887429687	0.5779337188437174	0.81182080264899	0.6081041723931255
0.0869523381985069	0.9566142552830643	0.983155390881225	0.78452428511011	0.30436224183782046
0.4869500404058795	0.5539449235805642	0.22060616670234812	0.8215300655122209	0.554866217039004
0.5279869722789152	0.81969959009333	0.89653040397277	0.31618364999822146	0.6983938659950496
0.9462154112790278	0.4150665670467304	0.4729477944732696	0.24816624757703676	0.043554583842342565
0.4836229055291007	0.2739561727136671	0.29846629304373473	0.3657883961469436	0.9300851243899715
0.7352415071601337	0.8564995028397246	0.65294516145788	0.17309528434688792	0.7839992340378799
0.9580152362150942	0.44235062549379667	0.618024391546719	0.6894749311224717	0.20380389505039886
0.46363207298244147	0.8093433892463292	0.9624540247458894	0.07255801131929385	0.8236889595439103
0.06339509527778942	0.07774407321884769	0.8775300355773791	0.7162692798044052	0.29398748314366574
0.9252691591582526	0.9689291697423897	0.28294254570749033	0.8498386937205339	0.6280633035027259
0.3254579976101273	0.6726647101941161	0.13402392495711146	0.169912683443445	0.8733694775326574
0.3662013988580549	0.34167782445960226	0.011727937677138756	0.3781644692929649	0.793042201654647
0.5698446739390121	0.1317922377405043	0.30107377026602744	0.7525782572736727	0.2770562892833148
0.3554150785415807	0.6831383370118445	0.5230077365010753	0.28135502653740585	0.5535955252050112
0.9597456292545331	0.752217473127747	0.019159230696670693	0.8450494512218327	0.17254587211404515
0.5600336781740866	0.003848165935515846	0.522341597293964	0.5637220900188027	0.055663570032647325
0.685301755214474	0.7968543777095122	0.48049752321712913	0.788139402094972	0.3293528505441765
0.1691182995899544	0.7940654547137124	0.44769528849122897	0.46436867577179997	0.760867017315091
0.2816671191318252	0.34491082448798427	0.9988741570969618	0.32624687702106814	0.36890106223486396
0.6932508184066953	0.18773673304383465	0.2273548733746562	0.022936441776786443	0.06015176576320125
0.5254331291735364	0.2666874603035999	0.21709927405275276	0.0936802580235031	0.39683247140413447
0.6331846780715727	0.20659180302204383	0.106591686791629	0.19195202317133686	0.2737675476623408
0.23183061037554098	0.44749990845281085	0.9412636823089272	0.21772905535628762	0.3829315469443809
0.07227813704991415	0.7641847112635	0.8393831520044925	0.5875428698360742	0.6919563711582869
	0.7377063229125121	0.8997489569214334	0.8636543478776375	0.7936204728890877
0.22939638305761278	0.36854606189988526	0.5021086118932224	0.25153538736886527	0.11533792715522095
0.4093407853184037	0.6526725046429308	0.9589457706929531	0.12083954149468779	0.31771148612149924
0.5315796894033273	0.20952247416335568	0.7698186134428187	0.9243337171339937	0.4354584438092287
0.24571429432154324	0.3692228007716791	0.251383159479329	0.30373605479611065	0.6208084209495146
0.6737466468566473	0.4775918244449585	0.06940081776587781	0.6490992051853729	0.22363560104126112
0.8243959546941441	0.1840920781870634	0.8277299648115501	0.13368826617682417	0.3521282910481225
0.7066234161674643	0.7373889205783284	0.4682825575882519	0.5045258192731968	0.9772240059965006
0.0718783357529682	0.7361309842367202	0.448064547391852	0.7340106843152885	0.44822914815468706
0.5851771526793187	0.26152619745634276	0.9856184558362361	0.7289259434495041	0.48207523778478845
0.7639219589702104	0.6140877239347793	0.045242938778549124	0.38676628682289427	0.5558867183069027
0.8994688934751072	0.21862908408131332	0.8738464131401682	0.583050339265651	0.242111175468255
0.7610229543744554	0.08521241282776293	0.6810515726990041	0.6408918958719498	0.2134699864285753
0.9799338899594108	0.8901273304334392	0.6171779802806094	0.5462528838031236	0.09070462309107208
0.21132812622315877	0.12449408320122823	0.8511009671975538	0.32911753130929877	0.21090960931464953
0.6223018006146389	0.8434768862746079	0.7529583870944538	0.3238773176324278	0.06375911294076109
0.7010785438864671	0.8420381855390384	0.6802850194819864	0.010440133182734512	0.6743821870975272
0.5367469161673969	0.5268076605896944	0.31841925948313543	0.3459828007204462	0.2896480410089488
	0.631581343592365	0.7619057536722765	0.6803577979481811	0.9867603304694098
0.008643393666835975	0.4376398808621761	0.6220708622347672	0.6081311724242191	0.789119880605871
0.4423982828330638	0.11527967592144717	0.6560151072163081	0.925284696712406	0.9763662729118325
0.7876226835712622	0.09939907964229311	0.6110424186869696	0.3606926188943398	0.640182893829237
0.44625411418930006	0.2195448855093456	0.9203650937827988	0.6038817835508963	0.8626655392168742
0.2531860697728815	0.14117076553168617	0.3095764438914874	0.6821244416090062	0.7016517969151119
0.9296400300133092	0.8060821996524458	0.46678455854683987	0.8957477920781873	0.6201659658498858
0.7482925545591496	0.5512062041832003	0.373059820784555	0.35377011652336954	0.24822163685078902
	0.009443143862055803	0.997058203919541	0.9144782743740962	0.5644191351997544
0.0684110690719898	0.051879488316679434	0.9170516066513619	0.7012115994710897	0.9553863715627775
0.4231384951123137	0.11174275723058813	0.25446622383792983	0.24332929736999187	0.9127505118946692
0.5263979175962206	0.015730641108008037	0.1663644063242068	0.28961769386092284	0.10409097501123554
0.6103885052001473	0.027556454040957412	0.05451793752252321	0.7740620119637835	0.1973703116352613
0.0505073815813063	0.10377486821513082	0.18291298597211658	0.29045331046341527	0.5197941517362361
0.9420385632616345	0.965600298555804	0.16086203826932644	0.05418099731529136	0.9474154563938154
0.4915710503144396	0.8155299649628269	0.7668027993051142	0.6453734502314965	0.11264433003473229
0.5355476085255033	0.11119823507450088	0.45731450491849135	0.7131449006644256	0.41852409810760827
0.6482630417824298	0.7071413015182993	0.39255370085329744	0.46622346399166814	0.6781193944392913
	0.07479195576518827	0.029584889282361915	0.9598496534955911	0.5616462615120539
	0.5153835684595623	0.787988608143821	0.6265733050735361	0.974255765241017
0.4345756578648131	0.11601642572829807	0.4008189923533153	0.10185736377309584	0.4561613202056377
0.08626799142474295	0.4242509274795825	0.14812502959804907	0.8318083700649176	0.2911989187955881
0.9875450389535989	0.9853543381328945	0.6787675306123778	0.436749030093567	0.539018417331179
0.6809398698614091	0.13959415055222446	0.6850498505057694	0.35063926325866657	0.8750494583720558
0.05226244937187119	0.030740431091631715	0.5026117404170557	0.18774822846296768	0.3514557832544062
	0.1335658763425831	0.029438054914890044	0.30942013797866585	0.12328152450063878
0.9083458100997944	0.23715712551719403	0.23455573616685554	0.11738357527779408	0.7646337199645872
0.590155788785368	0.8142011400656799	0.7997913300504241	0.4193761771714636	0.4642529030097956
0.31937915031314323	0.0585947864709343	0.7662075446013189	0.22946352432114825	0.5140161737643832
0.3392423755714723	0.9551146956415174	0.626825864286212	0.8955719666497112	0.942270163519657
0.2833778613963607	0.02188906319443551	0.2986056346019267	0.6314634756655342	0.6082941468397404
0.00033706054288440424	0.025517900043530717	0.5959375398919705	0.6718839191301841	0.2032136186643858
0.9234002482571158	0.32383868625949286	0.8603064081381182	0.21657750778467588	0.2586510368789865
0.3663172242365115	0.44602571378959177	0.34427841457909647	0.5314510083453571	0.35139711235314774
0.9852197650694291	0.9808284053256235	0.9728049249687216	0.34053942569308815	0.7681336099206906
0.5372567026131463	0.20127714472229807	0.8049750077592118	0.735296678026833	0.06862858667980254
0.4910416625439358	0.4605460338416094	0.8913754468354573	0.8736313422352252	0.3526540745043837
0.3468770243769116	0.6279420486264734	0.2996242509860456	0.9723607132078029	0.7242514188061115
0.34507315624695745	0.02717816518510008	0.6081855118464234	0.07700305095230553	0.02285442888026945
	0.5846057689095873	0.9288762214091048	0.9459408508349336	0.4105853054365627
0.9475843508116142	0.09383551761793707	0.5739292548616689	0.7205095383186039	0.5054475541821247
0.6096877067065456	0.03744930707609628	0.2443242611080917	0.6740117137232285	0.8830764149914583
0.47263983606923	0.1489433017775873	0.5439885320213736	0.6772595933832245	0.14593552532572884
0.26325908928779473	0.17119334313389645	0.17957150996143567	0.40300721826608443	0.6960942044672116
0.23568258652619967	0.6677044586771937	0.8960881719275487	0.825232531114202	0.7245768422149553
0.9552726762459592	0.2772347946559759	0.6121675842736531	0.14103342885458459	0.8536708992279598
0.47321603573094595	0.17530431610989172	0.0007851654706564348	0.0618248559248088	0.3777668287211823
0.7169237031005878	0.9820865727192156	0.023959837527476213	0.1947764928675283	0.7984568999121426
0.20238185306584777	0.17541776308432955	0.9612626100793538	0.3724463702299595	0.6051488577787588
0.10796949349354124	0.37484914566406125	0.6097226046258337	0.9985151100426491	0.28820434805337947
0.6582783892123045	0.8726271401563858	0.658344383198843	0.8790639201005092	0.8671843042919459
0.23864925253855718	0.8888908190043323	0.8226470501004917	0.5386644897026708	0.3695826491132038
0.3558909404346474	0.558422461214581	0.39631853142345985	0.9248502674815611	0.4624597257502885
0.2339214763188321	0.37314196257255994	0.26038274289426067	0.03547613913393077	0.9745832014659044
0.7185231177444339	0.3274131837990598	0.610182869741667	0.02362324824937312	0.8250454301060604
0.1024195413444503	0.39467524881841987	0.023356148919481123	0.5105239504364716	0.0225055077457752
0.1360535877018355	0.9030819974065885	0.7883988650016471	0.4609702263918828	0.4430671718907322
0.9198989930152923	0.40774255105450663	0.664281290359644	0.6630684558512135	0.20662542252550664
0.3911062268240385	0.18132376495239289	0.2879940017832747	0.7005639764349394	0.8133268739787525
0.3274431595463485	0.6049351544254464	0.6103153240590896	0.2879953157802333	0.39324538323966307
0.8537887065138384	0.7006256144337929	0.9998495233834989	0.9407339325990289	0.7906885421327168
0.17377184794986933	0.4805514704765421	0.14865955608416492	0.701468038423475	0.06978108685646855
0.07695631941216818	0.6192512251434984	0.6615350178989925	0.09832381780677368	0.7402075673499534
	0.36574202650075527	0.5505196356025638	0.8900808504946747	0.3452389727149643
0.3647888533797269	0.2638441685079942	0.6687305711517358	0.12963290726828258	0.6588010366287268
0.906537527586115	0.22441730006780658	0.1581718852785028	0.8080714804011782	0.5956690177913216
0.27960294533553065	0.8846659588198511	0.4492317799600618	0.2839248289906996	0.7891857855653885
0.6139291202924557	0.04007128152607298	0.6681255469622513	0.2387290307440314	0.6875537324020216
0.8496950891533411	0.37969790150392946	0.17111221664504406	0.29636870119892955	0.33804023156529595
0.2955620698854333	0.7999361311485715	0.5387842446169737	0.19704713476144808	0.12201460511694417
0.40200379142623655	0.002894744181719755	0.700885314078158	0.863726918690554	0.27461041111041096
0.30332322931520117	0.8564703409429242	0.35896613051460047	0.34425389505678294	0.5971807760252598
0.20977208174150475	0.5237409643635781	0.713067411321074	0.8977890959473067	0.04276895108221446
0.7027753417098084	0.4608186111747895	0.054142563786455766	0.562351208407497	0.0321607361944406
0.9433369032037553	0.009048992665571687	0.22331478945915229	0.5843288156143103	0.8332128368929047
0.3488855690212841	0.368068265081984	0.1684074285433267	0.09949596677403028	0.13391144488227458
0.6468210071604417	0.09145376536259553	0.0711225267034713	0.20236031994569814	0.49603553203694484
0.21022353350974643	0.3660124379405607	0.1698959994901098	0.29073485928304843	0.2708667342241574
0.5964732813306596	0.5860321897385401	0.09600789262868259	0.5686212256912774	0.4328466305849511
0.35517737320649534	0.10116310796412964	0.8314557409339068	0.21218351578297057	0.3341619564387279
0.5188137534659748	0.3446714629799308	0.29167494810155103	0.34215353297467843	0.7301690303615418
0.9780065118676857	0.9181486841461041	0.9468114750121605	0.4359484112114327	0.37456932219622296
0.43124583662165283	0.5956295355005434	0.7448829112396932	0.6742157163323568	0.10465773666000011
0.8448552971456309	0.10334010961063556	0.10342117282806029	0.00600630339144026	0.4402602844556368
0.41170981040013055	0.6122836731237628	0.0232688054229091	0.3208635164347261	0.1252593610940318
	0.6627970676408855	0.15669139106128593	0.06084134887514536	0.4883214395799633
0.8061181176410475	0.8351220272086709	0.5597954839857481	0.1639435576790047	0.9010285139901318
0.43977599742127504	0.870790989748807	0.2811702199207061	0.747158207061061	0.1914427284465321
0.5963104140620972	0.3044198884939163	0.4227511006941085	0.4005428323262713	0.9523857197361901
	0.9650304227043219	0.13731751973970452	0.6099791122924847	0.6979623743890838
0.8059641489584392	0.10438631460533421	0.23661694157585234	0.7371441677111277	0.26145049610793747
0.5275286495017871	0.8511393487817357	0.4497065781215249	0.9529368328562504	0.10816083941837973
0.28407984832768796	0.01972531016377921	0.986578742088191	0.5564676682879043	0.480730997664105
0.4568131282910781	0.01247496643757573	0.8101543976203215	0.29105396072702694	0.8493579350963552
0.2188059082915048	0.3653298348280828	0.7761863350802892	0.5737380832035767	0.04960047938426271
	0.2760336988522625	0.5608950491961057	0.7019519851793438	0.7973436936978694
0.5391829898358715	0.43478380525986104	0.730478079192565	0.5634682915133709	0.004601564187453389
0.36816284992257275	0.8203291893607351	0.6137188951250875	0.8301833930516196	0.2930970304812801
0.362405508581067	0.9986109169266695	0.9838925472664374	0.9741668040957455	0.46171914427105787
	0.6894252071501692	0.2908250779962238	0.9063953380953592	0.9943478520250411
0.55162987352385	0.03135667512405971	0.09507003658692359	0.23126344381867658	0.7137682914316462
0.28408118920991765	0.07448179428613433	0.18778665214058288	0.1841623769502594	0.18854079954781422
0.8916610934130391	0.496198640458704	0.8993145663188084	0.7384754585508143	0.7434037728367118
0.6758330453310563	0.1820951160987031	0.7878471128762534	0.393654016772386	0.573790686215047
0.526850639974192	0.6748395152068266	0.203408672645215	0.5278815900329574	0.8653268837354386
0.5671661789248537	0.3517680850221835	0.44494351406749477	0.7020149611475764	0.8440730314785497
0.7099355448545841	0.303925445288013	0.7996131095357472	0.7274024041606095	0.5730953599451295
0.145954028256721	0.32252739046788803	0.5005503621673641	0.3241294056696371	0.5941796964023779
0.9456527046256111	0.8170422614518912	0.8390502047135958	0.2690832183694195	0.47932007068920146
0.11439833938962918	0.8354418351532339	0.7060351789944441	0.6269277373507499	0.0860252005767308
	0.5460386832724364	0.5265355136235264	0.21583695804118275	0.3458372841582069
0.863102636033417	0.07396812100917571	0.6739288586629482	0.5012005183665503	0.13893830718351208
0.8113446215379545	0.4175858462489801	0.2649557859083215	0.7320558777668299	0.1224052460221946
	0.9006434965295949	0.9085517479502824	0.3571929920351289	0.10458153462516329
0.48784805642160334	0.6937709575548624	0.9204522787447305	0.9570837175671797	0.9291463241348686
0.7253460773118418	0.04881837282057433	0.3066085788532802	0.9486151327619284	0.8427148947933121
0.2163717752423867	0.7158731093631459	0.257459093859404	0.14861176652646102	0.6734574052298822
	0.46512034381407585	0.18026949616019017	0.33028822499079236	0.6547083053786363
0.6589511752626468	0.3043249965026369	0.39836939483933587	0.2882995745045285	0.19754221630219826
0.07384985368134245	0.36138297137541364	0.9535241601115673	0.5981727990420485	0.8764560447106636
	0.37157888464380984	0.24019733337987237	0.4279749259825846	0.02066390328267087
0.2545519031707475	0.3122469960131321	0.03866980348783167	0.304701502237004	0.4323908750222891
0.32349749530161465	0.10664722492534617	0.33874334068927614	0.6404482727846545	0.9865202168048596
0.4112237870322598	0.13337320570647504	0.6360739774631133	0.13278771290393032	0.2074921208068552
0.636131846286018	0.8756668164471944	0.2108220613597489	0.6767586543390066	0.357450108012917
	0.8920626321776596	0.7648710692769375	0.05942827479891477	0.7338678701088654
0.13551483335722048	0.6317045754898679	0.42008234816845647	0.10208089683237065	0.7928896967542395
0.7852199821160579	0.5741723964264742	0.9642525716354267	0.7835940865149887	0.40106320220231984
	0.7264548757021078	0.024443306717086943	0.34051699534950575	0.23186651088683774
0.8577386262904012	0.7957357028805919	0.2404561830813824	0.15788166595196107	0.5777702207562477
0.328948870899041	0.8197079355296046	0.09813631370608877	0.8445776132745464	0.21687446522618747
0.7444913298583606	0.19325319786437278	0.8576988220595508	0.5011850222012223	0.25430406672967765
	0.22628700939759805	0.9086322860064522	0.9760969222727113	0.9901955976184423
0.4081397395702573	0.6523237454425344	0.2817384329758954	0.5614583981983299	0.7957909532210357
0.22270500833091755	0.6045047376242637	0.923588840660527	0.6609516578141795	0.109137210908543
0.7763913341219503	0.706532458741304	0.4286583126733682	0.06514330403510149	0.8479518663064015
0.5649095519531894	0.6396510461455904	0.5011906527405706	0.2949104198328054	0.9239931708845978
0.059418977375342075	0.7405871914099599	0.6319562791383707	0.9463666695967543	0.8097853278492984
	0.15019762430315875	0.15000019228493888	0.7182809879740385	0.5618221869303286
0.6960095655578425	0.3006164239207705	0.534143472506006	0.8115822245783205	0.1853762080623529
0.29991480422500727	0.19855522161587758	0.5490046302872107	0.16121088743533663	0.36336680998320203
0.8761214902254576	0.015535824610145355	0.6786552576657101	0.5971505411852518	0.9552141433016071
0.38951147925727725	0.07060875925495103	0.7882156674999435	0.5197873625499125	0.07453537406132316
0.16000655466695424	0.18878334542288966	0.364093950390071	0.4581946902539419	0.3360641259518078
0.9632738942905333	0.034687466599570005	0.6150015555083059	0.39124870403546474	0.823618564556926
	0.2782630935671412	0.4116389488736334	0.41545665317291547	0.8173535827157133
0.4032769561809323	0.6531485239462722	0.45625156804749467	0.4653643498148553	0.04343486215003867
0.07115023546495614	0.10963744759806171	0.4773479416525256	0.44477896995980437	0.8786824266831823
0.44696749169621597	0.9641917274906048	0.5801978559522921	0.2557881284448298	0.1351498614728469
0.5462287992180147	0.6630598382426869	0.1676463310366102	0.6273386676498585	0.2449590912308427
0.5040370981643386	0.8567178398320109	0.04127496515094031	0.43777275646796876	0.2608536425147294
0.6059481937184449	0.9460414717243255	0.9197378249380096	0.034901809077451995	0.4439969829880678
0.1585117384157929	0.5804069880869661	0.1700082696660148	0.3295056166673209	0.1605904765230527
0.6836952246039583	0.6350002152616836	0.5654974153123117	0.03787581191400324	0.08190888489080783
0.8462675977757647	0.4765058993046285	0.4329781786268897	0.6648968739910817	0.1750413216936907
0.07678052111896538	0.923829100403776	0.4116666296058348	0.4843537325648516	0.919963652862341
0.6337561656191998	0.22264474583584326	0.388671928401203	0.35329879687581234	0.24383607360263138
0.8480936325307789	0.08547889163849753	0.00028957563962239696	0.32457546795995074	0.9843734451021887
	0.18369048725905868	0.4539834106241054	0.349077519081734	0.11620118842028715
0.5084053813395284	0.9533911591522062	0.058354822516270666	0.23577252066401588	0.47502572955919653
0.9198559245134563	0.0808446400064905	0.9859596346354589	0.9492187689897083	0.5377331423632905
0.29603635701522146	0.7198984656461024	0.8718498751281557	0.2807401976464322	0.591624314787268
0.835749316784685	0.09008657177858004	0.03525762893096518	0.08488555476429449	0.5493945782931365
0.15662038797490963	0.4674297033160719	0.8573413711382488	0.9342869034858229	0.7047247900034767
	0.34212564146120117	0.7185349394316721	0.9733540028850288	0.28544137287235294
0.404176122763503	0.8455736498195178	0.7238466315031064	0.31283784445021445	0.7104235985847266
0.4630078233635825	0.9405041603315375	0.09797448901989991	0.3939199467209248	0.20540092864970094
0.940883618029552	0.21443157170289162	0.006981451651506987	0.0971722466282191	0.16006832577166386
0.8059080515138738	0.3478237490965701	0.6549572081369659	0.7040713148753672	0.18940717877005375
0.856502364133085	0.2545582167097121	0.6856186953556386	0.8310733857259383	0.39954320381882036
0.7001555895811208	0.4158053403859522	0.5505112886774123	0.49670109220464465	0.7401237521030847
0.9493921760766556	0.2139315707466548	0.6970563138639139	0.386423635574368	0.8579894946904599
0.46180715062310473	0.5704489512308712	0.4857565712983406	0.12007461650736706	0.020886241505939207
0.610392126115661	0.9268372337223408	0.5687805788449916	0.06061063281806678	0.14815240651471517
0.7567113859743462	0.47717080490252617	0.9806315357111927	0.24655535449067034	0.27988694795148494
0.6497739892500205	0.9464555471370796	0.3587669694001363	0.12004587511908771	0.5172495743309395
0.8413265953760004	0.9887859066811846	0.48304588805271786	0.21934596268334372	0.03553493655461526
0.577954700838456	0.18335320496770668	0.7576348168093283	0.22123008339899985	0.18564530739065455
0.5720596480215681	0.24744012747656963	0.8363254946944539	0.02449177287552029	0.5885266663849931
0.4878245781838839	0.17907141455874243	0.9962624733406017	0.5312750194007145	0.7499966309293801
0.8665286264829167	0.3933439415461548	0.655480902691895	0.10798403152592428	0.16658013688324125
0.7293074813408671	0.6824618033933371	0.06416142138851877	0.34933097617655084	0.9989278132971476
0.4838805530487361	0.5555053948193177	0.9683888369993775	0.1594577902653681	0.43340488214191464
0.5152447889536673	0.061210296479631054	0.7372724978564916	0.2081924776544608	0.608466116907341
0.7386584430660261	0.7015986324667906	0.6079683797041945	0.69233617632266	0.7517541710511889
0.8034584319777706	0.726763917228513	0.5913748025386693	0.5486293649453371	0.4715111307927451
0.6620798971456382	0.8423049070075995	0.9439303546703899	0.8444256071149853	0.22167597553420992
0.1644332944275888	0.2873983754013508	0.8696423702940548	0.9149209521763557	0.6504740419774152
0.8621282693685283	0.021591873467813216	0.890385266317237	0.04480272705367738	0.6121632188178999
0.06516575366398414	0.5254283741026243	0.3037715321076241	0.6122933792357801	0.3610721789037282
	0.9509292968607774	0.9251441238968781	0.25854435244165785	0.5403140090599787
0.4649155002829919	0.5097136137156482	0.7799887745556632	0.21976628488130545	0.5438053672850757
0.9896380757191899	0.743818212425475	0.9678052393145913	0.15966957451998698	0.5921888449577942
0.0885428811754202	0.06465742890326542	0.583755050618415	0.12586229030601825	0.03681807649705593
0.7987091796096355	0.5077334292680111	0.5935236410675442	0.06373680365370915	0.06361797014484283
	0.42498203836689263	0.8406661592303784	0.8508112294031682	0.504302024303051
0.34069815088869704	0.0844969962688713	0.7439072319454219	0.05322726957543289	0.5924390239461315
0.9686178451796637	0.40543699354512985	0.5859777650625172	0.17497662265656388	0.4175329149280598
0.2666554432389222	0.40038948579273603	0.43310733153937697	0.9881836782657175	0.09526527954325026
0.4676485212119663	0.5959713442681702	0.5386545597507225	0.3398643788645611	0.06142072607660021
0.8704350338176888	0.5712024522779301	0.2130686018030451	0.6299951868004157	0.4248427936882395
0.8334123082631667	0.4645372302313022	0.8822688868418719	0.8607478263461958	0.11921011414262794
0.617477292520745	0.7700867471787409	0.6018147814406752	0.8166461171682569	0.12238938652375042
	0.2619561181189778	0.06757106364674248	0.7346107283132948	0.2048546421313585
0.8601761216924153	0.9232922229856879	0.9713921481214062	0.8480872392481386	0.5849268110560444
0.24912175454969288	0.32609013353021743	0.6143532775927416	0.058167741079015345	0.7155096793843913
0.45363187088639767	0.5664420103099809	0.3229603436914589	0.9234487534074978	0.375915345712703
	0.19111906022265102	0.799010781765537	0.4059901123830527	0.5329434615566105
0.8232966065629783	0.6712968179325727	0.714400637146941	0.2868538632634612	0.446631546119023
0.682306427290693	0.5617037329616892	0.3636003687442959	0.21214198262004746	0.16703445879546663
0.9344297204527134	0.25108903479012534	0.4627534745645919	0.19683346732404605	0.46689829386715986
0.06923944060176057	0.44470414480275744	0.7864185427696191	0.5907007421067405	0.07195716405288355
0.27213815368244043	0.4566274618620767	0.2284941316845358	0.4785086939376386	0.5130806554901632
0.14990168266588566	0.9285953796075043	0.765779766191484	0.7161598188798076	0.2153813364386653
0.7588180064875003	0.19165350209555687	0.5897446903511472	0.6541322241589365	0.2562418146541997
0.5994873724239865	0.4005326418794275	0.2681171574438721	0.8072125067689883	0.16550695909820334
0.5128531085485716	0.3250235112130403	0.06421905260393679	0.6849208568211496	0.688334937707957
0.0286195882099618	0.9638643508618877	0.004324094970100667	0.21098126530079775	0.7794844785247214
0.9788841014750218	0.8707088830508588	0.5583585482025432	0.4539445901508635	0.7623573691502453
	0.019181866148188065	0.9972913031103913	0.24840430106237243	0.9014270282632597
0.49566230131276423	0.256323124258906	0.287678048015776	0.45999342575624136	0.270333413830405
0.5306269242161863	0.7837937701326567	0.5316516637262557	0.7393351906395689	0.5599084296470419
0.5805838583640616	0.0018912342590465814	0.03310453761840049	0.7646367884072158	0.44197015885313673
0.9225012032779808	0.3431702397771862	0.659451616686536	0.09159723628827565	0.6565034926738357
0.851032238464284	0.04995881172561545	0.3786650831636946	0.9213960292832293	0.07626214452225744
0.015635762801116004	0.326996416040091	0.3355376891733628	0.20813551254906115	0.3236101874653716
0.04009209449245377	0.04258723136107534	0.050448567185997994	0.35114641929947277	0.1698066977399212
0.5098792611050892	0.4106096937819378	0.059657712113039496	0.997764638877283	0.40525472992406
	0.1214881152162407	0.2496333883142018	0.3802288130901107	0.1924129410210761
0.4052238233888307	0.12367562524850684	0.03327715507181117	0.19360258715152956	0.3099672144669169
0.2596947251782985	0.7180348047535836	0.638888952652195	0.7081879858660681	0.3722936276089671
0.6476864680754117	0.35822736206422934	0.024230507993923345	0.9654950118589384	0.6282870831103817
0.9504996815589015	0.7539662902216829	0.7480842236429915	0.3306974456631103	0.7161451674689816
0.06515796284801878	0.5035364054308399	0.33347841950636603	0.5134377330903988	0.31344111519186013
0.453895505495878	0.8432616137995909	0.20907571379920187	0.06199116153238193	0.943837547228507
0.9087299836128447	0.8977586757169381	0.6695181786721363	0.6346336437952997	0.21045565814766287
0.9037252566350483	0.5123638241726909	0.9003859931716082	0.4515127262591506	0.8157765902873451
0.9958852658508686	0.9149899680827589	0.3916217642294567	0.7600225499572908	0.13876938267426098
0.20016411794668976	0.8012008318892297	0.7383714924647914	0.4288869737216672	0.019515788441206494
	0.4637074521736343	0.9128758871036321	0.6231598559160648	0.1298868095276865
0.6679273841603522	0.9707710692118715	0.49651567817909736	0.8963801920719943	0.9410210126584505
0.5079820085766233	0.9208630665849153	0.16078951672433284	0.23277569402624299	0.3865580267843708
0.3682253338301307	0.7142525894505194	0.6864902514057397	0.04600243056871445	0.8644694162251324
0.9777921179329724	0.5304909719975724	0.6865853615575274	0.8365179787846175	0.38866790830746256
	0.2763861060084356	0.7799951770757673	0.6501311246255465	0.5767790143502792
0.5427593489775011	0.9879078088209319	0.604448181317744	0.47309647007156164	0.7271962887875633
0.8776663318675924	0.3863391728307082	0.42847892143698285	0.878300158783583	0.3997904425038574
0.3002030630689838	0.2692479012587137	0.4551394797514371	0.9658561068916475	0.9287331585647605
0.19937259593031742	0.3758840781295988	0.8372906590291155	0.6966683516666826	0.6394396109289251
0.09368371243461149	0.358406512781297	0.38348083833747315	0.6274311092669324	0.9489777797271806
	0.4174383170911833	0.39954711197193316	0.17372656017344323	0.10991203939044636
0.07923868502029185	0.7479167312576172	0.9649863565611828	0.195425670408492	0.40424270871969803
	0.4455469632138457	0.8193187024131068	0.24789355948602942	0.4914426365300222
0.2564976588872945	0.3254249258231665	0.9171303855102861	0.45209522852596773	0.5644295503006445
0.5036473929976737	0.22350139230199917	0.3208216530667535	0.4841015161617819	0.8374339470950636
0.8102814391232213	0.24722310452643737	0.4322717976469628	0.19823105423982157	0.1271260653517654
0.39947340444144963	0.5520596256881073	0.34969941132999927	0.11157974507751	0.832451528851867
0.3912538404624296	0.09313952853347762	0.6481926798802525	0.11069834558205749	0.8093158962907062
	0.15303261048975647	0.858984100383242	0.06034432981741433	0.912952126886679
0.9134028325943387	0.8060802824060961	0.7880069471204033	0.9873118613543506	0.3160029422538049
0.40280233189951997	0.16764812064103063	0.48460178695158596	0.20929908593668656	0.09388824754818137
0.25001768494684795	0.41608857027375534	0.4426562636508957	0.3096480654013978	0.36978196019665943
0.19459466236095246	0.6424076655572492	0.15836945588366902	0.16402213690238188	0.22163412880000377
0.1437684281000977	0.6958836568153355	0.3599142469010048	0.9026746510415669	0.034441923207015
0.3292995115858095	0.169654026820389	0.19145888604645223	0.32418135873526355	0.29389346202605726
0.28435238153700637	0.0623721558583098	0.5259129772524942	0.8755268017709625	0.2960023623149852
0.41861762865804997	0.8982355395132636	0.015468444456193553	0.018217353123528124	0.7920817319555039
0.6461273842679627	0.039579202753445286	0.34828966855872356	0.44453536008764816	0.6358458484142632
0.5335049917464068	0.8985124274332547	0.7834734925323302	0.670119636513145	0.9880075944893473
0.9273579543082713	0.9458391704331752	0.9979191627033718	0.5698646141127895	0.502735704502183
0.8004911710664213	0.03237679359119472	0.5576736381843689	0.2648348798401693	0.9579749271320422
0.557987472067329	0.6214351521327752	0.1252128108165257	0.27587408972477134	0.5774379665953364
0.9851105449645576	0.7963001972076367	0.36711705549817764	0.9381182509763097	0.31058796065689664
0.40524222183386627	0.13785905329962278	0.9873023632884907	0.07110685166399089	0.9329462732954664
0.7952165242502598	0.9931593720635955	0.7330886157667875	0.2542643766755598	0.43549479476560105
0.5831680463009441	0.18388162693570587	0.6391420835211535	0.5922947743527796	0.889964036723388
0.5833341552901589	0.24220076690522396	0.0459527748333145	0.8453463928723532	0.27025312189641093
0.28959430871282	0.14396259659233657	0.8264602218910558	0.3508389703746333	0.7121446302537312
0.2562024449274649	0.7559349140377758	0.6823493322389622	0.2812638551768072	0.47310822301976796
0.22276307642655468	0.166892112642254	0.8921422884016205	0.2055657364835758	0.1223174617796211
0.6932933534116067	0.7166881782192751	0.7909112647645902	0.3586432766206007	0.10635217704112898
0.5869707677488382	0.773290322951247	0.6134167035392175	0.6984834988916794	0.2106502315053672
0.7852892192564418	0.8472369819510338	0.5377273508808766	0.8199086757191091	0.2491057576111616
0.827576801846415	0.8540208562717188	0.08806961504088096	0.7690975865210077	0.7239721977390356
0.4816075135118286	0.9679635203906267	0.9372706266549851	0.2780317483108613	0.36301580790636845
0.12255288855058999	0.6104745662684607	0.7016818462678802	0.5540832963534754	0.610235160307556
0.5529349804723005	0.5287041324803813	0.7847753606877951	0.9510161209772491	0.15028022492935078
0.6689068679181435	0.8580657245207783	0.8560575770727921	0.8085359649371865	0.6444870475813214
0.07655002567700087	0.8692647270586924	0.026207371059984164	0.6778916333420664	0.19970967700438536
	0.6074977039331813	0.8816909021511219	0.9369548935185653	0.7591712682656562
0.348905652622033	0.7466803186812242	0.164431177691852	0.005984769936157264	0.6686435548687295
0.43301676881772644	0.1916317598066063	0.44312348778701627	0.5440977906865121	0.4372500077693644
0.44887086408907984	0.3812518055553975	0.7676211966282636	0.339004682121272	0.8908428542416534
0.5054843473066091	0.0058657036548129815	0.3559735627694114	0.7712777696148815	0.24262451589118772
0.3850925410210039	0.09226360854184534	0.9203446047839218	0.3033557531200268	0.05774095501165777
0.5630098472634346	0.40294011179768807	0.7562654855700148	0.610685151446191	0.2400348158364084
0.016948522164247692	0.0939348545474995	0.2439071457300528	0.114022788412105	0.46602820774767595
0.8059488506969432	0.98267297318456	0.7983282957146955	0.6829024295007173	0.30932543726030326
0.6743723845006645	0.7545315916550418	0.3984059138075613	0.6932918670202314	0.40111655056940243
0.0891066614501076	0.11568655138691253	0.14862532696028274	0.938226158396752	0.3908166664118611
0.27059445245728964	0.06078947129510914	0.8369988013848518	0.8533367525592935	0.7413689430285879
	0.8416068920956313	0.6141521556243728	0.41701314258345046	0.33262819797380916
0.7949177407238173	0.8234051860380796	0.5862701580625361	0.5417428667206183	0.2205619057792405
0.6912436153890273	0.06050502784868372	0.43014552950829055	0.06944923838589578	0.6725856856472754
0.3192785188988412	0.6467378617461806	0.34284666231594296	0.4174655127344191	0.6332734159618656
0.08144790655017176	0.865829668191011	0.3171794648799492	0.484531774136463	0.049275628358553925
0.2517993563926674	0.13928109815177725	0.8869277576045507	0.08447121615388364	0.30465828306566944
0.9025440566598774	0.2680631882562272	0.1355554491939539	0.33448817057732183	0.9911068545367056
	0.7189791414510215	0.38030791762714156	0.7225265270447505	0.4280308635321026
0.11727682235080439	0.538705667206541	0.9488578713460764	0.7157943687582484	0.224190880341825
0.03613545217566472	0.8342099816174344	0.5845624988033327	0.7441471707732217	0.6583562652495177
	0.5818204764021933	0.4175986400563315	0.543132946159034	0.48877160517095486
0.40395260044659476	0.28572405092935194	0.8079450144503865	0.21057970849423624	0.22271020489830695
0.3571277412309698	0.4093189575223303	0.7332642020272294	0.5018175359943319	0.651390137523454
0.6074202940744338	0.2241016251888983	0.4586183285535642	0.4753455697168242	0.5325994606313661
0.5551592600087327	0.06363056366134456	0.5695231240038242	0.49375607322443904	0.7759120160570459
0.6995396286542965	0.8587663838574222	0.15390838436995025	0.011844494727319299	0.946876857979069
0.8102955658796862	0.4395942681805258	0.08191212026884631	0.27611432627421817	0.2856869766806094
	0.9600774579344431	0.9121204014241857	0.4347091569094329	0.5823597990664174
0.877042075890699	0.03855087135385182	0.4919094664320176	0.7792367289478788	0.7448934140579113
0.2720354074450392	0.34116187930058306	0.5616072401986344	0.10947304208006103	0.37879322393508685
0.38674202356836507	0.06864866786905321	0.777108317991322	0.056849729933092785	0.7652186653880553
0.8796954822977894	0.30316941555840515	0.32570697848252195	0.11533954004981606	0.023172276011529158
0.9202565609794241	0.14045028117520597	0.05602524088065164	0.0128193737297011	0.555811271889592
0.3341760662747948	0.8010811394433266	0.42922280793987877	0.41255584873102236	0.39078770631143567
0.6727343843533621	0.7095692523583962	0.640999072721436	0.5512458713051546	0.8129409667312101
0.7895052738335403	0.5759681140281616	0.19986584748734026	0.3902652583877102	0.6799374355728565
0.4627489040453008	0.24339814806147275	0.848270384172267	0.26366574963378453	0.5288590560552754
0.6570546890254081	0.249616212111618	0.33568270591171756	0.8677052115616488	0.6237687638659496
0.06872151174804864	0.32968573373470844	0.01521583135001603	0.9369466499948091	0.3677234682217979
0.6459163170695996	0.8682767584059492	0.32663096337673436	0.4447976216991608	0.8983437403023982
0.11103081920931157	0.38571752355598965	0.2623731230708032	0.39726423782282805	0.28550383270424984
0.010386921481883804	0.45727375790874325	0.7002764570762608	0.7630037965387036	0.883642228321407
0.2104273703263203	0.7831124060022984	0.5666803587219188	0.07883943043356778	0.8669838435878524
0.17297883188788965	0.4169042358824372	0.2302018201718462	0.11348340900583909	0.6970036384697331
	0.7303107630918343	0.15963901735361585	0.37112198570467736	0.2861280954477031
0.20971026460965692	0.6341085039312155	0.31873075493539926	0.3438473148592873	0.07067692224945221
0.4852112019850515	0.6680548664208611	0.04774552500343121	0.5433701812158734	0.16948931860597238
0.4908787983728813	0.8497288665032854	0.11990375849618384	0.6669509838926108	0.9117227841664797
0.44353360083424465	0.2992294771519244	0.361323759846372	0.7596177515052126	0.8335229193545215
0.5958238649927132	0.23359607729202314	0.3148726690728879	0.7569715754077319	0.7217456653004716
0.8413176185923377	0.8101442764646837	0.5921195639313643	0.10284309326303909	0.4504520540418475
0.8161713015729938	0.2665960524186346	0.5273750071952483	0.7218787157166883	0.18123846093100104
0.42007339842351066	0.1868498920296271	0.3585250746902122	0.8082593949086724	0.11327090562468378
0.7047078364709658	0.4836729554232807	0.7766816960557504	0.36716143792694533	0.41642714431453187
0.817461175854104	0.07670241872276906	0.5377826818638232	0.8207061919100584	0.987066504281715
	0.01460766138876457	0.8245055738013883	0.46828556564152823	0.054513359243275605
0.6812928406893896	0.8720585624254241	0.13841979512113523	0.24976759853284747	0.9713564240251935
0.1484466531778169	0.8275689092879731	0.8630068207811176	0.19268110174887698	0.7576960594357153
0.2567991199722408	0.00780041462746861	0.30394855453283476	0.4014464347834914	0.01726674000835804
0.37547960114114187	0.3982244447958181	0.7131844509923824	0.11117170013845723	0.6825765868073052
0.9446493412228005	0.944066161798962	0.6614523765285153	0.1907148859808968	0.5335699771995523
0.05108099162903912	0.94528487150976	0.19081507545770837	0.18949550967747308	0.3292182176205134
0.39795249252123777	0.37395607240760953	0.5367354076908716	0.6362193869967264	0.6692325787763617
0.9390859493070417	0.4960387364829123	0.7687865750139873	0.39294433298680653	0.12084887296521463
0.016381187045011014	0.8917464760935936	0.5473805993344215	0.7181942907256533	0.8364736711697626
0.7483051945323828	0.7949190148143884	0.7468234644250121	0.8563286436296177	0.2771484180258177
0.6211698113449453	0.9736610464479979	0.7150132427032688	0.22496446939272774	0.06400309113051939
	0.9216008225438074	0.9656539814877754	0.8066293169392963	0.9915531517879973
0.15566876598749235	0.8595221666339345	0.8596200881498703	0.21608711960181193	0.021689422527399138
0.7834363190668603	0.8917204058292253	0.0686076816444059	0.17461367260964078	0.7106287546619586
0.20039614218527801	0.8363462474714293	0.5567623185961238	0.4234491071756361	0.45826229586034894
0.3619363339355294	0.45779136382103247	0.6837885278804812	0.7293172414210073	0.37242661752255524
0.8147625913476559	0.025971438235577793	0.17590248781619733	0.5657664896018882	0.9390768056934738
0.15207369987127717	0.27605291704809676	0.4682393951233266	0.29088611833191025	0.03881453908170229
0.9284295656888828	0.628344583943019	0.565498307179273	0.08675325434547787	0.18197129867322082
0.8601372849855052	0.9315871034030008	0.2800105229658747	0.3427401934496074	0.029187168774988392
0.04489628920256672	0.08739094752959087	0.9322158582870554	0.8118276682335105	0.08615449153285692
0.3357484809927521	0.3885917463430183	0.37494742678746495	0.36716322014482916	0.14080354352656554
0.9207736516816791	0.7132081997814623	0.9996330801503868	0.1877814634966709	0.3938824096000537
0.811038899488197	0.696633699184671	0.9209097915661875	0.6876085490803464	0.11596097361770663
0.2992134581516539	0.7484951679163182	0.6471852228853078	0.6070317086096746	0.7885312305884326
0.17149989653842357	0.7368917048444701	0.8673047196283922	0.9594704193097655	0.8062160866086931
0.10122882710387593	0.2915625608992688	0.9472281275194294	0.4517318454680401	0.21374830852259397
0.6249428666182678	0.8496894727244825	0.946908087572034	0.38022214830406187	0.7164188561913066
0.7983113210313647	0.1999847830479864	0.771948405067028	0.5900377973566545	0.8388478562191846
0.998181202314012	0.0017400388658482813	0.5450845946732181	0.840901132855993	0.9070111484865443
0.5469288944172913	0.8538830946517064	0.15984072715741993	0.8022199228800458	0.9183029657072993
0.6456558031421449	0.7351973577930061	0.05422278561990013	0.557191135325542	0.5776248648671124
	0.6866111079463666	0.5729034713234157	0.23759935796239917	0.4159828301321029
0.9191137519718936	0.2589779593560223	0.3771526973832585	0.49739376182536776	0.25686752906696997
	0.2027071489160085	0.18624616374001446	0.06750575670134451	0.741253772445581
0.08521967252828122	0.6508534151088889	0.908637916225913	0.33396783434231336	0.4141393753279159
0.4462388664073127	0.6247847329966202	0.13607683938056336	0.5906458308413757	0.3716381348393465
0.01725046155625043	0.11708058832501245	0.1641136874176653	0.9074592534298376	0.1801547875960804
0.5805493741501071	0.014212896799773667	0.46028789513818846	0.12449924156882697	0.3159308226237513
0.4301100796097437	0.07130408863294213	0.82644841886543	0.6034630658468387	0.175399316120052
0.5008257836668717	0.34774347630998725	0.7487219923617422	0.06241303382836616	0.9136341639510953
0.9764638892461145	0.9300643084565321	0.37056695232732173	0.24987521773687782	0.8549513944613163
0.8269434978410812	0.38203830051629106	0.9986412374791568	0.9603942634842654	0.09087946459716889
0.18809616884543845	0.6267626110678395	0.8755115844544917	0.5972842437435261	0.5051582158510425
0.687562446125592	0.32185867199520324	0.6994127916842487	0.7057303195577072	0.30129210172678156
	0.15269069670147561	0.49668660846301926	0.5318844087899812	0.6243798218780265
0.9714950784333967	0.08140165578859127	0.9364436607656906	0.9366994924414057	0.005895564037743717
0.08540839826519742	0.9663964743303849	0.1139010816180146	0.05105485306745017	0.8920240873389892
0.19296118718251787	0.5917780995547307	0.7499328369500751	0.03370712745800575	0.8002073720230719
0.27408649532034435	0.8395819610683225	0.5305109905518396	0.31997904938356214	0.009280825627740352
0.8326137901716827	0.5606804517144399	0.12895159105235487	0.3337752147246046	0.4962005360888485
0.41514458693281864	0.029239316535979776	0.9454817285654513	0.11208392646753063	0.7971823033110664
0.2404527136416552	0.12891592157893028	0.17215416794196414	0.9032716598673831	0.52996379664676
0.057376750554502975	0.10988001765027611	0.5699270908799087	0.9436065942947355	0.6183416322715551
0.7416417093132203	0.6081190322289025	0.45603923448601036	0.40222600230841876	0.5334289838025069
0.782637931386325	0.4947840039721372	0.8181558014837056	0.44872938270554863	0.5250726453688609
0.12111239548303787	0.7805420698798154	0.9163423357537607	0.1399963152909769	0.43151453822452734
0.2671179155407878	0.3039430882286164	0.735798417054748	0.3200275290330934	0.024852302721101394
0.7577686353788324	0.4299952658735927	0.9546237523570419	0.8539907954403707	0.5174608257490517
0.16073873955607199	0.8116111657424832	0.8361883722232472	0.1658353917838543	0.8860176094706839
0.3768554775025641	0.5113757099246825	0.07702990125900366	0.5561520994009674	0.9296549674685624
0.6330453817950628	0.14765871020270804	0.7491086698686646	0.41638732948584956	0.1018307801408993
0.22629737590793864	0.2694422169664501	0.9053711462647787	0.8750533563457619	0.6084765007167404
0.15905731450737448	0.20455016243761381	0.6481770854037234	0.611251436288155	0.7807905754736607
0.34818392643810414	0.11341208065707553	0.2767915298027148	0.5957885068252867	0.24465108966884597
0.39670557785498994	0.28552551109433744	0.8990697656490787	0.7106265343476994	0.7790492540434127
0.49641500988650666	0.5140229806397107	0.5219125920961231	0.09324876069739896	0.8803045555445508
0.5322821407745154	0.5439133651724478	0.6334378165114706	0.8279287428579569	0.6092741335379044
0.011411448532245738	0.9410041425875547	0.28629986146822994	0.01923365827954837	0.23635139786628656
0.7014375421790451	0.024265839337244244	0.9388265405385066	0.2669757103318645	0.35616422310438434
0.6588950846612608	0.6372282792751743	0.5327603495362924	0.21798774566399992	0.3707452647392673
0.5421925081962117	0.04302331434261486	0.6408827190920998	0.2152047037721735	0.06505790820860546
0.5238514041949415	0.8202103596805558	0.6612665646302059	0.8360382246717286	0.7681579646539244
0.40736214430444473	0.7651309557373637	0.9743081373842667	0.31179065832789654	0.30019157962742493
0.8012673104488143	0.4036171473748801	0.4879216462441993	0.12243661151803276	0.017919063531380508
0.7142565412890429	0.7864409161951665	0.4601309347267587	0.818410303401802	0.12285365838854001
0.37181768423126627	0.3767807486351029	0.2732914228723855	0.8261514380298727	0.5299562613901673
0.6363801733415885	0.6673538373381601	0.5476224153199417	0.007488612743929091	0.4100437107096331
0.2564606929586557	0.7991366084559652	0.36876663041839586	0.051030081639475866	0.5255937161378343
0.02103925228765724	0.6079265526438121	0.8341404136116817	0.05258200960608894	0.6534682646511514
0.4675188797483998	0.4289784512581494	0.7327688452039997	0.9378230858989708	0.4888131872720647
	0.4079861426685176	0.40189437796782645	0.25590227505883145	0.6127500669827761
0.5715614425776087	0.17987333214524392	0.9307155541893689	0.06806829685661553	0.0771085845641567
0.3216323595711367	0.7869338477957694	0.6502798672018218	0.40528934063316613	0.4200335528477175
0.3306278440057454	0.14514602583386826	0.6182302713013985	0.6176370232172061	0.1788959112273656
0.6952831351535762	0.857028101307187	0.5288595668096279	0.6388796948131238	0.6840079224688393
0.637103686613256	0.2782822170921362	0.1839931127481016	0.5365863743623366	0.018495847157115275
0.5601148683934021	0.9123046759078476	0.20085532824141505	0.6682474226886841	0.5912560002532393
0.6266265485587204	0.6470702243187159	0.5718958649820134	0.9682416350806013	0.47921216999001215
0.9251463870792638	0.28072396038531	0.5807149092917808	0.8856409649121223	0.6206302691159004
0.02463534421791569	0.7844382798450178	0.5137518132788306	0.7033278351881899	0.7237695496840942
0.5510287072722484	0.7019255611431803	0.41714090670502924	0.13845754653929876	0.56834650692668
	0.33266629143082205	0.1415408806020071	0.6589554836904301	0.8881664767725792
0.9841137156099184	0.400575179361477	0.16894895374902363	0.31786772524630924	0.2926670124190771
0.3053606109365875	0.4016996678488097	0.12688454874579724	0.6503084192980502	0.7476685097371129
0.6974982435222958	0.16284325359353735	0.7078546349681575	0.6926729278665631	0.042207228457913804
0.5882104501396771	0.10590654705505431	0.7526406211912627	0.01809735350297048	0.03176697066648848
0.5106554294827356	0.5614549403589941	0.6918443870012105	0.40036117331453047	0.13598656096170914
0.6234904253730847	0.11112205006156306	0.46741485444165254	0.22460478930426864	0.8609298632687583
0.5960276343908641	0.586288884736408	0.08272055782456644	0.3210909696040857	0.9093587032216349
0.7339749212626684	0.6065778866936442	0.013896508566648702	0.32286976079571006	0.5575928794584886
0.6647064487939399	0.22325374283769128	0.8926564048462385	0.5525928823382822	0.36007639014552695
0.8606405403858374	0.047343379880869896	0.25056836779789793	0.3839371302058655	0.41068517738095023
0.00719648001731632	0.5177234220298385	0.7314266113388741	0.9759936390109143	0.727001572488846
0.4533506445841424	0.04346717163511271	0.4950947513772298	0.16679298625579708	0.8867790234023516
0.35413465212390527	0.39539815213462215	0.48399141685826585	0.7749109265207836	0.4100994827993929
	0.8947693407668544	0.733026629087475	0.9343340807871857	0.7092298923637351
0.6418151015621816	0.45274204831126397	0.27428026284201	0.20381138689209088	0.0872144617313696
0.27679220291289586	0.5714352827132413	0.0005767298037699931	0.6800743594502132	0.7905874698637495
0.36374613315972737	0.8310235248186862	0.04633294950435474	0.007423928783370282	0.9835614867582164
	0.16188291203291827	0.8972939638049192	0.9898484079404187	0.7597919733808784
0.5687336925726146	0.39218980758128263	0.5792481104120137	0.5431429462610049	0.4640433415216162
0.12338874102448527	0.08026861571076993	0.242363929398432	0.467997582025093	0.020907209879322375
0.27838579993316026	0.8167753022656398	0.21482067329935717	0.6706102246680112	0.4985725665180165
0.1304606581886152	0.7342537378241589	0.05571477826430227	0.6034540303404282	0.6207442613677858
0.6307598737086937	0.9517698513053549	0.1737080599923424	0.7943390514493192	0.7319514842491592
0.0019142559971483397	0.9961727811586729	0.4643252075990818	0.33403066509413626	0.6586872475838914
0.9927369895293552	0.25260249372070365	0.21284983623446396	0.7387792600892342	0.7921808898850583
0.3255057364742374	0.5272641424221116	0.19458951807889124	0.16643244350848363	0.7536719259329182
0.5885246919543364	0.08179687986725404	0.4466116785547639	0.44962470268884924	0.32198146420960727
	0.6827129571519618	0.7175103185726087	0.821709912575109	0.09746881867456991
0.1893665464947527	0.09453971055914723	0.7646468821124779	0.2708286769266647	0.4267730663103424
0.30087858360565456	0.6335730287667883	0.8513995882249907	0.2631946026148596	0.020222277068426053
0.22394171234459692	0.5517274055095212	0.38518685194210944	0.2806671648843023	0.4783500913336257
0.24210452997476017	0.35904042908769296	0.8985806513874424	0.8966376623612788	0.25320672560066515
0.9134969822269916	0.2663987647529139	0.5020783761153504	0.20209700607790104	0.7940586202537632
	0.08321987501312444	0.380275561265599	0.88415902550606	0.16331139607215028
0.10376414057498529	0.6223858145376091	0.7007345748194479	0.6927319528310165	0.7659989301653797
0.3237544241533088	0.8332366217714616	0.8709630956851061	0.9244025440258382	0.5468130363816385
0.9796333471694247	0.9751083275928443	0.2682192780232221	0.7018807294588385	0.6865229649836441
0.5669650087642821	0.9450912049532031	0.5198456973478207	0.719715564363348	0.2711324539552785
0.3476609571916345	0.5886306436077612	0.33319369541228794	0.6231585246066667	0.03953671581034668
0.8124925225678745	0.877970439991849	0.1212351820783697	0.10688142330101091	0.8194928001990729
0.5495999636812495	0.050016050074337626	0.5286557458031247	0.6098484333534354	0.08722834453087958
0.9441875226161245	0.9255115801888606	0.9342299944118153	0.9387948416060434	0.18789255225515322
0.5110294203806004	0.9318171705263999	0.2665455386474246	0.26312332857119736	0.9764027037341972
	0.9606300869475	0.27586289386702	0.9641001369526023	0.07560356490302356
0.3917598589104012	0.11079022261126414	0.6141853544647816	0.8337542244442835	0.7083464004371106
0.48330027101492856	0.4834082018901428	0.4759906214249048	0.6376095523770934	0.6509972176424209
0.18661786879605358	0.9234857799483459	0.21864994283306627	0.027659026921800778	0.8606233943744089
	0.36179839415759374	0.021619695804616756	0.6360462794306996	0.4606855575909703
0.47577289325429895	0.8486134360438964	0.040533893604302484	0.7565040616136918	0.7144205310700813
0.5273181241443236	0.4504222382160138	0.15616614770563064	0.7809489929397156	0.08006022397369283
0.012354901559770481	0.13238583628197598	0.20282282933297624	0.07982723353384868	0.44426012334109277
0.42203860512456737	0.950095055746148	0.3146764008101326	0.33588706957899606	0.9368252918674059
0.41752493898664356	0.009695537479397665	0.8122237821326462	0.8421968364619002	0.8571969007183446
	0.7982064530696326	0.458990510959537	0.29442972646816556	0.5174751749735184
0.8591782874827613	0.11592405628467328	0.9733492973655573	0.08639696159389243	0.1835759886973326
0.027655614397716688	0.8701922752426552	0.6059954348119744	0.6937960384785719	0.4217186047072885
0.2755784280687654	0.1589955622021939	0.4042450152599524	0.5423339209450934	0.1507136390264021
0.8593499884385919	0.06681328806860076	0.22946342193959357	0.8230249128536751	0.7299851699111339
0.04532341847739396	0.9576416559825004	0.769315918102954	0.5936754332062258	0.8100918910212558
0.2020577421025609	0.15143050080997456	0.21875517507168996	0.30607669169776075	0.6219838499646336
0.7036897908657991	0.43645572119056597	0.3409014864668074	0.05973649421443972	0.4814764296880898
0.9386788421976532	0.7592690593004469	0.02326926663271678	0.6853690975830121	0.5079828305207493
0.16639336468884747	0.4175720980423032	0.0008219754129034085	0.3198409584918901	0.885681697928097
0.7245988296254523	0.5627640611902572	0.6016022947112369	0.8850160480747304	0.9118663275309214
0.5962558007149842	0.9485016542788903	0.16237488130519206	0.2301895559824434	0.11528738364655056
0.42807192396687155	0.5825404582737337	0.5494355883108373	0.7849962690429152	0.37681116469456044
0.628438425869944	0.9781861090730591	0.7920652400230428	0.555188267005026	0.012294272713760379
0.7044121689539707	0.7901411739080982	0.7827203805934566	0.7358047155083366	0.9036943483496065
0.23161271846298825	0.4355048788158624	0.5793616733755275	0.8609646037456221	0.43822786679242753
0.10462887751551875	0.1894362174449149	0.3194868230793355	0.6425288295657388	0.9350828709070605
0.4056891538274774	0.8755642271224918	0.7061826755281406	0.9005109769646654	0.5443842910244783
0.31497754855792137	0.13554110598268132	0.44113230028722517	0.3346944039939659	0.6430800725789546
0.38185020861990937	0.981715627934016	0.7041406104483747	0.20766331032210472	0.5723913727179185
0.30873469973870105	0.88694393065361	0.9408958480930546	0.789846197106253	0.7729335967496963
0.7992971370729671	0.21142242738215744	0.8542378328863438	0.5212443069310948	0.01305787756066823
0.08810435115607007	0.6066384460401039	0.8036049654116394	0.07818137704906303	0.26630485954691097
0.9331000380157988	0.21919701471355013	0.04929711070525855	0.9199402189191175	0.19577742331693126
	0.8119805008481248	0.16553168744230973	0.6520755325189259	0.9950504719559773
0.24665933116206717	0.08069277404310493	0.45462206242708814	0.49794658472736464	0.7926686510165679
0.08281757251938504	0.9002696426449993	0.46945397012605605	0.3306518562308495	0.5290563939641653
0.5340248203484882	0.43511813734091886	0.6735407108758606	0.25513911258623556	0.3358462287009626
0.08724511403103585	0.8964675716214813	0.12437379243491586	0.06892797312931798	0.9571126284236672
0.5585523596443416	0.8340691144300979	0.4941683320485104	0.9696593481586802	0.7196289472118407
0.4504069029353486	0.23524448954509203	0.4590314197053055	0.6548477777503421	0.30266917737888954
0.059993902910434826	0.9870632349089524	0.9756291259143174	0.3392567978869945	0.4533323523781053
0.9613961618083956	0.7472628653552399	0.4012356670694637	0.08655430614904847	0.4879454645364034
0.8105775304999764	0.5502547719781672	0.1354846665377668	0.6528676696530921	0.7086357984591972
0.3778134319861651	0.20457682934212595	0.9208264707451149	0.14300349468570916	0.9005928963000487
0.680589324741959	0.2305669078598941	0.46061210818753007	0.5481144973069423	0.09737376373438233
0.9978726249666301	0.4879882359102792	0.6249866473401793	0.28117794689166997	0.2833287060121601
0.22733620856924253	0.5898905867363994	0.38129450818460353	0.13708231764558343	0.03441008203769247
0.1631623213038178	0.19318278307970105	0.8362548886415855	0.6032842792386587	0.5883752170549751
0.32634183931229	0.2990530683815448	0.5649827454691683	0.20847918994730452	0.12326862104064717
0.44664872231012664	0.056907848063602606	0.8867930931326962	0.9859327901397417	0.4842411124033815
0.44860040587699246	0.12269846911480664	0.9392757400843327	0.2319756426257953	0.8789027435769394
0.8360218271015557	0.44173074002193713	0.6148161151847004	0.9279846523705045	0.6459610864799876
0.720601888769522	0.08757457411141756	0.3594640379801789	0.005369009577081307	0.6606008732379433
0.15012428212234297	0.8336155341710603	0.8492903080232013	0.21393565950198257	0.4125786163107096
0.6067960786651095	0.09166050237633172	0.07100435806573024	0.6528915109038195	0.2899438090566874
	0.618820614990375	0.25948651919081955	0.29847550759535857	0.8901466737359353
0.6964090704170747	0.646755245854605	0.02915405976113783	0.5459377009463189	0.26015330637775114
0.9427120189415253	0.3038351638154395	0.7106347546147027	0.13199818834261778	0.404256308695109
0.2226266043297601	0.09828093139956073	0.8538433221409919	0.8104546613027013	0.7049636481058319
0.3376320231264386	0.9221662822451688	0.040310743845733854	0.635742057562724	0.36913110525600634
0.9502533512875304	0.5532171656779155	0.8293063775687569	0.27407312493513414	0.10129009568442893
0.2708061957950232	0.936978233418586	0.9064573208142204	0.9971927888466869	0.13155961590369702
0.3906082280234008	0.274212626829072	0.7085451366705018	0.8740891894978988	0.3744545509850251
0.3464328339738828	0.6174239719523522	0.7454484611644226	0.7918717775465647	0.28090100287317143
0.6562824090310663	0.3467919842328162	0.2979584561335028	0.99176224446301	0.6532391638624412
0.5249968690645487	0.11437636806562379	0.4028881095196083	0.24114074861689117	0.5204865801131219
0.27257276990733703	0.6135031209840276	0.6781053150940276	0.32440536556099875	0.07711240205024761
0.027728574611629253	0.5226429638297457	0.3212903860559415	0.35863754520506863	0.4720141884385013
0.9851295977381819	0.8037489203611522	0.24784861994130603	0.17082536259659864	0.43624939861259293
0.6876575524776138	0.8191352652609455	0.7723813687013075	0.6806789467593612	0.6949760586366679
0.7986680326714947	0.5147954555839815	0.5050526789981138	0.12652740904819304	0.9220267159241944
0.9477750259467944	0.9540324366194137	0.4560004934505717	0.4884075226611254	0.10269695699418047
0.9158760012795425	0.7703172806083661	0.28361777809935373	0.04453197646356699	0.061809337009756216
0.8798264637241088	0.40964363275204485	0.8222210656890514	0.7370957697927778	0.6856639314051622
0.14416255377358045	0.05217294173797915	0.7100882716455875	0.8613182229230507	0.8737498744709122
0.10605938427610051	0.815815861919801	0.6825253488678067	0.21936311397387287	0.4225124095818027
0.18992160470889308	0.2576616972881346	0.32020865752959804	0.7685749480319272	0.757577159994753
	0.47394503727690995	0.3736087531368927	0.06987268252385981	0.7236779206841084
0.6266172548999	0.3647935691347435	0.8915049670060406	0.7387342675110377	0.12991743588875904
0.39754448066598735	0.1733054426418622	0.40902280254344825	0.41262153503164056	0.19596013666769674
0.4526182156838583	0.9796879777737518	0.8412072544809029	0.32342820571400077	0.590894269594852
0.661348688229694	0.9069182872426339	0.47326025127718596	0.7482873007931155	0.5960575874016822
0.429136642982453	0.32159014761952487	0.4008698607107213	0.27610517122993206	0.15916234185756173
	0.6207118200379564	0.559785026347235	0.2572598640478134	0.7119445810005456
0.5162360596941638	0.2751644439780059	0.5736061869970958	0.5193202484093068	0.3410355613018178
0.8892523558637727	0.05800574791427793	0.10165921495242769	0.6050968330234558	0.7899712574362978
0.07963843110252944	0.2417596156570867	0.5248497129195586	0.4256981808118502	0.10646157234535802
0.6193650235873157	0.6072155604405816	0.38955161117637227	0.4449285342081828	0.378953530475281
0.5927933838728968	0.560954278960347	0.09771418076993532	0.46725392515355646	0.5295412772199882
0.7699010495088813	0.7746268953275302	0.17116551335337704	0.6163517480741346	0.28826663217848214
0.9516382799533684	0.940918398402472	0.02468418525798599	0.4948839908516933	0.8987690682786001
0.46560208909615075	0.16777028165400854	0.6347778843869949	0.757156694854524	0.921387953328488
0.6973036490443211	0.22232799822643712	0.7279339027280224	0.14551465037993871	0.7408383952819242
0.6561172101190281	0.6433718509090088	0.9262344314722897	0.942155309927936	0.1132162628880935
0.964823592328309	0.6592817914985983	0.5087164907847981	0.7673108383264795	0.09869776184341816
0.691203187787833	0.910512091551659	0.6523725164651463	0.31795669944341076	0.6507480407625973
0.9547166616495876	0.5361165863184978	0.5365385223689371	0.016593349910737243	0.5660159638701254
0.3876740184725216	0.9802718458419614	0.0964740713530583	0.2825785216855169	0.19788838937760267
	0.6998477047014949	0.4071563274515856	0.6966536652905928	0.26600691455376146
0.2216841064725904	0.37328805587019787	0.6278940127118129	0.3159839417262862	0.7830490244637669
0.8506379096441102	0.6400116509499449	0.9964601330468447	0.36006157862738597	0.820076602309378
0.5058361525601398	0.3110249884532571	0.6566828658934691	0.5510372305020649	0.15652466159988732
0.45058486811923637	0.9734692615610138	0.6179233292804654	0.5558539875934647	0.9375514021043123
	0.9844118387827635	0.19997259369291542	0.5127694062972538	0.6402727760671305
0.9398317911879834	0.47931014774641734	0.8511032339668337	0.8854402445403534	0.33518066133122093
0.9541955197823504	0.23747964738143668	0.4504026995893391	0.824453930803916	0.3124297095554843
0.5896721194669047	0.8090913973268576	0.6421039119300175	0.05278768101566589	0.4311225373790811
0.3943307798858754	0.08564823017264989	0.5205109735141521	0.9321594750669042	0.11406126498580316
0.4205595834720707	0.47709080403393844	0.19110952770422562	0.5478955594381447	0.5802280706681737
0.7351203638156697	0.9846766593863556	0.25212960203653667	0.367461785825841	0.9512306768919863
0.18297280032731844	0.9472867006676061	0.8224492856557929	0.9638360872095578	0.3497794289438043
0.11087193316710742	0.007778359113546074	0.18215793213747922	0.917153678370979	0.2117742749752497
0.6103207119679281	0.22483029208663508	0.1399161007390083	0.9391515841640702	0.8310841008092258
0.4648209959522347	0.17525639143279892	0.46537241121562234	0.9776242816680425	0.06020001952151832
0.2487259460207133	0.9237282724633594	0.4715961044323387	0.50882199764396	0.4553589658393309
0.95671769292363	0.04261323861684707	0.8537298100259113	0.7516232134041027	0.7908115893134438
0.10163099653474006	0.4346364526524531	0.9730074364575662	0.5112117914279171	0.38054812660524284
0.16341446873785692	0.9680224274717228	0.13221520701063005	0.7435073677605456	0.6758741377350367
0.17633401414447014	0.3767684683253135	0.656311340005675	0.4557749493847769	0.5999722015303797
0.728113707915032	0.06328039637533112	0.672199789726304	0.8750379422383378	0.3225473559059764
0.34704787311211194	0.3257554574820608	0.5787971198621867	0.5165211421073872	0.19726982634525947
0.9901918700232697	0.6008262016733597	0.01907190442545459	0.40149033741319695	0.3588810135421895
0.1717449045556264	0.17460363253819833	0.2310788696240227	0.9575452844237706	0.7913775612399058
0.3352419285276972	0.24639816933147896	0.43948497339296166	0.058720342672213266	0.5977974687338019
0.2840123128017997	0.8437546491735602	0.3120719864705812	0.2073551519422786	0.3117236582089504
0.4290103289353955	0.057621143067719593	0.5082075718168744	0.14145035207975354	0.33712927725726216
0.21423476127453278	0.8741169526209002	0.013435347250286722	0.35236052568398646	0.12086336289567157
0.10108296185095234	0.6933396660466831	0.0673357172208916	0.303228637953184	0.2710067117607128
0.11404940574471178	0.677594577007327	0.5355162588388446	0.7070664966995884	0.6067400224730667
0.9498766184777717	0.8565237588750164	0.43030327491737774	0.6223478790244282	0.22697186864163632
0.8071202251230598	0.6199496463412103	0.3071892389935651	0.8976449823017346	0.8039448186002255
0.20999957127933844	0.6642403672863685	0.7355291133824231	0.09963124363137277	0.3530209705199747
0.37079778470845004	0.6282041729041231	0.8119407689397748	0.3533864029916768	0.26073707821515435
0.1306587383027168	0.9273310945329495	0.8415633296132067	0.2729336606689299	0.058706081796557896
0.9335674468103149	0.2815488280293552	0.2601489386601181	0.828591967310524	0.2998018024655197
0.25750624063700567	0.16796132524985574	0.9447971670880445	0.005689530710236479	0.48087893365406287
0.7418295139075873	0.3112023452845789	0.5791033479038724	0.6941136075589581	0.5014985165229008
0.05171763946586805	0.11352097320403387	0.005849200057441606	0.5452961662887056	0.07443245838600332
0.686276479542854	0.06645541900426022	0.5642073482512671	0.3316291231508307	0.42515324472392435
0.8769065537342944	0.41839623426069406	0.21037361423902046	0.7291347754269839	0.3680916583103444
0.0652947101660799	0.6078920496408418	0.026474523699078434	0.3380372732522471	0.7615539745873976
0.3304426151493257	0.8593853688118221	0.048693346226374334	0.23741828404108634	0.8735658504323853
0.47926543466504545	0.8902511436705175	0.242956354462739	0.623139756796109	0.12749521487844384
0.02233103624879962	0.956953356033376	0.9554557944772616	0.6739704579031043	0.0345717536684329
0.3382779352177223	0.06402171917598287	0.7695640612383422	0.3197197368519695	0.3783380786109565
0.4795025681641204	0.092779116064313	0.08311357826562005	0.3166004820361126	0.7280722947570711
	0.9572265247719604	0.0003935418309521932	0.1400186650412999	0.8426950243965617
0.41458072005817237	0.14930945473840052	0.6483440520905939	0.15480726585743543	0.1895725490057174
0.044627239382596384	0.6170142425032205	0.6595455866619421	0.92447702350259	0.9671551120495034
0.9209789743872383	0.9212061372509842	0.8793181016491968	0.34875299371725943	0.34574064471270216
0.6655879695021433	0.9818655443068031	0.25581552313812395	0.40394762973817466	0.7545330849515275
0.9600330639738495	0.15478624309983757	0.7331923026387256	0.8775359970826679	0.14384294031087497
0.779620109830168	0.1589840872692606	0.3483705578970153	0.6197478759366157	0.3508425820126295
	0.05126709760103054	0.5604773471038708	0.7174054015931732	0.07336891211595542
	0.2739577233580026	0.08669563813710712	0.4265244560146204	0.09846709686840494
0.025322520079960054	0.8823091042038677	0.20625408347624907	0.27627694652222334	0.6213267566732307
0.1274331906266457	0.9424713598176105	0.36244391228064354	0.8029000207816179	0.1605046112617079
0.8940510166149201	0.806738091100344	0.3271898652860914	0.39104336837629594	0.30948938412760296
0.24165478540413943	0.5301165917998479	0.7765063309829698	0.07327585264962477	0.8948275812833092
0.5498465904241384	0.7150048804033113	0.8666781777162794	0.09411196337456518	0.801054586101079
0.16190475488998834	0.31238403987206387	0.2522774715485633	0.9397837719335375	0.7993649739905847
0.657647112057786	0.10421622194466496	0.15272418557985146	0.8420867158165525	0.6690131562255318
0.8753821041984254	0.8909777116666692	0.8774287422047449	0.3908679178496268	0.664136398692574
0.9271777652054692	0.29091989331193036	0.623720204747932	0.834658374924691	0.22977699259331885
0.32847473028474883	0.8927297046869782	0.5337901117833712	0.6228676211022274	0.8142823116252399
	0.34831821592997825	0.3965055257424095	0.3731265979323657	0.4956146717850849
0.33257263468147713	0.9309708648173566	0.3538195933106023	0.548732636677568	0.7993509018737209
0.13216695417627977	0.6337862262133136	0.30079988209063413	0.19049926930652605	0.9712772934799039
0.9188125724870726	0.12049608548667912	0.4265206802947208	0.3502750475783688	0.6001035474859201
0.24969202514433275	0.580414880123828	0.9552311993385296	0.06990339092269904	0.939650399265712
0.7798856423932934	0.2909622697500148	0.9659851940675088	0.685401573830879	0.04125634177798587
0.3989489030520582	0.2378059945972545	0.34063677523230407	0.4440800097242801	0.737592714279621
0.3200193477493082	0.234254688369553	0.3022834165306999	0.16044294685473404	0.2673070591968838
0.5105343664110302	0.7241102744211007	0.05294368452819398	0.9859698853828849	0.5204893683663759
0.16296792228485957	0.5812197993457127	0.04824138610054751	0.07414268949603742	0.5733026642028812
0.06634475115693306	0.14045167546656767	0.20472867954063811	0.6818701712733412	0.7318248118436863
0.9639111656425348	0.792277260483474	0.2596490183124823	0.6455380246129513	0.5496228093506752
0.6327513367474527	0.04313478467189935	0.21631741402205074	0.5480359728444634	0.9903278524566446
0.8194286898441029	0.6627274778377621	0.9894168724549572	0.6971329432441372	0.3345248034794177
0.8494911938489808	0.2280787681039882	0.41339918346531257	0.9787211927081674	0.12013184303183522
0.7610263961310623	0.17599391757470195	0.5297913471060324	0.47649315799626824	0.39193993470690247
0.12002487637610126	0.4928282037209718	0.8414616300507362	0.20297255404097692	0.9130472781707777
0.05243486178463386	0.22460929999896662	0.7842379531843742	0.4339587551385723	0.42099252628226813
0.20145341516824378	0.9607944865809386	0.5885118437568821	0.020769042252330894	0.04734183307315465
0.07672646766048419	0.06632497843354168	0.035201531848598755	0.09797981638266073	0.770461243341029
0.6518371154022128	0.5067648281503379	0.9726575623288679	0.4840703763872014	0.5079985102623915
0.14085061603580595	0.08037711284520022	0.590347868472734	0.9915691845046147	0.5925495693903414
0.22478031909377494	0.7756064379858241	0.5115761635195515	0.38422899624109175	0.8691813662051633
0.3573110381136261	0.40536597399638885	0.6314161573992442	0.04993459857952187	0.36480679051257436
0.6471925735589773	0.7508539122289182	0.5744538331264702	0.9410539757117771	0.952384353957617
0.6182863044130866	0.7560512475217427	0.036940540836081226	0.644314870836515	0.8256620047650511
0.3189912094596231	0.8277428966985254	0.440697334929547	0.9880175857421369	0.6058434333149245
0.337548555393685	0.4214308183379688	0.13471523900479676	0.8473040029531338	0.8476238938478587
0.5159497808554296	0.8384025226290915	0.10790845032576313	0.17552355660241903	0.6269866463335549
	0.889575968504089	0.05918039427360022	0.3885615942419328	0.08059632960709184
0.06736388538143823	0.5935841813040831	0.6751697655473926	0.8393391140405263	0.9631839535840669
0.5907409835883138	0.5914252978778631	0.27195980707496303	0.48899708278578435	0.18276249717379323
0.0929801212735144	0.16176599251019375	0.0004137840817216576	0.8657707067103312	0.5679914832575896
	0.3072714574455929	0.4686870214851955	0.4017550137217728	0.41685352318107916
0.6478138292199545	0.26112748762023796	0.26525421906154967	0.05885698914840998	0.18880376676825472
0.30661381598573667	0.8756908162152244	0.1490669158677994	0.7112301849088326	0.7432761866291151
0.6296185780153453	0.24410555613934515	0.3839704777773967	0.15834557480269318	0.40888360189031203
0.6495339950433769	0.3946587039717234	0.17280700903643476	0.3690759090871746	0.04646751200819854
0.8637580878958836	0.2771507767550062	0.7592414846653927	0.8698673976784176	0.14839489386085136
0.1728646325681814	0.9602284373066858	0.23794438887002167	0.6520641300484548	0.509797388039264
0.4400848084394541	0.9460758627580211	0.5726808365856006	0.1615387896232745	0.9677593852734788
0.06024670249452546	0.16798580503280935	0.07617596443629837	0.8868507386654567	0.23999099812163305
0.24608242493194232	0.33407972297195776	0.7419429022529226	0.12699488315701424	0.7094807560946814
0.664317496706414	0.13565995172914613	0.48782242391883046	0.5561433716094211	0.9877617988262796
0.00444172552879718	0.7764772817936185	0.702110089650653	0.07939510419006812	0.1882306591784495
0.43590237273738386	0.5094414518371156	0.8899516276630484	0.6091183166358876	0.5816406154229188
0.27062954614635915	0.5820667596193961	0.5639684027223805	0.42090987215042475	0.538566287892472
0.16606846731614544	0.3264187631330375	0.8687044647719276	0.4758896426699304	0.15429954819648461
0.44491139041393957	0.09380084334687666	0.8003445553467411	0.31830650210030287	0.4486067054399334
	0.14176331882526272	0.5114726790101176	0.13541519391945778	0.3313446342287941
0.7635373280547704	0.38761178992446244	0.6015830933044102	0.41440535620289054	0.2849362369573476
0.21514692971487237	0.5676327784289631	0.8483383046205777	0.15968274364907764	0.5916908003273901
0.37470858933604967	0.4336558207491962	0.9397356062650489	0.16780884799657336	0.30413505867290735
0.13276122042990535	0.9670192926351746	0.5015781731428303	0.08262339544164943	0.9051972429171922
0.6522686232980519	0.7815428651474953	0.02374873177224157	0.7632338256993771	0.5706847170576983
0.8701056361751596	0.9900969770740262	0.5389125712853391	0.6097968449875706	0.7741293135736053
	0.10571512576875042	0.22138092666630071	0.8866079377887942	0.22261491875023243
0.09730937736488376	0.6567186750418218	0.8744807227342427	0.755972420712262	0.362049695411124
0.8603381418914376	0.969974036401671	0.5299175714148907	0.3243454194514591	0.8132709403771616
0.7751931913651338	0.6471967125269358	0.26582019038642946	0.11482400819876648	0.6532274055209438
0.3005971267700879	0.31598720033152783	0.24165725982293307	0.6742899718457157	0.9714293458258859
0.07352255103579164	0.07181978514356624	0.48531791398372937	0.8257463289609779	0.3598074598492309
0.8039178258949244	0.25554975867650287	0.43963178703417327	0.36235080920999385	0.07805324060673924
0.9613789376416122	0.3626831293749522	0.6483303807554514	0.7351140565877219	0.33811616214472506
0.1523418203524941	0.9250972709768915	0.018427497333415976	0.3483585914101428	0.4792884193050184
0.5316492734409201	0.9731224406980666	0.840014857603678	0.036249394416399405	0.16948317363714005
0.8150585480477762	0.16381733046864744	0.30201082957148595	0.49428088021977956	0.9576268955959434
0.9742152296038162	0.673212786844997	0.7625079753325054	0.13664456671867775	0.9052661448943594
0.3682514803576108	0.14863594569569416	0.3573329245990491	0.9048083124887518	0.7370475948819799
0.1945541396550573	0.06671607384469702	0.5539065909243701	0.7301662033935804	0.9056283509164698
0.6605001690302156	0.48254238189821097	0.19898115101421587	0.9376816580373526	0.4538505156741084
0.21552451647098791	0.7038332814570495	0.27730878611939247	0.8082026740564143	0.223172430874926
0.11203527914118028	0.5904761919677696	0.4092524700232668	0.1892769618744956	0.4420689954932151
0.55713724685694	0.5439667384920962	0.2530982938060613	0.6544529284255809	0.6336810566539519
	0.28310263050800843	0.7094308147516234	0.6637405845094042	0.8549679101106915
0.5638517691471623	0.7026633939427616	0.14304941025436613	0.2504593011368592	0.5002447781913489
0.12640989173330885	0.606863115261612	0.7892572018139009	0.45180369291493994	0.27840011849502466
0.9098338325737041	0.27553410368651365	0.15424905256624855	0.2949029466820432	0.46526817769573614
0.6107578800297504	0.390373370722939	0.3817180458765007	0.9472731618036462	0.47665448751329775
0.09459432020632552	0.4689617215349896	0.6003782937762023	0.8597580208626523	0.583531921473429
0.20252017558959456	0.6453100103899078	0.7341360533792788	0.49235793956539	0.3040077726885464
0.5869674922496309	0.8028097326251902	0.89378832003991	0.40581321081444754	0.26606888689366315
0.3176149467919347	0.7263118874933755	0.5532260315541195	0.07823637973421127	0.4175261994264551
0.1781072739965882	0.5782284987007825	0.7395909927873477	0.8614265530455579	0.9984496218170492
0.184161607599294	0.4663523964521513	0.2721437064531027	0.8700596304869564	0.5857848673450017
0.7412566619147155	0.9263678747118658	0.12927081713190502	0.29249820706822593	0.7666770356976177
0.08706390303904077	0.7834339199145676	0.5152390652518939	0.26676667362229833	0.09325494137917856
0.4527159147323122	0.5146206019628411	0.7258711028423748	0.3227335757246067	0.4584495330369377
0.4591427517954444	0.33797847393340597	0.2408785245132462	0.9614253733667253	0.5291011940637826
0.6316240937421986	0.2834050728508507	0.1358581159070752	0.8329382221801683	0.7293086964219
0.7759388734469178	0.9839651677404392	0.4921427902928245	0.44948117610565563	0.1771905677983424
0.3652674415718309	0.7204879428278751	0.31524222825410175	0.3862689744111224	0.8183386106115501
0.7571456368954611	0.03589722213072011	0.9433086387194245	0.44667663852675965	0.8065972853416165
0.6579990455803189	0.5392311009201172	0.0010087424501479259	0.33048649775064143	0.34832772550662405
0.374011889283303	0.008608284816897793	0.7045777281083708	0.11937720464208568	0.3095094683115587
0.3145546415996605	0.32876450884391795	0.6538494901016926	0.667592899938471	0.926162529278565
	0.7818227785285456	0.05935526302182004	0.025852967894234857	0.7421202480837592
0.15663481399662504	0.7291317966374012	0.855949840720563	0.3109931861864257	0.35164897441200793
0.6886572746880172	0.1332517617218194	0.11506026077340792	0.30279443919154303	0.3291035460482751
0.2568325332511745	0.038746600119856756	0.5682905477901976	0.7838868504717452	0.8009263749679781
0.46107330095109345	0.2344094803307829	0.23684866926345227	0.4497732287273709	0.33224859621223934
0.2562911685504753	0.5139075104340916	0.6353325746507885	0.27901387646833464	0.7818149653053361
0.0754418426832123	0.1690560036278712	0.03942359299537557	0.8926227944942358	0.3845981520784496
0.3252824632515091	0.03479238444819499	0.9098277082054328	0.008961682375184021	0.09263651643181736
0.2951507916419902	0.8163122843941021	0.7099243887816402	0.16701226485602283	0.47771883084261
0.4509382597468633	0.9572498955488912	0.7148926019978318	0.06225531126920991	0.43659874859314973
0.6634983003822036	0.7461490867288135	0.12386571831723081	0.6712706900746118	0.0923135463940572
	0.07718890328101025	0.11426198494657525	0.8973256762023508	0.19839874920325806
	0.8259398672654654	0.5640389476209294	0.5060958984237263	0.8778639183536681
0.9952680407122098	0.5716933946071684	0.6878453662831487	0.467530821565472	0.49467201927269644
0.36528852443849236	0.5661895410233694	0.6916193816782	0.36928218327285467	0.057151381862396655
0.302283133038056	0.9769941535078008	0.6826296019855973	0.06727047818096932	0.3001987851640433
0.7069486146361106	0.2404760102461586	0.8728383276155195	0.5946642572934165	0.04378676116420133
	0.055858391780650885	0.25910298976239243	0.7914687193740919	0.5648251098865235
0.13649700499943263	0.15177915489994753	0.5925484749575094	0.15165893104691974	0.012908799790571246
0.32956642767411626	0.2895679868464076	0.5245051430464913	0.873993001507455	0.1524682893379985
0.7676319483559446	0.12899276252525793	0.9856171929500613	0.6325125866208354	0.39139195162154794
0.730291198634433	0.9303104170218605	0.5939481253854796	0.833037016506539	0.7393216420316973
0.857057660621168	0.06922853272203267	0.8003549241298055	0.7498297263229476	0.9548632865361638
0.18593765537720663	0.6219515958012037	0.22127279315458648	0.2276047164337739	0.7352826597848723
0.1264862771098625	0.17891210940357372	0.6935775253664812	0.8897871415350731	0.0059624803021576245
0.8112853246823788	0.22025975342768334	0.2959508478099181	0.8343339909255657	0.2323097523920471
0.09526477560916169	0.5954008720800161	0.9102619805136383	0.8551736860629514	0.4672081194692571
0.6389825731345194	0.649334392532585	0.8946516923152148	0.12208549997227591	0.439760788914181
0.3323142853214026	0.8610200235238327	0.0007508988416182749	0.35393367999792436	0.5026392320578446
0.49435957908518835	0.0833590647981498	0.32140408511215013	0.6882157238816259	0.006868383630906139
0.77744661158077	0.2668004853983903	0.5345474385038639	0.4614918396386044	0.01744569627839243
0.9126073885037037	0.28846595410047915	0.3670489710904381	0.1328507439452532	0.5343522082947952
0.3942888711091205	0.9835397419945939	0.04679463392133543	0.4956901424843797	0.276689498740738
0.5575465884405679	0.8512637642404949	0.997346592988727	0.8822506836021607	0.9279549152220634
0.9611088350376801	0.7610661465251818	0.21189859148368817	0.847856271373673	0.8004147682259019
	0.3031697235769887	0.34931984160143004	0.8650274010824988	0.9882017084939089
0.5291254684156047	0.5732336920443959	0.31444843772934183	0.17495125051119786	0.4548547145697124
0.6158713445506936	0.4908790065680857	0.7747522939485573	0.8333975479501061	0.9243801664141797
0.23296304752675978	0.13797146979944885	0.898120388257861	0.6166636455050807	0.7865848760867443
0.5463238543002279	0.39220358072990336	0.8716388497420714	0.7000441231197976	0.6549286244917011
0.3349025134846795	0.46459029710982025	0.38523414804124867	0.6867855176486899	0.03264846542477717
0.19543911303799966	0.7101511492564555	0.6626501177859376	0.391602182043046	0.5415959107818064
0.10660617352937185	0.11047200156205172	0.13075087589139123	0.4931278342424772	0.25425867748690334
0.06495244507642983	0.4525343290296836	0.8053095536568625	0.1524922464160342	0.04313615685780914
0.9315845384002286	0.7720846374602081	0.08447513639689086	0.1349261149349339	0.1755639383025368
0.9558060687813991	0.23139971450912067	0.145349590951955	0.3141808818306996	0.8117269980777003
	0.7727766052873967	0.6172060836032682	0.12270762891074227	0.43691699131628026
0.22344803239678357	0.07343772250817149	0.47913736849922683	0.9186982236821986	0.6400649959496407
0.43504634706703227	0.6865066069375863	0.29572770944301285	0.8591472266482286	0.006426356121659205
0.2674413577206758	0.17005685629024336	0.7538132067003435	0.5040282055887506	0.7459234648133979
0.13016352741859816	0.6204070003831924	0.34600551590221895	0.8108967174463355	0.9247395031360915
0.8173516338086221	0.39030568568706003	0.19814571524610491	0.7731264781147699	0.9314367828102488
0.5501236325805787	0.3721255897516509	0.3932589227276041	0.904443627907336	0.7404892103611935
	0.19758679062294038	0.373921648353049	0.48260754177141474	0.5631389210884654
0.18439964055326663	0.8222087827362289	0.0073850839341448316	0.47777367940525395	0.09616378793653557
0.3029412503483898	0.141217725539999	0.6514426655263864	0.7058929557143997	0.9393615371343994
0.32327602444438264	0.8199003306012254	0.22388856226986376	0.35936295074115576	0.7233372860782571
0.5728287399419209	0.871090662997967	0.34289203406118396	0.5375827945069878	0.6583022111635389
0.08278502089412099	0.03274373562886301	0.8528971939566357	0.1978351417770644	0.48923661422190845
0.6749598217361623	0.33607449020063807	0.01799764024983619	0.2967069393005657	0.13323004689835627
0.7466980187819698	0.27324469784359573	0.9483505595713664	0.8706408144272859	0.06247567508780094
0.6723895321250172	0.2787283631760702	0.021346069857302363	0.3583586796771715	0.6535661010983718
	0.7586393200750918	0.3451851578369063	0.010288004681427987	0.027535367421272383
0.08266508529898842	0.006729821998673002	0.8311665688862956	0.1770120104577645	0.4579904276344531
0.07957994430000548	0.3778377881513627	0.7445308583908797	0.9954451816314323	0.22107325808502232
0.6785152361415936	0.3497644093794462	0.28820023576328346	0.818690831383349	0.2450484036922672
0.7420246154791529	0.4735167235225719	0.0053399731092113045	0.10639370166692175	0.5156174711754291
0.30663474561462656	0.5190686045434476	0.5600505136575639	0.14279430625482548	0.4630111231303291
0.5159640858886698	0.4457776231126772	0.6983964942019733	0.6646122323375143	0.5198462559201252
0.3917313780929347	0.9086152950763018	0.38643970589982246	0.7185134201355575	0.9742756132431281
0.05729641428572574	0.7123477888747495	0.3311925512656656	0.24824247748108097	0.6475878869908132
0.2268149893679442	0.10813545719718975	0.05014343462879267	0.08220659939704289	0.8324158427207278
0.02071747417368275	0.8079593430600919	0.9219579088740947	0.9545690967746693	0.587310522939609
0.020347979778530867	0.5549887835743533	0.8225637807772125	0.06527264094433083	0.9258925754648182
0.6100514781841961	0.2859335397606736	0.12234386287561694	0.7425445060210547	0.8006899471816638
0.9670125886528452	0.608407454138306	0.569929078454279	0.04627275441724199	0.6832305436449845
0.38812233350608605	0.8063219479474789	0.4304494212579648	0.705172751946482	0.08802831606588946
0.11495013358860595	0.41790387827430986	0.5332686096043794	0.6969192736605343	0.2717142791020071
0.21551966008182222	0.956182291992615	0.22366417905620117	0.27681527194053945	0.5427401728226079
0.4059382201223922	0.8335196624525486	0.49819066008454094	0.860560363586391	0.016639428645238596
0.9816205299858862	0.04080507957998769	0.7846634813189892	0.3462070073605482	0.44985163587262456
0.04272716034357149	0.48979119415776906	0.6288309544909826	0.5057219190065462	0.8764423245503785
0.49196532628954626	0.6221614012396526	0.72041629671002	0.7854258706408944	0.2867607775974369
0.6143570778451707	0.39254927911895476	0.8382477115239005	0.7157068505635591	0.6142975227203993
	0.9144223382958516	0.7978405125313887	0.18585253706499583	0.5145189942442244
	0.39756261090646805	0.1947339967682895	0.5561697986397384	0.47834136610011724
0.4889402957865697	0.7934114598401304	0.4145717728041354	0.6662506553327614	0.08585787457125238
	0.2924850087632208	0.11498165466471566	0.9826741819200812	0.7653619543217729
0.9216551812406262	0.9364450363626313	0.8811862656203143	0.14882049474335213	0.5313450757575989
0.4757521861242894	0.9692395159409897	0.7066718589744618	0.0728226005289414	0.7570738120761765
0.22790666233390233	0.8812008064522826	0.5478006149710923	0.3544558141425844	0.34461219315927305
0.7323070240813323	0.9322598275184473	0.3304614129988285	0.5514550827523185	0.677187842241144
	0.4524230342778206	0.25243320473108966	0.9513853199029001	0.4017762852852578
0.16277619780181507	0.7565664479986144	0.9857712009139353	0.4438263477819594	0.7909747457452337
0.2264531372799512	0.677685655497564	0.9002709627375816	0.8830128000410287	0.05597292869122372
0.47690192599617665	0.7508849329535117	0.4147092669508995	0.9327888106586592	0.04968245009403538
0.8574872646923559	0.09447129594279169	0.6875468930874248	0.33195496059835616	0.8522415723720251
0.9678050200787265	0.6626256181789394	0.5291716497532529	0.22892497990115757	0.1355613656453405
0.3173843793327855	0.8251044171765027	0.8899807421958335	0.24728782760718737	0.8660138665767504
0.6838956304129948	0.15558028252034484	0.8790098051771179	0.7972762696817739	0.184734753948825
0.42826445612905895	0.23611462586551313	0.35483805824110626	0.2730602197911668	0.3190719321342752
0.8033268704106534	0.7796224612627312	0.25395231369830273	0.7677271688379569	0.04346927302406145
0.06988681045074285	0.5869296661395241	0.12967948927828343	0.7020528078194056	0.7916781709017303
0.5615090144831557	0.42256876269056753	0.5177720032706616	0.7965980997163481	0.5122795936131996
0.6376857874015817	0.7120490203574572	0.9322429299278304	0.9516733890444994	0.053931523655519564
0.9950508056835137	0.6892463696477698	0.7735550191473103	0.5539591585800876	0.6639174221799413
0.29764440362476663	0.8608908587521876	0.9156270509026828	0.7564013538865647	0.2777059608246849
0.15849156664776431	0.7959713380577816	0.7802132461785444	0.2982899290184765	0.04693164971736141
0.35460448068591277	0.9576352208148471	0.5502497820560497	0.16058958480595464	0.29341600185622696
0.23515192907814642	0.19762659288537954	0.8252225195613493	0.3670792129135233	0.5383389366146345
0.23815374638300058	0.022775915730874563	0.37243193975777034	0.17484583776515394	0.7388027444540356
	0.0835215781797648	0.9342659627492959	0.09933777962633594	0.4035006604344631
0.8561023606715443	0.49327094146491457	0.8594812436169704	0.39185139386709256	0.31875514545868255
0.08133489160985707	0.157804760331979	0.7733873819948707	0.34684246064732305	0.7986345083572846
0.7698071254211161	0.16710641407977467	0.3255369779849068	0.37032241750431827	0.8014724834226707
0.01665143659948365	0.5666123806554653	0.18794042846496872	0.4556678044007353	0.057683002292892915
0.23387068689309265	0.42092808335138454	0.7950496042841837	0.5990861605953183	0.4704983398879393
0.9675486548849027	0.022664000856564614	0.2404692169852517	0.8047369919103122	0.9581800498046339
0.5175902671839605	0.9011591182968797	0.70462546125466	0.30744533082889247	0.7276854642864152
0.8936981642423817	0.22039187983624187	0.3410070205335788	0.4190521383580764	0.22855475286534033
0.07626408721437383	0.20867289080231366	0.1109764069796062	0.07612556846522178	0.5869163743604253
0.8908422064483891	0.29917882498795745	0.6536903997673359	0.8582111220228887	0.2925757501704249
0.32625602281189314	0.44051593890608576	0.40838459230105784	0.12314537831156824	0.6960497644100079
0.5003528009486414	0.5754816717975394	0.5544033293672772	0.11250118919987939	0.788987006586127
0.9457549549327269	0.6622313753866865	0.9077546839950872	0.496686236525148	0.6523514994281736
0.6654473920419262	0.4610925768787506	0.20160148910783715	0.8770577170753273	0.4180067482563167
0.8369072915714983	0.3415095939248596	0.9879281606979038	0.827262608569459	0.3422838709277849
0.35374475529146154	0.9768210431092793	0.5778589473207679	0.6580697642750903	0.5283243927717293
0.1639225600744192	0.781012318112573	0.18133235562116456	0.9265833760495692	0.9057828951377739
0.05225414437770293	0.31162300573909074	0.5592211941116702	0.7499281380750984	0.48110628281657475
0.03227487537947704	0.9507421551830001	0.28774337997096067	0.5430863219676901	0.9984772104587423
0.27866627655634935	0.9267247777210971	0.7147909642662121	0.8867184386282856	0.08602522906467791
	0.5619796527690094	0.16923157745822215	0.907537737798607	0.6231000042722104
0.41525802140268375	0.5246435284753032	0.22581820475724756	0.008149890396007664	0.30329773563652485
0.1593454943085384	0.09130232967678065	0.7442166155346801	0.4990815713042064	0.21624968860096272
0.684292290745212	0.34031889572994334	0.8970624834325133	0.9536530772661865	0.2951029574469135
0.32570233392453096	0.7435088402714789	0.5160593717014359	0.8707149846687325	0.6156168199637478
0.702934826416334	0.9496883739499211	0.46371813432761444	0.5729368946015831	0.6834813204542574
0.5247658263338695	0.7236236249905432	0.734837652973864	0.40542559769223285	0.3761904512279596
0.4343863462141425	0.4629961292003205	0.6729634988446439	0.592349671927638	0.1683733470750387
0.6695060440776635	0.6379486212157459	0.1974481441323429	0.056768723817333	0.0600790958909303
0.479337748083829	0.22004591090855963	0.13538023208594208	0.05913635834146502	0.48842886900264104
0.17555865120472358	0.3600413753640477	0.6709064429435782	0.4565563247352308	0.6869526725442033
0.6599729610095286	0.35569447111771857	0.013643226980411316	0.46264782813549876	0.5350420059540166
0.9938154773360259	0.19231542291741077	0.6129725713263965	0.07633977971444816	0.5245167861568051
0.06038500324987883	0.4155917872313839	0.9987131794331423	0.6258062066246278	0.13128011705054776
0.763618525600668	0.8303770527097551	0.8343383255699959	0.6333356398176839	0.7846538214183241
0.9919965155900381	0.09026571667751004	0.9976437336790621	0.4345271407202774	0.6746903907041506
0.9019503512102808	0.9084196782393814	0.2346781591998408	0.28083978471306714	0.9433534197326208
0.5200739381880161	0.7860162764300395	0.4093248039449112	0.0759034415602734	0.3907859892197063
0.3095205881102908	0.048949288327001406	0.9556789451087511	0.6117803602279963	0.21343681524895797
	0.6754784776978588	0.26932892984799717	0.6638367528000847	0.4003041307299917
0.0541438590733726	0.9794751518811965	0.23797279462419685	0.5154341974252564	0.3609668989474665
	0.3815735861436178	0.2628842374792161	0.8623861929266702	0.9086682543168525
0.44133049798222135	0.7684060061028241	0.5685126375304508	0.29352755870755376	0.8442790875079997
0.16586823571020948	0.5857311528692254	0.24918827166112834	0.04820208042654461	0.7944329970028194
0.7018675191653811	0.2987240777320861	0.8193675674666501	0.5466940708536123	0.812085679937298
0.6207062287394478	0.6732607350138788	0.30316173290437776	0.29274267705957957	0.5903066399451258
0.45369241130403404	0.7938849471131382	0.8794818909013632	0.2653438470044891	0.7566086541812106
0.11115260389399917	0.8906715691677897	0.4802835702406538	0.6454738980464452	0.7848402656674628
0.45952560738212755	0.932045325226846	0.8539946943764434	0.031151518067255246	0.05464683668409698
0.18210653130828947	0.31321643519537057	0.0735406678897792	0.28093372133448247	0.8689297606788506
	0.5289689646585375	0.9367385500041632	0.26953891781032846	0.22888251995048303
0.7364239042814056	0.8386263469092262	0.27197340607319276	0.14148324048722416	0.4547266730343478
0.4097097980609027	0.48075134695190325	0.8663508179707479	0.02749717592028078	0.2749948505941796
0.5406836721980024	0.5690852952060169	0.5139053286100109	0.4557325271700917	0.5001541224178526
0.12757251811794268	0.5618779980704988	0.5766831019430259	0.8303198764031329	0.4334762098902799
	0.3725821133213928	0.3550896208757325	0.5577950479768841	0.015291323107294197
0.660089078112358	0.9475942086789589	0.9801094763480679	0.683159344307472	0.8952016983876703
0.8040957872333265	0.5936932236048734	0.5254944710803265	0.7591977253476823	0.9290515056332814
0.1149898464243555	0.017891572720091342	0.8778965213626648	0.34961705079092487	0.8905864651560146
0.39088564269736203	0.03735086890898942	0.8799048868768972	0.7089751452857953	0.016681568726334306
0.0999380136692114	0.16623277755787746	0.5031121051589863	0.06806912454808745	0.03354083427918997
0.4178311316580844	0.8610454218369773	0.8963181003837213	0.41186890928058584	0.5355628630232588
0.5668706133682039	0.6873350031425304	0.5539940970203205	0.26914060727396605	0.6031735595819132
0.11272233751388883	0.6107555782868667	0.8404503709687106	0.7292667165100706	0.7754811037766014
0.26817581049386563	0.8898087060241592	0.516345297710658	0.48759228593357695	0.07077291071109759
0.48492719353840563	0.9057673355735336	0.15442617750410514	0.6227340258591134	0.9764911594056954
0.6868258688510819	0.9390217099216344	0.26186937372389785	0.05460290246596089	0.5128584417605466
0.28807048442175964	0.6270419679614381	0.46188445428913283	0.8070781378515884	0.4081353158770017
0.153336460129753	0.06182326320580178	0.223483649984061	0.5904783910200615	0.277104870358297
0.17019423606861328	0.4088156581527336	0.4725211346715912	0.6542776926132053	0.6098070290830611
0.42271013110718436	0.6137280965971449	0.7518173224086871	0.34959995803962396	0.12129484381572475
0.5486254153139598	0.9843591920460875	0.29143951735072293	0.2541518479921857	0.3622263313770925
0.46427175792433395	0.6388473182493822	0.33525195052727186	0.4774287952268056	0.66461663435827
0.9504671009949346	0.5789961434553169	0.9065391634129727	0.7317671201749937	0.35668841797824224
0.34916612272202574	0.9226399462640427	0.010329322851146183	0.5307607932188226	0.3970367937397289
0.6968291827721158	0.9941721507755704	0.9697835383784555	0.23010447606516649	0.8728600964383654
0.7392675593338687	0.15600807217267565	0.6301540315797253	0.33997990121750576	0.8530679413207264
0.34577623916534717	0.7379418511168337	0.17347077076643402	0.08165633483909773	0.688031884847032
0.8048603737209322	0.12844530228308204	0.2715995301429117	0.15442888333963734	0.43159344434211167
	0.08593424101956404	0.4952901170628974	0.1589029341391861	0.07328942981315356
	0.4543053902448918	0.3728055851486558	0.5943189151016313	0.04933936920090243
0.2464875247245304	0.6556109347666986	0.055652443795152995	0.7732307393856007	0.834271180566387
0.4671546943055792	0.23489012186134406	0.4515530275548223	0.4929230995663484	0.5063242889922829
0.665274172790359	0.9630308537058857	0.26789616376349423	0.2375760497818994	0.44541751111192884
0.7043433110732434	0.1567753108156943	0.07366967499114685	0.20337782357417367	0.06350053640358422
0.2974934996944094	0.6013589172477642	0.3089158356341676	0.05076980459730063	0.9731008684012449
	0.5430572781470295	0.15176977302501615	0.21994990730753372	0.42182886081360516
0.5526031369095566	0.11174855204201117	0.07516998316197299	0.2686494834423173	0.9325842426180552
0.9460129327681044	0.8345628977214724	0.1891069299429442	0.005749685299922813	0.5314453970240586
0.3376892460565867	0.8976078177163586	0.8188929722087768	0.7837931449479842	0.19125213032295718
0.5020536698515494	0.24224143822714495	0.4759846223781464	0.9500916959356579	0.858482246881548
0.35160551669290685	0.8901099051387882	0.22932716802904873	0.34339802586610024	0.2231910442887428
0.406020115131005	0.7540279925428885	0.9387456706712077	0.7125755488596854	0.45931190937312205
