X0	X1	X2	X3	X4
0.1685662000103394	0.20912514258978565	0.8801738744137264	0.5739357499328246	0.8232782951968519
0.5881612614869839	0.10176583868754674	0.29503479181780135	0.845314606517729	0.05405937069181621
0.12185085719282285	0.49339561503334883	0.34506204524334694	0.033314723739359176	0.6776638936936081
0.4239903844255065	0.014073013692208924	0.4389219370707558	0.1661861324883831	0.33207933572780857
0.7917011242269351	0.026617968805871972	0.24881191057914043	0.4532573561315405	0.4109998699938554
0.9873734005121241	0.6568589290306761	0.45855387846100226	0.835766594075314	0.8674909122197307
	0.49622276656755837	0.3983651060785276	0.17387344922716197	0.8985949792302979
0.8644248735126769	0.7794070027754262	0.8209860339653777	0.028589540861921225	0.04985313837865757
0.42867093811790735	0.1999525094189465	0.5903328305131349	0.38495495016758263	0.6278277653203977
0.09412092235362168	0.03807333056593143	0.4401715252406262	0.9913714349394033	0.04248263814957787
0.4675211211442012	0.6495192403044797	0.24255677191934621	0.47805032802662706	0.6115250833769572
0.8833645699486866	0.7946874672826306	0.09937168806201035	0.5523110263243562	0.43617432488738606
0.8461420221121567	0.16385531535946152	0.016791724435825106	0.006405148775010083	0.4301279203179852
0.39678591884694747	0.5162467560606943	0.1207739083463707	0.5982083999103633	0.013222203704065127
0.9196301688559125	0.16024513781919802	0.460536676592043	0.2134094815350801	0.8848935568626793
0.6916739769673611	0.6970507573814715	0.7154159171936454	0.009374401065245563	0.91199275836985
0.9133108334598242	0.5826297415107367	0.5215241582315128	0.2160064293653916	0.8817437190609158
0.32488367653196804	0.3981888985401647	0.5743332627931859	0.7117282686687337	0.1379740003760921
0.2503623782297172	0.8244768303964092	0.8786735512711937	0.5352398640271587	0.4598925567185407
0.528306936538527	0.8388997660241981	0.07344858497315354	0.7110433108787372	0.6640311154447678
0.46135742776509603	0.7921819669628377	0.18020170737968	0.20596106523495283	0.3841095130437131
0.8853761126117894	0.7196252954845419	0.16040285843323965	0.8365341011318299	0.6006446759002301
0.4506923931969399	0.287017926597396	0.9480596598522816	0.46740155518270965	0.019831097658306485
0.17260670994535976	0.875981991020564	0.7452784570256193	0.98433239968851	0.003761090930929134
0.040761550229671206	0.44565720506910445	0.023710733651846616	0.6602195428279004	0.9483128773325081
0.6592815706044667	0.6991714119813723	0.6103397352593106	0.17727595579712396	0.7285773302518136
0.8388037226895813	0.32657028276438815	0.31544746708282	0.34484927729390713	0.8294176484764215
0.1600313384772999	0.3354621452644976	0.7839696868531334	0.4499106492239099	0.641328381416797
0.5517973790512115	0.5280934958059266	0.8924372653759816	0.27076081247377926	0.944921314337393
0.0956822716077751	0.7855418156060024	0.5022676095402762	0.1546201945794734	0.8188141594508036
0.6842271305342305	0.3494172062832547	0.4266829560703802	0.19025815950144642	0.46755073488525745
0.7649099045488985	0.4547904910087386	0.9773303124116456	0.569417436387728	0.7230082826913596
0.19665869302669825	0.5833779413868891	0.27100206519103165	0.807955678623892	0.6965628346421079
0.32609195257350576	0.21513847843052247	0.12126998696073499	0.01768202147084541	0.5307037380733265
0.8229648404218707	0.4892797994697541	0.39775551562759337	0.5644246613429996	0.32428544853925023
0.12684201855814736	0.6373474489815484	0.12234814637037272	0.9227501647606536	0.1299801261648852
0.9136868266513906	0.5286151388112801	0.19802324053201725	0.373562247707779	0.5990097033752865
0.32798607299302174	0.8277321430413712	0.029868661883888592	0.804105550755434	0.48410459139549733
	0.42126795933691663	0.46531054708790365	0.90747995048956	0.027469223752258354
	0.324730853532874	0.7598554621861194	0.9184013129076375	0.570977409943916
0.7113697675674721	0.8234644639881639	0.7456515374933009	0.5804072749165808	0.49296682726605756
0.6898295654425337	0.8440391461338278	0.2300704285729156	0.349144433306263	0.45464220595470006
0.26377188815909547	0.16001717483401579	0.31694815161721723	0.018203176773002427	0.7047695870335966
0.9258662636477484	0.003541320650255253	0.5712961512716319	0.6540492882810918	0.053779928448895675
0.48320663272833597	0.6843634936118189	0.7297729653139323	0.1471828500458161	0.6619758630836236
0.9085722659039834	0.2149314680547757	0.009279451689379714	0.1733336644040132	0.4212188611716168
0.5504327732808634	0.3931557182872286	0.9931586640168079	0.5197043393830577	0.8455844555988521
0.9302271584160445	0.5730589648414554	0.05076685650860935	0.8687408507618788	0.5543858950416105
0.22400315074555566	0.8616576429850719	0.609537399591573	0.22233122572957986	0.5267560820680163
0.05718288023625495	0.6765538751956085	0.08341890246234873	0.9806337561042505	0.11562926449764066
0.7988612871137328	0.032065106327003434	0.0720456644037688	0.562588834382568	0.5370549851539286
0.25810767803292367	0.44615581063288945	0.7689326424755217	0.3788944225078892	0.8118960385617251
0.4455473180849502	0.3729378302472077	0.8899556177715124	0.9686313577126201	0.062247210494244865
0.6283976016771626	0.5528936020033017	0.4188095339847969	0.8769109068404125	0.549859174522923
0.35005072455000186	0.2760851515027972	0.3726763137725497	0.8440498841732457	0.3859166322775943
0.8845595822981864	0.0709268697401132	0.5261207279369504	0.4321318893769257	0.1510045711948511
0.18439464514062953	0.37754746137133044	0.03053912319821861	0.5662653049010434	0.5738595328755207
0.4064989628969111	0.44788178681972546	0.49660247362915544	0.6547549907566108	0.4824910171816531
0.9961446693827672	0.45021246322367403	0.9974169033523128	0.4812069458530369	0.8521277059191328
0.7330711068655937	0.7236502124366461	0.16396964954717008	0.39928939672229424	0.8483610600860552
0.5354263345501133	0.11161845561445072	0.7463816557905818	0.051369954568149634	0.014663839738809692
0.8991749414763005	0.4250244747324736	0.012038319779132944	0.23887518119082074	0.3660482532700562
	0.9780691900827407	0.5570460633028502	0.7926523819768012	0.2738464273303505
0.4314436838835569	0.5867735139458861	0.7363791227675782	0.5357272008382946	0.5839234853349435
0.31501569453193745	0.632965843812919	0.9495697264694832	0.5139433461409114	0.521140261451072
0.5094828719257705	0.12692045675462205	0.38141035149943603	0.3523780457188149	0.18300442885304402
0.4713025665830135	0.23439525108823467	0.012454407664952427	0.32239875200045853	0.14242680754199188
0.6894621304582642	0.8106788253372659	0.8951435366712629	0.20935851422702623	0.8930459620142345
0.7803880532349876	0.2506968902266927	0.9166445897495699	0.34353233642826997	0.22366892495395563
0.4908404476390089	0.9928830085923929	0.9461997795417144	0.41189496200372344	0.7234978696842366
0.8447908362257466	0.7666221287776841	0.5668419123351427	0.880714020420683	0.21800089710341952
	0.964684658984955	0.21790720293262567	0.2238408599768037	0.4644145022587052
0.6639075836217582	0.17159139413174263	0.3581357280752636	0.7994175713063815	0.9885316294564614
0.9657403192781165	0.6192598461673016	0.2586171825190897	0.7999862351446596	0.6841880141168784
0.330413851502271	0.1424700091969624	0.3206159659343276	0.23805415547336695	0.8634757431117792
0.8740003234914743	0.6016207959982612	0.1546509454928643	0.1883040125562977	0.10693185441051611
0.8403981154725079	0.15663834604169846	0.660765861414104	0.24305418512857457	0.8076759933910398
0.3087920083176676	0.7255166898894717	0.24560739246381824	0.9458613882971528	0.44640664342781
0.3710570535331452	0.7439259434884771	0.13732594688428756	0.8782542355173871	0.5287729274520339
0.4840177938816498	0.9970150066129478	0.7881373270908126	0.7520680016258839	0.15489528929488872
0.11287814505946792	0.6186281106577346	0.7162368421549177	0.41294333563152164	0.3382729020274049
0.3217287537730682	0.4555326206476744	0.048280825398100746	0.5740453538491214	0.35533088066027496
0.4529759201630448	0.3506573868383015	0.9485789322251414	0.30843427302461424	0.996760420532537
0.8327236441404005	0.3937515948344572	0.003039262846736057	0.39829891640284	0.5081525534619176
0.2826302655997627	0.2336375548244165	0.47735365744793057	0.27772925190340936	0.14886398252337585
0.21023376498235624	0.16204643002922325	0.7120500466541678	0.834743795896715	0.6505736145988424
0.057258318239852835	0.1179776064170247	0.24670130830834325	0.5850877859726912	0.5044484207737806
0.36659457281627705	0.36128247054038853	0.7672183927036821	0.4206393823110305	0.8024190802662713
0.2876945082934256	0.22406785975681442	0.17753947637235612	0.9961371771203947	0.7258343733912659
0.0886393562997354	0.04823587148241104	0.7502890800809998	0.36014548053531936	0.35572253912306717
0.26399617437374123	0.5920235057389382	0.19506364221389838	0.8505157300558241	0.8372942825484221
0.5652105707249199	0.6752208534424126	0.5841284647349891	0.9095903497634715	0.3611156723454133
0.5576811416041955	0.4172694461764028	0.2132346634057204	0.06368801522761458	0.8978968789788966
0.6033940258143178	0.96764616766727	0.7980214041713203	0.18811731310161417	0.11919125038099321
0.489277711810036	0.46443198141794995	0.5587209420825101	0.008363874866168186	0.16148840699478728
0.303977595212211	0.8303365550056528	0.15432015135050614	0.05671035240481548	0.09218665740326804
0.007123013743589701	0.7937658429529091	0.9213862872148149	0.04490387883435665	0.32366119265910887
0.3346176504541536	0.6428284576113901	0.4219652849167893	0.29673932631182953	0.1295894233862569
0.21659129635914232	0.8708249167543624	0.41972458998482	0.4294635782614581	0.18369242282755505
0.24874297734782191	0.9129738721128637	0.4052641861286349	0.6882023134618982	0.5955170581009034
0.5838555475059564	0.7246232380683866	0.9751243180017258	0.5233822648194428	0.5587930349304111
	0.5230803375195832	0.05645163464590808	0.8282984818749813	0.17237218630298856
0.026273207063867043	0.00559161575137046	0.6199944313233726	0.7380082448782352	0.4122812812299438
0.5933378730071605	0.5768900714766938	0.4398843182943518	0.8153011308096026	0.7895969836523082
0.011671069451299365	0.01961830448933921	0.9074478409489389	0.311804972213349	0.7105236285856429
0.6151024056058828	0.7235278074941482	0.13011432535538225	0.05684933170982742	0.40322218189550185
0.880289062855723	0.6164486759094469	0.691065976432149	0.094635942476336	0.8090504479467263
0.015834821701766533	0.3043918185040644	0.9626167440373682	0.6888167861038399	0.8164058752402785
	0.3797190776402247	0.8045799552618642	0.6851697200667447	0.2350917883343031
0.16359075331946438	0.07786975539827623	0.5898246477620147	0.873659372028453	0.6071549160786454
0.7359142671367901	0.33145176527696707	0.6482724643410845	0.784494694767001	0.23512535745697416
	0.6284384565385234	0.4586896023879601	0.6726670763640323	0.6823849922542382
0.0617713589773311	0.23017249766000603	0.45102339222027465	0.7279578223073451	0.06936760554542232
0.5634268736769124	0.25978723841485707	0.20112607653853354	0.18957276291131975	0.913560015527136
0.7731319749388169	0.6301243383553723	0.8294935007608496	0.00881521160473564	0.5831921375427328
0.7517804094241671	0.5642028534311329	0.8960476657804841	0.24352698407306927	0.4995542791893248
0.7787402024926701	0.947456157865998	0.9141350324782491	0.2240750752721411	0.9153608216565262
0.9704025692122148	0.8098093747642131	0.6607613550301925	0.644095418151085	0.33722003898724207
0.5077839248065532	0.013175981537591364	0.11840945059347574	0.9152527088617994	0.9916144432818617
0.39964611349134116	0.6579691424766843	0.9554154126397812	0.4144048236378476	0.3887313440157695
	0.8472576093321841	0.4620576340110061	0.3757098369416957	0.9214530009249042
0.6995182542264182	0.7596231267650109	0.6700139240479773	0.747310007291554	0.3034525939623576
0.5597493111315937	0.7272206981263964	0.054958429943724796	0.28587298867667565	0.2529512664075948
0.32408436932438656	0.6542040924971875	0.14233215183510284	0.28991329604933935	0.04589306983288888
0.6198480057929054	0.14996613682184035	0.2617617123436906	0.4431598383426375	0.4735470551859995
0.8395703212222609	0.12133068547301484	0.9236021320709189	0.792368231423667	0.8566468635984796
0.5865813793665456	0.5769877281225151	0.48462635042920754	0.34202601246175013	0.454983119304076
0.6733895795882919	0.443817014083419	0.9505556029514431	0.2655116148308647	0.6728876844638113
0.44799741796660664	0.37790817768891727	0.707472926373471	0.6525681345513488	0.7437580500445556
0.37835643964327537	0.8508692877205072	0.25648904042039344	0.29786416987614683	0.43802396962578916
0.6735128255742837	0.754647716494139	0.8455070040120999	0.8628401709961315	0.02606151557951475
0.5697200739828397	0.8551529989332107	0.9543471908550035	0.0743952962209452	0.20929577658900356
0.5104001533265546	0.4318822587343326	0.6340809794170361	0.987869357841901	0.7871691384682736
	0.8404353168995974	0.892770921132871	0.7330085636182343	0.6178038864233495
0.29347472224375726	0.15425355844201394	0.8122558472249555	0.5251039147052082	0.6405102253703829
0.5744941045563441	0.07184776741206644	0.29067448017691855	0.579173949679954	0.18672349176750558
0.7728824003503468	0.5047107633503259	0.9898004731202379	0.8300644981734665	0.8517766897268612
0.21839872351926526	0.4004997973602027	0.2308984015291643	0.5396164220779452	0.9982748867591377
0.5169377894083073	0.17555087413989268	0.6109524255581612	0.2134168840536057	0.9998396637443151
0.839774613839119	0.5817994742144504	0.6533452353066892	0.5635093562831524	0.030520914484317485
0.31920236368977095	0.7486253569613849	0.9924052141823536	0.371577335415737	0.6646731561050535
0.4918779187320482	0.44180933866387717	0.6672429170617815	0.7805542659904137	0.9417797772306213
	0.44136063290683025	0.31461068669251335	0.9765050864083347	0.09975889212481437
0.050317782350123186	0.6979350359575884	0.2892643727523676	0.5463069272305927	0.13107164829918372
0.46095327728031743	0.6741036510203126	0.7589564400785799	0.2799419192807451	0.0810973909078988
0.5027249720787942	0.32391842716579855	0.14847012127285386	0.7554215936693575	0.3212395062424884
0.906073501075666	0.33468666000119396	0.509308795340286	0.5182945872794409	0.06077336246890963
0.3152199828555494	0.6369279467957207	0.4848160142685929	0.32635376823535767	0.19096196914266628
0.2583961449173079	0.8415284331143819	0.7532938413198607	0.3738790771533911	0.8774441240922086
0.6069275059474024	0.2899290177674251	0.06022549107272457	0.10323849044725941	0.3287217192837558
0.18372874788406568	0.8542342391992598	0.1928982807965255	0.32965002651681363	0.6148969538194917
0.909643724134594	0.5621487099495807	0.9811169037972185	0.1609292181316826	0.1725991246828945
0.8577882748002646	0.5328927072397821	0.3714230751902846	0.3235556146516354	0.5179404253371179
0.5503340099903568	0.3427900472593548	0.17422192990832874	0.827800046279678	0.6520051997665861
0.011967535307061072	0.06458745461711002	0.6360441638835352	0.617941206626151	0.034116266680461416
0.05347041449192502	0.960171064592303	0.27563279430453413	0.634821129253516	0.9721441217198092
0.5071987749100824	0.038129848492980845	0.8691825981500474	0.20411468152711842	0.9415677623507956
	0.5987495303670856	0.767264057150736	0.037794273995165883	0.017876799848295266
0.7578555962532072	0.2559326111333792	0.7249081500196771	0.6038778461062484	0.09976987949740335
0.11587506181952112	0.9222884843377924	0.3082771548588439	0.7804831920772937	0.024196675237557974
0.50935896823848	0.22379054203736726	0.1860155434053029	0.5725410625454622	0.5855968479607649
0.8867763187192266	0.38750362020622264	0.701704242417472	0.587832842861961	0.023223076609445448
0.5747545497289833	0.6113301287147227	0.03385449777464866	0.8047903814113617	0.9817068817220237
0.21821419639562112	0.1404792179536155	0.7690934780833772	0.3872502173537624	0.44215798387601124
0.6390723087215361	0.7356574082497234	0.3132090976620543	0.06377579632494368	0.30221036038185367
0.483587308121151	0.8960002692288485	0.4641752261418818	0.45733359737737234	0.3937275648521418
	0.23254714714547065	0.5403529255534252	0.5600768818435752	0.04222549285398436
0.43577937712580306	0.6852753989052031	0.1968119927934736	0.00042977983895486904	0.03314095359605007
0.6776362039569657	0.8280427067407926	0.09456738235497275	0.22790598774285697	0.8317391956493965
0.36486526688303356	0.80947458335522	0.3859098667877445	0.07299962450618902	0.18207126413320918
0.06002982849946992	0.7075401316015888	0.917516432679037	0.8190867917189362	0.3661950131674485
0.6945037388270455	0.519394413898092	0.692962635260034	0.7149570864418855	0.3621015254054041
0.6040254998769248	0.27489558414868576	0.804469946598901	0.12462146954574305	0.1166145380570599
	0.5078081019087053	0.37268487951603335	0.9258518387221113	0.2610203911243014
0.3834095457658453	0.1917081858387244	0.597078888578648	0.6517708994840671	0.5801832894798622
0.8902657982943118	0.7592451218045497	0.5533532810099555	0.2093330099638928	0.8013539175534741
	0.6465675605235279	0.4202901532637807	0.8333255610170315	0.7923907807680325
0.7126011052574709	0.1564033608911335	0.2510784993447952	0.4717963406372263	0.7387104062922347
0.534181207091202	0.8463355491099418	0.049048796689270535	0.4630503464531005	0.17639077975475248
0.8523606136968189	0.22997173074196087	0.2646297231771447	0.26349914143348063	0.6316051245449117
0.25110854711002595	0.20653268090730126	0.3950448081298996	0.7372787992660684	0.17573999674227736
0.5769900077562711	0.5477591796590604	0.7134098759300366	0.5597079513583564	0.3325465260054601
0.0996851054321507	0.000704732393604024	0.3690099306835348	0.027499636624854995	0.8697540059701184
0.9845913147457647	0.6429026588645734	0.09913341234666861	0.9581284854027162	0.6563927029926904
0.6871027945892786	0.08048332641168743	0.4581194318875699	0.5279912508273069	0.2704861128607703
0.35710496610734466	0.9453675334302706	0.6629790337533383	0.2703299129420986	0.8009077721750472
0.6710344911482234	0.2576513815455891	0.975788099007004	0.154575070425085	0.9346811560196395
0.642822246386616	0.31172111337892816	0.24553869392314298	0.010674467576923585	0.08079179766098588
0.7309968558550085	0.15346483782991827	0.5474310226068942	0.21874110959242365	0.9500879868505587
0.48578676663718456	0.41417462855999543	0.21798404994932363	0.31956474464261464	0.2841589359503883
0.7753039564609713	0.18951509381727916	0.1417684477175235	0.794995272480188	0.9602380304982956
0.5549049826006508	0.6167367296797736	0.03769963524824316	0.49669513175242097	0.9586645080632166
0.11271709040242905	0.3604075822793581	0.8689002306372573	0.5182689867924981	0.5211836024534944
0.2538824055572141	0.9760361905878544	0.28478392191700186	0.8355201112263075	0.710279314238584
0.9027747633697303	0.4693530333322341	0.9065139050873957	0.8030165436302313	0.19779583348113494
0.9935542876509329	0.22174206290559506	0.4404099049515455	0.5039128550107461	0.811659826484798
0.22846016261930258	0.6656481764285032	0.4558693459418468	0.20880635942006343	0.17412013130616677
0.630274689223756	0.2670826879245607	0.4935123731395157	0.07559891017931542	0.2476002092344377
0.8627496977587651	0.12340675558744751	0.2784823801542746	0.5628086206146614	0.6613828826268445
0.12538720199636788	0.2782838979861223	0.6924584289973024	0.7040031112382515	0.8552381183754005
0.7250205531936309	0.36789979634708003	0.39268256061072404	0.12904575644461358	0.5016329139156485
0.09552617372932481	0.6996004729292052	0.22891056921249098	0.6723233889692368	0.22986913985617674
0.3606512154981488	0.6542088941737403	0.4999480415752179	0.8890556744505066	0.04200823800470943
0.9753808090007983	0.7604742892198632	0.7378626827476159	0.5701422108941087	0.37155154404485147
0.8597238997694474	0.7002623114866752	0.7111792527848486	0.38217595511540703	0.41374620903417525
0.396271248054346	0.04410335637937168	0.11056726233114678	0.3374228211392546	0.13057353492298784
0.9933558723982586	0.5835031800572029	0.28250502045964776	0.2837450048545348	0.6856478162893614
0.08440698308058436	0.10019898399563287	0.4187074543069521	0.4229826723293054	0.801572935730619
0.6177193191613449	0.4867135884966076	0.6162246383791783	0.7117078450928218	0.24016390748666805
0.9392674720788391	0.9236365029896983	0.41120327595908324	0.06112388418320802	0.7614526853372946
	0.06480992086162352	0.006513444761014453	0.5309091096638753	0.49652206019577827
0.5610817078883313	0.9841395240617833	0.7908929040527828	0.708195209132469	0.5217069861684888
0.0109536820749363	0.15374767607912576	0.045528522504985625	0.594290108225294	0.348029758688428
0.6536508492477185	0.4841367560310582	0.1232338393456901	0.4587677803926844	0.4112352514006353
0.9070623239282295	0.5180876985368397	0.7154301219585907	0.31628025616973265	0.22042842235247084
0.24429754987802432	0.5873694838625122	0.3845358434601097	0.41448953319565074	0.10629217535041258
	0.11822694549065427	0.5308485993126275	0.8939391610929251	0.4772145926483682
0.12837044514509577	0.45888711573610463	0.14052707407494258	0.8254424696696554	0.22453953809980076
0.33613376466450906	0.8139679338904726	0.0051724190975533935	0.021266655491313236	0.5302452873991831
0.8146669688080183	0.8325449825559682	0.3872829109008832	0.3873851656379589	0.9936816641326428
0.5447697745777009	0.45867336201814135	0.4268683945490436	0.7244039019941533	0.632635620585638
0.9169163680816302	0.18779389269465152	0.059659519245862214	0.09772849564301633	0.8318331430714633
0.4746508599488459	0.943692401371021	0.19828016516923086	0.29825241338801767	0.5328481187024285
	0.5232380527880222	0.7436486017325756	0.7411395513914615	0.6128592776547537
0.9628497225263357	0.4663316944058844	0.29758967494140043	0.8406160394793599	0.060739975779399935
0.18593750198985726	0.6132406616711982	0.8798033294708252	0.23262292707073928	0.7772263855793249
0.9523344384506034	0.5244404120028947	0.460470134572428	0.7864722957824385	0.7875184078224204
0.32870722566803523	0.9383821442300395	0.5378432412096354	0.7054221498489329	0.7835691289108961
0.04829488980710883	0.6193424952742462	0.1653926525052365	0.697228125907563	0.5965495939320455
0.5718544018828523	0.6980614254538557	0.09708527631695252	0.05631823183024742	0.22673550673835363
0.8137587003077559	0.4492114386530375	0.8183089091051466	0.03881356813404602	0.5931669082415112
0.990721897785025	0.5954772353648901	0.9904365782016216	0.30300043577427527	0.9410445056997485
0.5046332218216342	0.2607637100763214	0.22215119353299917	0.7399462405316064	0.8070380422095313
0.6551933543055843	0.31583537964181585	0.2876173621648813	0.1641958677515325	0.11311519686643401
0.9955020396445149	0.5895089653495056	0.5238857233295455	0.23130953522854159	0.6831628521823043
0.415802610757776	0.8292876521668583	0.025281682802802408	0.18160369979808755	0.3512825151603022
0.930282773969878	0.2912820151076342	0.24021376108997783	0.8264560493999757	0.7784604756123731
0.36519021356298464	0.03230970142812872	0.4272467187348815	0.5391893186426724	0.4724048566665071
0.17391195507450363	0.7379094060199539	0.27448458244566	0.21697753986011103	0.9848440360747402
0.28945720247020823	0.7679016782590805	0.9746208194619586	0.4687024021592697	0.6753584694063145
	0.155860748394273	0.6117408407568626	0.247096853930327	0.06982894185776434
0.27056155197194465	0.32004024491747585	0.21968647034374722	0.3049870748079776	0.4653231027797199
0.7950154202299075	0.15904482803418007	0.30419213936913725	0.20761460330278692	0.36378284734334976
0.7153656225911108	0.22181667736599953	0.7992761206374727	0.13032223636723106	0.6316590090309471
0.8696241861839105	0.8243026427707155	0.3117192924988631	0.8939572243812317	0.7598827109831967
0.05433963294362443	0.7092860163541059	0.017732738252639657	0.407878718644736	0.6364690135936337
0.29451581891548695	0.7299472071241931	0.5524230807218888	0.84228866160969	0.8142480822648573
0.8674355912470613	0.6792292880197387	0.8185625743392353	0.7496900462221462	0.692055443053211
0.5345278879300159	0.7619720848786953	0.5138334941277817	0.1078451132870254	0.024634876911791226
0.30325932796411814	0.6912304465420165	0.34855333268235056	0.18866492454646255	0.9552020131720852
0.35584272302788233	0.6620390456504441	0.869632558988757	0.9261684423120655	0.8879786903659949
0.8884402362843528	0.38369059191781507	0.4278877313917753	0.03495863221710627	0.6035093643372585
	0.14194744014853578	0.5124033592642493	0.5529250532505897	0.9189450752944651
0.5942656491597303	0.19374243808377756	0.527122025600819	0.24924918501262272	0.9728822345354704
0.9268136119856779	0.34540200688764844	0.6998473925954557	0.809869906618304	0.3589983764235658
0.4692925699295556	0.2176933747032227	0.4186878096967518	0.08370570595212179	0.5881398806256054
0.36024064544025935	0.5988270497412568	0.8527962295775068	0.5359656738622871	0.8501184377626368
0.13884304345248322	0.41971617608238065	0.44127529874590987	0.869642472692589	0.6088168839046472
0.41902597694621213	0.7238994532844273	0.4504443643823688	0.6613643625358494	0.5640467948408446
0.2324820395305347	0.32627525655508427	0.8063840914750934	0.5996512711292018	0.6075448568382874
	0.7070537792959715	0.2564765907686716	0.9994442593203036	0.0704026226136858
0.6192918774687606	0.4292376918971079	0.8501891338249026	0.7012801866488194	0.5012202151670696
0.2534414460350809	0.1794564731916879	0.2067086987011021	0.6256330403932165	0.9741607768079746
0.4410898670889609	0.1287835950222761	0.006715489268399377	0.496651731507065	0.11935755779247192
0.23282613062926993	0.8176068609337467	0.1829172276291383	0.7008122665110499	0.5214170846484891
0.1707340381424476	0.969118175775949	0.07481310788039242	0.9160530342572899	0.7599890158986357
	0.864683180290425	0.08718256352992637	0.3900751605696652	0.7097219184637604
0.7928396818036586	0.5092602196456097	0.24382538421295863	0.9928982738297452	0.5398539309203897
0.9613679402815369	0.41802778161586573	0.9055424527488831	0.8979191824809729	0.9970654811632558
0.04704079532887251	0.1772264786534764	0.6849591599111479	0.08562638780995047	0.23391173730755344
0.6510826179163276	0.5952701423942791	0.4903261464209775	0.1424604412916438	0.05295252454543009
	0.8472405417785739	0.07852843913104668	0.47419127190771415	0.5659828889427359
0.2997230892869005	0.14751488293059545	0.6185435693520513	0.8033795284210101	0.06966581399297933
0.8287041266620039	0.6140089598965185	0.60607017277934	0.6218617366131067	0.3907585306653185
0.9258856248534852	0.42295717899926544	0.4330852204666681	0.08912568420209899	0.08184905923509411
0.9975464680767031	0.24404547758527517	0.12409063417111621	0.6384417914631036	0.5684580000858107
0.16692591650014665	0.10280419674764285	0.0430205706538328	0.4240776973532916	0.6195517708646305
0.5245543638180872	0.9265230721367897	0.9169465944863192	0.45140559897631594	0.7517112699662283
0.17629916591407124	0.6422983106878839	0.35863727954691094	0.18117372765573714	0.9068543668064054
0.3161425223986043	0.7610777963340056	0.42267489138642667	0.38870698112498414	0.7673508665235845
0.8385932707800733	0.22481588243425688	0.14048769552952678	0.12765604182350687	0.5520281510647291
	0.5846685222382815	0.3084079638606355	0.7661097650790624	0.037823994840961106
	0.2100924012953378	0.6252823546793776	0.8202714745095897	0.68785479438294
0.2644001085734775	0.8403359077625897	0.06924968773788465	0.8108463181871555	0.3879335991783178
0.9037279102425273	0.45223988143682814	0.6125277047292015	0.4355024434489322	0.2788046509923302
0.9910510869912478	0.03930279270454895	0.769143933352498	0.16372225416145603	0.21456554429727193
0.7842309167063907	0.30430624762402014	0.07746938302122797	0.4163438235841471	0.31669986446264886
0.8870209771587345	0.7453872292062299	0.19579869392926652	0.5399325770893777	0.8428544980800898
0.4260642588634366	0.6795147009210163	0.277025158795683	0.3056663444156341	0.19650165567215727
0.32882561288204515	0.5379167828349312	0.4913397954399862	0.2088396766736198	0.3327414557419862
0.08168132964043118	0.437269350204352	0.8348133920734472	0.9999680317856354	0.8162843446570814
0.6185511804298081	0.9104745606079282	0.9910882951879361	0.5835468576512914	0.9540074742421901
0.18703811450218666	0.8339984406480223	0.9751842033158796	0.8674199547418157	0.01722152763861451
0.3549287083267919	0.3362115735371092	0.4963351710035667	0.8919538750524675	0.4663234313352089
0.0732654719797009	0.371771630014779	0.6264332221256786	0.8999769176122081	0.8944030471288542
0.40294687500882875	0.522765652451378	0.9180484299861911	0.5838032951953659	0.466871849862327
0.6009894990645314	0.6152394222016221	0.4050003013218756	0.642196216384956	0.6782097977717009
0.6027940407819693	0.7746934704366701	0.7737150742528681	0.4471543663033478	0.314822530253286
0.6601006398989356	0.6718632503991939	0.9817371357827465	0.18493162162409438	0.08286614681341298
0.9766678169153926	0.6193025480689004	0.8708710679413083	0.7921302881716638	0.9404634073179511
0.6967967088717197	0.3612921799476191	0.9963842965960349	0.45180881226301706	0.4594860754742931
0.6155586325989276	0.8253186425692687	0.3592561405576844	0.07670496441704122	0.552751695300481
0.48819636217661555	0.06820182782009965	0.784885306675515	0.4281438426326126	0.46498739624556795
0.02575623580035369	0.021879545081238683	0.14032734798726276	0.4688692243284711	0.37880384657084387
0.11874582285686541	0.47875902527320024	0.9647916416308895	0.8554986555274955	0.16616269300101727
0.1114556634823084	0.5433396543634365	0.9556113868128919	0.44433628478429743	0.601460436410481
0.07990107721492945	0.7814256546260473	0.5076933578270284	0.5608898305694359	0.6119575423472308
0.6879532406619169	0.5387721691261114	0.3553708194439098	0.29764788864745784	0.41846333358003196
0.01839739319311462	0.35170058253624015	0.5307767476738093	0.7340326511501315	0.8731635423286358
	0.11323117470282795	0.5661259742664783	0.6760355823736752	0.3950056618473229
0.9144341326139214	0.8111878097214598	0.5111715496989452	0.39855297114409505	0.3134489548248174
0.034982754261632554	0.7653416312045389	0.24134073464052852	0.9017145667447193	0.22537360491607084
0.1174776340362631	0.6212420064000282	0.800986639806387	0.929255395404537	0.531584565455794
0.8604715382643842	0.3277553179304591	0.27839215872732337	0.8932293312706153	0.8770276841415562
0.08784398299657514	0.02072180866961959	0.4849875878060985	0.6124983963346993	0.6774284519412974
0.7686622548749463	0.6274876546754206	0.9381002619868131	0.5902175458615564	0.23466932935715912
0.6704748621193422	0.5173295775061156	0.6509635594738075	0.4461161058889693	0.7728891262989819
0.24443243697014183	0.499260430678951	0.9906584703967295	0.4251952739860504	0.11268664360668368
0.3942841642960959	0.33397756876382023	0.0979562495991444	0.43925843575642487	0.3794987389793053
0.05347569057678925	0.12162650367492545	0.29205448762842323	0.4907360210931926	0.7602830801270206
	0.14955314882267323	0.683367341438081	0.23883832795940763	0.22176932462298227
0.32116782808642796	0.9376232896109622	0.21006122497446944	0.9337782778309975	0.5924236545571345
0.9883928583678403	0.2621280680813285	0.9372549700862197	0.9946860188788631	0.18450185033984845
0.2281738072526025	0.612397135231535	0.12871504115785481	0.2684885348034086	0.7345305587665145
0.8393078210306067	0.7017844065570162	0.2706722093515411	0.12685736310822426	0.5404074587991804
	0.45013977176638065	0.8958987112181176	0.17593093372673185	0.720227489652423
0.7484913656897841	0.3183338973135508	0.987380261035526	0.45456757446721074	0.7193270585213672
0.8634901734176005	0.058871475974038745	0.703123132666665	0.8911168415079942	0.8924983261627886
0.829152574950489	0.4276433934049203	0.9668100660937967	0.08305495645807182	0.1836356382925337
0.7061409806911406	0.852362385197081	0.3256130828730277	0.25637385729270656	0.5780366085121131
0.3903461076439667	0.05098328583347789	0.6842304628222631	0.6155415377053015	0.12958701150764595
0.34884604180213463	0.3438929359872003	0.015243527908657795	0.5965747168699952	0.2371556441349434
0.821497401273672	0.7009360116211898	0.923704338782056	0.858880612761502	0.3243908544277698
0.20305846276057593	0.9834072196241392	0.2647832828717488	0.20643453626975172	0.28068558590943526
0.19134080944632348	0.4866743980075904	0.2308040229816497	0.39140728180139484	0.8711490831998965
	0.1948221222880221	0.30424919546624973	0.034203258696464234	0.6553213704944958
	0.22436834618697388	0.9381338047741046	0.48229223060608684	0.8785092706655008
0.6864874685256765	0.4082622725210906	0.29005260287661305	0.09687223075451767	0.6504753207909458
0.36359945448479614	0.09106294977531626	0.3204840726456275	0.2026543170987004	0.13816158738472628
0.6533551219757786	0.6921603812427559	0.9778952193287253	0.7827525386801225	0.4656513087899603
	0.610439584835979	0.5668781954057983	0.8896390812648973	0.4221552886203107
0.20294795525105813	0.702106352444547	0.5933771064771678	0.4486600497333988	0.4316453920794
0.018716578806730277	0.9638099774599637	0.9244181811284078	0.8904588982286035	0.1766845603815521
0.40442873054468675	0.09451635973664085	0.24359113717781	0.5547831835297182	0.8366205420625275
0.210534579853087	0.5429238951776396	0.9206614357749758	0.2899142970073084	0.6508945028752783
0.6628075967858058	0.27997198830281933	0.6020282415234955	0.6906230596132241	0.49749358826550716
0.7550150345720992	0.9036673934342604	0.5840539446570499	0.4708909627180127	0.817673254641088
0.05185502315516888	0.8494933155344501	0.5847719715918495	0.32336628543094315	0.025177588147104246
0.8623044516567746	0.5987300719201684	0.033264396572018295	0.041471112762620055	0.5111838105114884
0.49298726212844457	0.16178339155096277	0.929555486589313	0.5644440293547628	0.9018867931127844
0.5061062722310011	0.4068687744655669	0.9791476244961365	0.024852117006787244	0.3028180883949333
0.6990817603393403	0.0007058164683151347	0.3007636805477425	0.31962880201382216	0.863459184914764
0.596388501773605	0.4354188967369007	0.0630706450102344	0.04466230252229797	0.3410821647177352
0.15239071839616558	0.4742649133566744	0.6011687181439703	0.32011296873185136	0.9811275289610674
0.2967035984106158	0.7335358979581963	0.6410261570232012	0.4244299222547716	0.9867211463583007
0.019332063315092185	0.5908896371784595	0.915659668608135	0.9871983542800483	0.04639830028644454
0.2563625260705199	0.7212517389567654	0.5455433704322346	0.6638073824256671	0.46194525988345003
0.26980741716441126	0.431630352742	0.16779765307827343	0.8980458844161714	0.46445721177800614
0.9385934629053473	0.4210119242642423	0.5618808094682994	0.7431902856740467	0.07565595666699321
0.6947772426783724	0.5733488045277871	0.7410650316099645	0.33996007256813954	0.9788027261305721
0.13243545788404787	0.9949264408133066	0.9380539003752356	0.19582845765675272	0.9195857250243524
0.5334537239451452	0.799917109894768	0.2104414049531773	0.464214715172808	0.8439282288625821
0.9065393275110225	0.09285222781741254	0.3588272864191324	0.5511947378380591	0.9248865659835531
0.7798215288482178	0.9343421859253652	0.49870603599935726	0.3714044661768512	0.7663169370230271
0.4914839416088994	0.6296816070597953	0.06009234899094895	0.2750474195694953	0.5912975976930931
0.8043825193088191	0.49711973350860617	0.5908130274557714	0.5609547040854629	0.4546677225631057
0.3314933563299589	0.9112495027769653	0.02289406426048557	0.6193304852975952	0.17303536307925727
0.6464194619957188	0.5219142084076214	0.9368053062628344	0.545361423779957	0.20975526638717834
0.08422997010257716	0.4353944078212003	0.9764781916103875	0.15237167574233945	0.37632133088457853
0.34540746865339844	0.8996852100420775	0.30921904033165293	0.9890306875074265	0.8701431845584102
0.6482911523194824	0.5114770899892569	0.6970008718497982	0.6524546978399366	0.059983566906657515
	0.5532444028415547	0.6076448475075407	0.17472903181251687	0.25204659143051056
0.31682308022555594	0.43872292633633103	0.28683726822488254	0.2781335134767471	0.10855655280422061
0.33831450247967954	0.6608239420857849	0.609957350597692	0.05325112235156759	0.3648092072121296
0.7384779163703277	0.829358808744307	0.5869771894668042	0.3938829746673048	0.17562655889383227
	0.34541422197870764	0.23250716565259477	0.4558880185249893	0.013760354215721082
0.9552662882553924	0.6507297409257722	0.172534162218546	0.7600961122796286	0.11516355642243037
0.9784526647428269	0.6801663896154432	0.2061543313387768	0.3451498379941379	0.0966508703011073
0.33855765188689113	0.9571405494816493	0.13592267799769864	0.3202706110679364	0.2713748549393741
0.10556368130888005	0.9022306028633631	0.24166699214329812	0.40622175419078677	0.029576868197689343
0.9335542633406057	0.5452543631693493	0.9622421002154966	0.4785315997730274	0.5351176286374888
0.6513857703391691	0.6259026055689276	0.7446730209321821	0.20455340826208013	0.8456085920221624
0.5739983089519827	0.6382694389298951	0.18893093787816673	0.8062431800827867	0.9685774385490964
0.5526883964135515	0.44590864314294254	0.7201540539787582	0.14213340170589073	0.7754525972226011
0.20277949137065587	0.6029374498280722	0.9972262451555117	0.038814187650862975	0.7390317004203324
0.29345110951565934	0.17809368630787747	0.4637421340043113	0.7822849981186717	0.09748564488454892
0.4184488420614717	0.030852984655767024	0.8157981424586886	0.10847304406657343	0.14380516518390696
0.6079371833397134	0.35696644638728625	0.050952883993738096	0.24331720958521263	0.09043623868066308
0.47675044157319313	0.1920286267960556	0.8200388965822365	0.9086364751022585	0.8728554614478019
0.8144188537479219	0.40343848338811006	0.4285897872476525	0.6354675173838595	0.5540191674410726
0.4015949097351712	0.7476332170296927	0.4001889933270145	0.8972047331315672	0.9266361930056026
	0.9915062297067473	0.9876165626834801	0.40841993880530847	0.7822530255414141
0.29785449584993173	0.08602030695193863	0.604208814096266	0.11726697691974797	0.4496576610909033
0.19297676878096004	0.01478895105975886	0.05797953921996701	0.24930129392451983	0.17560104203415916
	0.6664332468596131	0.26127491492140453	0.32102406211152934	0.7026183012452111
0.610655970378938	0.05995790760747455	0.8857150061963837	0.5724084834727851	0.6026653589660447
0.4509563847658279	0.5511032106163006	0.4360187895775519	0.8754442168955714	0.6507516293012439
0.2993716224771422	0.1727534590882812	0.41028033561120325	0.30493481026430835	0.0541051848804569
0.10072495080068244	0.22758057282748756	0.5774323707286543	0.8121811720040145	0.9528382679886777
0.051520026203090485	0.4595730244678957	0.923541158981824	0.05283068361942078	0.9325155280706318
0.37170074351704396	0.013621513946323827	0.9458219395293174	0.013006193935078736	0.70478797505654
0.044158469784083	0.6724754965326468	0.7722444126770737	0.4806632544056626	0.3802237395588276
0.6081801086386315	0.7324798634243137	0.8783302783579193	0.6871542202294098	0.43055335281506113
0.07039335637116795	0.5895383841382262	0.9867238482405158	0.8028481906166975	0.4270508890842354
0.27561111844118924	0.36042144078523364	0.5523838312061115	0.47889803737127	0.6632438946936812
0.662910093504042	0.04414896730404361	0.7815683234223799	0.9294642728999266	0.8694092134399242
0.10927802005840104	0.9576499543821491	0.556035177798831	0.015299290851408243	0.09400343868131411
0.07547721762349302	0.06326556337956135	0.2814863455614455	0.4771025684292569	0.27752729517124397
0.47365093712110207	0.6119752180563598	0.5571100306929867	0.4682721178250737	0.6784601051297877
0.8681299132949937	0.4045867299413858	0.23236314189884366	0.4531274405382949	0.7137606653494648
	0.05663307286347041	0.6209546408232582	0.9091400847666155	0.7247269807071055
0.13550468863417353	0.9577456649504075	0.29899527719809826	0.2955109292814644	0.9006103864037368
0.0529409597292857	0.6429813670733494	0.9331814886010625	0.4604797021086845	0.3595617473301801
0.4968844859967818	0.2580045965633688	0.19150891106782886	0.6674878037987305	0.03629258898085197
0.18527932392759172	0.020546746248804038	0.18424711902076085	0.3661021213679946	0.29512004157378635
0.12875780880853438	0.7511942702065766	0.46601530563897375	0.8994535077630346	0.04611769094634921
0.3729781151653553	0.2637506534905075	0.37664623929461283	0.5238056991841064	0.8858457382256805
0.7262277593842794	0.7397611876244897	0.24654144091627883	0.6795456962878601	0.12218479172914798
	0.10670492037585821	0.24690515917708855	0.34368863448523645	0.5749847169403018
0.4715800285515016	0.44236640363842517	0.3454394014945684	0.15492769520159078	0.7584043536028819
0.19703956823087332	0.0003744428821755852	0.5069135238228611	0.47141062413951407	0.4775031445317577
0.9712464467229647	0.15470173531000464	0.5357046943504398	0.9993326669311413	0.6761037548530646
0.3048181746457159	0.671400898388417	0.48281136921824597	0.6055175182235027	0.5182819333338198
0.988536376861132	0.3529276560084781	0.7056140981720028	0.21994573271800988	0.5887479202260609
0.5825562985414439	0.7064772960516237	0.9816120166943474	0.12916964173363266	0.46294465795928375
0.7191724062241384	0.5021921043922056	0.5723650062782227	0.21040311753924523	0.5185699334460419
0.8606047658131013	0.39803868154115907	0.039045607777909996	0.16138240591912367	0.04235170324105708
0.5145538056973308	0.28766897148649195	0.980145510154177	0.3529280185751872	0.7712969203560188
0.8800472784319981	0.28772575401355804	0.07011681379768187	0.37656711169468404	0.46100592525062856
0.4230024641077349	0.8681974066335115	0.49533222981621416	0.9520191156582203	0.08224788092333057
0.21274891555036846	0.6391917783558204	0.6305178372767161	0.8863460160110395	0.20710550207338663
0.047176058729988535	0.9570777678668406	0.13722243555897584	0.25327982999727705	0.5290547939759207
	0.7822512877150093	0.6302909449752297	0.29075202520460175	0.10795418642324262
0.36566906726561044	0.4667206723252928	0.6836670572703207	0.15283625558421332	0.298193899013966
0.012733943620932275	0.016995084556551965	0.6730459732262289	0.00677276091537915	0.016346916489688668
0.17584328020168616	0.38464489171847327	0.9201007460275968	0.5991505720394078	0.11162496232805408
0.13111642381410615	0.6709825479228997	0.7220603289242249	0.10679879546597659	0.76672799608956
0.8586914110170489	0.13326327654424763	0.4801032114257997	0.6483928635441575	0.13348580061179538
0.744916263539646	0.3660206323695303	0.5293020002744289	0.5863929502962677	0.6260034728630915
0.6086424051226902	0.9595561340759048	0.9706814931214625	0.0058245192981221106	0.6444322129345074
0.6718537639315045	0.16845533118975442	0.22290356327874328	0.6262034024514386	0.7538409340994152
	0.8853306770567091	0.654283173740691	0.432002764607342	0.42162769808286926
0.9175763953523114	0.29701537507257636	0.30828402477248307	0.563965546144266	0.6374251932448461
0.3179155247701634	0.487911051815494	0.29115528962646653	0.7358190913027645	0.6611057628367041
0.34264724678044056	0.13670547716656545	0.181110000565172	0.00470623840733464	0.7212225740091548
0.5864178637125328	0.12693842136443	0.7655842036362472	0.8316703478090058	0.38279125317300633
0.2620563846830761	0.7193643671310206	0.38898495584710624	0.6566821451432995	0.8647032203471124
0.3887040024537999	0.8951102705461413	0.5693260508508131	0.4236965191871134	0.284178227706949
0.3293550656590878	0.4730539860785725	0.698304049628608	0.7556555124826689	0.4064597198212164
0.7069627964905575	0.7299047583198189	0.9128598133441914	0.21891020382100324	0.5879331312911114
0.6073910547296287	0.34757991622171636	0.34454056873615235	0.513163928900159	0.22040110928216305
0.47930376447171774	0.38362034769064646	0.3720973111410215	0.9146128958852551	0.7841570142812975
0.27657170440514345	0.36767258247585943	0.8214707353809664	0.5045236707659674	0.5745529708328694
0.4829857474960827	0.4796704187541919	0.9857951195360058	0.48181317411365676	0.15759244737869615
	0.2524796185766527	0.7622519641195854	0.09588466959019704	0.26299671718936657
0.673081549628059	0.4793044633800424	0.9349524044776261	0.36470112917287933	0.5719898075862253
0.38828096519844213	0.03352397903959525	0.9026616140758683	0.6478684119262129	0.17307940789934473
0.6556019878501314	0.8503779553728655	0.5662467329551454	0.6499970676360034	0.22207737701440589
0.872980254642453	0.9866575013953534	0.6828754460680372	0.9278544574050493	0.9986534587090287
0.8883000110052777	0.3667855814023818	0.17045163142395292	0.31678391490751456	0.9302814102301131
0.9660805709137157	0.2308315645544453	0.4547585017077669	0.752642577914736	0.8908584954613689
	0.6588435085533867	0.5924016075302887	0.7501439414721259	0.04419221286239239
0.16989609843909226	0.6919755290880315	0.6847589229664713	0.9324025509417917	0.14602767334604738
0.8060870159604608	0.41523569357371837	0.21129792538581915	0.5160839083299094	0.5074744103987661
0.7736388115357506	0.8339389981290725	0.851656768922544	0.3089013245995085	0.2064713217581131
0.16126371372788317	0.6671410168821301	0.648118097932659	0.17542675911419037	0.45730306356791395
0.41811463251549486	0.18074927051679834	0.7803527518323748	0.02431246050717839	0.17439450228191666
0.6391775839609186	0.08555667050654203	0.581046190339491	0.22564183044060915	0.4656785065984811
0.19866859367398326	0.6601057576524227	0.16359803307190046	0.10504114570463197	0.7301605534034366
0.14421268995558578	0.11926692770081426	0.5511824844478067	0.021313730993320124	0.31345656142841516
0.7033626646687129	0.9373521009969277	0.32764471905144943	0.22507545769655335	0.952020222784213
0.6080599632582898	0.5545561140977823	0.8924501692688526	0.4574979762524273	0.5086982896508164
0.5117704579355953	0.6753500214071241	0.8633273023641929	0.4179936386559946	0.9396702414073546
0.9419241290793384	0.7043981412650381	0.8831771676256477	0.9533706978974753	0.23121235368991466
0.7414206963209065	0.996834710028744	0.35665100099161895	0.03030630005332524	0.6095008527780749
0.3828053739268127	0.4780750357057376	0.5731066975010711	0.8299148613790128	0.45781652370044235
0.9283077395052863	0.8465298387995293	0.29921904106287	0.7086036864659915	0.36693341738814145
0.5172813798442796	0.14224546094531387	0.6590607497826467	0.8347566892343723	0.42480696083931246
0.8396652190568993	0.9672511646461908	0.36105021803348447	0.8744425309611344	0.06409519253138163
0.7202356541655718	0.41368069805114793	0.9408740625501917	0.44642701250575745	0.7414625306249727
	0.7538496015751501	0.24846706284925957	0.396072134238483	0.6358545266112893
0.6624090926804448	0.6585484692168084	0.40995003711228406	0.794436266752541	0.5116015768489612
0.012331432128969477	0.05630736190429542	0.8554048652110471	0.4097197037236686	0.07680882521698018
0.08314800564581537	0.9889281095489999	0.45826722578596124	0.9001607323073711	0.5615218684692037
0.07061103952701264	0.027967991204476794	0.5382648830319039	0.8768455192873355	0.4019895150808874
0.18093398762880453	0.6149946108653969	0.12068420519371725	0.5538468618116349	0.19946199937636255
0.7704037159320921	0.7254955068507457	0.13595002288817526	0.09746912009290232	0.9462393935428461
0.6335361113650186	0.7851937434620261	0.15389831592328373	0.6941677370515537	0.37309563725156303
0.6927875647858528	0.6951930644189306	0.167577756311576	0.08108641445983233	0.7549958043766417
0.9888644432957909	0.43969686823636056	0.8717096237541785	0.4270586301135817	0.1084606718346659
0.31725258368434484	0.8653581496565085	0.47759437990726694	0.7149597815067249	0.8541393976976164
0.05294427859373185	0.7070882498091781	0.8360367816646316	0.6116763669798168	0.10337732800992439
0.8112153773755977	0.39831233232549923	0.0323252350763118	0.14199772445104264	0.9777342828369272
0.5338554165716585	0.766451874936884	0.11517023937369175	0.49225906667933583	0.7887589162477832
0.29717049722850486	0.8180215517366723	0.07329472839144346	0.5449027125787445	0.729883905370255
0.6884909016702242	0.3930831376064242	0.9395097996282207	0.1438332467132356	0.6310599429179252
0.4112445686175191	0.48947639341115223	0.5310548454342391	0.6619895127278168	0.1562345477062984
0.6143639682308388	0.11154924531933352	0.049727363740425745	0.05889741119110303	0.6079798605183963
0.7469767422926097	0.7839401034907683	0.2416585036396589	0.4020242087761253	0.316612454018273
0.8122652925417332	0.024089813666523296	0.8261663288224028	0.21866022376193472	0.5179049467100985
0.3547570275933942	0.49265094064595083	0.7520338056732121	0.9712375939118845	0.8560572753605552
0.17490384943578097	0.43768869512773034	0.3512762431762366	0.11188658213609004	0.3883263795072329
0.9496564688021034	0.521747972086581	0.8142117896119588	0.04487856435062387	0.08826059072405468
0.16431823117044875	0.8023251040683623	0.6778370176700321	0.858147755020354	0.9164174621285339
0.6419733632362479	0.860274212482362	0.6647278003903697	0.7358649646934188	0.08833194201592831
0.1584694901282092	0.9447087537680389	0.23697055147566393	0.2963963310573763	0.1801412180029267
0.26045950385312444	0.9335624221126574	0.9595324637262501	0.2396541833293918	0.17923775510076445
0.10561829324586747	0.34610277622735086	0.7602837791354798	0.40451134301945046	0.9115341002634748
0.344569474171581	0.257999396108443	0.8889815930864026	0.8776448824690956	0.11259026024877139
0.8673862024305997	0.7787483363452925	0.7130265727983968	0.5267674145351816	0.849281659195715
0.798840426408923	0.8996536810304208	0.12381818332582784	0.7987979897789095	0.2569324616320543
0.12503904960139567	0.08956882491607898	0.9006476783848837	0.48752324109263767	0.23384370600712834
0.6405671094720182	0.13047283449258984	0.5660416345402661	0.143923588144519	0.6721910209088464
0.2468421472615736	0.9225112889710559	0.4878402949512698	0.5078264554809498	0.24907655464990197
	0.9246069118627661	0.16669307976581815	0.6635386930990073	0.47354571963662007
0.6781713888151201	0.842590750072795	0.6053572501518127	0.2384189653995965	0.4251017615740482
0.5133873860228209	0.6411659541309713	0.23061891129075895	0.8953346053825519	0.6992408709659829
0.0190547831273552	0.23307055202888416	0.1141524508361842	0.7289847685876534	0.8300975582127821
0.722489559120083	0.8584096955339269	0.24542381164303062	0.7200489013209925	0.4745778621112511
0.5739553454393296	0.2360325218501722	0.8890105128589142	0.3023029343243646	0.5045283135429623
0.6018629418270938	0.02298708385361148	0.20674318126042102	0.30053429779853835	0.5928940297460907
0.0922456452379069	0.7641645106323572	0.4185110602817286	0.023740682431235505	0.1925403326523284
0.3909758605024045	0.7528791702468995	0.06731909853753082	0.6758662057254641	0.11501079916488577
0.9014197327301885	0.9090171493936672	0.8796906158245941	0.47304633927935325	0.47328283875629507
0.20326580799483418	0.8356367641524113	0.17753463401837655	0.30781131467932965	0.5245945316296832
0.1562846204973637	0.1499799015365335	0.38087886505458535	0.3908778814658117	0.7416940602623149
0.4733931355064491	0.028895343365656134	0.795303469384824	0.7137306542978412	0.9934895675054437
0.17323839304767485	0.13974278004285978	0.6407276500446466	0.4536871127486216	0.7027378319637798
0.9505571764991058	0.30187301276577794	0.29735449436130923	0.6997032101360618	0.13191155235336927
0.4763895513126968	0.5544354513892455	0.4664844990831457	0.48399342467247963	0.5152073785415182
0.13702883099961816	0.4110450687477233	0.5573950578856368	0.40490985444009375	0.042842844958101756
0.026720353934397534	0.8983604272154228	0.19458769154007338	0.7707746054847211	0.7220628932602593
0.6725550259173999	0.10185815135121734	0.12852611056194052	0.9928705265977841	0.807831915611515
0.5217958756624734	0.06703101879117512	0.9366422034363254	0.4975972366427832	0.5273988536103011
0.72128286757338	0.6718340203448735	0.1437366603755953	0.8189713208023955	0.1553658352941799
0.219727473146901	0.41211212446972223	0.5016599496049202	0.7186972937529085	0.6528852680978169
0.043107888400492844	0.9006640458388807	0.4570066695315421	0.04660496942285053	0.5593753560758713
0.40574849747168695	0.20516634518370291	0.33125897394649273	0.18726398381978293	0.8618186797575861
	0.07472973101183433	0.5239123236503314	0.6992938481163123	0.9897593177937136
0.5321365939209622	0.12228594436339091	0.02511913066749938	0.46701470136364587	0.04354720539166945
0.6530404695072124	0.0516525437468649	0.36684021049836346	0.2811804244711186	0.015605139806382895
0.2227945604734033	0.7197314886805065	0.11365527289136423	0.6108186038679039	0.21982599654949742
0.5169662176477797	0.2976977494704276	0.8161328401816892	0.5226718749296401	0.18843003113680146
0.5248654628280054	0.09850320954003167	0.05905715263020295	0.5894754814601776	4.0112691057192507e-05
0.6620542825014132	0.7903542464677751	0.49582044241594336	0.7449196066728718	0.9510826934215348
	0.464005167456065	0.8744654616654105	0.38553461800125377	0.9340698345077154
0.7415338647965002	0.09411482230495927	0.12540357171860894	0.9597443649251375	0.9374051800514569
0.8189740222193633	0.1276110226081415	0.8846215152276412	0.19621465621395173	0.672427512657089
0.4133923964102718	0.5721856726408147	0.8151156719060784	0.31967946112654555	0.8386490409265576
0.16321297578523697	0.16610234310901917	0.9532351543929889	0.8788758729892958	0.6021844210204108
0.7150023233347959	0.47704782984133975	0.244839204672766	0.4321911080247809	0.7792561644151256
0.786629780626965	0.7352759142272465	0.5764217702116596	0.34338718341563823	0.12998226362953447
0.49281433976647393	0.6915723530687431	0.6409458038862704	0.5987292969635674	0.6530462952923378
0.9621839696068479	0.9949857292827468	0.4049631460538071	0.23890514392541473	0.9333729765437255
0.5258405408769014	0.25863725762823186	0.0560945461754202	0.43209018883153005	0.4277290482530879
0.7743994135486254	0.37173008158665866	0.7312498397844994	0.23558598320460922	0.9192883017879303
0.3748406853243089	0.6319229788010906	0.03354879629394458	0.776806298635326	0.7205297757506957
0.027318414123849943	0.6990633019270421	0.6013629912859578	0.20780345796757593	0.9709053996132914
0.39750585519434456	0.13405730457814358	0.04843507599704788	0.16672060633444974	0.0521856937328512
0.7860759301061464	0.284086334087601	0.1508341608371595	0.6415541835653611	0.6179943191027623
0.7965435023195351	0.8922377788125929	0.8440296680050164	0.8329959301299086	0.07332283463387357
0.04389385426424164	0.42795138983182734	0.32626134968132836	0.02484925020656603	0.9535152343543897
0.8557945004269737	0.505143227527459	0.050865473368339575	0.2249195602164421	0.9841606679403415
	0.9236510378360073	0.13735090462270694	0.640460838056922	0.1163478415914524
0.11392021527534746	0.34761263938220666	0.7858036583195752	0.6025657196802328	0.7443899480297411
0.6572250118969469	0.6641953941692761	0.0728121267297197	0.9527816681624691	0.7836238749633526
	0.26530357271174154	0.28896386593661705	0.8401606194563128	0.6035923103710281
0.6855825031875115	0.4469512492359242	0.41759206259844517	0.5058805075483738	0.5700971918178686
0.3073873556145258	0.3489403956147833	0.26371061013165353	0.9280342249083084	0.7728151897989962
0.7470424882102363	0.872738983834791	0.7150816068794795	0.3869585006151155	0.16626164565632484
	0.0021092339663268955	0.8369316232191817	0.21502039007961238	0.6744658454326499
0.3074590701531874	0.4544922567159524	0.14417342655992427	0.8922561838741659	0.6554007091893598
0.6442626757247203	0.23072723282140284	0.043892233218415955	0.6378786795050018	0.19736964282003433
0.6134413952273351	0.9990591695522589	0.2811778858758013	0.5357344880035918	0.02920289942078791
0.18469235278485452	0.7786905335626093	0.7380070410849306	0.23430042438462872	0.38574320066927414
0.7203380630587094	0.6299292035949404	0.07096102152346762	0.2802493586314041	0.23533920914720707
0.8378447704419941	0.5848414587554461	0.06984733082735739	0.865485917905819	0.5224530186744792
0.9187830979279246	0.5998595640511593	0.6223499224089359	0.7961919831297354	0.11750108763504585
0.3755836992864954	0.6737475874141329	0.1937865713194058	0.14599695266089507	0.29054566684796435
	0.7593631263166266	0.8448034612558141	0.31482003899760647	0.7858959117545559
0.44223793732237526	0.4305968973422263	0.16216654307208578	0.6077615169905661	0.03553372302471469
0.46757498540076303	0.4473495299614435	0.12174188197509672	0.6947673253682164	0.7932513613093465
0.5976920988626525	0.5743790176807232	0.7016746553087516	0.4459435279319779	0.315387530722805
0.36421661537131533	0.3546313265624126	0.7283550644212977	0.01945855172029398	0.8116066158285505
0.21276699504808316	0.1225719942154827	0.62967121372733	0.01564071504658049	0.2926498342573065
0.9053994152483836	0.23623068768655453	0.8906940171132259	0.6290154450452786	0.5699039257321784
0.00794025673219112	0.36018903841665284	0.9842898140003371	0.8482255566196549	0.5934579826346444
0.10138994429408044	0.02910913105088664	0.4885442346545653	0.0006605612402832417	0.5252330733721503
0.4616952848520217	0.5116428156199503	0.21043934349268067	0.7980650992447257	0.39192703104310733
0.7529555142764428	0.1399215170484015	0.21008634254032632	0.5001878732864098	0.33543620278916075
	0.893826258413832	0.8996041996996957	0.15426113452668544	0.19850808602872416
0.551173331229251	0.5497490747933045	0.959254650672909	0.8842659689438297	0.007410962355908768
0.21598653432009052	0.9991637433080499	0.07778768760118648	0.4399749945297743	0.4929667467119838
0.3567682503118035	0.6548089540877394	0.2762727763891687	0.09015283971744426	0.009050052737399561
0.8776397362682687	0.27654480898057765	0.6141810612812739	0.13230930687173992	0.7941479591771288
0.40930087659372394	0.6404473155070228	0.21036001507650348	0.85553354719559	0.007252423383825479
0.11772020281557238	0.9895448281669348	0.6842478530339328	0.6950956591146612	0.39782737255808853
0.303503125154163	0.6561669447569927	0.10886289427254447	0.2516670809655771	0.23477481848762438
0.45451556228169787	0.6675258336511948	0.4370817857871818	0.10749801823529093	0.24787610988696696
0.9594540652105708	0.9321993743250393	0.22510573815217028	0.25120897091758676	0.6634408787438975
0.3222806627995448	0.7624009666948268	0.2591796350816381	0.21989019268657484	0.8130663116109114
0.11664854508364764	0.7890990812864028	0.7071193639685718	0.3294440184166937	0.812520027411615
0.07804163283160048	0.47197712192032726	0.194824989086115	0.6047542737298296	0.5656721643057945
0.06776448591726414	0.13056849875393883	0.25848572120663904	0.9572969848880442	0.08451121009336615
0.2958394967491441	0.4071179049696193	0.6816801295144514	0.7713059272557559	0.8697746489806982
0.4530748582420415	0.9141861351685298	0.6254647979733884	0.12643643958853812	0.14548682909881883
0.35154884667491626	0.19744182191492865	0.3418779157717372	0.961521729648815	0.517141398862923
0.5469422952738358	0.21562415434013016	0.6145425938304743	0.9344707549203256	0.5761538801617868
0.7248711389441663	0.5406859707903364	0.2056753326175359	0.8060802773255611	0.692174732760406
0.9779205794032323	0.9964352633826253	0.5813610664038007	0.15246933233178694	0.20479134966256718
0.9206889868469792	0.17395927399566735	0.606114878690816	0.4922423684285414	0.7965717636073599
0.5449961701837897	0.17598397263965349	0.5352467183378871	0.6861833660328074	0.3738181190842137
0.777357979843248	0.003880776130782637	0.9365688965006947	0.059303386341564734	0.18711113626376752
0.38722226744345745	0.5224724944513542	0.5690720012912504	0.0517221337648176	0.053004348563598036
0.6783535604496735	0.6080864210558905	0.37056181584836156	0.4806717531925261	0.538845628529073
0.46061854737507957	0.9324311399426374	0.3864739988816921	0.26390960726008905	0.23828352604144265
0.455761066516037	0.9075158124980871	0.21937114335124674	0.7114313930099723	0.19718117749391384
0.6146231126591385	0.43251784866561127	0.6310004935285125	0.8388274713998556	0.706988735990769
0.03884902022835446	0.3940128303252124	0.7396994636197838	0.7151825071186787	0.008909997560570315
	0.21127375583530128	0.3490418990890527	0.16152908105579256	0.8118765829646702
0.19181094895491813	0.6378055749645097	0.6679934809894232	0.2160215430203769	0.1632201295907738
	0.829215044610855	0.5767926414924242	0.010604675203586433	0.3001913609792466
0.09078319713505789	0.310547230181631	0.9890713126190613	0.5585862907394904	0.6863139007839929
0.8947372720518282	0.7783176474697802	0.3821320943340272	0.7010966766369953	0.23242383152804658
0.022908961604104716	0.07439850962908956	0.43290716988300804	0.8607964154175016	0.2328594315620156
0.7543729739342334	0.9345849518353982	0.7006865090533894	0.5518240672257061	0.909530262231544
0.38896281451656867	0.7808668177005498	0.3752464180856079	0.4064767290197946	0.7595324252410105
0.34707485341654576	0.8931973867978686	0.7345869271049904	0.34621907054349077	0.26718490194231703
0.36249566574840064	0.0451160289571515	0.6601616225967377	0.09841779973886577	0.7920654874215538
0.3666983344373249	0.7375581140284464	0.9140778351690634	0.1420321854381108	0.6180259568753078
0.30392238888627665	0.28564298618753114	0.3756477703206689	0.24409323681406847	0.5350323622431907
0.001086904830346902	0.08538015610057759	0.220591132563554	0.6733284572895812	0.06470121028734166
0.4023190570339993	0.1840983527058504	0.48476565316198406	0.03802617679179554	0.6300434279821896
0.9569897241735364	0.31214415683235175	0.4276491848606806	0.9501541354263026	0.35451613596567244
0.9270006275489159	0.8271678044616245	0.6671547554640314	0.21362976839226555	0.9649783667921792
0.9997977323721371	0.08320087264989284	0.1996625941746043	0.6129774772799516	0.65423049010314
0.02342980431990882	0.5208970216035592	0.018275714738670068	0.4874520304514215	0.6811507227791015
0.009347795509169643	0.23471534200411215	0.4257119015323242	0.135698512273131	0.24933174063377894
0.8826329842561584	0.4540356356491415	0.5419052216108253	0.4442638920273636	0.35024826417976873
0.3000181464371804	0.5595261616692188	0.6018085945029874	0.5663587159047496	0.25732316179070225
0.27345598191654497	0.2727840758135738	0.6598110611725011	0.6402618318047956	0.28386571611773603
0.3604063560305095	0.5706591609130993	0.11939426920748042	0.08403804244301627	0.9003506547372214
0.2561265373829704	0.4413410649696502	0.41226229304186157	0.7746407823890819	0.4634466621166826
0.8658415739789705	0.05095933111336226	0.7270770349727192	0.27022748551042153	0.42914497605442126
0.17545225858327407	0.6268704771667133	0.1027413025192756	0.03116963506156445	0.7323205384220755
	0.35784807441243516	0.14256812924906537	0.761186223472785	0.39861171387814265
0.0766942660443184	0.8724038176850066	0.5205547135545824	0.7601497443483165	0.8643988321413081
	0.344446173972756	0.643276387966248	0.7815490272148179	0.3746703683175755
0.0015702689410966864	0.48741465061428924	0.19664110876798035	0.9640318822869018	0.1602341343492686
0.9037976045982944	0.6183765693983376	0.0013352524911766084	0.6611518551361062	0.9852217979016107
0.23848870993845606	0.15256278186741534	0.22767168953216432	0.4088244892790597	0.4122295838391049
0.8587145585401345	0.37945786584859165	0.8921347294021411	0.29430217245395807	0.5609108580702756
0.5318437116816944	0.9465463545947751	0.6913010577636698	0.02095892997699056	0.4960012392340273
0.2950358908642411	0.03915317500074467	0.4420751329699024	0.8948118411252619	0.5255735751661663
0.08948237801254233	0.5631484048689391	0.11783841825659613	0.8930430658851848	0.3932462759324038
0.8372080951507116	0.17239435849848428	0.5219700113795279	0.7379934845607694	0.8660249241852757
0.8255805495039511	0.19047399984410007	0.803986317324198	0.4028726239833651	0.5923737268466192
0.10640828248454992	0.5570518386879368	0.8974927679061335	0.7443828524311167	0.10319053152298463
0.6550887378792187	0.2578409640857484	0.3798131153062556	0.5604047368137437	0.8567103241491202
0.6543983624324838	0.9661268406869706	0.16530733223420713	0.5421314845400627	0.6075808821120531
0.48202256627175943	0.7261105314137389	0.7671853684639063	0.10260417045755477	0.06425866045091111
	0.38933878051960313	0.5253247392436345	0.9863822147570834	0.652535774255472
0.08798470545790438	0.8500926820686622	0.3388501160052042	0.5211397171513216	0.42395341059259006
0.08403230000100304	0.49095868489295835	0.3470895180009459	0.3072539712431115	0.6086723358070635
0.2926478247073673	0.4274175062770281	0.12668097154170166	0.9997186476882666	0.909128853670393
0.265322683809622	0.09057404109993861	0.27888655491628256	0.28461852042716795	0.7480226860438925
0.29611786274178786	0.49632781294529893	0.29935990703248927	0.5726763936355664	0.464620936237393
0.8568507916032437	0.08280421773916913	0.9522494063601995	0.8134161207910092	0.867909570960586
0.963074861131358	0.27547761505947077	0.7417430216844672	0.5647305589790976	0.8898357324279597
	0.5281197568215977	0.25568898844392496	0.6454602357119406	0.060105141146594154
0.06899968433942383	0.03846206616090975	0.9271513793044067	0.25018910286653984	0.9198093068830759
0.3998283293109015	0.6268420518768628	0.803964198516909	0.6453988685626698	0.7634786963512238
0.30401577523835666	0.9706097681875439	0.9566240273980989	0.8895475596041141	0.8621163920541359
0.2695576672595402	0.5555629943228589	0.17816795686646703	0.8903849042027442	0.4849975815296158
0.8924948831133441	0.8159543393003221	0.7431203740907644	0.199388289363305	0.08258352689915593
0.6624935350137334	0.9793678682090521	0.6137338815316509	0.8732015548100475	0.7847576565191422
0.18119081894047584	0.34068225632575944	0.005344241354599211	0.08243539596541738	0.7837376390477364
0.7490186594186669	0.9286275082069178	0.45503162729324165	0.9928911793275209	0.12487213935708907
	0.14260819169129246	0.687912177516234	0.7046346803149701	0.35346973773639545
0.32022201480970647	0.2062811990561666	0.7316220950244045	0.3405538314495715	0.2743659933996325
0.5503450922108685	0.023056077940114772	0.8746531837024181	0.3346042893194079	0.5059912349645104
	0.8625286157927289	0.8597862175375883	0.04876586590389076	0.9877796370490074
0.5786905461830052	0.2851724064193334	0.06652815083589392	0.2687855759761524	0.3256170926599392
0.03977161057183809	0.40447949992394794	0.3294839386463263	0.4375535138612102	0.8320171006993399
0.827734563153714	0.7570053256458269	0.41775764831314444	0.20233621144923053	0.2244057142263569
0.009817189515617608	0.2818044483485591	0.17710078730378653	0.042382117444391354	0.027111153249121167
0.030031163828509566	0.7157013229889139	0.06274830120442498	0.3349275256219385	0.5316357373612879
0.8697765980796085	0.2099968018528382	0.6465819716110109	0.2062830828887262	0.2733216939315881
0.7640658032595823	0.363596533075475	0.7526255000986317	0.551610483969695	0.7516403239434802
0.3193289012778294	0.4982224235911278	0.6459969967807149	0.22698880736656502	0.16892302019510141
0.28064946768850396	0.8580894542775239	0.6638754595014488	0.6815845446803249	0.8462650985048779
0.8404650572688371	0.32490694627363603	0.6062705369243584	0.46769894060221073	0.9304809169264446
	0.14038897232274983	0.5342808144613875	0.11090158660859539	0.36353102428889883
0.8786430982442959	0.6061929838044711	0.419448046846445	0.3778789035585167	0.4441165743670452
	0.7832779709607948	0.960338417436961	0.43640847197846566	0.854822727122632
0.7178717041357819	0.942584990298463	0.07032908022594153	0.374690693554403	0.019156571188107985
0.47649451795986664	0.9324804250778497	0.21872138248148587	0.8911511118286537	0.3630050070288504
0.2607502517067085	0.7699695861392691	0.032648431648300336	0.3383457462933803	0.7313193367952662
0.005945778749242958	0.23038584284909125	0.39714500769643657	0.7629656828156581	0.5166632264561715
	0.053034058501412185	0.13955708410884216	0.22718115402810912	0.9369364120914556
0.4353736507091843	0.5301328356436019	0.41353649605782095	0.4483311974432629	0.9200448975697051
0.710336476592755	0.7411427113224309	0.6336499615796912	0.6490255010104657	0.4486384517109163
0.5719721665577877	0.6752598966992676	0.21069777643709153	0.6501615138057781	0.4600171054185339
0.9369626112839331	0.17159236698649594	0.23697619877210419	0.5083779377761041	0.9921642409854193
0.5511340911608142	0.5108303056699091	0.32347417601424655	0.2778986748013913	0.5448235929785931
0.8737076381926732	0.594548565223982	0.7764234661932577	0.017252429197293306	0.4596185918507242
0.4644965606796141	0.00027208601619610473	0.48066309932406415	0.6221537497920748	0.6585558883291964
0.9628346952155381	0.19242290177374732	0.7412485353166273	0.6616999867993584	0.27780691597285556
0.8815230318801615	0.5993521695976112	0.7081497489166848	0.26419485228772244	0.5628911783004475
0.13129127282064235	0.6998058698984619	0.7315382657652473	0.820039505433348	0.1770506092822156
	0.9792131794725953	0.9837988041875505	0.8586285843762125	0.9209123899385336
0.07049081425701631	0.3308427032155453	0.8938106549061028	0.04100452171310631	0.9238967543291979
0.8850301481989513	0.8661722750063168	0.5474206395255634	0.5288289456384919	0.6160946603957573
0.17250564814482905	0.2274433190569518	0.15158785781648798	0.07462408005263677	0.22532832688840243
0.8139562971185568	0.29647591611355617	0.597468267261853	0.6558786224244976	0.8132904022628578
0.15037456702153595	0.399475875950558	0.36462168407877915	0.5244136576953065	0.4897310517206831
0.16905606460706812	0.9259284008387821	0.7780449495092098	0.9620952698695364	0.5183653257474117
0.01851792422652898	0.7786328320390046	0.7899302558538834	0.8112803569631407	0.2885740942512335
0.3593275880650496	0.9830151753965094	0.5867752851631214	0.9731480617153299	0.9388314670055581
0.7936879900313993	0.8034917409974801	0.7727072114388064	0.2589248587542693	0.39544253947493024
0.3684611871276391	0.4179517447243374	0.23992937076746623	0.36567074841329894	0.26332153113554335
0.749524011140794	0.8642474447663713	0.6544358400099992	0.23974273286383596	0.27309993810979083
	0.9789484687091092	0.4219414917388825	0.9358969596915496	0.8947506686746985
0.2573852060026858	0.46662449730876066	0.24152386224399525	0.5183349472481292	0.9251000829383262
0.0423474429161228	0.11186792691271741	0.9020901882039973	0.3376272550159616	0.7820373905662288
0.7722210669778478	0.6601479464434633	0.5540795023387511	0.36380761683787644	0.5241050705146835
0.2712751757646953	0.14341294350794043	0.07092644443603813	0.6863760160631701	0.9488364060195698
0.5826394033778413	0.8960344894551078	0.13622787510069267	0.8362672940281107	0.0303128962116771
	0.09952786225870092	0.6379628869145653	0.8931537322777843	0.6989273845594822
0.05490369672233597	0.6324834031415898	0.56254187381425	0.5452681263984048	0.3623377856119956
0.15922319304799026	0.8228878885084687	0.43207184771056206	0.015393528451395966	0.5084612232963475
0.5717181211107556	0.6433096010054458	0.26775568366460945	0.9194114948548964	0.8424485476878151
0.08417579170466338	0.5514802398561159	0.8994347871398186	0.28949896100039285	0.4459074533682674
0.3229523446567878	0.31805775521890567	0.7893656462478053	0.6333453036093977	0.7699916550936466
0.4389188918005288	0.6902192135575481	0.10729214310336088	0.7178496068030887	0.8792821886472536
0.8057448190670324	0.05485612690436792	0.34566828127328253	0.11203656770166082	0.3065994056189961
0.29062675239145586	0.133490164436757	0.9690275264869597	0.7133537581000853	0.2774558887377119
0.913041937790306	0.7783114858217717	0.04607854469918082	0.9042472712565144	0.21063385103702237
0.771304204275718	0.7833652555696898	0.5948465630974642	0.8634919505230403	0.4404832648749928
0.7452826447318237	0.5621978457588586	0.09855791740806108	0.10129970724630288	0.12581841510876313
0.4962053581046756	0.9547382625926893	0.826690807719419	0.2856532470893559	0.8263331891221659
0.2085605888884976	0.05826597596292071	0.9160560368915122	0.33204910468614546	0.8288001283670586
0.9448743930863249	0.917685528314726	0.942141692301477	0.4912942098884847	0.44324147487295273
0.2684172147090488	0.7319675970215458	0.954564431016865	0.813578047483268	0.28583662560746415
0.973154651241773	0.669702569461055	0.20674647615107977	0.40280124985205656	0.7472497853014721
0.5545081304694987	0.4090118692363883	0.67252351149615	0.5841876990372223	0.06542398958741236
0.7436345716033189	0.22928055226920352	0.37287763289016695	0.30990862511006667	0.15369642901954317
0.32667205636582375	0.5997049662670482	0.9509058690062352	0.7564811227902896	0.18517238099110112
0.8889818644731142	0.8877983154038633	0.1403019306086838	0.730521492961164	0.29124881838651817
0.1738902965899971	0.8544035009008476	0.7150141384132361	0.3333321939661622	0.36073166508648635
0.5419308883786264	0.6900781000698384	0.028956270949934804	0.07512749855566936	0.5290454359038301
0.8376485871585901	0.5261995427555702	0.27357056863008566	0.6102155596864475	0.28222271521120257
0.5239511948491445	0.09130531946537812	0.20965314238784272	0.8046244133646495	0.18787601402535126
0.037509259826924324	0.5075198259841242	0.33660954265953136	0.7432727937844981	0.2598943508426449
0.7845527113414118	0.1632444873047959	0.04352095070069861	0.22702727393055577	0.5433560672437776
0.4055640404584745	0.2527981614664162	0.021471122266538356	0.32915041704750614	0.04689208245620202
0.5926305391240542	0.7828261049614043	0.6512352651083173	0.9649793084310735	0.5527252742082317
	0.8006762994009774	0.9322409518480825	0.9159099270070835	0.2726883042470861
0.3999386514514388	0.21102755605939072	0.8502080682305425	0.1914250115273458	0.14841609442877757
0.2418301798990251	0.6486625131153939	0.550607611286072	0.42143027898924323	0.24769465196651985
0.5780697244520577	0.19564193557637977	0.4860525599851092	0.6583952297477461	0.4328087216723323
0.9482696287251169	0.2662607956654537	0.45633690362133306	0.7698661860917918	0.6206547733406501
0.3839530601103909	0.8837074625774971	0.4870418927746647	0.3832429221032565	0.4045843216598315
0.6182281836951997	0.2750266737158378	0.03685431922500726	0.24289903915356792	0.17784809505594457
0.21073017280443795	0.8226960592493473	0.8088453254046832	0.32380004189223377	0.8041955961326613
0.7348175221397093	0.6014639699869662	0.11227316940898324	0.37065788230578356	0.12255810179251181
0.39588912934418663	0.6473501381729545	0.930304258910859	0.783702836865252	0.5678841417622187
0.48277406723480765	0.9391461698232385	0.7245210674980075	0.4507889887101477	0.8593278248002169
0.5987280037259085	0.640908028474182	0.8806704429337096	0.5325697405283225	0.45517429426991207
0.3662646512529786	0.13162110658866788	0.04613058998763275	0.5774816934161792	0.6421269761221244
0.44798098191754643	0.192131377760965	0.3600207881088976	0.061504657554254716	0.37550987646826095
0.03065050142105441	0.9858962056145658	0.7917982640690966	0.6434253689552331	0.6162646433045201
0.031756294174670074	0.9696843522202258	0.38395636606830874	0.05914314307432145	0.8152251336987445
0.7743520545028048	0.6967248011847039	0.3727125318837502	0.9427834740718595	0.06032437913943067
0.6354546238622564	0.5617178005015184	0.13101775249229453	0.5135005199900142	0.9466369888969763
0.8604586536423117	0.7424895606412074	0.7143618248208164	0.5326331399399911	0.3125550581954265
0.7122486741483993	0.3864401865798698	0.6807821208428161	0.954242222968344	0.42875178577498874
0.1440670754168687	0.33051698581819655	0.8224885533659894	0.3372619211916189	0.8402110846314442
0.7012610899902627	0.7274777989928259	0.9286192874206028	0.6965364603980368	0.9976686544458888
	0.09021763512263181	0.3451663551278701	0.7193542493509799	0.6550744793014339
0.3428842095479291	0.46286754122599905	0.16361428029031477	0.4281681945042578	0.2562913825594729
0.5414999589011517	0.6428080463809803	0.06789007683618209	0.24349086990687852	0.9032513972820392
	0.5491894072266642	0.37972548947112994	0.8436153652571676	0.2571158443659106
0.5379139862297941	0.594437727148167	0.6947050203752191	0.41508930600086147	0.909212213589779
0.6531336558999684	0.22394220542561927	0.8543967447154482	0.1004692456007994	0.8207423399395976
0.8798876188375316	0.7568419291563933	0.42207184975575907	0.4224888993286262	0.07774171863826207
0.9015733094968934	0.8445442513329283	0.6607418470800523	0.7507244871740413	0.9740090541816742
0.37466147360371316	0.9288855194100628	0.9319829775364101	0.28841872836927196	0.04458732008370159
0.2860903915198153	0.6411820370448928	0.5971988051320933	0.1428271515952243	0.5074628795807095
0.25822679930822956	0.941358925611848	0.19895440401855802	0.16548675968588833	0.026656326061380242
0.807719747725891	0.30492807773061625	0.9147372326500162	0.8402219647946066	0.9507884356440399
0.6954778019453347	0.8612721313199286	0.3488571200189967	0.3595348532290774	0.4179457382595533
0.033684949084914484	0.9005650259891735	0.2469030006813041	0.137904486188818	0.12716015498977917
0.11192344195257642	0.41501350989094654	0.7215078958617265	0.2715379379704176	0.52780255139578
0.7255434161963588	0.8621161536875538	0.4613919687875171	0.23801351510340707	0.25316020510645443
0.8395098571832902	0.8528245372117509	0.5637470073184392	0.6940260247084243	0.43493020821604944
0.44508718926691926	0.1997295581567261	0.6325902798350629	0.09246369292340018	0.5660413053627422
0.6906018214001483	0.8093528029456437	0.202163188824815	0.18395542108772966	0.7455975362389292
0.04956119533442682	0.00317028881454684	0.09445245830485272	0.32361001077675455	0.39894603190930256
0.524083888897205	0.22783470146466744	0.8020584393667426	0.04859098869627876	0.8551163898071714
0.186487442847858	0.8203157449590572	0.34382809134683123	0.7596642337211424	0.1917688285344158
0.522693805782545	0.9931987697105661	0.23255344782394272	0.9929946257937673	0.08524958000225524
0.2531025003419053	0.9754624289166206	0.19612829017746347	0.8973018930030762	0.2522585823407463
0.359291365132531	0.8991135137864331	0.8225709592883845	0.6058463907378825	0.7553636502856648
0.8302842797158201	0.6615877342245654	0.944113984357887	0.3886689375426723	0.017466705624690104
0.1269987333579753	0.6311271772517242	0.3864133461962783	0.17762470799182895	0.9699257390266942
	0.7873848934729196	0.28875279375350504	0.9956225766996529	0.761847769765932
0.497732326634434	0.7176376800307537	0.36362932724904196	0.9565107598558347	0.8651205886209609
0.6988920685414721	0.788645608992047	0.5872781951642192	0.6039732322458911	0.7062612934149719
0.7138230376154996	0.8234054382491666	0.5234167249373428	0.8032650018646478	0.4978159573619573
0.8722078008450278	0.8901788804057386	0.8210771463577377	0.825794939215852	0.6637745106975577
0.7144457264463097	0.6309293811860543	0.9378373330605336	0.8705149683908195	0.6063771238586716
	0.7738978579142971	0.39672088405827677	0.9884967772280602	0.3794176525781191
0.22086174563674266	0.5509821261653878	0.2756061958430701	0.9637508176703127	0.7696739837314331
	0.9519510823085586	0.5778450541451037	0.6951122610593503	0.6765747619830443
0.16263582591860937	0.45248055160610834	0.8890000278510298	0.7174217279791926	0.41666354137318184
0.4499435669779853	0.9000820894505427	0.018772848808530695	0.7488674887493514	0.9618006560797904
0.06892843750354505	0.02150837126533478	0.7703255675045755	0.749766462383516	0.2681513499129011
0.903494121915082	0.24250702354710085	0.9878347955726653	0.8560996098117133	0.9112042672829206
0.8258188851171397	0.11317755584971156	0.500600522488102	0.6084234607607458	0.43591904759521827
0.4435317202838126	0.489460551240943	0.4890612870886847	0.5313902314761153	0.5392365546010406
0.3792168262352321	0.34977051452159913	0.9611950762558158	0.49093302437901176	0.9814411215749891
0.344495851335745	0.5611384089851847	0.5814859111529417	0.8920314668936781	0.02358314015454077
0.9997937198987059	0.8867970018646131	0.9343640154292264	0.4921647758877923	0.07916518769899505
0.7505373475750201	0.8918879178423912	0.6690722177659655	0.295859690276699	0.4706409104974604
0.6093072802741352	0.06932077737114961	0.9139037052171812	0.8948528098853382	0.22915407224329576
0.5137199070470291	0.7575684195358212	0.8875602134057281	0.5674429519005811	0.6513578103835864
0.04456436479075254	0.7113990967184494	0.1478380518708483	0.5250382461138831	0.8612998330357591
0.16355945870538235	0.5014691069028033	0.3590198182998189	0.8399767204812365	0.735628526894249
0.6892045117810671	0.29107687411659877	0.8200739556350348	0.5962587126513611	0.24463223771185005
0.7648958412228809	0.5726866373244401	0.45631377010304386	0.6379289000049353	0.31344120534872466
0.7619229146881112	0.3207824208491964	0.7069744786271854	0.5155882572682045	0.14108739629355604
0.1409882844562904	0.18455006994525402	0.6014303766886631	0.09004166223997179	0.34702139702238666
0.6623685862098543	0.8542956762509012	0.41741570005255135	0.554695341833904	0.43518234935281486
0.882912207701831	0.5767860031571772	0.7711416026901029	0.942393200640116	0.7250339013163937
0.7293366422951977	0.45942957833847764	0.9922124237438755	0.1271508725135595	0.22044316668773722
0.16182372678673718	0.7492992499164415	0.39836769279941264	0.7240227458312878	0.5734503334428173
0.7053921822217798	0.46352789899720837	0.5594839190024119	0.06415579624696754	0.6536229527398664
0.4141914992108502	0.9237645889539192	0.46254564211732774	0.19687552734218428	0.6962808405566693
	0.32184431618171616	0.5207922387276037	0.12836418296555852	0.1871916636157206
0.1438135923891991	0.6333135106442708	0.3826605275214079	0.05877003560946681	0.5718936313550335
0.1769151551103555	0.2892279398240729	0.5353947986094528	0.1100667773734173	0.6851516973490006
0.005946394761802587	0.06462747950004544	0.09607629166894716	0.9082085122259931	0.605510274869598
0.38113940826356674	0.004018433265773891	0.6730824920421598	0.9730220630487743	0.4989263061543159
0.7716065877683256	0.1442151667186019	0.5254914705570759	0.23365608548243888	0.6016072005314098
0.5704590889254557	0.1167431075858687	0.66260383341293	0.7439283019453719	0.3445934725652634
0.6407974142279983	0.5534925955993902	0.5255649527470175	0.04955771808494969	0.9185833760175757
0.6856434492644008	0.3592074653404078	0.07318888556712388	0.5893303753138649	0.12204860117410943
0.1437971886293381	0.46182526176289174	0.02543619562354582	0.4604731617865845	0.3630623026860089
0.051445142828299484	0.3841421067960512	0.34000326199675046	0.34117695466987297	0.07814808155798869
0.6102023014423941	0.1894069313022967	0.9950291168852274	0.9435958744652634	0.08854479800311443
0.18802940519109146	0.14661698421100333	0.1720876715236166	0.5564100240861329	0.4353212729736293
0.4934586873619322	0.07684032479012148	0.3132738458948512	0.47587897904310117	0.391265693166187
0.7542524546094928	0.9213376679216717	0.8131241295759069	0.1005099239352949	0.09188710369652586
0.20011059853584423	0.00895255224046243	0.9513619777123116	0.3453587931998452	0.45154086317111686
0.9873479637300504	0.8818751208392341	0.8117390475348368	0.39405799251813567	0.8679183283835934
0.22027147543686687	0.3604252508733724	0.006176111326421929	0.17327849438360332	0.22923844872782528
0.36797915013694404	0.7556523477795954	0.7080087905713789	0.871944227472247	0.13161333012316534
0.08097478029936167	0.4874358327623102	0.04328796946550295	0.8239201068604807	0.38508446840419863
0.5827124902582679	0.0592680351821393	0.4597708576112487	0.9620084765086068	0.2130088228324768
0.08774237398430695	0.041344921413552504	0.8407887919785485	0.16768739387648568	0.30185838875559556
0.9735286359174323	0.7339148946012239	0.36353292884804345	0.5981680915565533	0.5568035940734443
0.18226172201113477	0.26915403371876434	0.4194739007863394	0.17660590023327005	0.554322951658307
0.718618434380668	0.5414023107114694	0.1582777259449598	0.4290294390335063	0.5405385639976409
0.8347109160502746	0.750454233842217	0.8606058603659553	0.29847526843802596	0.8591649588119534
0.7175238852355705	0.1632433651453017	0.3402049217967179	0.14973581627361898	0.41902356027563825
0.33084526299239725	0.9450398201187871	0.5299510132532299	0.04060021502606648	0.5677099448340882
	0.892446692269091	0.058607253114886126	0.22016114015393295	0.5752419575379224
0.924988343578365	0.8539538059288866	0.3702925136326545	0.0020380681862787187	0.43047783538461526
0.09002524872927531	0.14185290693778352	0.29682925832313345	0.6659206501550825	0.6360008441578439
0.051629150778674915	0.2456584450762722	0.7614783802727945	0.5260641327837808	0.23712675966433983
0.37966302053572865	0.36405879333060365	0.6743156698512359	0.27222489247843096	0.7463852079374313
0.4875274936487125	0.9079093069232687	0.17499502610852213	0.30798583858184103	0.2854861878450262
0.45464356735163236	0.17125950271410073	0.1228638072252396	0.994772833317546	0.11275140963319075
0.5150809330676825	0.6406052943212849	0.843477750166597	0.7709804763826427	0.5014330107597254
	0.06812482504857797	0.9510050273002598	0.3272838917354174	0.4754795657491572
0.9346523924253749	0.5047444757238571	0.9965961292070517	0.9068164161859755	0.2641253005995343
0.43151170006070294	0.8451411969249976	0.8991458640268926	0.42523285065259653	0.7075976380942326
0.5859556723864385	0.21281647791515068	0.38414889598924307	0.08446566654597565	0.9021850558224505
0.7101321528084517	0.8851854045021339	0.5057148674381957	0.7556435078825029	0.3166789223955694
0.9435497864039052	0.6546382120363865	0.3516876652586495	0.5068822580576383	0.6474809811725842
0.7721725814773456	0.0077646592254618785	0.8337480321621077	0.959647384823097	0.3409070158697596
0.782655305108755	0.05387690052703886	0.20620328871560578	0.5168118352817563	0.5979367539996544
0.7771011943033025	0.5076903444745766	0.5542599760935217	0.6825622098096144	0.7176588038704618
0.054636495060779944	0.024259668450607674	0.6099066420210908	0.10800283377812492	0.5378876094712695
0.12665678411880021	0.25554920197824293	0.7795727910794105	0.16374066023312517	0.03617567334300498
0.6265756463336598	0.3577588483197365	0.2732912761361056	0.6143738158260663	0.07135436188649857
0.08988591544625735	0.853338682944912	0.02944475014491732	0.18532797437929183	0.6813178132507378
0.8533105937016974	0.3478339027959234	0.46556215901790166	0.9404646154688394	0.6468980597995174
0.9069409971735347	0.7842444106465088	0.25194546689078134	0.3707744311140354	0.7954535562677632
0.9731282746644486	0.9345500746856655	0.6777040566828305	0.6138475395017378	0.6974184774912767
0.8424995177912089	0.8501337364631623	0.10472331519835376	0.9420384879872883	0.4626356322219788
0.3463580602468128	0.09572906005911619	0.017197411532706486	0.8839333641202343	0.9073540538729751
0.1940705999022304	0.8009612401404147	0.08500649213452871	0.17802521335850163	0.3539992618237974
0.6501277999118857	0.1086775819012058	0.1787616716701168	0.6568911220179922	0.5793729747973025
0.9981300196246612	0.3127014486696118	0.8198951755979301	0.6470093281435135	0.6992763845240045
0.2448679959072091	0.1420297220390242	0.5738881006594271	0.10868225981919566	0.5190316499840232
0.8645585766606757	0.8056221606846433	0.30736164622124584	0.5206177085853235	0.6469530955054201
	0.3575213741827554	0.9269839632795344	0.12865895872074007	0.7827680161720386
0.7570960305446014	0.5448655800298329	0.2698866626757185	0.945433231120363	0.9033416112219284
0.15065893756610782	0.8949739877410618	0.6645117442510462	0.4243837492513539	0.47213880312815504
0.3147024517303538	0.6202266898262252	0.024683666705187846	0.9595404272467102	0.7757429479439222
0.5056874834041156	0.826621950073696	0.690264854497907	0.7494143166722238	0.2870131526526807
0.28795372203057745	0.6534163167130919	0.12179590190514311	0.12507509648540205	0.3287467075134407
0.45530769752994915	0.9318476544881796	0.8572493879675821	0.47435389951734264	0.17773361729882764
	0.462158285743284	0.7545738883298081	0.22763114497524883	0.5388180921044222
0.47521961517298117	0.7837799125329755	0.0014966502355272526	0.4990208137011001	0.16698282665369135
0.2703987025549014	0.6211471471995883	0.7415493007748338	0.4987199379059979	0.8403763414613097
	0.31781059302133985	0.8322437290192707	0.15376784121305187	0.7931040076800555
0.07681550250792679	0.2527052544478875	0.00557591872355534	0.09308673036921145	0.40439015171441683
0.8020731079401785	0.6802162015990583	0.5345747075766232	0.38551008072420345	0.1912657428690957
0.536570783046624	0.9666472482380635	0.5170232937479972	0.8826722227273239	0.5755979470313541
0.803722408719428	0.37612741036438924	0.8421909931221839	0.16774098107551083	0.3742385055125661
	0.9214429158088607	0.2195116767761106	0.7837139130035319	0.300384140189876
0.2194912351995194	0.6504515655648998	0.4010517253261263	0.981457066061204	0.9874451649707973
0.7542273008881213	0.16272528061987257	0.23008148014277363	0.473506600274038	0.30728865797061544
0.9318916525396003	0.6704152232657887	0.09273512876161738	0.9844024826355345	0.09231396758351651
0.9776151603088651	0.19046775566279317	0.19087118937846026	0.7982052260632524	0.5680944271652828
0.3153584116653013	0.3272465990625626	0.44486531793881945	0.6050935124233718	0.3755606470464403
0.7603454776761238	0.451322220617965	0.2552102905202185	0.1007312160850311	0.3737340691259531
0.8748699879217996	0.47389976622318986	0.7972528612280942	0.6994658324957269	0.3458201951819577
0.27087246586789226	0.39353613090846706	0.8195467292736125	0.5210918194422522	0.3933690729559747
0.5734663229683173	0.06029435408935779	0.4378249319667775	0.8048348968849206	0.5007527041250768
0.325207220659399	0.8790746681646584	0.6453090733515888	0.6492071193855935	0.3022225301013195
0.26528573735952743	0.8463369066455594	0.7406320401621791	0.9067539478764124	0.05748453032054057
0.16697976999603736	0.8018848379335692	0.6269663944683819	0.8593298331900024	0.6975595217710853
0.4836153303228372	0.8694978887627681	0.030538660188200617	0.4235072753545339	0.14971828510329543
0.37803951398426594	0.30243252842026	0.6140888584393958	0.8048698176698968	0.13841550057945617
0.58425756815996	0.34378635246854183	0.16333117401542807	0.9146235767705997	0.9898797597302237
0.6158387828121719	0.19626289167310362	0.8114214196446945	0.6622793922428467	0.5316013177477343
	0.48104862123540326	0.07866992169922105	0.8093453722040832	0.3139105754109145
0.6422892271489645	0.859660831454251	0.7865996222699122	0.993261121862705	0.4997913947312992
0.3354173096718184	0.19095808234328093	0.08734297666050128	0.18444478157111266	0.8157886980005222
0.7147978676875771	0.25692065678011844	0.05576146602089027	0.41649868565318005	0.9139766694476861
0.6883757761514349	0.7825327835994346	0.37783311565262756	0.4317904232376404	0.2832317899792437
0.5862098723024349	0.16067332447002336	0.9158491790891385	0.3308659495173242	0.1704145790383398
0.7434828733604718	0.6472568390891683	0.4942016357019716	0.9910463183671723	0.7608552292401808
0.8652459894489479	0.3387314105385547	0.5377896349994565	0.8980478787583024	0.4439928086643642
0.4444099912527988	0.5260492106139292	0.537152222630793	0.5633733192000894	0.3224801721827566
0.03222830500134022	0.7960955290346473	0.27972961017503783	0.3419023890929408	0.8607989704689745
0.9940909813441423	0.2737265795528365	0.8481171012889303	0.16336521196116238	0.4992978307261804
0.511922780867716	0.5649969749094306	0.1751980265419667	0.18321984012775439	0.5781209886348251
0.6411354185920843	0.276510067014898	0.6395066024327478	0.5666748572970689	0.9802341894644107
0.3639032252677359	0.5587776394579411	0.615661851691964	0.42243434387347867	0.5538627887627509
0.13916714086014714	0.9502841002440011	0.9284570025755396	0.0314161074230529	0.013649685680208079
	0.04159474306482458	0.2197436897144288	0.8712215240265083	0.7935996638615805
0.9474270587458754	0.7574142136993157	0.2448667713929934	0.5225888016003161	0.22567828379912735
0.2664558157520943	0.23191680572247053	0.8494157684544994	0.5193072760168941	0.7811391940776695
0.5561721143745906	0.2017360617238676	0.8526558600680613	0.8119652171602678	0.4447262364919322
0.09515939281572716	0.006336154924319937	0.20546984803334578	0.7172544169054386	0.8837923163358817
0.004833420478562611	0.15644989311371305	0.04775181956817809	0.27425844240070496	0.3797495209265517
0.9096860106173934	0.25210258245441286	0.6659578379707126	0.30848124809706823	0.22909990922338663
0.1575489047016243	0.23726113009882044	0.12587799830668067	0.268645507236684	0.9407022662930016
0.7362399982432515	0.2869893500232542	0.6628685402510185	0.18519270935618692	0.08063684206116162
0.6261522173907988	0.8712713437529749	0.19395735822981397	0.3628480830929042	0.10918594350725208
0.353446406066369	0.5706455632221522	0.8660086491928567	0.4255092265060394	0.9531878989733086
0.75499907503885	0.3447467234426519	0.4295108787164794	0.7919220005112046	0.3509919479678406
0.6498368283397694	0.9186439648927264	0.10243037252823839	0.27681459869962266	0.36398118228080256
0.37267581666595584	0.24959885431199214	0.07681814793213282	0.9990320271653097	0.6359308055935482
0.5658233094067061	0.37093124696489854	0.2770309138821725	0.08450769884735343	0.013885742975550341
0.4461270845537548	0.5827213313846107	0.26084650382331964	0.19671048517763678	0.33137680532200964
0.786673560475982	0.4772012237746991	0.9368810676053508	0.05090606710278289	0.6104750857507092
0.5215787241896428	0.18968378032704547	0.8493453519920728	0.11475614424123426	0.16897660642713874
0.2263282906916595	0.2873769670572497	0.19600293095005494	0.10305756177251524	0.7900045498139676
0.06972659765945077	0.6087202864137152	0.5867965096836544	0.3266422718283478	0.21238163840415492
0.21398084520227367	0.4968992794076732	0.6806809941998565	0.6908384413668083	0.08013627270709534
	0.3341926652249997	0.42046374561401567	0.6861085160826631	0.12192093904430434
	0.7327762126376102	0.3629540383487274	0.8631952850991814	0.07309449516944233
0.1403172961157897	0.6424531678876291	0.08532842457308898	0.6490308637660924	0.35088743944476897
0.41986841906606054	0.23799893406343609	0.6940766584851961	0.8469696862045234	0.3430131999470306
0.3251437866450101	0.26191142784387234	0.09202585855107415	0.554669167502946	0.43044348400529897
0.9259357695793003	0.6004995494681538	0.9865602808697467	0.8877051792243094	0.8593998325380914
0.5538302047958609	0.3911406607150901	0.20829321468082063	0.7854366518776424	0.5444427543065673
0.4498450810938399	0.7154981845957717	0.5565032251295744	0.9757085028357773	0.31332191692876754
0.8470063344105943	0.9791816105997462	0.39695613965369614	0.813229317016674	0.7375026424876507
0.7064238680687955	0.9914703161258897	0.8655555053432161	0.6165481090364657	0.03145420641047736
0.7080170750195565	0.5705114144002134	0.16140694988590942	0.021108909236410067	0.6899415934670792
0.7192116157059487	0.47331753688196276	0.3187240922697784	0.9020335926982928	0.2685560227360261
0.9509369798181307	0.5336326081459095	0.5881364912913917	0.6843237760085413	0.5065462073285858
0.7504284366973094	0.25186715350197986	0.9412866028331359	0.9931163131903181	0.6596672208350843
0.4178952999288069	0.23742083140445835	0.7660019845054691	0.6420490450018156	0.5503641660642192
	0.24413538703654447	0.3859844560557265	0.14785635064464764	0.7844056756036636
0.11514202247015815	0.4815369566541463	0.26451677506560245	0.26068357760081384	0.7056416049222861
0.7045542398762171	0.3866981311378306	0.07444305315409128	0.46694822933112556	0.19753100633850684
0.250563862469498	0.8523433870441132	0.7588091841174324	0.27906988942970146	0.20587118198537524
0.9926023683289853	0.9950646481601039	0.3237228858796205	0.1280942660508535	0.023940993082419815
0.09297484693899538	0.35972214128394164	0.5157671703050236	0.8706404822714194	0.7865758045136995
0.34501312540999385	0.23597552326484472	0.5774907993031274	0.5930909868370592	0.022770745841503404
0.2068249673576138	0.7173148000956802	0.7588694762631671	0.31986632414626814	0.7144708066879625
0.8523927449803375	0.8553963248436842	0.5216800914204769	0.8657661901946726	0.8232615160528062
0.7391221397014158	0.20708525500852437	0.7883182397859976	0.8949777110597347	0.37130423092124265
0.03618171219811195	0.8372124864154973	0.29929070867847196	0.11777915114611959	0.38946183208335416
0.2416647819447384	0.12821969310098347	0.6364186328713352	0.8356973582293912	0.8943408249734682
0.3953050078016741	0.9662546384324565	0.26778926040829687	0.3580757655043607	0.5881119308063145
0.6619979079920213	0.7070206366056069	0.062038494822594825	0.07555415932244347	0.21493691432738204
0.24312275112890236	0.512252694596323	0.8397106391482556	0.8223766474845923	0.9993196492282514
0.1451932427483149	0.29679500684984506	0.3598217354792186	0.03575457959089745	0.5753783743661625
	0.5397719960502266	0.10715185874057753	0.30922915314118316	0.9624522623826967
0.9692556632397515	0.9876625465415408	0.13274080265952248	0.3276086236109085	0.531662191751195
0.6364883123846998	0.11209390698466726	0.3512230508934645	0.10661802545962051	0.9790257633787521
