X0	X1	X2	X3	X4
0.7799254081847302	0.5604464997993899	0.06464396906770964	0.9853042928945555	0.3285191731350746
0.1385040882861286	0.902383779095469	0.11339421547335049	0.905061666767248	0.03920220276836672
0.028553101480115917	0.827524257502053	0.06206362910171259	0.28961642977150737	0.5677468657081072
0.434114361461687	0.9506418427981038	0.8288798600113149	0.5218320821221413	0.13425518509619483
0.5947860936989685	0.03287872104067424	0.5259144532581368	0.914965063454508	0.17869650690015548
0.4253765446600597	0.08039730084784491	0.08839281950043054	0.9794436087801306	0.6196761777616319
0.7515547932528979	0.33801221079393584	0.2927863428293963	0.9546208674356875	0.21112721298237846
0.4477145751423246	0.7337699094290235	0.6058651084461255	0.2711925197563332	0.20118984606579948
0.1543693101396051	0.7344515465584511	0.9542043424193513	0.3524808651707215	0.5579182767716432
0.8888822422505589	0.16143331304634723	0.17165588712478919	0.11709520694827336	0.8860269934123497
0.041647395640405316	0.5699082932222664	0.3352920573496614	0.8724191113319905	0.5854005372943837
0.3328033271558407	0.6478111683446898	0.8092727423447993	0.023415897468655467	0.7623092022307306
0.6288928042755357	0.8613428537291915	0.4748510681047797	0.9870604487306391	0.2734473590941484
0.08124790461801612	0.7516233372046038	0.2997113843983612	0.6100894079273484	0.6133080755468697
0.40621655246007426	0.2985514857896393	0.45376434558595113	0.06387184327408413	0.9906157011260778
0.5413647915580089	0.13211680696799777	0.5630093578124132	0.8730495524501299	0.07946770427383232
0.7616914139730601	0.5182892947545943	0.42675382329856115	0.9018691947058771	0.5553999334929252
0.17575933457727322	0.9594195052281289	0.7547318929595904	0.5439056687625277	0.7855711639107249
0.78410700844193	0.48515131652222077	0.46204522102202006	0.4906158696733205	0.8873554418414391
0.32079202703230036	0.39669173193190455	0.7334707955527866	0.12048166917200309	0.7712064861064499
0.9623187859511823	0.6273963714503545	0.5245825588549151	0.5674253613443118	0.0587718508872247
0.6182051578750238	0.5270859914909889	0.989912399236148	0.5090988452853994	0.38491352791477906
0.2131980077045137	0.9230718167349905	0.8743363845004513	0.6930693453441914	0.6156021394395422
0.3461389207107223	0.5218771123091568	0.6623883553672612	0.5680562762238455	0.006134657994271708
0.6461250045203368	0.8900078081815168	0.21160694464789842	0.41893428852725023	0.6878766699529572
0.3074152118467186	0.010143570170061622	0.5132524551970816	0.9118182232885212	0.8005558261765036
0.21436541750961402	0.9413344341939177	0.18969051355910638	0.8199699939754634	0.34159036904853146
0.14867126192733404	0.1650431022127925	0.2627936747076838	0.08259753173626594	0.49356785430859274
0.560195521470999	0.8890465125953394	0.19808901260278355	0.733387874232542	0.5321352197729874
0.6349469074773064	0.9736870424712614	0.9582642215545699	0.23018190222292245	0.4601511667938579
0.1517927070297127	0.8318278561887982	0.6772935852599902	0.8554483732395113	0.030230364701506973
0.7193440545866499	0.6020600068065162	0.9631474168980481	0.698343185751051	0.7733490297988845
0.4662490010662068	0.19703409884191325	0.9847884797619071	0.851218494892543	0.990964965536065
0.6560447192590612	0.25254895027288615	0.7806592432993661	0.3610335359165511	0.21935585256421963
0.6509854712303659	0.36750639616221836	0.4713570401056151	0.49586901257075044	0.237137884262143
0.38633493623330795	0.25314705267137205	0.7341554673159091	0.8188701205245457	0.9094077391542954
0.9078182197475082	0.02409313000257185	0.4459119482070063	0.46397393055199065	0.18318507732528688
0.7977052750990289	0.2640571588169268	0.9037938625304581	0.02651864824544592	0.651129727057326
0.435099479670621	0.7975678506819529	0.2155567970353287	0.654179696673101	0.3003553716702918
0.7070915343538309	0.6792303281109312	0.4223090392243619	0.360770395731734	0.8725739232102738
0.3594847159342145	0.20962193204053803	0.8219431834775742	0.08412224521439682	0.12257790264269042
0.8578051492206958	0.32229508148779573	0.7180748187884383	0.41746676580249087	0.8342758377938984
0.7879135566054091	0.4250642323019961	0.5064922590287962	0.09002024965561761	0.5896229635142192
0.6146541414332938	0.2688523155737115	0.061457416534934084	0.09888127055398366	0.8631208323360303
0.45669919556555494	0.8085903315270887	0.6201510172707003	0.6547727215698037	0.37914263431310435
0.5120787607974259	0.9470281641169991	0.43340945908229356	0.7599038091935337	0.17926699175735927
0.051377794241397434	0.0908785218728938	0.6682816521321706	0.687266428321876	0.7096939045227131
0.9918647659093945	0.8482902273019357	0.640293760665103	0.6880178628676769	0.8446990085909433
0.4776495191190001	0.08549586417697042	0.010586574205532773	0.677077049544059	0.7305746379317046
0.6035426276307239	0.3592851574171968	0.8538679686929852	0.10772266822276988	0.9760124298483009
0.03929184140722097	0.1485290493598378	0.8828320597409549	0.23567108222872102	0.9324555304766927
0.10833370655354568	0.09694057010925239	0.5373692826881966	0.8820733883787886	0.8969760423171947
0.257535152038068	0.20597268477764796	0.3605244569837759	0.8778623750412191	0.6496327282174317
0.50488572472791	0.4600931867243694	0.18550804396398135	0.2745612017984165	0.014142404845727596
0.155229453835116	0.480663845841408	0.6441704530519976	0.5486659723291962	0.6632460291190158
0.6181377181644975	0.732624127444549	0.04020664139175645	0.4549099782309254	0.8009318938801866
0.6541763985500558	0.6475599972850441	0.028885702685936265	0.7236781160687925	0.6663850542194754
0.3979981702446401	0.5147712361334278	0.1039514989958229	0.526190976985909	0.1878646289318241
0.2515105078494857	0.5313373094880901	0.31286911842750864	0.41570570036025534	0.2460538974163965
	0.9729049535691148	0.7256685003767456	0.20626503648046213	0.2736419719267954
0.013074052271889514	0.7897278755360602	0.3140805289194737	0.12845726957621895	0.6290896241552466
0.08710172784944403	0.5777912026027319	0.49513294943082775	0.8792304733388671	0.7216242060849039
0.38796554497751745	0.8734438067635448	0.8794874663031564	0.1766547468537265	0.6526047009208474
0.7222179396369025	0.2884509129562913	0.27676415378238506	0.2516884159032966	0.7033689763447667
	0.7200509652174472	0.9820020430078206	0.4784428219082957	0.9017425067981901
0.024500749777961017	0.5473982287382454	0.17016856422830529	0.8486891912993145	0.5856420906406816
0.28415084288480585	0.2674850338571855	0.18490101079944	0.3127061097286641	0.06468452723927176
0.09301097481507803	0.3477223428885312	0.6523470890730677	0.30258515234523675	0.23551760866802363
0.8194305241300897	0.958500369422803	0.15895708610014014	0.4453460240074746	0.15403614647674002
0.560376165874658	0.44139084395622363	0.7691341512920806	0.6500673809597468	0.5064972091396174
0.750599338625902	0.7802977809886504	0.10790086440509117	0.2212565402911265	0.11385301234660983
0.2948183735435691	0.645074722407304	0.4150202588866011	0.30083392462467684	0.15266271361823547
0.1345472696004173	0.42325726855900636	0.16227286186208656	0.9312309886401254	0.5521678904110112
0.07780552821999853	0.7833113577047852	0.693684778707093	0.6715293638343752	0.596501711401409
0.9643271159373334	0.8050078291838328	0.25217002701801194	0.5753409315826112	0.9602859108288422
0.1776795840525518	0.7471302610422493	0.5717108515942152	0.9842274807681268	0.06631475686329846
0.6417640265505783	0.6767346847800583	0.5995853086862929	0.27637960338586254	0.9709419847658768
0.2640401972099484	0.15401540549151327	0.11428398024265451	0.3722874586032153	0.5096682894278849
0.15012760826210236	0.3824921593800863	0.766047285442552	0.3574305297257183	0.14060350602659344
0.05032495346769417	0.17913213932530192	0.29270271835802564	0.6000787906173702	0.9137957957151658
0.6266903491673135	0.25916646242510943	0.8243333778117382	0.8421489434636146	0.9814647147695312
0.6561943176540789	0.7223675884766393	0.3198141025580744	0.4684944413571549	0.5564449048432409
	0.4688014863247325	0.7301330372343868	0.16554347145363613	0.18435711438707514
0.5889481358507008	0.8474602265951491	0.20861196985974528	0.7988476906112665	0.7346719048214329
0.4096129620461587	0.025859361775630307	0.6200588509690891	0.08613289668188628	0.05429315033282456
0.27012740716591566	0.344742125852716	0.44521149813202443	0.38105122161124116	0.8003472158305556
0.8168846662838656	0.713739410405275	0.7393365646493739	0.5438963908446667	0.12508948459913194
0.27515510209441985	0.6866292723462027	0.6017794269229673	0.008034114910901557	0.7027447397547075
0.9829549509900837	0.30918853489040965	0.2914115743020814	0.8746665492258823	0.824219959667949
0.8980146901817578	0.42828143993763057	0.05437682342819128	0.06024607420401851	0.7360119994702696
0.6815995946706818	0.44988345893162496	0.9591686190553356	0.34188141607830524	0.8670009091693962
0.7189793040668261	0.9187466553505259	0.49526833294139316	0.6932322146963339	0.30467170230724505
0.7520214264949446	0.9960136635729553	0.4516329223344603	0.21587293292277798	0.026899742776716695
0.5185699067109109	0.14301746241309632	0.7627752607135424	0.29161496985976987	0.9514851613933247
0.07491947014621947	0.48204606588768073	0.3016040206558086	0.6692155940508624	0.7586166505116578
0.6004481037074052	0.07090861498216627	0.534024823029333	0.7591636792302525	0.69203824498007
0.73158106488572	0.49308465147471414	0.9940225883322155	0.18840539447302596	0.8350554600197883
0.27701137450072766	0.6595494709939652	0.5316943242048052	0.5468963679395237	0.17571126611120325
0.5899340090456738	0.3088942383334701	0.7147432067344995	0.6946649688255281	0.7247419768866671
0.1825197468020764	0.9906831352088373	0.6623392387170267	0.23945913066454794	0.01591745978700987
0.12595864877261242	0.204812468849504	0.2340685363100573	0.5704639515648946	0.48563409197001306
0.9443796586417181	0.43388945152593794	0.7890335678270916	0.9501510715581314	0.605106263489247
0.23528584092174853	0.49771862216352714	0.5353053572083668	0.02261295741860847	0.03604243937436036
0.7227772347932981	0.3478678568244613	0.10427427786832999	0.37579571617953955	0.6230604337265605
0.270969722634509	0.35098574337668553	0.9357940979450119	0.20816571001138906	0.06678048794992208
0.7489343830584838	0.5726353771363347	0.2847113187709911	0.2935093963457719	0.1357646461424642
0.0793053363182239	0.8594590017479493	0.3737050893595101	0.20547508886174248	0.6732782893900117
0.7771487880265683	0.6746365576179013	0.971019886170316	0.4626263595972957	0.3034808237949179
0.16071353224230145	0.4757263029121258	0.796145438114753	0.6748852260836197	0.5253911109578773
0.4938609890392831	0.6079183150572188	0.2823715246219761	0.9096734020034891	0.22289994504921817
0.43071828797944345	0.004953655294276493	0.4643010169580283	0.5608696607472513	0.026811632942691732
0.8912267454939907	0.7914555361064018	0.6755025156017388	0.9477045074059275	0.9012587538574176
0.5578948841165013	0.7330530190374991	0.9087887290915709	0.713111254483491	0.6189140822350989
0.7330193468376431	0.9137367268943976	0.1052797519219516	0.6246080478248467	0.48075112705688416
0.41197696735540235	0.09639643647671758	0.5943944888658155	0.7482103609540296	0.03924894610435381
0.10201541686932747	0.5054592483760552	0.830129359634299	0.7862717565804709	0.004971462485277245
0.7804450893087516	0.30156842553282326	0.010734886417951173	0.12610441870639677	0.7782208109460735
0.2124276517487419	0.7025779375165508	0.7877025410276088	0.4582772794694573	0.3669596926068811
0.41340341822362847	0.16509919474379142	0.05573343334240577	0.7481256918715001	0.8500914425174334
0.733656668840331	0.2747600104986353	0.2442973459125095	0.41003403737859867	0.7375458538521906
0.350313072182285	0.29896814542574823	0.36031029942924486	0.3883105056803853	0.9965504363231598
0.747318714232044	0.5288659608222422	0.6516194397753234	0.16029192377385426	0.14808457577788625
0.8486624492515737	0.8388172902764675	0.9404545093135835	0.7549735619367526	0.4079595373315479
0.6014702179899305	0.4538836835403356	0.1370255253067254	0.8576207215970121	0.003082919817509633
0.8924908282233397	0.17956889981786173	0.5643481542189803	0.7261841806008033	0.4547925862427922
0.7582848777304486	0.544035959962941	0.7710293452326139	0.46187755848239476	0.20380368954740813
0.23209538817012476	0.5919037933807222	0.5929243111842935	0.6501375314359188	0.634352091906116
	0.5741135978125227	0.9860427946091832	0.1280960979317216	0.6756019352188126
0.6924956702288897	0.39198856566758944	0.9219229158793489	0.36872812973541924	0.08193027251811813
0.004444664978955459	0.4425303376342804	0.07192709853355417	0.1004513329178981	0.9222476569773072
0.8722150388462683	0.20176963923553504	0.2197056511090585	0.5979248751976016	0.5214585120987743
0.29826085301090854	0.07153677037658879	0.202891269580725	0.39870528297720975	0.3132924265591761
0.7131124365561243	0.10674539037014252	0.303104977787522	0.7106978849130066	0.7095337798900894
0.7445105245728862	0.31516471539897906	0.8013301883492806	0.9676872732843951	0.48570358356667176
0.01695834928659301	0.9254260202630575	0.547786239870917	0.6472870758855244	0.9160713423101856
0.09763401022959373	0.9655026987516595	0.12839998982576228	0.21697840917311306	0.5066630085478848
0.7353776474892689	0.21859700231788393	0.9140438718790124	0.3927414802942718	0.908262247378165
0.5175208575234677	0.7123557468123262	0.6018264985394991	0.4599807744274004	0.6871626857829082
0.6720667335433805	0.9900181767887428	0.09456810081550926	0.13839124876854658	0.6549993336445421
0.6198443386249156	0.15406322677155493	0.7181849102543755	0.13867415352586565	0.6315891760400251
0.9045357346102019	0.5888194994575912	0.4900939884368738	0.2479593369421641	0.5006824093898958
0.531009097887015	0.5438677075531793	0.3583603983374247	0.34712614164465017	0.46300333512732694
0.5013494009638413	0.2456945811715271	0.2923006889785834	0.5255256436791891	0.6869359103445827
0.8512097766150827	0.44728635637377934	0.6134700184700207	0.5675231680917768	0.8059288266169155
0.8595877399818554	0.7066210276560244	0.1449706426868227	0.14328862135589904	0.44824604087134534
0.18196063098932314	0.8773518122284101	0.9358548174210054	0.5699179569834288	0.859680876526109
0.6515880583102729	0.686649039586491	0.2940073841880039	0.2325755347239048	0.7498907236589518
0.7351199533411242	0.8270180223983399	0.9142649476162505	0.49063881647435315	0.599426691379104
0.0320206030086615	0.2781721018965626	0.8883381249015059	0.15381188473876806	0.07470998455347799
0.3743679567503789	0.7900709442279036	0.6571632037945048	0.8211941876896021	0.4861296442732952
0.2595520243676871	0.5233093509326798	0.8386815542251961	0.648345244896031	0.837962686664565
0.1894108588331661	0.8569464766510241	0.9143828181292359	0.4360750516641868	0.5913810028365122
0.4686120559346547	0.8813183569052938	0.6148858274322959	0.393919141880795	0.5933305484658334
0.19906143967032985	0.16304375083290124	0.7874665334020724	0.4060327292490308	0.08436665779867314
0.06351554079845312	0.327316104056241	0.23508107673747025	0.7677909064627774	0.9981027107768137
0.10833289163034221	0.5305666307388133	0.7553200363326971	0.9880286238310677	0.6494524263842884
0.7550335354721058	0.021460633501841686	0.12282762536495995	0.15994133169109015	0.3378309606642915
0.12563656486715957	0.46149424737848266	0.8074228334823254	0.6379568227006944	0.6537932019870466
0.9206642866107233	0.2833252068575085	0.927497844479988	0.39464398191592764	0.8770293310284354
0.6390644399720102	0.33759481305718153	0.419427216628117	0.9784420790393676	0.38851598506250995
0.03532897981681116	0.06864121180048743	0.2979824985163899	0.9017640726863791	0.5445069091481927
0.11242381329754303	0.5867598176460568	0.3604002429916906	0.35940759671973577	0.8689568239554771
0.5433061945761293	0.909881493985464	0.9324280594087743	0.6560215984697562	0.2406222338251246
0.5442080658217681	0.13040238492937284	0.9442371030259296	0.4985910179268952	0.0950009380208846
0.10974289350634225	0.555274984117909	0.08782370048735377	0.06880633409330728	0.5257010839959307
0.9980050766163214	0.7833412766506345	0.08587328884047041	0.10653291653207453	0.2958860507991178
0.6431976412984147	0.8103597424928822	0.9114727668617725	0.14676161872767557	0.5665399653717818
0.9695523691570008	0.6045325696297807	0.06298408888377216	0.300778583548886	0.8621122514647959
0.08715725488138859	0.801526881429849	0.9521907169991265	0.2868642268977042	0.24348863108585916
0.4814101116881171	0.850047742093823	0.370919715197203	0.2463674457084365	0.8473150668863803
	0.864177392024205	0.6953693128029373	0.6333754625458575	0.01586745855183158
0.28354475148536484	0.788023023910433	0.02574153804177326	0.2605929365623333	0.9287288854706672
0.5917949710461131	0.1537498426753191	0.6072652539435073	0.5167020016408103	0.8255334889445549
0.6220147020611142	0.5040219066632928	0.46923441080776673	0.3385485017978537	0.5789198521880319
0.16536062434417498	0.3828124152241106	0.3282514849454288	0.43206175582296047	0.663944638327384
0.8806835699957656	0.2625657668934065	0.09338289010732292	0.9110283681186953	0.9407274835167251
0.5585689780918953	0.2468833556330028	0.7745882055007702	0.6838202085106202	0.88296829261677
0.30880390180678596	0.4733909390297556	0.687018808539155	0.487046934920514	0.020389557661010915
0.4811596396412624	0.29685547292727854	0.33336910861098434	0.8148547949024749	0.543468249605534
0.027322850102842966	0.49382785328683343	0.6521638857428984	0.5857110270230648	0.6732628333022608
0.1306029921793188	0.417735078780195	0.9819843935929573	0.6984884596522851	0.9517119960515887
0.08257081436139302	0.6505640101548024	0.6136985915481846	0.44257304239870265	0.9965707789622936
0.9967540003897382	0.6841692108705539	0.21466229853978824	0.49981505210408095	0.12580745167453666
0.8224006591830834	0.8302693059407279	0.8900553758686713	0.49612089669667725	0.5932788980949117
0.7288569630461149	0.916138422790341	0.6903464943818914	0.0156365041796247	0.9629090877899454
0.7197064412438794	0.7673104020841082	0.2467228855129604	0.3496466822212635	0.33693340276066264
0.6491640800657942	0.4843378657438384	0.03286863064910728	0.3796985472988127	0.6972247700575522
0.6375840970672246	0.893097890905632	0.8671003201517955	0.23762991925153498	0.6569735083591838
0.750773123208762	0.038150452368349685	0.31512279224814643	0.463947731276389	0.985853766656529
0.7470947628601895	0.5797476949050838	0.32595913167797064	0.6681232545306267	0.3329181540971362
0.5216059617451692	0.5706643436674221	0.9121122956568788	0.8951720918319649	0.9639664300518189
0.06768165132137371	0.9869441088032023	0.16795336355690726	0.13328260087312782	0.7374202940752422
0.007838452392551543	0.2633429735436834	0.7296985987235877	0.9651461409870696	0.8190567521321516
0.9718287675282549	0.22247006260786573	0.047883524962581525	0.8481106742123734	0.07315522416251707
0.35040013630548483	0.10205119414732744	0.8698859727082335	0.6551372008773975	0.09557120573117972
0.24477900188959079	0.2712607283531644	0.6755649831072491	0.8010633395016611	0.1324157538895645
0.48497340873799866	0.6868685302655984	0.6776290132706895	0.8577995968055083	0.5613454210073016
0.6291550813293646	0.8938119944081325	0.7612488753893297	0.3511736026448845	0.5737890732209516
0.856549431534369	0.5693551057247282	0.1536723362030169	0.04634517783408565	0.27169585813831487
0.17788221257768966	0.55654889287637	0.3496951251831091	0.9368700389327056	0.3791969789622036
0.26477647907822166	0.1828117371073834	0.7707490819480503	0.31850511974325457	0.7708147594222836
0.1595627440957298	0.7369726558031696	0.7637278082333462	0.6991238276318232	0.6491978179083081
0.7180886179026145	0.19044448487084897	0.9906291278418609	0.8601472891863622	0.4556390874234739
0.17030221253607958	0.40007990464528087	0.9140432601120333	0.8427276582472334	0.2976998782774777
0.9441010914230629	0.18235649973922174	0.2802273752312513	0.06980162248774446	0.0971933528178498
0.22133317293752308	0.595790374273609	0.28276625597762783	0.3578043533540184	0.5026688177601568
0.8828834996966186	0.8561495254487838	0.3158535979455829	0.866845600251034	0.833596527647144
0.2832447217766868	0.36055411545340244	0.8734091495635625	0.03407673131122202	0.5842321249676734
0.8986836241351	0.024606387379179306	0.6022458312322441	0.08865883212645087	0.5949535295807209
0.958995442542596	0.9036828335139199	0.3478746935295848	0.19113209733811554	0.7530719603930742
0.15344293089404282	0.2871508878568457	0.6207852049563234	0.10105324401706417	0.5951645562062798
0.594810263476988	0.6083683972636243	0.7550847780070395	0.256325319943026	0.9453405040454589
0.13767847300592195	0.7086390785392144	0.27125396777218913	0.970062964230534	0.158155139245038
0.44640700579177006	0.12851228530591874	0.23590990914768528	0.6756603995735058	0.9024263458153752
0.4110491817318953	0.9034306656895821	0.7583419817827384	0.7428083124295178	0.955209066978124
0.16650340653619988	0.45920077402914605	0.8915856702387099	0.5234833323827776	0.02288905231960736
0.10018961121129433	0.21896105834360025	0.14178790563891952	0.224137755545205	0.6125110539749563
0.4456789333902579	0.1213168966984094	0.3015374546630514	0.5703217048576132	0.7234845122766825
0.2558330291392753	0.41885392265341614	0.47124044932855635	0.40718223080577576	0.8956167117920109
0.6630415908466047	0.17755204361167853	0.7522091241319995	0.6396042385887621	0.3620203694038635
0.8377718603204541	0.14572453004375663	0.6267791555324203	0.9996425689173682	0.04118318472499283
0.5404120747941654	0.21833674414733573	0.8127461390747379	0.21889906325789232	0.37585144102990253
0.04355104857668424	0.5363112457416597	0.05234023705801982	0.376223473243371	0.21809688531258564
0.976705700279387	0.9144005374887506	0.12723643870758827	0.83970852216756	0.7282504020497989
0.9094952137640236	0.47875163392247766	0.7349578048436626	0.9915031680364976	0.7227456988305243
0.5255204040640958	0.722083120651836	0.2029795804436565	0.8037244792483842	0.42653356976223067
	0.5171663154085901	0.6460373008324841	0.9630701263001691	0.4337703584584589
0.6562381027212304	0.389136969476665	0.47224678898432504	0.09440476205041892	0.16495233034654722
0.22818600294355162	0.8431068632454111	0.9412194557117097	0.8005912846468752	0.7587117101123706
	0.9017933074721896	0.4176958981597956	0.6099394550004875	0.22322537550742738
0.4024378983522181	0.8412326285550531	0.7293961398102707	0.3493864681553275	0.9988484874417075
0.7689272244962534	0.6588615182314379	0.9632714030163014	0.8196270849949033	0.3474822056180942
0.3628457755245096	0.6216158984411526	0.7040672500233212	0.32725806547739955	0.6087320286414701
0.750919672944956	0.37218659919790686	0.6099230933637458	0.42435111999968034	0.34759427184849256
0.9019081255775457	0.0779633752268779	0.035582039638034746	0.5450730211584749	0.5696742889740491
0.7562428114046904	0.8414531568084097	0.7122647495536573	0.9206169046302727	0.9697483730279626
0.0816722903160243	0.7837614925964508	0.5149240542581985	0.5499285969333211	0.10221704170880386
0.9507520517073322	0.6319597029320999	0.09871591396365109	0.1751931560478972	0.30720932780660026
0.1723498629760748	0.48154180718889916	0.7111182916280487	0.658350637337115	0.7279117390385383
0.8179614271837369	0.14803249924817807	0.3534036981115196	0.20328201469262297	0.8707641643242747
0.34813373234345724	0.18769743090416002	0.5320683591861205	0.822397617609596	0.4727343572375924
0.49724095022818393	0.1695555256426915	0.5707492648074616	0.27748571791053145	0.24964524952393918
0.49879944798423315	0.35879283939515705	0.16661846786536083	0.4729231775655619	0.7770689484804731
0.15144665696150295	0.34981548538214446	0.19027918686294265	0.32598816704382816	0.33091270034474096
0.4613450765299919	0.21514215463832953	0.8478323311582241	0.6138801768488078	0.999860617363356
0.709090318724847	0.7631710886105717	0.6325679943904139	0.16016691481540957	0.9763412399576775
0.09562693779551235	0.03865984152605462	0.6138284461198957	0.6908351125236434	0.860599684219252
0.7740482831076959	0.3590773450054652	0.27985189622892026	0.24909709791623702	0.7172396627339852
0.44399343354016163	0.3765001631064232	0.04805596615619723	0.6874600760518845	0.7044136757684266
0.7416498524318921	0.8461149711165139	0.49553472866713943	0.45637646539808574	0.7504430961800934
0.07791173350230829	0.430110921557625	0.6684243582062469	0.9255096983431843	0.3855248130042661
0.09747429136450525	0.8367815122389399	0.36323348471541717	0.9894991193693637	0.6577414796234997
0.1787235657470574	0.8623043922902699	0.17250032722555853	0.7570615045801254	0.5459979393427962
0.7209914679756964	0.4672050776150263	0.005493674192910025	0.28761574670955836	0.5636374972749368
0.5154965918676856	0.686288933908062	0.06046145937237857	0.5052360172352468	0.15383213471080248
0.8739323929839482	0.05228542261611702	0.21968849574472993	0.8282334267455768	0.8800507764499975
0.18613872379954155	0.9790252796881774	0.09241552359469352	0.3368815190252875	0.8007434549652003
0.28995020805012395	0.31911413390264964	0.14197110899338783	0.5800402645399313	0.9745508649506522
0.7919319093100455	0.2745695496641647	0.136967083798906	0.4384897067274436	0.9953892438247675
0.30157975647349755	0.2534269138358912	0.4309526798657033	0.018487212920778262	0.24379293258272516
0.13825344030281916	0.9993373473324793	0.21673476681252835	0.29577916354568035	0.9237989816779221
0.9215673337200057	0.15902368888857243	0.7953805312213151	0.8440379662634849	0.07021837668373543
	0.6157927095621435	0.915851570755377	0.4445615293174199	0.3652919514381552
0.044532271443595395	0.020105635164490376	0.6133580725595247	0.5305102127976633	0.10225842969363474
0.6828239566919694	0.26913583877571046	0.8123268113686525	0.6056021138980991	0.2431878048792716
0.14141143007257995	0.9926578226392081	0.6711235815344404	0.79581421181215	0.7742967384062589
0.6905466918724041	0.7984315500076202	0.6473857653300609	0.7933107256050879	0.7047625670204126
	0.007072874095540582	0.45541453036025104	0.0005000003333995862	0.7889153062591675
0.2904514174267657	0.046059286596976	0.13877573139420807	0.7614069574466515	0.26948597056868995
0.5390414339393087	0.5993539685460907	0.3849005129459886	0.7955399036720435	0.5625868410670601
0.10884042992615206	0.9504922366810283	0.5655249246163371	0.49531565506314024	0.0729592801983674
0.7505932640045979	0.5085967247970329	0.8048300859568889	0.8066604051802753	0.37053962098702964
0.026316390331270423	0.29976906151640015	0.5743699355771008	0.8796926835070609	0.8303958191434729
0.5267558587636246	0.13386394003358992	0.2797997910562985	0.8436310068046748	0.08505099464976262
0.16621170403080776	0.562776844990303	0.9659527503386184	0.9504771992486253	0.12170462093620238
0.3039330112794093	0.7653617439664516	0.9992591904724637	0.5933458384404822	0.9816969898453538
0.7318046019826152	0.944044012314288	0.006716568929369893	0.6160755589858249	0.9642085029817207
0.08970849738932207	0.18854217489270386	0.4999891305265024	0.9941774782744569	0.06993938557906498
0.7949082476457173	0.3407786205113629	0.5307681382069088	0.8593555980528336	0.47402014278360305
0.39960883831037763	0.6826777626363916	0.9217020908426896	0.5092674430893659	0.6980335801398208
0.8770836222863062	0.9694230288617826	0.6892455386355708	0.2508143984897796	0.4360764734794498
0.5621980265903602	0.7234305180208865	0.5784154394426614	0.2558564979362895	0.7076211574842874
0.22310858090311503	0.6387670703778975	0.24893386252627903	0.480408073935056	0.29081267368101493
0.8128931097733827	0.5638441772487958	0.863186708392522	0.9935359265326574	0.5557725058419992
0.8410287691718074	0.6181701247277526	0.26077148436497566	0.34009657295560136	0.5082459861653247
0.06583701032203182	0.6998855806906163	0.2899070306905265	0.7483080935214768	0.40956082602643495
0.525769234980393	0.8015365578962438	0.3151992809673916	0.29974253831592856	0.2158618754952646
0.16720134333149594	0.8559097051705328	0.27578599084877053	0.35887428876403016	0.8130625144648478
0.22827352312919436	0.4211426262644987	0.014720637880318743	0.9292419782556571	0.5113214462900282
0.494124667445472	0.02122857937389333	0.2607007381866614	0.2013926290649557	0.14216973092052965
0.9994404113021188	0.855520606344007	0.4227578000794914	0.6301666884706223	0.7021690857137469
0.4431278818129164	0.23806551979394375	0.18172529278846006	0.7014896573953135	0.3750262767188345
0.9401339637256139	0.8019137192728384	0.6218297862407636	0.352743649161648	0.7075078142943579
0.8005795846358154	0.9114253951377544	0.09863895755222551	0.3208088685710764	0.782281584129949
0.25690650083897637	0.30083644923607666	0.24222026016307363	0.9678321935480588	0.10317347138652755
	0.06497065924801826	0.7500646136216961	0.7052296558308515	0.10993944240074172
0.1577720996377544	0.8567557114007558	0.13761839878477267	0.4588920566153344	0.5821111330110839
0.4074898236324992	0.547773579303477	0.03522881144811241	0.8796660003184857	0.29073396498682813
0.8144815062458312	0.14086904694530844	0.2413218530658643	0.8073270095568159	0.3206903216235871
0.11895280986589685	0.418428096972176	0.8313333920488877	0.010241466431210267	0.2712555585372797
0.7696915545130188	0.6549947310318458	0.015201679750571184	0.30647884346469423	0.3304044665429905
0.002192776146452413	0.11540577148347952	0.45642492666422385	0.5822893813963338	0.22923384108776046
0.5110677688251902	0.016122307703674843	0.8044832028665155	0.48035625283856376	0.26656343975463703
0.22994064290071692	0.4344167751338943	0.8741595982016191	0.042823681990106	0.7354634582763029
0.03531798699200639	0.13610488563938106	0.7187298592834354	0.3478028695340909	0.26169643149146904
0.5858722758897104	0.08352299443547573	0.1770741188812498	0.02505686358903436	0.3924592035415455
0.6114711553270699	0.2315507550251924	0.18178736605410262	0.013705941911176245	0.37013090311919405
0.31854442565891905	0.7127125137984528	0.6808110872783831	0.13534257185708443	0.7159336834855009
0.9130988502173161	0.09895155950640355	0.7561766334807174	0.5205515251419718	0.5037377811754814
0.4329017348849319	0.7188557237075525	0.03410909140010021	0.2730077571485845	0.6163825892731525
0.526585323983684	0.3126800024118548	0.39320515631115394	0.18110291234426112	0.9540780917171293
0.6598716196661584	0.4817526363785454	0.2695282659349201	0.3975904071322184	0.7204058561310722
0.5227064511080921	0.8607828403629001	0.055008843202403734	0.5785686588547787	0.3792683693823399
0.934293840082759	0.12186090117284054	0.9108952077427389	0.45500330320517834	0.3166131881846552
0.999784107527663	0.7381129148823045	0.6725838714072597	0.13954092189803835	0.7037613835914486
0.23239596831821163	0.39365592453699183	0.5629693375840793	0.5841378809677636	0.8756656320693721
0.09009709496629581	0.11316555330713063	0.3491102369771487	0.6922048899962144	0.04410515802796677
0.07591860782967563	0.6330207152188116	0.21435415362878218	0.25382367101281045	0.6012636832921233
0.5764298549184487	0.07556269027165552	0.550799681966799	0.07397141343084346	0.596192999576257
0.8033645487863978	0.42236663408911757	0.7269616721817499	0.11612480629896005	0.7833233182820166
0.6953277816982035	0.4619927177277444	0.5501679158629786	0.8299096224512447	0.7253005641831046
0.41542817758234585	0.22938904404798777	0.12039103267740425	0.842865851830327	0.5382898161502363
0.1678938795730721	0.658476562947244	0.6315215809056957	0.3938527482758777	0.21826735705447675
0.7593723889382489	0.42579402325768134	0.13713252381978802	0.2700339407554023	0.22062897904291734
0.09290716898482088	0.4229586650217162	0.5394726289775769	0.23816271315065363	0.5276239277041715
0.45731686707457997	0.8543594679341913	0.665934651617829	0.4481053257022266	0.5020527251494349
0.6559163038234153	0.3432757824236764	0.3908402951806401	0.621652723789663	0.906220616357497
0.9785760278320179	0.4986861961698563	0.7355802806121525	0.7679113579147601	0.1822679209301985
0.747066770310556	0.09127066866279054	0.7435261818597053	0.20973915782982933	0.8981716011531473
0.33833381073822166	0.8472731258843287	0.8731672597624572	0.8038185616643876	0.14783200465627722
0.1885131258247814	0.19106669486710137	0.040508061178448074	0.25865025196016467	0.07188055857139641
0.14528438022569623	0.3540225998161197	0.7902864699251407	0.20047089410409225	0.47473554776344973
0.7182309790087611	0.39426141827231653	0.8457277319552732	0.21305221068047597	0.48442928930821416
0.31302436387026455	0.882706334069181	0.6077504683264425	0.9926560038666593	0.5890145965877286
0.6173416251134434	0.45070086662104125	0.723378578218875	0.28089490159328867	0.20179172619990837
0.5413282760225588	0.286851386982928	0.8081029734992794	0.9896361046507043	0.361459243418472
0.43742134793742016	0.36001507622308504	0.3601034912277222	0.08177526694565085	0.6223938518310826
0.4291681975048669	0.4547842678697559	0.2533543440337048	0.4563970595350513	0.7869922863580049
0.2988585715291021	0.945228268674796	0.4604706634445084	0.8300129247770907	0.02193054243301784
0.6339290242297743	0.36138043197405023	0.2536526884610938	0.05335025662291626	0.1765341511409413
	0.891276303108256	0.713419788368735	0.5558376089632984	0.2563509625437853
0.4909192205666033	0.5849010618772702	0.5001910268021333	0.9782138180816226	0.8445855911964942
0.40478037498449226	0.8148290622932338	0.8336147024940584	0.8231561555274148	0.827404219193948
0.7311616980213793	0.32052947477615557	0.4445138984243511	0.753185280920465	0.7024329468566067
0.6807904245745175	0.7191694417938236	0.32332989600240425	0.10599235448233524	0.8292919342360501
0.24879355085365096	0.8046207173686384	0.22231504548454384	0.7722910769962115	0.5053230263702718
0.5575604599706602	0.8245429468283378	0.2974100030888013	0.4757942003989376	0.7992403254152176
0.9146552475734477	0.37542489430317205	0.6698609158423339	0.7730464876143194	0.022921878022061914
0.7299537624811685	0.22472881059467742	0.8426041028995288	0.6281818978728146	0.012605279455231044
0.27878664415454124	0.4703237560822783	0.33270638396723107	0.7345224206100863	0.5195071757380192
0.5780415559674813	0.3914145260937798	0.719126226074192	0.4991377571741936	0.7836828653801178
0.925989219778182	0.10960360953841441	0.7078943700787722	0.7632884596589138	0.8740036034091709
0.31649854717618353	0.059606098345837744	0.4293303722469072	0.6463362172756487	0.8680753722438636
0.33543325674520663	0.8139684016168216	0.08091678489354592	0.6829111150210393	0.31615399753436235
0.7296010704240562	0.20221392312083541	0.8509538156485573	0.5510988115454365	0.21790959548696665
0.28771106712603767	0.34379849856312505	0.43717832034579873	0.5024354712837322	0.8291784512721083
0.860582324943669	0.41199768992514374	0.7232364117668074	0.18318954808331078	0.4731296005456025
0.1867215613598202	0.2746268470953751	0.8133824011039377	0.00042213306459704114	0.787296403601311
0.09543301995395903	0.6391541280045216	0.987461448079314	0.2360408155695376	0.8045906951850956
0.9861252233861453	0.7612962059892587	0.8111796181147084	0.06603509811034136	0.05408823879783431
0.46662359336168835	0.357543489999953	0.5213968241298567	0.30003759806249863	0.9856611617277302
0.7387441782241346	0.01856415834773617	0.7932922208910996	0.8123831697940136	0.9111021843178605
0.6808257162069009	0.5841177835517883	0.4928784653607873	0.8197815275625349	0.5115795350929768
0.23260573711187105	0.8279427027291445	0.48784999502042814	0.21370572946201993	0.41110942515455395
0.4992225632084547	0.1225568286332136	0.47039734940318134	0.3220032545235054	0.1829833527841469
0.0749814866542543	0.67063888342476	0.6291359771650867	0.1556441266708133	0.3034636175539659
	0.383739344673932	0.08279450247271225	0.27039826874035844	0.08473318990605916
0.24542293352627942	0.8478092070123734	0.6543301151199801	0.06831449946659329	0.2718336536949556
0.545291896075827	0.13430252577565505	0.6850108483015652	0.24051854311983478	0.012793808230725956
0.9935008704166193	0.7088353321123924	0.643143469986448	0.370966096305715	0.656533459270778
0.6465997761213662	0.3433311622804053	0.2665800957968981	0.398633811061716	0.9250049206990248
0.5432373807420763	0.7230964008139746	0.7655221342721873	0.14013865914687973	0.36107760907684117
0.7981803728834079	0.6997705401897905	0.23757688390552212	0.10474844974515929	0.7097540246836699
0.2627489102170053	0.4809492950961909	0.0528891637486224	0.9069275274877064	0.4227894541546968
0.27354857385347	0.6686427820261243	0.9446619261433257	0.7561690865630597	0.8212449081612475
0.7900558342667857	0.17018965780659545	0.36192454019693177	0.4986202802455505	0.04966144583870069
0.3840050758575495	0.49561384084119786	0.5532010361210293	0.5043220136049718	0.583701021224703
0.037965328121618125	0.6510144491033487	0.9449784843000433	0.9444886158744478	0.5713431044379597
	0.602998763310461	0.1758712214565078	0.9689001109952646	0.5713015200836415
0.35785922711533014	0.6672330882648171	0.2722367360326363	0.5150073405754234	0.2922384848560442
0.04007014429559974	0.10355809953308581	0.14764235247491686	0.9513231282487717	0.42754484506930523
0.677095313682733	0.4047610904371586	0.5213243761201594	0.509980521362055	0.21538504191253272
0.18692605137530294	0.8873464129376948	0.44135772582418276	0.5703749274692164	0.10084377120877386
0.9968286357239099	0.254460611397899	0.04171939841273009	0.8833385882748765	0.32042329112002843
0.6261275182406946	0.6377336618156858	0.730071078868347	0.14050023863325856	0.5374959670521072
0.7153910622524744	0.45539071128170316	0.6128554887888884	0.4186255219199868	0.8801519720884566
0.28493606420081363	0.19661620189032414	0.13603235765163757	0.7581171170967801	0.40861262829915745
0.6943571281986637	0.011706231439044257	0.08812167204404242	0.33722963705426356	0.4304916095366452
0.3097526613918542	0.361689844617451	0.6643948386189614	0.7950677177903334	0.07198197072937662
0.8434760679196294	0.38184948347663317	0.23804485556030563	0.6161389708613665	0.1553581278563222
0.18448907537441972	0.74910020472798	0.7498906476897038	0.962814490796638	0.7821612424933546
0.04133905290347695	0.4009660917781158	0.13922597442046436	0.3559817518384344	0.3556855608459438
0.5075247020259884	0.7883933299532575	0.614804808689781	0.011957609090300525	0.8885786990355116
0.8183536900263387	0.29472195144184377	0.37212665034821035	0.08733357234992412	0.3097013647992001
0.9068976932725152	0.22669492030910876	0.3476846426047926	0.40184844835021916	0.18594599857086735
0.4276860695900342	0.5217792106563439	0.1116204461993392	0.03532377932999076	0.3764615354950296
0.07384069524262149	0.22415502384542096	0.3220064627106841	0.4815695616927258	0.8295149888950173
0.6735963666205662	0.8423538407599396	0.8277289402662854	0.3894042288895778	0.35618770085997054
0.7413817019404676	0.38989118571152637	0.9368680889024528	0.6620821206486306	0.5381460329488698
0.35537036296554714	0.4076238228035406	0.898138552694808	0.3296371432380568	0.1837942654681457
0.18317457193470676	0.7901729254628564	0.4169947932783311	0.21373937494305417	0.2800278938875742
0.09559417878913912	0.2558702737748233	0.34543976505126606	0.7212620925261229	0.4016494989422674
0.9863630850037203	0.5235224429054117	0.5028790722814792	0.6269256246778592	0.8195008948599491
0.3307549054562954	0.8633997093157693	0.34959233677376	0.9772853720036913	0.9785591277587394
0.5093457175653897	0.8229602691182699	0.12919477390908396	0.8092481247956477	0.9610144216291151
0.8696121219890391	0.2573344326905076	0.02183444651467603	0.5384336674675122	0.39758420553917717
0.5956574034209787	0.7505837948502031	0.6912615315829735	0.990534198908215	0.5092996568863227
0.3498947246267361	0.4826662164211968	0.6273143187448006	0.14151533746255818	0.21405899686168883
0.6813493498207873	0.4734450275434343	0.7480401246724218	0.6313108586387399	0.18323174500762585
0.8119500893675907	0.3795107261895132	0.8209162865755035	0.6223170235399803	0.015991517134695266
0.4351001034690787	0.5821205785689305	0.8705587985428073	0.6835839611290527	0.751348693548153
0.5758212274212361	0.21418232913770918	0.13324055267799018	0.15632205811085464	0.3549967392816551
0.4781356062199926	0.961578243538237	0.9910400911173981	0.9600482654163407	0.0636168387085545
0.08315217150403398	0.2262131584899535	0.6957177369230484	0.28168935101427706	0.8720297722907918
0.7801982969793331	0.35509264167535515	0.5519178592981686	0.0787156663366938	0.22532027014462752
0.9835515090084354	0.8921729169309777	0.9072013807784138	0.2467994372155623	0.7301046186349145
0.85935221730108	0.6300058229735956	0.8664400796971239	0.4727531549110392	0.7766175559003635
0.04045294921313558	0.153933833362203	0.9424855542868487	0.06635630930090375	0.584659242361155
0.1768469904748664	0.363999316996398	0.7674049814737152	0.7558985525164572	0.04048355374501034
0.20429899941245477	0.2359644231458108	0.7555129734256659	0.024774616108272918	0.1278452160717347
0.3039760093393582	0.6567454934676561	0.11238466328712249	0.8930131670884576	0.7946889604528267
0.13862648646197384	0.25234576737579373	0.01290758862479846	0.802766954224563	0.22705875960608435
0.18973106940142304	0.045335015103217025	0.8345724373687777	0.8672141359615906	0.5818337445634937
0.48431779935356034	0.9692010268776694	0.6908563632973237	0.36297819603815884	0.08681186624946091
0.16770044030666265	0.9775206108961588	0.24794597848654432	0.035837406055990395	0.017205494597034465
0.79442462220098	0.5710527670105026	0.7504343933966887	0.15306477411420838	0.7752205796296613
0.7485548869734695	0.8419788445915043	0.6142313974236447	0.15836933365658556	0.5424868670861337
0.46435564749345193	0.5582791390159599	0.7229903831089801	0.2933079688127246	0.12150046795737413
0.37281170164899735	0.09267486638182743	0.7354589029966752	0.7947083871905569	0.9820730054509993
0.9620675601985764	0.10308768183729478	0.5990632960217233	0.005643859617562863	0.987057186570411
0.7275055045358005	0.33452137836587703	0.3277771770385064	0.6537503006306223	0.6201554764866306
0.22081525500050458	0.388564233182072	0.8259752562982768	0.9816376853204541	0.564257810171913
0.8419641506362577	0.8621760778004245	0.3298931518889393	0.675314524343915	0.8509548463948079
	0.8276814027919817	0.6443626896562274	0.07473081878016596	0.14830010834357144
0.13399040907095883	0.7076463801433626	0.8566139381706603	0.13012755891040872	0.6413049954708199
0.9643768682127873	0.8785532787028522	0.1395475245416724	0.018792809163227786	0.3597793896663346
0.8875116082849147	0.702544561791296	0.07193478509894402	0.34163195378521316	0.16021909880480656
0.34508315027946945	0.22378599717875236	0.9973255327597061	0.9449188111791836	0.21374715197656546
0.4517092056410261	0.9369125636490673	0.13858471846894715	0.3604273637639852	0.19191147267011754
0.5013760126034229	0.3808574050015989	0.0473885298782043	0.6267550634655775	0.297547253528882
0.4699469931345762	0.05742423260871732	0.6533213913197892	0.013920845271229387	0.9015991941005379
0.907953488202662	0.8805444239201815	0.28802549085010043	0.5069150189746151	0.5357645013542814
0.4701158461295263	0.6496262649684467	0.2321011256447697	0.5818159372475569	0.5492444691770142
0.16945894787066784	0.7438568961051153	0.5530974962399646	0.40466165728980774	0.28686557750334474
0.2658300108557138	0.8743758926132025	0.2454699313580041	0.8267728585954465	0.514342183999698
0.9354689733775311	0.9809821142123322	0.745110301368172	0.5535379308817757	0.9757473603839061
0.64616751578972	0.158033685066172	0.20892343286359072	0.23469893581302192	0.5172200498367245
0.7698990442492286	0.07924036933011136	0.16273259714153554	0.3198059271701791	0.01765290129521202
0.052796220031310015	0.8604667631146734	0.41663321234753925	0.7434915498014536	0.10175079426949396
0.4842558527851497	0.5079246610752277	0.7328187697409851	0.2138041025418309	0.8093815956745726
0.4528263321953526	0.5977177317481499	0.6275132041187313	0.48713654672907747	0.8230003937868426
0.4422990911427772	0.8766134293748745	0.9563610570051608	0.764638173363238	0.17025764573935198
0.899247851035966	0.8096172245169209	0.896064394380803	0.44588088828974126	0.061582233900396854
0.9065424615265828	0.6123861634009371	0.8338336942165238	0.34980638901932737	0.902484930439831
0.5017120168254487	0.47496942567222433	0.2613417427158232	0.07116744288508192	0.5321079990029103
0.5013377238500301	0.16309736529403196	0.5633751982274854	0.5350577576610083	0.5059427882233617
0.13708881576277543	0.04093255247090932	0.4326946917874006	0.6988553018549976	0.3686780682077705
0.7145704827516898	0.3376384734342275	0.691040508723304	0.40664749161300073	0.24869758226984118
0.4701579790521174	0.2509845018931821	0.7761317199818213	0.2619307419544268	0.751111751692504
0.5348853166881741	0.5797024140676619	0.3787891481357468	0.6250568712660979	0.2887149938206719
0.7072246014127134	0.9757457439430682	0.7805417131791289	0.473533724557083	0.09504073891741538
0.000940077898745173	0.5151068151549887	0.8194262266694059	0.24994525032877446	0.982531215970119
0.22765405490368285	0.11848591989261958	0.7982603417762529	0.802173336027856	0.2797491711270259
0.8713245610898044	0.3751125772642977	0.10151188012598178	0.37696543122958937	0.7971926780183758
0.9681187719676212	0.2133537535749671	0.46214674058635774	0.8339775385420208	0.5336697125079246
0.7815031243913655	0.555117887870124	0.6881049680979248	0.28023054215086374	0.4513109364363641
0.0430776542640422	0.47251898463139475	0.560712001810127	0.6225665461278613	0.6224860105237409
0.21246778826318857	0.9055141880955585	0.333188325763501	0.9053996701446425	0.36592353473145
0.34277003182549814	0.7754086070373345	0.7242498525645936	0.45228301388900505	0.7867546572498757
0.637771348779875	0.0830015597217798	0.056809129132935676	0.46429904566544966	0.5407475232503057
0.7395706187927934	0.4300015076631599	0.6070168082450398	0.18920483635160268	0.08617856437669136
0.190196152153717	0.8102362370933266	0.23279737716723714	0.006312945326479524	0.6615658781469073
0.6268207402165056	0.3683987385840737	0.4269309553017143	0.0009780964503225409	0.010189390540854881
0.8118231810767035	0.211929621934842	0.7625934890768695	0.4979949866074894	0.9872210616952344
0.5756319773193378	0.6579974099175497	0.8401538304907844	0.753758889505272	0.3151804344231913
0.06804869566198846	0.10438007776719493	0.34309401920394555	0.7879842484188637	0.8452465804996016
0.6300231843200425	0.11253863122174967	0.007574398073672217	0.5207584440362486	0.9306451146120267
0.6771492567331144	0.496830468883965	0.599617125055622	0.670401432981903	0.10392929132545403
0.8773974744512757	0.8666776486667026	0.7713309138607303	0.3269643068073599	0.03625133027832539
0.524850889146149	0.1143467341017661	0.6530652709956131	0.7340848703498338	0.8667382909718164
0.3615059048502297	0.6121923542122032	0.380401277301776	0.7438621346601206	0.6740977959768663
0.03413426095966943	0.09197670060275742	0.7763349073089004	0.09593259413107613	0.15899562368766917
0.19681927352327888	0.21762703311069698	0.10576803731213735	0.6732688713867193	0.8550559197817966
0.35562715942273904	0.6769112877280082	0.12222583210397675	0.5065978088707838	0.818687156804187
0.103740320074028	0.16294970438495204	0.5412280026287101	0.30880004094602775	0.6662776636634585
0.4455602768830139	0.5165533003298617	0.9566907281367741	0.9963797500081418	0.49028917589023846
0.513217258143991	0.6646308922761237	0.48811607917933886	0.2708655485758512	0.5755073725454678
0.09637846612576961	0.6415670260387426	0.3850562280473382	0.07322764592904252	0.22527636881054058
0.2075218208666968	0.7186190783698752	0.9008794372955904	0.19458046152431674	0.868824627249743
0.184707654399062	0.1611712375902271	0.6097434564416109	0.7964359289001404	0.13058874349973604
0.5972334990605279	0.5089494919594948	0.8281480916076676	0.5092644343519653	0.5800399646069951
0.5402101177832261	0.898890033799639	0.16045221801169385	0.734167628156033	0.67355375751393
0.11622679862580387	0.3486203030224978	0.8930333830226075	0.2529673445828562	0.8866382873496047
0.6561230221752234	0.4205765899626711	0.5748645937875829	0.9963447218013035	0.6257041049896434
0.5141822526071954	0.26598412219026124	0.07880809437566882	0.10654288633484255	0.3353542783698146
0.32508519416313053	0.8916496250316743	0.9056064986999581	0.48978348065625166	0.17380418832671463
0.3956080430085198	0.6202996919151955	0.05321265217890969	0.7010906618574021	0.019860422175575487
0.31630576321276516	0.9065385307146282	0.8062049630399708	0.7332007019444482	0.6977198366804023
0.5939510583699174	0.8797166794061557	0.7429549194218309	0.8616851863060202	0.45312707250932693
0.7785465447689867	0.8314710575452168	0.9928385836988061	0.45046911933134204	0.15110102342429454
0.8954312825313928	0.45517189313624173	0.4912645155199542	0.3290340145184949	0.06822873047127154
0.7983403092582407	0.42769662771143924	0.5816034192057012	0.013931540988567415	0.6834653571584772
0.9425646899790492	0.6231458210068586	0.44310627505881206	0.9414972676606016	0.0009859118352615326
0.011478567211023472	0.88658116047374	0.4612635721965471	0.07858258804867391	0.6771974324761836
0.04373504340865131	0.23341353617324534	0.7183390652692319	0.2638399446565677	0.5212291968343635
0.21697422065414684	0.7394439436522343	0.4970448574052523	0.12369086500724136	0.7154930699899301
	0.5259605234828	0.944824899120198	0.2984020673514479	0.7011743909571043
0.4564781426617325	0.16835997225054944	0.9258904605380277	0.8308763412378852	0.23460476429010457
0.6988408428719958	0.8100920607744472	0.1833531630371802	0.1432025376569226	0.25027430866954914
0.5714396644908314	0.5171556127277557	0.28281411249473687	0.34256773745817837	0.4926778660570934
	0.8683155177276816	0.17723866274954514	0.9432368112328864	0.3725452407667792
0.897368505468067	0.21410211937842094	0.2272113781913625	0.055353473810760945	0.3377982026867181
	0.5196528743850513	0.749829079503609	0.7751714565433255	0.40853374816519705
0.6127249225994265	0.7173165897213759	0.343583987999468	0.5839280490908372	0.6340827108762154
0.030842585213174956	0.672847244560142	0.6712171642232188	0.0010768681747947983	0.9230419980710762
0.773008631117352	0.9273648541602931	0.9190532626454322	0.6154160788429383	0.0987765997700627
0.6332568728282283	0.46642050453280226	0.6584650124124786	0.663431695828476	0.45718608197570443
0.2673291206162659	0.8595270026089967	0.550906337436344	0.6163694375326635	0.1386209067495714
0.40976464528029244	0.4054119768522253	0.9981794367227598	0.33626457975051094	0.18311047682398418
0.8431115093108356	0.8087254889586836	0.1277343692833437	0.48208507528338573	0.7794979252516413
0.4584298299696197	0.6877473830888631	0.2090448932813047	0.9684164154011224	0.3954353910722008
0.6264401354545202	0.4512206274626208	0.4620690698972134	0.15208500639580114	0.3192289738121695
0.06781183517386302	0.47373612644319274	0.38714327120315906	0.8388303842105401	0.6135481776549064
0.6977511171983806	0.19231818440965665	0.026253093292578744	0.04855662939629557	0.46967909771662986
0.34950194125416223	0.34685449874969476	0.3472908143297191	0.12216355107539834	0.1719964642659394
0.19745857743828255	0.29782236659435546	0.7247167506359469	0.5676508107860403	0.5926296711716542
0.24500539973480162	0.9526034457847041	0.5493551276797609	0.30656420090172976	0.09340173083656766
0.29332914545519795	0.5899491522901673	0.07505083743943197	0.52847897462269	0.15798831823570214
0.9119823791224445	0.5500082589362777	0.8111255466953903	0.46146490696192954	0.7941618857016607
0.2820527428569577	0.601251151047745	0.3874495396047122	0.9553459497413006	0.2542587520512378
0.09145526536957471	0.6627708336227021	0.8689228257318962	0.4498648274337693	0.8366121447741076
0.863598688396141	0.36972958215961427	0.38439459802114695	0.7863434630741679	0.9033254506249252
0.39234131363425695	0.15323167305106422	0.9421361594710189	0.3260372539856148	0.7713315549864126
0.014267135070831327	0.36808803310665084	0.47841980520599847	0.5408944170343732	0.13331409969124985
0.4544914013452137	0.026137161912258677	0.7250235273924328	0.6333754759026952	0.09612177267521071
0.624401441920528	0.06872654320745597	0.46133402823217184	0.5314513125441666	0.2556425662905122
0.977753244462827	0.7962696936249122	0.9881553721373793	0.23486089469365934	0.9689215731499148
0.48952333439739537	0.18570643587588653	0.1278516854598174	0.8089501050314667	0.5856830411012236
0.4862170999548159	0.884531146820932	0.4442422358836169	0.5479358716941789	0.2530295710423044
0.5230900182396964	0.8338996838216641	0.7667900863387825	0.303316812675551	0.4323774156512177
0.8483927789310141	0.7848428422067114	0.08298051699296916	0.5115052901828686	0.33223278233575615
0.9149579648803113	0.1319656348210646	0.24417419682691444	0.289305022560727	0.7766942048010126
0.00861479625348227	0.7514701071904701	0.589826808426156	0.3069371590874892	0.23375532666290266
0.27421648916261665	0.5256771207151032	0.7110380381688347	0.8132152063930733	0.24306231913711418
0.5093499960055725	0.5648840264215866	0.061314898192109	0.3950350346554805	0.35742824329127676
0.9701461897961036	0.1758746687010151	0.7324915392084521	0.8855397664792362	0.40507216080970054
0.5206271197117733	0.3000681220749484	0.7371525976743416	0.2736087518243372	0.30256418920604544
0.3380959282376411	0.2893933406392575	0.9281329740575999	0.8648414623838675	0.9570825493820097
0.3709071964010052	0.49817472004483787	0.5962344278774976	0.53998733460552	0.19875814368645162
0.3586736643792655	0.1293575768658447	0.06335161593707583	0.5956988974780381	0.9546586387318604
0.790516084084743	0.9440521923879481	0.13091924624690732	0.8280124762256764	0.1212085015003137
0.7051471286821241	0.10309278379363485	0.21661210113789775	0.4334055586328711	0.0993888193106498
0.5858615633325386	0.713436699789849	0.3214215994168631	0.33060848364536755	0.9679158626597154
0.2790687512945069	0.5401658025151669	0.8078914051959979	0.014624657791951767	0.891540750280325
0.8631496829237294	0.32345651180622503	0.3320604231138524	0.732202272842954	0.5258417832178311
0.4680135583368181	0.9907541935160515	0.1434848430985275	0.34868271107432347	0.809482617949025
0.20553426058622504	0.04151323143756336	0.506950003616001	0.1812579559769868	0.465838527132585
0.9812596532574147	0.8900362643443278	0.20346792857926488	0.7709457097721902	0.47133595415077556
0.7033948656312965	0.8138911772916585	0.8031907819735407	0.2255857115824631	0.36700100329920693
0.5359858215308979	0.4390742569888558	0.11649231127228721	0.6332842499369199	0.35057811227674474
0.1324190591320087	0.5260999646373312	0.0768490017698914	0.9461800759470382	0.8954488022982593
0.9006095805952278	0.6414575478431908	0.006353443174292983	0.5513493586530516	0.9880785592686748
0.8646055798217039	0.42543553918516797	0.5207807019845905	0.8227471789911782	0.6679886601678228
	0.09665869825985818	0.28604200045620143	0.620604059171897	0.8285139680835049
0.3559322986864719	0.7332602533947941	0.5544705551925276	0.4778955369375927	0.2702205967063199
0.6260337907869494	0.03440066040747081	0.4572010071314876	0.61030259995648	0.5088188184480094
0.30340426095002093	0.013381225505218364	0.3036554318482687	0.9547031648725497	0.08023531466922762
0.011013008955984005	0.3629039290063326	0.29801998736323887	0.060586880493536444	0.1602234459712184
0.8081255291086321	0.984987261525404	0.9294171438494968	0.311056845845069	0.11094699996270618
0.4558903832011899	0.6806963190415023	0.44547333727827	0.6438310989976739	0.37993357154232854
0.3722872981912919	0.8421564335361128	0.3767550568365552	0.6415257387660892	0.3701478690715453
0.06006510211895544	0.9988470233750582	0.8690431602393508	0.4234031490682387	0.2897716339033879
0.4670420503593975	0.4573814999550496	0.5882041163295043	0.5405820956045375	0.4039760316787495
0.06870980199621701	0.9815982849333337	0.37091182849476334	0.5521633077475635	0.9114826637037625
0.32736342954095843	0.8459624038227557	0.45957473331130627	0.9587960583069431	0.5416743905803251
0.8302277424725429	0.40435398837361636	0.8372168156507132	0.5944854456859221	0.10476589180797924
0.2928201186342426	0.6293150162177634	0.05937462370968882	0.7492328007085631	0.45701420411256355
0.8459629766074744	0.23517442313196069	0.8719252921087913	0.39253200357267015	0.077493585957084
0.924867760635813	0.12601020554298814	0.2074023166154918	0.692077156866838	0.8665993086243243
0.29783507057159886	0.944583221738714	0.40724944628691695	0.47824692832904037	0.027298515738684803
0.37779746717634477	0.3044879315643386	0.7289906459389113	0.9963629035063387	0.8924593255359543
0.951407063610469	0.8895532394665472	0.4149882895663475	0.21489012220258263	0.2460237972063326
0.35730601768136816	0.39259071270483503	0.47213259452653056	0.14867700020169783	0.15901729291609146
0.7863037988434994	0.676786344431382	0.6932882488725081	0.26691093858420367	0.11540603626992674
0.10561391954273958	0.20174955269156802	0.5649626859751617	0.3035026868046353	0.39301778436537194
0.6977001026444721	0.11814436686984997	0.008744647169881992	0.3025981664167853	0.20328461988785174
0.8014484991458801	0.5883387469071362	0.12974958149951255	0.5377696418709731	0.31349903828818426
0.2995150124302327	0.5217025476783751	0.22337426911814562	0.951842394275475	0.35217331864617185
0.7157857061104836	0.07654551349189209	0.07644339451166704	0.07415875371295133	0.2976577493911534
0.6258176474264614	0.12381295751567178	0.6327209211561697	0.35383158355908473	0.4652528799647122
0.21534319452673545	0.5388766484967107	0.1926281234459878	0.5002431969867952	0.10383106074804538
	0.6438296024279482	0.7838696113533071	0.5598716778039099	0.5134010327351692
0.523784196217959	0.3351701976060302	0.5258285764304115	0.5945158265557633	0.7642937209404504
0.4898841911235684	0.3259345989475735	0.06034664961637637	0.9581116985087325	0.9391588579720094
0.8663242787074197	0.9574559184229248	0.38752032954820015	0.8393831931539183	0.5338683098040399
0.6799876792535495	0.8833057459317484	0.5635023699950438	0.440151545576849	0.3745230766963328
0.7117263727159729	0.9815735330578412	0.7549681741139834	0.7097215545125964	0.7500812236808143
0.08162384261720268	0.4428720776913254	0.3736466425743534	0.9069765424975142	0.74410435608336
0.5428952218080376	0.6587211007393006	0.24523547105289445	0.49394216782596734	0.7647900733729671
0.7549313697020714	0.8369816460612316	0.8896179745482085	0.946321016978889	0.44573958385453105
0.11789662532098799	0.9306714839205271	0.01587814999214432	0.020718967693515333	0.4474948493580565
0.6608841395575786	0.8369204682022127	0.14198169102880165	0.2988583319289484	0.4265970219189327
0.27589807245323583	0.32073526808373554	0.44861053799945294	0.31206461039063593	0.015143276537037176
0.9832204725013791	0.6677693915154299	0.8501762931829805	0.7818698217897816	0.6369640808594519
0.43089396390432133	0.21451246537800184	0.8439020079967355	0.9635266935398703	0.8885100773654642
0.886547885183657	0.39401809078056793	0.42092558792328183	0.5952520583081947	0.44163339943504953
0.20213824795813984	0.7272561403781498	0.7637243658610321	0.23640375902949817	0.83053539671848
0.8751829256702988	0.7696899495670135	0.19975475153657518	0.010598225801542904	0.405728190084507
0.2488767920136895	0.5161923073025323	0.4795809075653764	0.6151554408010471	0.1593685705638498
0.0557421340035642	0.10860210281685923	0.10517577452194493	0.3168914495710793	0.260221196979334
0.4066837643653094	0.13521624917560815	0.742138813328012	0.7126829107791084	0.2971858048698963
0.2093291233625254	0.8257331388253049	0.6894072403106837	0.3908737805916156	0.7156720927712158
0.03131381962551272	0.9060829498861757	0.8538264037347707	0.7338461535727152	0.7283695052685355
0.41146938242104647	0.6833743373436557	0.13317498391590776	0.46040074172242307	0.6392718749490143
0.7353028411951493	0.9288576251314202	0.9593788708546819	0.8494723248295125	0.7703102277932596
0.7539292496559842	0.9309027221166489	0.1064193945276184	0.13334181929347	0.5452951931055552
0.2656892867938824	0.9038785904193948	0.12411478036138734	0.12547011248769868	0.08364714740786305
0.6189534375829682	0.7312219572455532	0.1662246678235728	0.32095363582679026	0.593251392374547
0.47800523049483234	0.7505308738078006	0.017126448570784936	0.20329881879101608	0.5673443348483751
0.5802655471374819	0.6500320197477112	0.32992438482926145	0.6844297722032735	0.6916525947969364
0.7428638963878625	0.48716744909998366	0.18870999180102233	0.7465153602009418	0.35212768183905085
0.5411226808360688	0.8119500377611639	0.31168669950101724	0.5114144887680827	0.07541514054842202
0.9652011720220369	0.29959608763882795	0.9546823529363072	0.529550175208003	0.22504500291984464
0.658009142716129	0.36383246080224596	0.7999899329126283	0.14721056044504066	0.8246199909439683
0.9412974737603215	0.8133152657345055	0.5378119567489507	0.9572921238756319	0.6331525927309154
0.255624277299059	0.5794063018577913	0.4436689080831653	0.6562209867388936	0.8685214702916065
0.9920313611217276	0.4907832414111799	0.9933504660507168	0.5130632928616223	0.40728698876452696
0.24353047415895646	0.3907879205888737	0.5144011232449368	0.6164590762325127	0.13908447662173284
0.32990243361263094	0.607829154213589	0.9652694626867799	0.2376537644790303	0.8999841650146265
0.4367382969788087	0.5224363534240926	0.6584440044483129	0.1586690053829829	0.8272245192166571
0.4890885861106957	0.8993675718254627	0.6950279693520224	0.947878342934147	0.5096689418940459
0.5518782704424867	0.4748671180774562	0.5320885998206228	0.21279423583460277	0.38826698127331316
0.01861877314620941	0.7284132603268074	0.7816222366602484	0.5888814518341583	0.8035132488402442
0.1625673891918279	0.2945226188669763	0.8152469155757318	0.3732030817677996	0.9722056452409824
0.34072663954623617	0.1871557076956113	0.8623245818739073	0.5791447885205829	0.12171012668389358
0.5708163012673961	0.1529781713853009	0.7352185769398829	0.8881345034483031	0.27302300065559404
0.054194143396215866	0.6347014705373689	0.014432011091461527	0.7391092150985293	0.8808537050706094
0.07590067116746646	0.4305226087144489	0.099963096746852	0.8333166558248885	0.38170099390983225
0.482078714121994	0.04323821225356572	0.21552725533884343	0.33391075121685054	0.40098112947066344
0.11781963214680591	0.7267851392089161	0.12478132247895213	0.3754708996964641	0.9435199973141813
0.16074655208389466	0.008504608858586393	0.461510252429956	0.9294646310410899	0.614389065945875
0.27311871030784307	0.17896171103928693	0.8098527355977293	0.8928921375551235	0.16360609905348622
0.2385005855297343	0.35852066729663923	0.28087867163652724	0.7985321968596227	0.7888814519615386
	0.7305814226747089	0.7755480767717939	0.5823125413517861	0.9127091603399136
0.9449202570637204	0.026673257745560064	0.041354343462490006	0.27707343629778625	0.06789205912725249
0.5636614012849466	0.37711392965651047	0.17084781382102265	0.93417710680752	0.13599247505786272
0.467482290884743	0.9608499453312301	0.24212231801387363	0.4414639941990228	0.8335176618487585
0.11666339558428762	0.043740279377979197	0.15999209961436156	0.8304337501775654	0.7735571393234717
0.27566974834617686	0.001310177802978152	0.24005570037016954	0.19151997111157604	0.5840948220455677
0.3603037694981236	0.7321404838961655	0.04779774572507034	0.507000013137434	0.7660851225006113
0.5748604845008398	0.5202069445994729	0.7181508632269991	0.3375255765995645	0.284159966630112
0.43334365775993733	0.9479698914464582	0.8777529905061966	0.4216381469525331	0.891264586807094
0.7211763070597978	0.13025938322044495	0.8900175564946655	0.01654020305334203	0.9314237382484484
0.36877305903846325	0.39098357344481216	0.19291094629623462	0.6158824055238707	0.6472964213577378
0.4605756071210113	0.5891935795121207	0.6615851115047862	0.42671616214290575	0.5974137956746187
0.7705391539933736	0.6055837620585935	0.006170150280787046	0.239133087574401	0.5730479824034744
0.6927978414276704	0.6423031647569784	0.825730934572948	0.6507903025925866	0.9508361214995625
0.3138209180638486	0.8144604366914665	0.17052252685334657	0.6515374377964648	0.6606809677840068
0.8026080485764219	0.8528990443073415	0.5596205555023286	0.9130685167842476	0.1361736548104442
0.19751835233260429	0.46560913382649405	0.3802349351139469	0.7184098853076208	0.8365835421206177
0.5932619785323124	0.9578387693319271	0.21750105288868016	0.2263040828105196	0.7700250646526156
0.914468255569115	0.5893338884664344	0.32422839354048594	0.7735233463849092	0.6130151782502281
0.575798071641388	0.9971078713134668	0.8501257573137279	0.37647207608016486	0.5379583598725779
0.6675253293472565	0.590026498168534	0.38120238818826213	0.1154895090958914	0.1549685727166451
0.5842494499716648	0.9370698295371821	0.02425543275059716	0.9813923257271862	0.10311225569594296
0.9501327537042279	0.9696960128643561	0.5617951162339422	0.5529582852786985	0.09834607178256272
0.5647760653480807	0.8389057018008386	0.7271620698825109	0.986565148118697	0.03615878558559349
0.10916452098285068	0.5996053687715993	0.406852465498577	0.2382615017766787	0.2556899965116103
0.9669658897475445	0.8359470488118402	0.1445443689914746	0.4623494329015274	0.4986007021042571
0.9526239998251488	0.6677211922267614	0.1558880173759143	0.05487481834364172	0.12791820687087174
0.41244805664564255	0.6287715173959925	0.4560208296147851	0.4442612715972132	0.5849981618969796
0.8915535496407744	8.447143630907483e-06	0.6018480878158254	0.7942453692790921	0.28198841845672373
0.9921984970574378	0.5575056112413391	0.5819763851060722	0.4716895596500391	0.9469564132997662
0.8263165951399585	0.537835031122126	0.2178416617636415	0.48289905579378467	0.6565892339127568
0.04592247595417531	0.3276919800608784	0.3744258100514921	0.15621831455437696	0.016769187994387535
0.0498984831759095	0.5457300177281238	0.41210067087799707	0.09922609828648521	0.8461541162740843
0.37394235077265214	0.6796636184319845	0.726550774851472	0.8187954967954564	0.23118789684567398
0.865841306126733	0.7788800246127585	0.7261936064486736	0.29784045159538275	0.2408657701859933
0.0031905301176109457	0.4572888762722157	0.8885600598858157	0.11608813686481922	0.5434294655863788
0.10636023429694907	0.8208213880423229	0.09171420916067674	0.06557844890409259	0.4852848539812973
0.974809155355054	0.5696374144488228	0.7906953302749067	0.25866341462795805	0.6718794915206562
0.3073906219065645	0.2985610928106872	0.08659705153004582	0.9287253000136264	0.36961067348055954
0.8870362853562426	0.8397780300932594	0.5133052626398511	0.5142900502267916	0.7442067792610216
0.03692278157461959	0.22526841044589452	0.7857546981622431	0.8634728574906532	0.11394116684952982
0.09567962089050386	0.9890179147260507	0.5302767587633307	0.8258436125379128	0.7663669072764657
0.9975871185322833	0.535814318552098	0.2573931893019862	0.7733326351113108	0.9266340552793828
0.3149080763319947	0.5134637779249536	0.23283049697289726	0.15286162269682468	0.6425664438125662
0.15695610398828308	0.4700830207880714	0.3754489536132456	0.7998435859236575	0.6865753539790398
0.7704123557108619	0.7892238533052448	0.1379583942296284	0.6053009843340367	0.9756200423791038
0.1979613098656633	0.49993802466013026	0.9188710242264418	0.13492496903139706	0.4548375949730823
0.8880768244973318	0.8068621814840797	0.4036335682163199	0.47972223931505353	0.04739266990809643
0.8474846912996179	0.5500003412619189	0.035585781081980516	0.6592761249473585	0.8016503982994186
0.9622773166247598	0.18052293293483956	0.719976702988542	0.5192192038199106	0.49886367666557907
0.25277408406997726	0.1961886246461474	0.07060708405848337	0.8097267345764102	0.6601924144995961
0.5384041614318992	0.04841977471268755	0.3029830896541498	0.48672838295171916	0.8043403693776932
0.5713082104205655	0.8355799362179327	0.7376426700224901	0.5332783641223937	0.3804040484724346
0.9338232427117233	0.9038189270428327	0.93169973011262	0.08226128323528847	0.32062033942106416
0.06026369041316926	0.37925816209333774	0.6656276715287213	0.41739135975780284	0.40201235057553497
0.6976634313111041	0.06317970045503185	0.33283308218540564	0.8218400800721529	0.47839431457345705
0.7795318452039616	0.263684226714303	0.12891052911765888	0.3036514688847366	0.30495872653074496
0.6846538561804262	0.7100187968850622	0.5302831049984423	0.9689605823879044	0.1918848643974398
0.059366521978184816	0.9985903852680957	0.4879934148636388	0.4600345448852874	0.3591589800338464
0.30154832999897496	0.5168484843274431	0.6195041872910257	0.22513940368897156	0.3961051335482465
0.7422823713303215	0.6924445045068249	0.5903451491141214	0.7795449408762148	0.03335485914957892
0.9191323913388489	0.177960179729299	0.012041845790642047	0.4740725984804356	0.9712575536562904
0.7716488251119707	0.25561838660524727	0.5454307765885444	0.9935334573518951	0.7048717954783792
0.3699730201179652	0.7072228575402063	0.9794000522898724	0.7520214608095113	0.8372798832968424
0.003967531501384736	0.21522391834088084	0.845801925601459	0.09237790184457317	0.13363891935998562
0.46656434610830266	0.5779824691457751	0.7846955792348189	0.5631026239252022	0.4859533244131823
0.5699830022713175	0.49101433919377624	0.03179870709579924	0.6683062879505403	0.6658714694939338
0.0634651842546411	0.5684217626289843	0.5160890114659815	0.256980335157753	0.2576023373549462
0.11976249173954223	0.8315788313776823	0.08923930167150418	0.5446291170917827	0.2733864503211796
0.6845093744715347	0.09957025656547724	0.2794146071837459	0.8341610294702747	0.019224202772840426
0.5388730936640859	0.2127032086509285	0.2508044548234616	0.12472870780322931	0.14844424639498477
0.12156758660907785	0.6198094482921936	0.1518483951340185	0.06849079486365162	0.5654114441130048
0.4208876314646114	0.6403600694023565	0.4109905154673118	0.8480642614829926	0.8681714655505703
0.22217722058245226	0.8603013334778261	0.3325799059418041	0.5800999256519961	0.8864487252311991
0.7291323381409203	0.6845090754683106	0.11962980853227312	0.37140062127379003	0.5940482097034396
0.854265043401041	0.15401462242005315	0.7285140798608732	0.8441387776687089	0.9324960726234147
0.3874404033239133	0.9534026341425442	0.8351281720257008	0.23678312129548928	0.8804981615388447
0.13030025451941551	0.1747466954662148	0.9357236988117843	0.18571228929409367	0.08378327610638836
0.2791687401012428	0.31771778184140476	0.9165235674915466	0.09143595707155616	0.5579934656440632
0.11280101169628509	0.12084693274387193	0.2960006214035652	0.6491645515689858	0.7820308528790849
0.7023098949433035	0.5075398356964389	0.4843616980948572	0.5464500705172494	0.5192959698778254
0.9235239841804022	0.047016250791070746	0.7121180286663297	0.5013582119667508	0.5030838329447519
0.4049438863689885	0.3455483028450237	0.7628599258091556	0.40217538621330506	0.7841554713822855
0.11970964047127786	0.4014684643158941	0.23553858848214038	0.9278234169635252	0.15906236117022388
0.43591294510524414	0.7465312395126572	0.23987259109239367	0.17201088490932703	0.737861792879821
0.9817464958633894	0.9441604019161964	0.3580143022764237	0.6111466695084831	0.20701131362061165
0.15345676795912278	0.7492033824039249	0.2530785260642313	0.4093705796291853	0.8199641206269804
0.14161052528525298	0.017730819194111014	0.4933670595865892	0.858328758840751	0.06239399336390983
0.8203108054770839	0.5962884741408271	0.18316487186112074	0.10501833316975351	0.38407993806634055
0.3696084585217496	0.7075644304384107	0.4603215062549978	0.8771526769759658	0.11603116737067753
0.016597802156193886	0.5714547345315727	0.463316112417012	0.8361306631664657	0.1834277593175998
0.35174702168777094	0.2862739308558031	0.5352206180119491	0.8851184706210492	0.5751867887239602
0.08355525444897827	0.39338548558443387	0.8098337300273459	0.4015433513835146	0.32543092548377617
0.0697819058424648	0.8800426547684747	0.8182483171163056	0.6834814996130882	0.5858806413185159
0.22124742944169018	0.5641927160358255	0.5106013458852781	0.6309301129761087	0.881097198088669
0.46412512546749907	0.2867467860535362	0.1879617632987357	0.022362348057473502	0.3910460175818128
0.3645258981360141	0.34220773180455843	0.9367000205975394	0.1924655577234402	0.49209839720060844
0.11038315917076558	0.18798784796443635	0.28672003515837907	0.6507298448635744	0.24240213902303032
0.42116205578988486	0.8084799334433777	0.05120216440609182	0.9199068560711656	0.7655677495689471
0.6784833815508173	0.10346735746184821	0.04561296411709803	0.6035366495236901	0.7180969531280738
0.9693485816790829	0.5413154668963944	0.30738370815985216	0.7254246572472022	0.04400758133907179
	0.5350973795412372	0.8317526279759758	0.10115977991151393	0.8684934337814892
0.7802148089367054	0.2525141615088772	0.42199372173792504	0.1362755639339619	0.3311716487005577
0.02061411024872417	0.9806652610104847	0.5629947479395064	0.5549116314526863	0.33359971914825615
0.7695668230719294	0.6778127477861677	0.9837117973593682	0.1109438260301473	0.638655563214861
0.5912352025294602	0.6335654282960963	0.7398860585681099	0.9143620813974124	0.6499883754664076
0.030398837493458397	0.2205416499358801	0.2737613726858724	0.9612127113445347	0.5730673917922171
0.7288240893801112	0.666565137873419	0.6086461433029111	0.5286784870861256	0.9344746729616854
0.6261934851022434	0.7577005800684988	0.41289438019814506	0.45850396834886464	0.562965553319467
0.4742094501160453	0.6683725972766673	0.6058699572789311	0.2748621475023947	0.03797333584583518
0.7128456490064389	0.4552891645152397	0.0486866059129446	0.7646328178716546	0.45230994904046307
0.5496237801527869	0.10658861923119456	0.5795152840208765	0.04836328453231997	0.9538102800221027
0.508101002880536	0.06607507925994438	0.9225472227340304	0.526190962728857	0.7505951053147689
0.40251509183349554	0.8627547584930159	0.9966427355911478	0.5409822181657004	0.1046748237342301
0.31480811951400856	0.7879805033749687	0.4943394498526249	0.05660740275310694	0.1429210846383041
0.6390380738601075	0.7901747406185833	0.8833668761183479	0.41891597898841526	0.47712848276859154
0.594808449960674	0.21126020421571579	0.23376308507531962	0.9171499609823794	0.09414438452552654
0.35165437300586777	0.683400075777774	0.36304420075531574	0.7146731037196413	0.9508708774119095
0.9560360466181075	0.4539051527826884	0.02849669599608018	0.5773467389227983	0.2642095384698664
0.21150821710959156	0.9849417956620424	0.02882311310539265	0.9014955716710764	0.40755781532655344
0.5961858572603473	0.648317322611992	0.8688971694441342	0.6619884284743767	0.06922446482683342
0.26017339408587725	0.7414537462215549	0.4879506026632219	0.7190977130444012	0.9562960215665371
0.3726826501500943	0.6400666874138965	0.6225465645624081	0.8034329941355183	0.10538839140418332
0.023248475467898433	0.6559026170401049	0.39273718963824356	0.5653724237710103	0.8190734006445186
0.45495323100269003	0.8992814397299933	0.44721629970991716	0.708389920548275	0.16898357785143514
0.6222488927860603	0.6753403847859786	0.8804426278652091	0.3698435910206914	0.53627390964689
0.9549483255037302	0.3430248793160001	0.9224959053903619	0.3370821222948277	0.9319797966219918
0.27044814727571875	0.23712827633572087	0.35243564778155845	0.7336816550080277	0.7487911302339443
0.5368841630539718	0.37445972489831536	0.7394817608785739	0.6138912683915325	0.8872278752812864
0.46081644301485025	0.5835928799343539	0.6060402262112069	0.8146290534991552	0.4414379465813153
0.6519907337670674	0.23033654998573871	0.34110580419217895	0.9454205340776216	0.9162490998129774
0.6459569908624904	0.9622737798448131	0.35571587090721624	0.28076842408240166	0.8894362338569807
	0.3021363259437927	0.018426949868099785	0.31035436694924257	0.526342198899497
0.5139369737663966	0.9833034816168682	0.032557703692394746	0.4820058283639328	0.27755307608810753
0.8064885922095069	0.9226161207404912	0.28587547928592216	0.2237844936028499	0.20018394378855542
0.8291778352713327	0.8492374799203043	0.5581958162550708	0.6030624192517013	0.21191663071710887
0.4596277041325736	0.5129074774362475	0.1620048910538191	0.5613177620025017	0.27517582891485914
0.4953186468350488	0.557996584920483	0.4041452429193485	0.2024604428990474	0.847728197103408
0.34467167468011517	0.21082956331069713	0.32005782420641016	0.9300960797058118	0.965392305969052
0.007027690998468339	0.16679110383139606	0.044109157927575415	0.8600364523220991	0.502809550956881
0.7992252460420076	0.2401218149356118	0.44525302096765285	0.056140235692510254	0.4592308115642878
0.6595422194211958	0.5068177444081068	0.24261566159452252	0.3028126648192726	0.13180751453817663
0.016155944931553257	0.7720863454940584	0.8044136992243773	0.09694384253100075	0.13954225046746882
0.85091243851307	0.32991100423402586	0.1355089678806155	0.9544243877259159	0.9036225831017015
0.6001435723250093	0.40970541181169207	0.29249844390119173	0.9574000091416875	0.04749869260765216
0.5813842014123595	0.8979317359855069	0.5750154087298478	0.8942683138791886	0.3905181167197532
0.12128787920330564	0.5316986090404386	0.6545880897230281	0.8396147946669437	0.3669698035313679
0.37848793001707304	0.3148764731384017	0.7812012359649378	0.12176254115056873	0.29377885608645204
0.9946563161937894	0.7926572137730514	0.9238930460727156	0.5637473666683727	0.0701004280057016
0.03973393033494821	0.6318569432413831	0.22623453746794953	0.9707048624469347	0.05774389818372039
0.7244556624017109	0.7989390335008951	0.818104564769576	0.967272041352364	0.6436758871411474
0.2669369026990892	0.011200202720081154	0.9446491673747339	0.19292427889878094	0.8564280537531284
0.929350203517921	0.7748019664245754	0.6376641344288639	0.08385618222467428	0.16263622638631103
0.7960418143129658	0.7878305430151006	0.7559095167755006	0.7645409634407908	0.8618321208219367
0.8883009714311771	0.8849604650421755	0.01030678356014425	0.9610267059275133	0.17736526006689535
	0.18852156431430578	0.015733825514332334	0.3386367110557521	0.8165511886716033
0.8484399667540129	0.301392451030948	0.7067399864999453	0.6000257383809111	0.30411983559833167
0.28089199618357463	0.49174540680128187	0.7984005620380585	0.25926500920342144	0.6635066391826524
0.38116507375640507	0.9155968692011469	0.6413334466330674	0.3172822208086843	0.557974231938976
0.3614418793142987	0.9601004891784515	0.4819351810469208	0.1722461143078342	0.7800904947175126
0.8199835142948221	0.562452948218157	0.0041902794558906775	0.7107854125939507	0.19286853836967932
0.5117213142269674	0.17566263067277854	0.8829947445292908	0.19511778202409436	0.42171198368075746
0.9207438671823526	0.6915924935474194	0.3156838523301957	0.7328959572724105	0.8389142051248933
0.9350109260698396	0.6793829587735213	0.18832845001875143	0.8387544135772033	0.34445460203862077
0.6365767003517624	0.3064846263648474	0.5623852852446899	0.9953577726136489	0.39679712267982425
0.8870241114337166	0.8945921722993766	0.4776561158014686	0.9529786400858629	0.2273661572340301
0.10035455094165957	0.11439086922708852	0.035822682563114605	0.29965950288068177	0.3059480253464424
0.4499564166306962	0.27538778818899146	0.28593674785162093	0.061284277580434976	0.6681993204899318
0.8001345395868409	0.22252633885559492	0.3942651285766514	0.15690339897687688	0.5447774226097047
0.6442933066082677	0.9388550477606272	0.6820948990140754	0.7148894517566394	0.6471008903474118
0.5460248170267281	0.7990436316737001	0.732909157517178	0.46619063899552426	0.42298553190730837
0.1491544096671753	0.007038581347236228	0.9820489528607711	0.3213930871792722	0.36945440713263034
0.29343331645326054	0.6154810864137532	0.8935460303453358	0.026653852820368584	0.6127056659978253
0.9743419362303475	0.8061889466196599	0.42990667392808524	0.22595023661541958	0.4976260216860767
0.6458942288765472	0.31622781106638853	0.36016089362890247	0.3439161874065578	0.18406672526656487
0.1251373894319885	0.6563703372815408	0.4162981972501114	0.5452763608630995	0.25792509779828154
0.26927272742337993	0.5587232873554947	0.6776832600327954	0.9681621046044013	0.11995379499521241
0.05922622192680427	0.4885065383099968	0.8161418847967489	0.9768161437123435	0.8518557787189943
0.10204255528184925	0.5503172529796906	0.4296373854127824	0.24826639739238754	0.12723549660688305
0.8462300004476682	0.4479047822588297	0.036813534519608004	0.8870917025388181	0.8117027879420402
0.06441711405463846	0.1577303106415633	0.19478610282532172	0.5061648620102216	0.8258249509967263
0.21099949798724216	0.12899045366736506	0.8019144550773017	0.5964664995886184	0.43855817386045326
0.16859077054897442	0.3487608362942125	0.7725268857679994	0.7412813714270947	0.6318683772002655
0.545846244824328	0.8754304775766245	0.7672778890334516	0.5652901677245409	0.5333971532570105
0.24371197128547306	0.8828607102392815	0.8933974284403292	0.8663481628534834	0.6878014375894402
0.8997246684245872	0.5802412478490838	0.7116310928011603	0.8408802318963059	0.7677694319863728
0.21187560663908112	0.08500753756625012	0.6731555757305867	0.1589109025688883	0.7334518612544547
0.08915335116467926	0.5698662999434887	0.3329478701814814	0.7600379278016711	0.01398023846296903
0.1462061735774297	0.6521563866636327	0.2754884630359292	0.982738992131388	0.29943148576961687
0.8377832903346503	0.8195222293220417	0.8262747178089921	0.11220626221594565	0.9717563909758391
0.9718474386343738	0.8198739477626649	0.8044569508639345	0.799378790212812	0.22229670096574827
0.1615844857534371	0.7094268557105545	0.09568849509543143	0.1884613698015154	0.9455603952972785
0.07228676819121926	0.0034906426279366354	0.7293207594860486	0.13672524229368932	0.44200574993639985
0.9535772501624805	0.6880892456916381	0.6319467724125913	0.7043234938829538	0.11722576509291449
0.7067331760347391	0.5226930543230669	0.2786867601655464	0.030395250803645357	0.7813295462071884
0.6477139229523058	0.36984046235051293	0.8680728372974938	0.2023468710798242	0.2364938618580893
0.07041138903799216	0.8377049341895306	0.7312937980891582	0.15932962502384762	0.4324153407539191
0.85758838577336	0.02151231277411425	0.9696275329992666	0.4914304358042205	0.32168568417229537
0.939174041675643	0.6525337505747518	0.15366262522948915	0.015319159334101662	0.03240049468465278
0.8224943817371492	0.17218341339540089	0.1492262511874336	0.6492918169702568	0.39614337628610696
0.4528725567252214	0.17868800854758404	0.7480859317055658	0.1976137711620668	0.9361819846184516
0.18609387635051522	0.06465834482195376	0.08404313267164343	0.7273060558012931	0.31361120813817434
0.5608028290291727	0.4678835706252994	0.7358640170395754	0.3185870800990671	0.818032808581744
0.7855265154363724	0.48806846732981946	0.6066092137504532	0.6152996700477495	0.44499032577307585
0.1974640494081037	0.39019839925289335	0.5079087398775834	0.8463651381886927	0.7736757260347689
0.527995392004482	0.5030243233860309	0.7692700778917322	0.5461572430125784	0.5019323306612832
0.4088278471757686	0.8424408096245715	0.171957752863663	0.10100673253875703	0.9649658303200427
0.4078516566574256	0.8938853359399158	0.5849310670674149	0.12648920891996696	0.8281370503476708
0.5819560538085866	0.7990331036243072	0.9402700471317421	0.09362388092596263	0.39341146487661227
0.47308926224797965	0.6358308881900469	0.21194167807839337	0.8343438449528644	0.44436870006272333
0.5484142416207097	0.4400143820994932	0.7605418442701037	0.14807655600637126	0.07048258435297272
0.2682027728433971	0.17095626369968597	0.7993378473611202	0.9359344242570208	0.204669181465841
0.4140768489484278	0.819352016135192	0.7647516763864447	0.9757125618852276	0.016471982475063873
0.629169192796665	0.48761241552006074	0.23649055945722341	0.19440140592177768	0.3445254504341324
0.9764065444151264	0.9117317485584906	0.46439291790356807	0.2559288905739545	0.6975701125359631
0.4554997801852626	0.31067973208174293	0.04942391696819559	0.8055529860907914	0.07703755214343078
0.9449545186005482	0.973840117179826	0.10231586161302397	0.3426811141318086	0.8786674726148461
0.5551202762287698	0.009315805092194318	0.5177866877754952	0.23055181711182982	0.10105568046771052
0.12904504710360876	0.5113048940376267	0.9280473641239303	0.4871741272471266	0.39957378960455947
0.576023206175543	0.46520196165517225	0.7705443825664833	0.35966837773499183	0.8290201824354003
0.7387198056251094	0.7844749853378895	0.05247363464413568	0.5656457652768561	0.02429923974539494
0.653923582853614	0.29387402408685126	0.8903774448830271	0.0941417853547536	0.7975277894682539
0.36721537314603114	0.4292570190320316	0.8462355647870679	0.36025524130917286	0.5191355055033468
	0.24002528704600778	0.6831982074080353	0.6463851544846569	0.40807927446313674
0.723981118877451	0.19657357033977096	0.7627527805380977	0.6501628482102981	0.3921024211050661
0.6696864323122611	0.362685533631963	0.876728731111532	0.26607072668296106	0.039614751473990184
0.5931260487408463	0.4302277555788556	0.758017797786523	0.8190938042520283	0.35288142125628863
0.29805362090557397	0.2268842937099984	0.8502543482642445	0.1706261421244054	0.7734275452592341
0.5310930219273047	0.8954969152848306	0.670686188751665	0.09669896966755887	0.9504929648365097
0.820270553125264	0.4478089959592223	0.7173827259039294	0.4941771434007608	0.1659662281688209
0.6611795802035795	0.9318259701916106	0.41941641975310795	0.06657452933509489	0.03129940356931493
0.15126285319989097	0.9688110305246984	0.328951242450812	0.76163693009487	0.962303981011395
0.8160213416916537	0.24106362779807122	0.8919548442747749	0.5837952658903702	0.9930725145411226
0.32199305964626557	0.8734055645895309	0.3587163119921747	0.6810426012288028	0.9129359729161618
0.61132596517092	0.9622501275147499	0.22309253336107604	0.7442418567946044	0.6986116880674164
0.2495067282022081	0.5437013599586071	0.6822702859504595	0.544992758947211	0.6504324444473978
0.755899978988034	0.27450733332151966	0.6570555865677649	0.09650543397506062	0.7560687508614748
0.06986654391394842	0.7654392844244017	0.8690913443321865	0.012475636149356983	0.02184448756681867
0.6663748751935694	0.1444151355746448	0.705269085528128	0.5632286159306825	0.03980095749202184
	0.18478919426460982	0.8665722007389162	0.8802898284155579	0.2964638600611964
0.7863428909085195	0.6429067228860125	0.020728526938377234	0.6147977347035184	0.6868818036554815
0.13673176311225888	0.5459967961317663	0.26744704486806103	0.04686716322189399	0.4097230891314776
0.4733119734109952	0.08258517760856787	0.1356981145241154	0.7654936926570632	0.4063684453314419
0.9837171586124811	0.9506595125560199	0.34906268266522933	0.3281996593907751	0.32599839343689563
0.5828470110826213	0.2920342543500848	0.8879270421792714	0.6502643664450694	0.6650966871803592
0.8011343879407102	0.8591158003217445	0.7232394579175883	0.47156383341406205	0.21828768444152513
0.14087874481571605	0.783021818034515	0.05657917778993726	0.47147042046149057	0.6273899063835948
0.8588996283081716	0.04763988952421183	0.9086878696883305	0.921071065088583	0.22473078906314936
0.3070959569303462	0.14801211517275303	0.3325113360720804	0.22196584772653705	0.9212854256309904
0.9098545957716533	0.7310191473578755	0.8348068116608078	0.6168471747332249	0.9031328744936292
0.3821065074108638	0.8259775682984939	0.26176829528277334	0.748511078039303	0.25585635987312305
0.6248400727723401	0.16396407694754145	0.7093796060495743	0.8128911814728496	0.8229588916237679
0.740708716611544	0.6683734838980927	0.28351283311417363	0.5953236972078045	0.9798886873587949
0.9432248876450587	0.9380792065799699	0.5392933307809773	0.9718802700077697	0.10279416993184798
0.9438080922722594	0.28791026414413723	0.7079852005808741	0.21307679593861384	0.31839822492763037
0.7124349184451789	0.38040651500606426	0.7982115359572122	0.5819164658297391	0.5974882259404485
0.7758544098634039	0.7317759419277238	0.9240221222986259	0.9237094244945913	0.7790704008550999
0.22090054147958216	0.8618873929044436	0.7334567109958351	0.6897914031597508	0.8190361852688134
0.28802490269855097	0.4450269423361144	0.36570751516959676	0.6737792945620072	0.03541174489446486
0.7934704798088631	0.44249225949343984	0.19971022181568265	0.38717893087225486	0.33304092742474367
0.6639441485620431	0.8080566446114166	0.36776208840277413	0.9923514807244296	0.04905072577203595
0.7797162134461887	0.29074479807395226	0.8954262946776307	0.14451938669536535	0.32303042747059063
0.0026378624819735075	0.07885535688397183	0.5243489231997868	0.7838741472706855	0.11275605562570867
0.2997774095456226	0.32002527035043726	0.27808587482180713	0.8873872685592481	0.8539912801684844
0.9575011124636925	0.6281785259504007	0.7248711533738009	0.988161199393751	0.6442321854245558
0.7072330644341503	0.20467965372964747	0.08449212907922687	0.06666100010068476	0.14039694718100937
0.662656221287548	0.9667441633835093	0.23154156688609318	0.8158259622039646	0.8917411848612652
0.47871236015911955	0.26586917650367203	0.8865601428254211	0.8859391549321606	0.8574224553063705
0.44270035802836594	0.6459839239051989	0.917790701596775	0.9238344323477469	0.3684386834700337
0.2547834103111616	0.709633104272637	0.9442440990641683	0.6415224851545073	0.6102869157153085
0.9384313602398215	0.4680441198477613	0.5994282586920896	0.9610127953668349	0.09948165211123305
0.9147258045748803	0.4228946720640505	0.33993361201857575	0.2918520350003524	0.7674814290714026
0.9774279005354616	0.08500309106497628	0.27467022203778313	0.7903758382959172	0.6893842657232068
0.21406926840532825	0.7643641537235666	0.08469621589553311	0.7010583341031832	0.4133749126905084
0.9012808746966957	0.7423583287418003	0.8890065327528283	0.7022207266149338	0.44388017770521837
0.9250279719588195	0.9432549605650332	0.30588882300194586	0.15937844841290338	0.9879449201061711
0.41318675017822193	0.8667810416810764	0.26625694645908404	0.573347491866816	0.10311298305633465
0.3938044821339426	0.948292130752239	0.8159994606867031	0.15208153106070432	0.8317604675098723
0.17249229438591296	0.8830887748368252	0.9230028422606871	0.6322439956191227	0.8626135708419541
0.4758174180489422	0.2898369187405082	0.5703363371302216	0.5717861226896581	0.11195323004937441
0.6480303175412983	0.6424454581813471	0.7614589169762926	0.007179534579831226	0.2719199759245068
0.007727653934183731	0.9119512753713571	0.6010596337262711	0.34861633765336086	0.19765062135576572
0.6270389258228276	0.92347698588817	0.9251115547509512	0.25158230382235147	0.24670275171781897
0.603786176949507	0.08428361344610225	0.24497066444048488	0.13610106947839407	0.8888042609657663
0.9537118251690677	0.1728589498232148	0.04644453681135097	0.6250201232807824	0.8348432263980543
0.7954317783064686	0.7402368226990371	0.0743078896241558	0.3469330627326469	0.39500334552367533
0.28129941087047483	0.7333452069010293	0.0631032559863417	0.8699420324571784	0.5736792311075596
0.8883039827149302	0.05667584289166361	0.19158344070293565	0.7957583528043243	0.5294377538724724
0.31181987197728445	0.4123185064060002	0.6956295854191631	0.6343105149521627	0.7431541285179678
0.41820595157536056	0.6925056063581351	0.4575023812670237	0.11663314242492961	0.400737952612649
0.05245775539035169	0.9056713126546196	0.19296220583630175	0.5110235646249042	0.9331567969321299
0.8725168879260331	0.42763685390142725	0.34180076539714077	0.8019622360386016	0.9653178541911143
0.5585640757163071	0.20446857968188703	0.3005666449720168	0.9276673549116594	0.8978170574208619
0.07214328204183607	0.4375444267901012	0.6580830907628182	0.8169113128803449	0.9500277316131059
0.375606331701242	0.7828649941639231	0.007909242128640637	0.5906313920394005	0.26496767930877296
0.028884115352985518	0.7344545459582936	0.6955712915854486	0.9913758134556688	0.148027317016603
0.2597684953614301	0.18715593805407038	0.23079943944263093	0.3373539374432126	0.40682255198830075
0.7642605699074209	0.20220697249622321	0.7109052041355707	0.4616883578233777	0.13752971737630393
0.1382235906549959	0.10972762770950695	0.9440655424699044	0.4232164046740804	0.7105057164294114
0.032841441442111874	0.893768628654646	0.5777965871258478	0.828276371285325	0.12206718910410363
0.24862895844204946	0.7924288238328419	0.49629645416987334	0.24776355774462877	0.7667609794513655
0.6394324121921353	0.2325312263327728	0.9716668451528874	0.9801880613158572	0.3690712663146656
0.905441443661169	0.7793351396238813	0.5069951215600311	0.5245809522337169	0.3927626683161428
0.6924677027829245	0.4497421248797049	0.5384557720117222	0.4317684807687615	0.3772779495028836
0.609902544120479	0.5737318156410881	0.9492220670627044	0.5457611882101989	0.9275369562568984
0.5558484375731052	0.36044076935357006	0.049620184787011135	0.7472533418806137	0.8978627711804095
0.15911969218553235	0.09850711417625846	0.8515130608427196	0.7019547490407683	0.2990152806354991
0.8449372928581403	0.5588219279522649	0.36983143209502667	0.6437634279247342	0.957442790682668
0.7853542288911042	0.10616520667526452	0.1412550668146867	0.12168347868241691	0.7634301870326945
0.5231246604393981	0.8762629763995201	0.4435555327553913	0.9126935575870676	0.1860061902134641
0.538820474531244	0.910349554599813	0.20046520239027243	0.2994834768426472	0.2777358105401949
0.4504289655895304	0.006591666228206838	0.08684536484758532	0.3488979718129327	0.41185235616316573
0.04100626845417954	0.5647818212210137	0.7376201465333014	0.7982399208202157	0.5830895452334224
0.9211743450116414	0.2148083770851934	0.4485732906258668	0.5478776401588221	0.005904660835307829
0.1255157587936766	0.45466608229451166	0.8104162683751497	0.2009925987761556	0.2936892938630351
0.4538116832558384	0.1958461568237544	0.3691308738580116	0.5725344991778047	0.22874748894238994
0.5680993785804802	0.9839533446525779	0.41511522293932834	0.7138137379427094	0.6539147686229891
0.1602704406569555	0.16011564531134947	0.24444888694946787	0.3482610584725887	0.2458232555938631
0.8824243075954555	0.37769286706746186	0.47291205324880226	0.7836498921654707	0.3538921435167318
0.19355792040118003	0.6784818803505835	0.05201552048356173	0.9278579302072568	0.2510663390090305
0.19365218091559167	0.39296060109958664	0.7389330676794057	0.8732600947014374	0.6895846706186497
0.6726058684331558	0.6374656464009792	0.23253494103305972	0.6536941279190867	0.32130194023143566
0.4594800861410544	0.6452081697178279	0.5953033836014258	0.13405177792070766	0.3067922344044296
0.9035958922230175	0.7258131510783498	0.286995929346626	0.6694280039091905	0.3150460000446843
0.5573973197041827	0.3715374560999023	0.3513795273539746	0.03216604912363474	0.04962759476011547
0.8762144774887619	0.17312198961776792	0.8203702357413054	0.10686296967635911	0.8540200512836517
0.7561785969678843	0.3246510471085864	0.9705346409383097	0.6990625291438366	0.9293760904440888
0.12273569869864864	0.7760620005761368	0.9508012717252883	0.851461410396538	0.4517649425565595
0.9458672267703531	0.3957702953953506	0.598831477384987	0.00405560835827834	0.5381245826519679
0.4977738673366904	0.7614905758019291	0.039439577596608655	0.6297176360300658	0.6058387021629658
0.5582864237923124	0.08531529635240953	0.7803929416153866	0.9054903137423693	0.6432439508049768
0.06667779181357913	0.47694964382162175	0.10602625949824951	0.6787108455086831	0.03371146266413294
0.6706359445763556	0.5501159850264259	0.7119474631628308	0.6052456334325856	0.43206401348458756
0.3749492075728743	0.6467960658714412	0.6583774642874204	0.6762171941912054	0.9313893995823802
0.822365887660928	0.07427379455231575	0.45352765488597835	0.9907020151317282	0.9456856849686568
0.6766559973646301	0.41302136601100414	0.3641112626435562	0.784777478605983	0.8450353632180148
0.14937216324637426	0.10651781503233815	0.40294018460837766	0.6654161606938798	0.3622880951209001
0.07195922017995526	0.8250125127731509	0.8234445259285471	0.39555399185930995	0.2909121297082281
0.9711751693617579	0.11812716608802054	0.7934424473834558	0.4685010709847882	0.5793986315414528
0.6442168714194093	0.5420793034368023	0.6660291120385786	0.25033488159393735	0.7054594221048268
0.7223081009222481	0.12716133754496972	0.3892955963883463	0.8053788702365275	0.23097260357638116
0.9728968667827722	0.3618286500108773	0.7031856430807973	0.589931060872976	0.526577981148702
0.7458649276959524	0.6667795269236569	0.8584952589803528	0.9660645807949537	0.3220496795341903
0.16068977747827717	0.11418344156231797	0.03189239439121594	0.035454407849432434	0.9251264505476949
0.45923643225456334	0.9401294181624555	0.2820082593262948	0.5242823635699686	0.6459766942616855
0.8519452794161011	0.793280035757109	0.6770059700143954	0.7021474563012826	0.1544668391888866
0.9204165088336869	0.2264665273672224	0.7790116916735969	0.2934387787410413	0.23367402611356214
0.17352721215598577	0.8094504892915025	0.9025291003269955	0.5456186464026697	0.4429088279814404
0.6899240409798151	0.8986098110015861	0.897823276169254	0.07982110504374795	0.4993454430529324
0.4722229309338273	0.4657814592292524	0.08631872550527764	0.8076890387871911	0.3379386579275697
0.33160028947917597	0.5513091238837206	0.44427220797120204	0.04898026987511084	0.20595502104445507
	0.8436527533990262	0.41125143430658695	0.1582372992210922	0.09604018837830652
0.23604023830526133	0.9371779963589912	0.31877453038541825	0.49980847038162957	0.27823746351572975
0.09796257419908572	0.580860171726182	0.6865031110468605	0.8458892702211946	0.3667352228714059
0.7411848795660751	0.1331030111903384	0.7517811220297008	0.48359299745586826	0.5741828995669636
0.12232060863010263	0.9155729630860069	0.23024586669787062	0.6862074580691864	0.5540879565574737
0.43543249242936644	0.2102537100281192	0.9368124141570944	0.8651754287960245	0.567212370441752
