X0	X1	X2	X3	X4
0.2232304438254603	0.20037611182847004	0.9669573720038812	0.22557999688341557	0.7382005954385117
0.30662906968072845	0.9372245182098118	0.3365670920072812	0.3842878041435147	0.03762326042062403
0.928156202941238	0.49362496415239776	0.6072154451779921	0.9153823871555999	0.3156352169144372
0.040727565966220736	0.4180495377411154	0.7546778497727608	0.8367331953681736	0.3789794917628868
0.984294062418492	0.739345609985383	0.2677628578639103	0.9604506774401492	0.34603164904396033
0.6498613915836879	0.6137538499423626	0.5405572139931409	0.6021874878351866	0.009498079963874972
0.9455910007589918	0.15561143542729516	0.2581855767775013	0.48056122234296916	0.4620035250591926
0.6355085478127261	0.5130542722089114	0.45187149863582	0.5332407366807702	0.35551642858199217
0.5017904240112372	0.07095845728485595	0.930367120636281	0.19445010799046403	0.11579047765789718
0.883293528415729	0.6501626951273164	0.6877050764357734	0.438712204062194	0.02426369247774518
0.25234757219150405	0.5646697229859398	0.1498715837380057	0.6417222015777075	0.10511973399322516
0.27976687793178623	0.33708830067439066	0.543327481391648	0.23028692441288212	0.4717965967350243
0.9619444126609328	0.9133495270285062	0.0726584328352925	0.19109953527807488	0.3774504000678237
0.14874321656033862	0.6979167178407345	0.46260279134785476	0.4891694518781149	0.300919281629038
0.2897472486451974	0.013032489329582897	0.2558017792100714	0.48778429649620414	0.8742575755013782
0.037884092452306284	0.2538938471174138	0.30834917543572027	0.4715692829054742	0.11923811668968665
0.506669006072735	0.32315458144282083	0.36391657299333724	0.7190514679427601	0.04619632076961
0.9052810223466141	0.3237114306163815	0.5175438437754466	0.7188158640024633	0.49867460118250717
0.44679627313459624	0.8499090211973415	0.1618666838586531	0.02982847842138303	0.08782244323249233
0.23005789379896946	0.2856488449622925	0.05242075645897193	0.20621987467214342	0.8626044915518926
0.5623514440145926	0.7101218315008588	0.0020498915893996106	0.5399965908639862	0.9463101979838924
0.5392779123181223	0.3231115010396032	0.20521458718070673	0.4316267829948054	0.26224080791326043
0.6090266197312817	0.49318345534012065	0.6823655193059911	0.7568751416478208	0.8893598208427362
0.6067530965491168	0.6839295542152976	0.876992641770428	0.560794281195617	0.8845553313694549
0.056991765001682015	0.19881309733800356	0.37497171426337117	0.5665095429760809	0.809409660401211
0.591773674095246	0.0520303472264424	0.7277828733791524	0.24896049433120127	0.44951380002673913
0.8220080328862489	0.6578391762812533	0.6560551168942554	0.16467873039884295	0.8547032645323247
0.78454370364271	0.33624846899297756	0.7481562027031825	0.41666203927032075	0.2971021090827224
0.2735418232230239	0.8312592844657918	0.9668681380301509	0.7705926897747628	0.24425461701371953
0.3607856138101764	0.8395299990305604	0.3885101007570039	0.5117648187125616	0.6827798507588492
0.4442027690915372	0.41864269583216596	0.8233827479449536	0.008445042038742634	0.2623947619896647
0.8608105495513371	0.9494741854681339	0.33392224671587856	0.9987107036641724	0.9762704576244059
0.6870931942598346	0.3011053951346634	0.32818900848867594	0.9646873082373544	0.7157823998356163
0.06732728076204109	0.6417231866626223	0.08961776583290015	0.4269281473277162	0.3965437337523334
0.213547350115878	0.20732417973682926	0.4790573939165337	0.7847386572311326	0.9262002913906253
0.16371040203937326	0.04849161766017018	0.05569254805479795	0.16584731604399072	0.8902635741350923
0.268274420630099	0.5051216331304712	0.46798030022643256	0.24122096609802768	0.004243867273660995
0.5858640053446609	0.04064636017763401	0.530275961817665	0.9725133949388451	0.7419189381178593
0.031786687858412654	0.18439774116719365	0.5921662169077074	0.9733758505518302	0.43206634484368733
0.8348252425181183	0.007442744021341707	0.962984485088423	0.27965570576602916	0.577249226470686
0.3699858342100175	0.5701040510183382	0.7679485742809375	0.7861071824797744	0.6709589203255707
0.001740211025599625	0.5140685974553775	0.4101602658097323	0.4931732104440578	0.043391856398360074
0.12117107049255227	0.46705948544229503	0.18961417142171233	0.10562654487864942	0.8694836655113762
0.9072151308569345	0.8848077935586648	0.6695352766623112	0.5009537544672437	0.9799996770088754
0.9848475769587087	0.3579004214625545	0.6764410548971382	0.37662054168234294	0.02371251195476587
0.6534845130557801	0.925037917903378	0.9210543081179947	0.23486617270467247	0.24428624065765925
0.006566400803511674	0.8966769266324792	0.8160305136648272	0.4899594221948448	0.8839228965175596
0.0073408782683200835	0.32875625604580183	0.12158098805783624	0.5401988646301028	0.6378020143462069
0.5365880124095815	0.3636377756631105	0.5457679440554005	0.9719089379764452	0.8422511064786986
0.9333464573115479	0.029972853205596506	0.2374751364437523	0.5263949997034825	0.703003154079265
0.13318620436180784	0.4484452361979815	0.6475198452382036	0.36500611583414855	0.33287574648172924
0.6639929942786267	0.26581173313986217	0.8343841310754717	0.3083442775485503	0.5668685079734724
0.6086493330107972	0.6667783950906087	0.9983094379956796	0.691573345086793	0.48687021013223597
0.19131922990293704	0.2848802909766954	0.11714440743436172	0.5115995424119383	0.8577169932323235
0.8495925442774804	0.2025276572157414	0.44538045885025823	0.4001032917755776	0.8873247856401709
0.13361293771932758	0.5668902538370387	0.8270410272729747	0.6820873202454466	0.5274657255586075
0.2963006598337865	0.5505489509975966	0.8210327140751749	0.32382614182043346	0.9671588992706268
0.2641550612389245	0.6773561047995966	0.8692997696226556	0.9782986678719184	0.9285124071253569
0.4379711224571473	0.7193933732229083	0.8080111107168343	0.17927822002811944	0.4574842476631814
0.6142665787454605	0.30456826195697684	0.8438049605239902	0.05637691242317777	0.818140439151968
0.986943015361666	0.6462325857268608	0.8411081952458324	0.7629748026280996	0.21728406590166438
0.20891112853245553	0.5786310245806203	0.8956484677373386	0.3212634084627324	0.9372241811962672
0.9928959461640854	0.8177349944180546	0.9010751825841151	0.842940655666732	0.7946052451468262
0.6293258257499785	0.6773663698364432	0.12442138217134446	0.04889114335706102	0.5817103433366223
0.42146133286543797	0.82953675982187	0.8562296686382989	0.7218744398963022	0.7918771077559799
0.15672608693792633	0.12071338658753183	0.6795468608590097	0.39890303527913196	0.13352724526175896
0.5583485577530842	0.2576984348411745	0.17629597427646937	0.8720273519582565	0.7223502808199292
0.3633667575594086	0.48647419123561664	0.1332148133911749	0.23943278666952572	0.5156863903723288
0.02035246679342806	0.8560600470692638	0.5420793886035735	0.8699328565286498	0.6436988018121795
0.6628738754689513	0.1593980700695915	0.3813051910761469	0.8014462500125511	0.2646173346981081
0.038959169914654646	0.756343014180287	0.002027458786535985	0.7967534035055167	0.6437596825586033
0.044548932903691996	0.634202947877243	0.12873764614296224	0.22981030953767412	0.006443340931908237
0.2687648379089552	0.48319860398315884	0.16095580939223064	0.06665160093939371	0.2914663963544175
0.847469159037364	0.6888575071575193	0.4769377658249504	0.7595664675569122	0.3897404898991904
0.29392345074946546	0.8648269544846895	0.23400475221756034	0.02406338397411545	0.4189422626095064
0.5254866717549204	0.8342156860949952	0.705741821972286	0.24433478189084268	0.19429530068946743
0.40615645776554254	0.5218987871943908	0.9127758550591105	0.7959718308752343	0.9734653926586304
0.42521982982075035	0.9410654672507257	0.04507278511078883	0.2474426614569134	0.008700069704074331
	0.26233164719574875	0.14856663075052534	0.0878461146356414	0.6574754525690147
0.9465665684938646	0.19233661156535609	0.5798859075610424	0.2123756909771246	0.7368369105276446
0.7689988811439827	0.21290341336644747	0.08918771470496367	0.8403720517638753	0.8440799365049007
0.10086357270248925	0.4823181826306844	0.854468520847369	0.7182048949233828	0.3304035723123303
0.060134981964520384	0.034111194868996386	0.39101543078397993	0.8577092483964417	0.039501058004461576
0.5048819797457196	0.15859056926292958	0.9477060267670032	0.041290144626415004	0.29936157258371565
0.32817242809265545	0.6822274707418291	0.3926707996939489	0.1955465729521394	0.19007232111455685
0.8917390936855142	0.619554048309729	0.593973159175379	0.897434463762065	0.9018551078071569
0.002964234394069565	0.3193313080494914	0.8931005237889911	0.9016855483152347	0.6143182747457627
0.10340418800118156	0.41110116488394055	0.04559860247530256	0.37397512877341055	0.775177337926955
0.8560315186184426	0.17082459486775192	0.318761395110834	0.8799263436276823	0.10868549156960461
0.06643663269045996	0.26599274784294435	0.6766845459392768	0.16292963462574694	0.8493336885349071
0.5965670341572825	0.1273015820477743	0.8463880067778307	0.5452646669202755	0.8205659862765433
0.8201108550914171	0.8135983905948188	0.5957959807918424	0.20731847714143758	0.01920714629291853
0.8262718149092041	0.8182473811033742	0.3223891350697783	0.009913051686000318	0.3386930172668523
0.9418960470071285	0.028680092126393997	0.5687952084872092	0.7003760370378673	0.9550264270688904
0.4640388396504047	0.8724864367600766	0.42255852825037643	0.17565391722907508	0.8595606641235383
0.658101104940903	0.9461439084566188	0.5891873420225745	0.051116983235942604	0.03852370736749455
	0.051311428051370234	0.23672120758344373	0.24415082079560557	0.33294171926934957
0.4458584056017424	0.4610500026704053	0.7504128980800292	0.8060604015125704	0.018977624887595912
0.9948794564701146	0.4738738582643296	0.6298915122037325	0.7911228860067788	0.9179573457851932
0.4143375383885213	0.6582940975368992	0.9046334948748976	0.5159518928560319	0.1888035766663554
0.09978833382274	0.2832786484030694	0.33276913033608624	0.40524618741832796	0.22859129200680706
0.4285778359126179	0.5916851392140733	0.2738816074438528	0.8067818066727575	0.06287436918663336
0.8701855107384535	0.9775805582299335	0.06260000847576286	0.04265580318105888	0.9401920003329833
0.22935941580239794	0.42633772851155805	0.992778042809753	0.2900686045327353	0.5236828276374337
0.6170561748811431	0.101518644999962	0.6562147574110968	0.46305369295069354	0.04556406232979182
0.21593273317792483	0.3283381916430469	0.2009203134631763	0.2315329696343812	0.10735332280495813
0.29967308066932374	0.7368640279593675	0.3174787010255431	0.6518193989683317	0.8737789265457818
0.8878440662911964	0.3955947146224935	0.7524036432088015	0.87857267181471	0.9160096221579401
0.6487205029617727	0.27467223693836273	0.5737554169551593	0.9897931311593416	0.7412317061917834
0.8415915002080945	0.9587267767662607	0.7776934110346085	0.23538655580300916	0.9643978757132515
0.3833123787511895	0.02519728438334712	0.849507150677085	0.7737901209362658	0.03368931479716941
0.46746250154302793	0.0027454571921136095	0.9072624928164477	0.7943560678631449	0.4481166817905753
0.8270891925482358	0.531719771022914	0.23986713497975587	0.7274443673329095	0.2894395267942841
0.9597293310490563	0.7897238862648294	0.3360275551552395	0.11940133077520398	0.004397428245724422
0.30125720414286794	0.6500052056533345	0.877632456109553	0.41099414511216736	0.10991563465741239
0.6878019398504994	0.4176727110138776	0.023927078925103595	0.7765262426750851	0.12755195304972355
0.08613840082640212	0.8282934840567991	0.016348001588934902	0.4609615541177561	0.9149483677465868
0.4814767323349506	0.694967606943978	0.9260091803588424	0.8026904004989759	0.7480735730979213
0.8898357567949361	0.5817177691106675	0.8878693770602153	0.10679283252607563	0.8585531813557917
0.45280626217331355	0.35731395902903684	0.581015315843778	0.2789543452317096	0.9690793034590959
0.9471915225007224	0.6967056506371153	0.08978069487077645	0.46675657327528963	0.8563213491582158
0.646052504906345	0.060600470803102935	0.8793782521806545	0.8917049652343645	0.6981923526515259
0.990948367403183	0.5973938613178829	0.15667334280243628	0.553698716284808	0.9332454421694465
0.8263466907554978	0.5691174583636236	0.8886425318882822	0.8307973346840338	0.5640712354687214
0.6160016379666478	0.34708263409686835	0.8042397829330274	0.30308516426967147	0.3259617852868889
0.6900408597175355	0.23231075675457713	0.961788815117897	0.7642737379502692	0.11718898245576459
0.5595868709103391	0.08237159651237647	0.4758946590003401	0.10000891148769075	0.39495912282092305
0.03191943977646616	0.3983299671454543	0.18423339771824054	0.544763910002706	0.39319149639229567
0.20651077928943384	0.8941900736977458	0.936776753262326	0.7526702291843878	0.4283298061502352
0.5838581889717224	0.9155544527808094	0.13761282416136578	0.3903369538113296	0.032682753810464926
0.26497087806698494	0.6999280056641597	0.776472591174195	0.4321082675219876	0.25915469788937284
0.604123924166694	0.7816097604951766	0.15621218281224314	0.8064112704741088	0.20945256436285353
0.7425833240459898	0.20882199349636588	0.6338089407958473	0.4722377070763817	0.032738831172375304
0.5701761297100683	0.7118395734836429	0.18799597080302866	0.7921431475180566	0.8032045799265187
0.1407508579073916	0.1399069370424746	0.5535784367365528	0.14981953354032618	0.22451257872789143
0.2887789235236514	0.013305270068480701	0.6385439081934098	0.41315194628531826	0.8971112385697466
0.8643796633208329	0.3409774770731744	0.3144331818260325	0.6132727478439485	0.018385969865617136
0.24707583168786817	0.9191187715133217	0.5646301542531812	0.868490923137896	0.48212579731262495
	0.23625336860281587	0.8055380001929519	0.0008649722175755326	0.02341635318533941
0.8393605792331312	0.5306410593731075	0.5961725579137817	0.515460365530785	0.3814989830289456
0.30720225850469585	0.8505852775087817	0.6255483226529145	0.5035304208730789	0.5186316420477969
0.23593579411723664	0.8416309456346718	0.8752369121867934	0.9222021120047609	0.9579783284165319
0.8172622683101995	0.9350321659779921	0.7952304192873295	0.7617766336947703	0.2869751059614679
0.9319283745743396	0.44122889284898215	0.7714215673938007	0.7678615971777931	0.9349323374145174
0.3382499419699677	0.7512467356247343	0.9088579165213101	0.3179841748847104	0.07859929371077667
	0.23335835906217217	0.6558701464271505	0.7172862754627004	0.8110040394240876
0.3654403833763875	0.11900361414511862	0.12044897319759151	0.6314853408385993	0.08409638622580118
0.3762243692985324	0.8803745825383364	0.9392824231726787	0.11867708717223135	0.6127044917493669
0.7855607341592538	0.8263570832567816	0.7811828340430149	0.1879667146299303	0.3826632429658132
0.6285991970195318	0.41065313207380605	0.7739486340864721	0.9649211005638095	0.17838087307230144
0.5249967097719278	0.17228326762002977	0.3883038070019058	0.8330767382369372	0.7607925910485079
0.8294174626383288	0.914950878904607	0.2876766731649628	0.7528620499191868	0.4386527380914278
0.40920077624366935	0.05509444438699518	0.8112652194073512	0.9284516405224804	0.9734760726689439
0.05867822780928478	0.8773533060215399	0.0009580110618021553	0.5039266160562044	0.6970437178031179
0.47294505992075697	0.3076772160949163	0.3767897954758431	0.7484879773662368	0.9975735632729312
0.16224482190137546	0.745690803667069	0.42385117452667875	0.2116788699654425	0.9731678368692361
0.8185813206736484	0.42466597432441333	0.463554335897731	0.5662478786886562	0.37492013592393003
0.3321562745300698	0.2823136113672129	0.39761840020911743	0.300376525888049	0.41707175818176245
0.01600546537682579	0.10411987000327294	0.15030729819189959	0.1682925343968521	0.40942060934487945
0.6298292827140306	0.31794214902307594	0.0014867106897330506	0.7690111234743049	0.5235186035831682
0.06249425036338163	0.5357310974615729	0.8821068569606205	0.7881012294692232	0.7791065271042941
0.8854110248008296	0.03994421852708907	0.5930505652398919	0.10064818869659431	0.6230345031937223
0.11093411549108034	0.16193863613048853	0.3869752009765719	0.2317062895919576	0.513241408095801
0.9471550030056854	0.4174661190515838	0.9657594519932768	0.7729706772470091	0.7876153213005355
0.6417544104879761	0.34858339139752104	0.24592523275277278	0.12100281042380678	0.4121136587809835
0.24406680269329784	0.7788153070871342	0.0013124951443564958	0.5152167580419247	0.16029689302914185
	0.9256946962414343	0.9396179657076563	0.5678584088572428	0.8837577298932386
0.5615189122187263	0.5193055617629205	0.3571741197216891	0.46249006231612166	0.06611254122257892
0.19823325405282988	0.7636440168055564	0.3163675671932342	0.5311784708136973	0.10804058932197458
0.9505127796913723	0.9054927760993065	0.7324796798828469	0.03663915032728249	0.842464618219645
0.7598799410308014	0.9604939306099011	0.09083807535869715	0.26183944867908326	0.7488416509024219
0.03022401363722005	0.3429239080799652	0.9303702105980463	0.9078773483900711	0.7918730571874174
0.6422345605538324	0.8106757038506877	0.4534709590383893	0.09682411384123424	0.9361215418359446
0.9458059215484586	0.48158487711804854	0.2465133877577047	0.9216233937921747	0.8900293745408372
0.057597502721178695	0.6510059649485955	0.13101880845604041	0.6493576616277859	0.7046886637748399
0.5669319188986268	0.6926954535090505	0.4836094424098666	0.7966231766379425	0.32495365147824706
0.5194711864960142	0.3204492452676767	0.5761768711460146	0.5203137799119594	0.6659383231781535
0.5300729748839469	0.3898364566763213	0.20257120780604543	0.3649153420477572	0.3128480632409185
0.9499354049933757	0.6158160251395687	0.5534465167659315	0.22908230989866074	0.5902394931545545
0.9584461907367642	0.07635372086049197	0.6033945182267668	0.2847695317737209	0.1171787489358429
0.3684653039546697	0.6399845464085956	0.22860187888316852	0.26682966398376384	0.0850822241634428
0.7999820383189624	0.8998603648560454	0.914208960108151	0.4764740720492704	0.10464805068733518
0.4851723924665293	0.6271571609507542	0.2907320733413328	0.14167236692347962	0.8954582985902345
0.29942663299224404	0.9072837771724985	0.6364179323581282	0.22314004364008244	0.8101979593200022
0.26947082484912244	0.9120942380750416	0.42692774623307994	0.9597885164730157	0.2976150151216246
0.011486640740834053	0.4865447288108854	0.9123749255967785	0.14135467975300786	0.7862645296735712
0.8293615884021783	0.8520009192571628	0.8617977289747303	0.154681619324471	0.7337221730952914
0.6715601354966564	0.9354547804445171	0.31879987930917597	0.7655072314795415	0.3312294312668158
0.006173174646306956	0.696588101008421	0.0742840157857354	0.46435761237634077	0.3242317659559353
0.09206950812478054	0.8392344125147934	0.6449843266981653	0.14361292715707275	0.5644855880116117
0.7957803285360137	0.9413480125742157	0.7639301719300384	0.08407196722269084	0.9869759624149967
0.5329454743046215	0.7504987395314577	0.6524366790362399	0.7849707551801477	0.14592905258120492
0.15147433668699262	0.4547056484322959	0.46366736038582	0.6632716802450824	0.6002165631872601
0.1863709542511598	0.6099314921699515	0.47864646894722573	0.18245689362797646	0.9596073792144038
0.4937837501047404	0.10038097944247226	0.9127334989637087	0.2566408351920516	0.08778769528187003
0.10389831636631208	0.9062113714405227	0.11603459123936499	0.0007600782426488983	0.35710508674780517
0.3370448490559851	0.07371522937233821	0.2699727324640989	0.28152824571865764	0.18165676060695446
0.22157755606252727	0.17289983720893265	0.21237600504327347	0.7031912101868658	0.05490685566910625
0.3369445595813523	0.05230766736766623	0.33479690203516654	0.929410641487545	0.32755385200913867
0.9438672884755249	0.2891310413018868	0.8575747204718484	0.05380483993038587	0.915186200226613
	0.6097445131671853	0.2849316808144067	0.31624811480337556	0.13378339462169975
0.06185129010024326	0.16260764977157693	0.13357132553590623	0.42622006510791377	0.4624810077429128
0.9858886231355255	0.9741644997576403	0.8910299752954695	0.8365954140552256	0.4844978727640331
0.6406186076693916	0.632080153366206	0.5371559902057653	0.7133362686746562	0.6631953366228621
0.2988624648866325	0.1096591689301567	0.13783897647075904	0.13484183098893832	0.7189787251334242
0.41714103229931565	0.6070197670680632	0.4626815167121745	0.23879917369753612	0.9005740347343835
	0.7638100082390159	0.21342038406023423	0.2243526385272886	0.20291861259072153
0.36577067397892293	0.9010383114935538	0.991061839122957	0.2382632135906695	0.07261542664666898
0.13165939112638692	0.8364224899073448	0.11572006468097451	0.4219027577854164	0.06824057483292167
0.08237597883206194	0.7720209644075366	0.2119228787832168	0.09874200543867162	0.2883750372940349
0.7771382426139625	0.6299266296945919	0.6766584123540145	0.2916474985182874	0.8496170991264941
0.543137903768907	0.36854664173004537	0.31604862534873923	0.10216205324269689	0.3392954960207307
0.682677246671741	0.20616926531645363	0.7571095544282418	0.8224228160210806	0.5377419513609706
0.7576767307139102	0.5924044165235952	0.7242982416830933	0.8892716116454602	0.909318808586562
0.17052125584130085	0.08401969043249335	0.6947484859968149	0.5616844243469826	0.25112226112676506
	0.472063367272313	0.42085555910902406	0.9148482060034924	0.9986975807018676
0.3061308747549033	0.4868904160606633	0.17020383186044397	0.4661292397509602	0.33578266704303394
0.12357392062535899	0.18947700343938356	0.6005716844507178	0.5112896981260507	0.2468629865952514
0.9778823001752813	0.21826975371721502	0.041405428998462335	0.5931977769958157	0.3164516287923641
0.48241035407547095	0.08372807631416901	0.10294167686975964	0.14120013385816388	0.34398588356959303
0.6298158785647253	0.654236787129895	0.5707413608673557	0.7115543540199546	0.36602654200811
0.08864349298774621	0.8072057481693825	0.5252950965217341	0.799515079391229	0.8029870891510211
0.19005763607777382	0.28605908854156836	0.8642192103169434	0.041468467078661364	0.12982229692251368
0.5932672441726871	0.17908508365548303	0.7179991174319583	0.3813730710685591	0.5021942712172904
0.017065305073026393	0.15507038765690406	0.45674573284833275	0.926948003196224	0.059019369543252265
	0.7218033215082008	0.9512180150511833	0.668460426678884	0.7902799602883831
0.728890973578442	0.16187942739188976	0.48083569214332056	0.8006674244036818	0.4169909268944004
0.2287180759529115	0.12697827299096232	0.809871215662269	0.8511218971353045	0.711244257170346
0.025703433871977488	0.39370326744328066	0.6843630227501165	0.4510080595869842	0.7794271099565308
0.5374814492033252	0.6161262361644694	0.16989497418334143	0.8495864121561257	0.015501882038922332
0.2807546926449921	0.6095916534387457	0.7955773297522153	0.34421231856092604	0.9961497126240167
0.816152986885575	0.7104855040828709	0.7231605087760498	0.1934193983300353	0.9615561452220992
0.5148864911550276	0.5706516849185995	0.011478860581123462	0.1237125979012843	0.07199809614055575
0.012747753673152507	0.8166219679185595	0.6017716069242508	0.013208486171761291	0.5922495043845959
0.6146952518406632	0.4666090219323673	0.9283083434014645	0.7877400012350573	0.906222904947744
0.47473249173909504	0.6455549075973922	0.07016847056771747	0.9902292369418166	0.9697402916175409
0.6355654529583669	0.9206127507367883	0.9686572425704388	0.7541548217224053	0.4480220754254425
0.6827939508662554	0.4999134948293634	0.2836878200719001	0.7723448892069893	0.33819320094990424
0.2888000715390687	0.8744884581884584	0.8820938451230661	0.9812378259679119	0.36117445813138516
	0.803227900112167	0.38517846776738374	0.29029999308247134	0.8520445247735369
0.6030103451327931	0.08877951623019198	0.6687086458701372	0.045999905037320876	0.06778830424553095
0.5848713010590594	0.12960273500690078	0.43726949286153216	0.7436365096575517	0.2579475758394002
0.45731344074152447	0.0039181295175610975	0.748676843024624	0.35550623222991273	0.3365266597159171
0.9486328369451636	0.17576201383596401	0.8845955120967731	0.7076496501555799	0.48193375066460964
0.07808180800032527	0.39555325410635034	0.7972686699290337	0.1829666753650374	0.5021948546674291
0.7808117332581869	0.732423286351859	0.5961710254602821	0.9334837001477576	0.4041757215773538
0.4082828315904373	0.2572955795565901	0.5998671858364364	0.5799721577236107	0.6398405206019859
0.8146499708905413	0.46105563499681745	0.119825876639437	0.736092862436784	0.6480156570377299
0.5421822303393024	0.19310722469591457	0.8940671321391892	0.5212908311265402	0.9636622320563696
0.13554740708140534	0.6640227883943122	0.9687565022628137	0.580286665752817	0.4134856083871772
	0.214497580505411	0.6649048117530845	0.9013363898769331	0.903042003350447
0.5660099302176055	0.7613080946604842	0.2750331722832856	0.8533772533166812	0.013744047565396378
0.2608957119993215	0.17794737099072544	0.7719890389479648	0.89293479195561	0.8538583231977729
0.2061236238673806	0.10031899876020112	0.4290156056335088	0.017323612464049565	0.31011358153484203
0.1072303200520216	0.10036705603853002	0.5935880037636796	0.8365411530691914	0.8869059424978379
0.6311225507884969	0.43485786055914066	0.4160026890791655	0.6779607514370145	0.7991251637170521
0.3999273138828554	0.5361095092807323	0.7451253937386741	0.73806277553111	0.890737913882189
0.04910981857589891	0.7927643179633708	0.8634461051078031	0.370867591623378	0.2995112861046827
0.25049316778830677	0.6065514364690502	0.5521045523648809	0.2558478760375662	0.6814640355100218
0.51247355413591	0.9526759757480806	0.7459402176789623	0.9863453517474162	0.38507849238498393
0.31064633133606323	0.221300694516799	0.6734052969921465	0.7945927156395959	0.5821029031877418
0.9341080372542468	0.064377122145024	0.4964571768192768	0.5990245410516938	0.18258525121332647
0.9402205137486412	0.5924497425509778	0.8510310148480195	0.4366040399784027	0.07472681034121076
0.6123727354856618	0.3805007291106183	0.3870617819504534	0.7383372788115794	0.005244272578944109
0.46102033066497594	0.1568111606384358	0.2763840099915449	0.09839464687348343	0.5681945997494532
0.8158781374557049	0.669591104974182	0.397038302311168	0.2669347570461422	0.23993152732127454
0.6137598769902382	0.05492040904179529	0.8927471654454066	0.19549887909411334	0.9988804661890376
0.32305922338835213	0.5162332685396593	0.7642522116660576	0.3828529107905344	0.03929209682759982
0.31693603727502473	0.9060305722653555	0.6313147256506045	0.6353637583465784	0.7103505324386149
0.287887485156074	0.019559375900282894	0.5614522131124118	0.5965509474274605	0.15385509734338376
0.9221947190699331	0.721889718953529	0.9593439111157173	0.036019722479200156	0.026122999854612305
0.7528036707170614	0.6438943780490739	0.9827601235847219	0.22224275190487597	0.4095456270262823
0.21991345960997555	0.9939462076068933	0.8396246398569497	0.28874528479562	0.5342313620329932
0.9549329827406453	0.7477983965201433	0.18010053114113467	0.35082798877882415	0.2689558753299699
0.13939018131496517	0.5360420836456324	0.853110179982124	0.6345484202306205	0.894330254033142
0.5106025195342225	0.5438854618315931	0.36407830521258444	0.20126802145482492	0.4687834854657933
0.242197517962096	0.2211919469834538	0.7421532820883419	0.19991776388816385	0.6165119421284998
0.7349192308385827	0.2005378221387507	0.3485536429521532	0.5356023005533342	0.2987544682063623
0.94656844949932	0.8244003506425966	0.7674444047073378	0.12274921844305364	0.2646576015872828
0.39988733812999755	0.9673307257478939	0.9121836996744026	0.8617006987066973	0.6544473190097477
0.7664980517049043	0.38065912701178173	0.7165709670852433	0.10210260205665234	0.04475663840312005
0.7122030713666114	0.27262261426069834	0.7831150542740153	0.19154075717733676	0.41998345390476666
0.48781656817348384	0.5179017707143007	0.48302944415465554	0.7878153505730978	0.32341283335366866
0.009886928882767987	0.9043176781451728	0.05643644824063365	0.39812631227165307	0.8626703274618728
0.6343301472084756	0.7793140004896969	0.32325778704443553	0.8399207628952141	0.6832650358378064
0.6436333649797522	0.02593400430461157	0.6278009356916192	0.10825688949612577	0.6411118434090187
0.6881450126242074	0.4165779499181771	0.9322698451940721	0.15467115341734505	0.8896002462272334
0.07598283981094867	0.016285523809080327	0.6357367077729851	0.32787364597116875	0.6526980252661346
0.5365853431086413	0.8305109049368075	0.7960409138731568	0.7368854489554402	0.854485551967738
0.41599095353620374	0.9919588201505399	0.489163557618832	0.33785656520287843	0.7309033993307809
0.3734739317053205	0.9044266871362645	0.5421315996953522	0.5702076440012829	0.5965341606595607
0.017997347667692676	0.7623525831409597	0.7952020768183539	0.029818988167245375	0.36968796377493385
0.181333433649442	0.17462314343854624	0.3817110507313488	0.38086551898086474	0.8524568181899923
0.8112373909756655	0.9350716614140538	0.4457041070993486	0.5145391864382377	0.00810745276760183
0.18636455737031687	0.7193410211907869	0.07573586827560419	0.48837954474495904	0.4329785144843584
0.8081702396500394	0.19488460221000525	0.954574922556807	0.17884489042288998	0.5518784999238049
0.8291939625517785	0.19131809137903466	0.46664799215688946	0.7830484646088082	0.3217551157277301
	0.7567456865553468	0.038381994674070996	0.8659096680496114	0.32256412046361993
0.22891191178785386	0.8332205227021348	0.4190430276755587	0.9849845926003031	0.5697168726032157
0.7948696062318771	0.09672161851319494	0.7860125173802426	0.04661500296779897	0.1561771988371914
0.4170986864553583	0.17548397789809045	0.5258922509126852	0.9081116462192761	0.41718695903411607
0.875127579042746	0.023392244878367663	0.3186707554138277	0.6752235572311136	0.8699488220315704
0.056001962321929555	0.9526685807598066	0.6284928207644644	0.31911404685910205	0.17990424607479127
0.14438701029732948	0.7273545947648036	0.5095519261054279	0.5422496784717871	0.5978402783731632
0.8422486574434648	0.17276292332103427	0.17807098425025059	0.2767228528064072	0.7075111724749481
0.4534762512169249	0.8146384138907162	0.3839491418710772	0.14088247725029956	0.6004659964439741
0.24343908043295015	0.773431330154461	0.836297148034119	0.013156722261244536	0.29681838864917487
0.4716426336564985	0.8878349086134454	0.2075215295109497	0.6313955980937094	0.8025975029401641
0.9600600392774117	0.5435232691796437	0.8359342831452515	0.043397534112120106	0.19550664232349746
0.735651493758597	0.4373027635892165	0.5714460516755588	0.574712000706619	0.13038523218208897
0.46315283785833883	0.8489863551398157	0.6249538429163989	0.14626053533138805	0.263379056192264
0.19394499170622115	0.07298123933573286	0.08517800597417025	0.37396426114975734	0.76489139462985
0.704958613773683	0.9020703326855095	0.5902100957699827	0.612244653726727	0.965058441266604
0.2702824616701299	0.611979573028189	0.42094544151693636	0.8016935278600638	0.06188732195036739
0.1019885888140939	0.055957632396835155	0.9387108968101799	0.9985885854690938	0.07493714443715105
0.4500160793583182	0.6980683975752907	0.4958786270338773	0.08301499436899762	0.7378877802399186
0.06552176300449264	0.6813740252587384	0.07251957879642079	0.6501207011550589	0.41924180438556313
0.236021531794392	0.9010141089166624	0.031035867317732224	0.6026238667035022	0.5102047336651389
0.3313596991033385	0.35023377135095113	0.599822810372311	0.0921751749924623	0.7683788907883822
0.44356693508922684	0.850576644431236	0.5350962822383935	0.34622114262916803	0.157435019340328
0.841879514561424	0.8419345726510148	0.833577444334175	0.5264738922741384	0.8755294680525665
0.29573826224600697	0.2877513019868537	0.7441880978911671	0.6332125993282185	0.4051565355221335
0.776331533157163	0.738913633706655	0.824007645250533	0.5777977340107049	0.5877642310664188
0.9695751606158239	0.5038338329974986	0.18700995368697382	0.7861440529634347	0.6139821188221712
0.0012677609583736649	0.6123845848819539	0.42235539538506284	0.15661712556996232	0.8004391978663308
0.05145884617703922	0.887518456106117	0.5673411281110516	0.676710512162348	0.5951971831688958
0.5050068404355754	0.11654204472602203	0.1645850060397861	0.31821906319167914	0.2947727666680645
0.807521422726947	0.9598752374156349	0.3410538187891854	0.0769644889968013	0.5796128562732858
0.7574602787962889	0.8438456481311577	0.7032043111801018	0.47149938456328233	0.36302417762473393
0.5050925187115307	0.9622628861076797	0.8560928903268873	0.2664829859150233	0.8623879262826047
0.49761960364362046	0.15521484151023135	0.4615895152327103	0.1445223913108501	0.3486594912215373
0.008390697346331244	0.35560905503103835	0.9737422021113397	0.9772378972425472	0.13257147025357185
0.20894522694522477	0.2428660284971862	0.344952765280061	0.7528059067845763	0.8531575280830568
0.29177694351062466	0.9415014364774846	0.7063143019064703	0.6766291642177318	0.1538236454774472
0.47486120507948626	0.18144900513447315	0.7252653366358096	0.7070742431941072	0.4496681711548388
0.6901477671962427	0.5123961509958422	0.5153322822074722	0.8317379748623237	0.2255354954739287
0.2505397858546615	0.59522825530753	0.06443221397777843	0.6255431102994934	0.0793678537089938
0.8978204402457798	0.9874783601195838	0.5075010622453516	0.23141638556967825	0.768012044697756
0.910383607243439	0.11654073346288973	0.027355539508207127	0.22069478941448162	0.42426219777481644
0.8136238829847361	0.20417903483177058	0.2885320168023814	0.8267975913987203	0.22551395367804294
0.8809045736074173	0.30749259939785456	0.002190880657531702	0.5317079647211785	0.2683013022645325
0.6857991066932023	0.9822525995789994	0.6550490627328722	0.24221881252176458	0.5375559311029968
0.5063179809434994	0.3712356983529256	0.20562953413416096	0.32239062554123965	0.5679185478406359
0.04387958178976359	0.2963652900842424	0.4678449147983822	0.781597203509512	0.2569785253595269
0.8527615730430982	0.2114469313516526	0.7706384141036117	0.17947306348569692	0.6609651326258594
0.6490108856831976	0.1355854703782039	0.07309481674008234	0.8827947921854783	0.506295263203378
0.6463410175682356	0.4679717649357781	0.12655480211233072	0.28098654196051254	0.8784463195771152
0.9322800945709625	0.14067465935705348	0.1490899519402693	0.6541737394587906	0.22675203047772552
0.41366113827871775	0.4063806721778547	0.5292115699305103	0.4603168984004945	0.8847219053739156
0.9446429777602112	0.834421033888425	0.9926482339891375	0.13722531727258502	0.7142247542522444
0.4264606339654541	0.10430254990916588	0.6644477723528299	0.7090979151085167	0.15002002187061814
0.9175595162652156	0.12733433012085493	0.4358095029412249	0.24243639940556816	0.695975813772467
0.8988910022650309	0.35669790146232616	0.17120894658597763	0.8692697194486957	0.038383240316350764
0.07304001198684995	0.6772956335131408	0.2706635656170455	0.8972689945515574	0.5825707326444747
0.20973399345294275	0.3121366047496451	0.6255541483138376	0.20741305992126557	0.22685194859823687
0.41484965709228205	0.06731412025342098	0.43579280776164375	0.4055415357275667	0.22922557583172087
0.8472260205270783	0.6559307185088539	0.3090297662081247	0.7626314623916152	0.7501796622107171
0.3615697951044978	0.7253815095143089	0.9446244510891099	0.1920441085156528	0.6776609650189575
0.27909427358411054	0.15859184992232467	0.45891783608762726	0.5532669154588779	0.05274757104703731
0.7039938359274963	0.1355781291456709	0.2198132922585827	0.33263462466779903	0.8625828443120483
0.6608109126591744	0.4034275993958907	0.617231983215937	0.9567923372959934	0.21055574056434567
0.08061624097724529	0.051497813995595165	0.6603438797655691	0.5088732017027531	0.2101521510724752
0.2827582507185745	0.16394632152339061	0.7690638729504747	0.26679706841293704	0.0911148134915496
0.7376218380680207	0.8685156854413719	0.05944872600372997	0.9607345304464652	0.2216433255810547
0.22648024016635726	0.40352550608350835	0.27524618544844703	0.19409675792991998	0.9560579279606416
0.09243150985673987	0.5015904408725812	0.36323103307278615	0.14155320481086475	0.23949069170530224
0.9137658711852114	0.8548853187409717	0.03359370146431773	0.9469173681004163	0.8793006479433706
0.3243385031271059	0.3777535324100483	0.6602040582197516	0.6539535398588424	0.6109743185306645
0.4219650541162484	0.5856623043040537	0.4094364302183596	0.4068399189314491	0.3504309990529292
0.9378914491246267	0.9338241900308766	0.6955183279781355	0.093775843034407	0.6211827078832198
0.40322459806136046	0.5003895121073761	0.5941857068001247	0.19687343637821353	0.472165570292309
	0.3530968317613986	0.6377866051641508	0.3674164500174485	0.6945977177372393
0.4035391958919964	0.27770915362899684	0.8319758250525935	0.749747788860683	0.04324514329981255
0.7986380631682856	0.7136109574405856	0.5414641590464693	0.2788490640425785	0.04473153386609663
0.970105069979391	0.6732905426585077	0.5958788168574831	0.8202081358402628	0.36306630148967634
0.557214134732743	0.06032307466502829	0.40357464927599795	0.13550018782655582	0.7166909371204543
0.96806906360696	0.3505768589771474	0.409856611116439	0.34930467184908986	0.11716037175469907
0.690139158611411	0.538927903711675	0.724804545457652	0.0593075799244408	0.32078744837671225
0.12198434375936995	0.3370571838801625	0.5622018089853315	0.45218991910529804	0.34158344655905293
0.6325699199273709	0.46511545440392876	0.16577528772445138	0.8369662141466384	0.03176325590799889
0.5030300311900359	0.5175794406168457	0.29559439865162374	0.5574044154673314	0.6979523367091011
0.955180529909121	0.3638768764007084	0.8705666298150104	0.9618192360694656	0.06252298636085207
0.21911625138268376	0.8776306983999623	0.884139107915532	0.20975042111913422	0.43206673630891657
0.05570509051960426	0.4255550199614889	0.23163627976422152	0.05703977671337068	0.6033100615851862
0.1841796563190693	0.6515587422428798	0.06392666949555048	0.141026484645301	0.8064988422530622
0.04315338375240796	0.06796459015921086	0.9050370551062316	0.3004679008308405	0.805134476520985
0.9111894273587243	0.18533453266449607	0.6732220376015707	0.9697730775577038	0.43719797809557215
0.8371472378717819	0.9106671224467147	0.7320392605874327	0.09561612899265837	0.7672062776910862
0.04210177812853522	0.48706765638447924	0.6400194601146141	0.6512179423362089	0.6947132575864352
0.12942633438460183	0.3900386540677939	0.2511299650006703	0.009508619749483582	0.5976445888940147
0.6824962673225597	0.0588632994806787	0.9966211102328603	0.19276281723011734	0.07917017055976572
0.6580328781836772	0.7445460867515217	0.056210904726311295	0.9525091765782963	0.7158501877708228
0.14056227688695544	0.047701894419062696	0.6666622632239495	0.9271689867975998	0.5919662587988993
0.681579422119046	0.3352103651129009	0.5266659386263364	0.9392363429331648	0.9216335986610703
0.894434619826269	0.7295640790710307	0.5899949822642498	0.12879314840146738	0.5959276506473216
0.022517220262185944	0.08995145357665524	0.2072356769799114	0.4299749958764598	0.00721384264906888
0.188421151500767	0.2840922973963512	0.3007497424975266	0.770532040205115	0.869381719590212
0.06887984938159197	0.18204351500565386	0.7984807646984133	0.39990242309792945	0.2984506640033553
0.4655999544713798	0.08316706603068613	0.8027500894382588	0.8780746417955777	0.8504052359421405
0.6689582244278396	0.45428261157633354	0.030452277067974487	0.3353887433192293	0.4291327241900129
0.5337024744072256	0.515223924556176	0.02268290988168431	0.9402642008144702	0.2647259444186645
0.1418690742966332	0.46798460983776446	0.9431759523534801	0.7036165719357037	0.640512710084757
0.25613311650050496	0.7959562590036288	0.13268293823531907	0.1366225955594912	0.13721808326789464
0.17454541345917485	0.9139541363014145	0.462795943930044	0.20422087919357101	0.7168330456867358
0.5974834549711397	0.590518247025802	0.5974797428531295	0.8947146605498012	0.3725814028372222
0.2423431636129254	0.1688432259028122	0.5682749701384789	0.49997777960116563	0.8456487654333428
0.49157119183603604	0.5783384400633683	0.0688290416393994	0.9151274973318084	0.49215360255267593
0.45031230854083004	0.3741570818455705	0.7363121293039172	0.21077425927776594	0.011447332695954993
0.7326513848319391	0.6659294802902095	0.5207092704333958	0.5593677440835805	0.5330729711618867
0.013685874108834262	0.1591368523350618	0.9525275814059369	0.9182110894594365	0.732053852646206
0.25285399203019343	0.7917957073500708	0.630479569340568	0.9995338537721622	0.973941091843304
0.6760625936629447	0.020288103206938968	0.9285573166785799	0.24213597754311011	0.7009404252537599
0.9130035195316546	0.8554178142254479	0.9369575793715103	0.7801591779463145	0.7934510316438279
0.5303810832620904	0.7773975944847181	0.23315445071916796	0.14012091547457406	0.2689782440815284
0.972778614146772	0.40354406889882743	0.9725379490673528	0.3564602768263043	0.8745193964978878
0.28872702959572305	0.2790150579652608	0.3716532676575989	0.9224412547170945	0.9670321866828753
0.28858162171915225	0.8912121099580058	0.025769345780858544	0.5073234424757312	0.4640287684293556
0.8420935082334146	0.3962204932161204	0.8379297228493149	0.6988749909708258	0.1538268599624899
0.052882517743868984	0.8129365039652091	0.10288680813617423	0.9061768399722028	0.6195301915742321
0.33943483751505277	0.10332902466063199	0.3602084687178686	0.36784907712540815	0.1857634929436851
0.7685172378276452	0.16422890769810916	0.5569687088339584	0.8005670196410825	0.19480333259295302
0.25175065766633764	0.4462928282934544	0.02321187296966465	0.4387033670005728	0.13819971516443796
0.529863281304724	0.981301746150417	0.2129434997319214	0.8131737072029322	0.717203649818228
0.26426176704179816	0.020751682223491552	0.5712138267347828	0.3001091929008819	0.017292290443519986
0.18523479042142443	0.12396585421705597	0.9111582887614642	0.24816677067114135	0.26991718943865106
0.027957465941256143	0.9178593599836391	0.26414937153339135	0.6015696254368709	0.454812326489468
0.6811250389942143	0.969142439584668	0.3935692844120633	0.8806412234027456	0.0274382222263041
0.9170092226822392	0.3541711358868814	0.2120878568245529	0.8710679549735482	0.5056405699163247
0.9379580639797331	0.6624804624951779	0.3653367200007731	0.19169625101254129	0.9414583672038392
0.819283894462198	0.8180420023265046	0.4730908638077259	0.08220816097036876	0.044388757713202165
0.7175499042110631	0.3672986959136496	0.8786576377645473	0.959873089184709	0.15680369081512469
0.40901329878859294	0.250683836747118	0.4374006670336291	0.745865705677121	0.6085317322691554
0.6798383550508543	0.5888504149030281	0.9077095285506483	0.7460218490767437	0.10211841535644739
0.3781212428349716	0.8877228167091616	0.7645310112558703	0.15769732831839012	0.22335802447749553
0.107050238145326	0.26320355967874876	0.23940594716201224	0.6928625319693931	0.6830044558331324
0.3949073556149779	0.9163204700530095	0.14852728611971044	0.5890137593715254	0.7781008710892664
0.525204372642917	0.26694673436559857	0.6675139428136381	0.6934046525144265	0.540990044835743
0.3728842467302128	0.8072217514869645	0.23950155926695904	0.5816167454491664	0.00260124540394735
0.554458445994682	0.6178829194721438	0.45692612569854807	0.2880661572411477	0.14891518967965633
0.5441334365420292	0.8152389757322049	0.08181726623259145	0.4941684521013555	0.7616951621374779
0.31512597596427017	0.9389707086536534	0.3241409002821749	0.807356454624819	0.49501879066684396
0.989163986720936	0.27523904831254664	0.16953956983678542	0.12575147220456784	0.16440305835386404
0.5434530413917043	0.04621346744680155	0.37232189608439425	0.06513431526369096	0.24475518665553708
	0.32709333722014355	0.4739822798697281	0.7221180997875057	0.6461317575197673
	0.8895742056717301	0.8172741259667782	0.39319695615827166	0.5774647165734569
	0.4407997663886669	0.5596604895285232	0.7812199920036142	0.6832871899970435
0.3988301760007863	0.22129360743145288	0.505322837808733	0.15867959107945084	0.8123404446051271
0.9545142533570828	0.5252282564958605	0.5792261833978192	0.5838371212297776	0.7342886985009835
0.11483187312884113	0.0967559595094426	0.890569559451658	0.07752141014516822	0.8527670787721252
0.004967645741765336	0.7929358278376714	0.5359850081835019	0.6428104387249254	0.45788426158502893
0.9479584862763465	0.5514853765531923	0.2941516332007792	0.9501375396577829	0.29295808144526303
0.44724286534723945	0.9286968773045168	0.6923460832301307	0.2864833911579462	0.2233432204765019
0.7523926112506195	0.4380475055924091	0.9146558365597116	0.6443708993426349	0.08793923991034935
0.9423257381454726	0.6184958753808087	0.45940800725275455	0.5729765879122241	0.7650909648181479
0.49492415638995235	0.160210938245694	0.7198190821374992	0.9221477812615195	0.43771843082871
0.6545411535099643	0.5420912848817783	0.614469963302945	0.24159370081914755	0.7326292947410566
0.6932688654887266	0.2511297790153093	0.08579444864279062	0.8536106956424253	0.27605263970459926
0.6860652386726276	0.8770435577558492	0.11760773650157796	0.8923259054529725	0.3445797332964978
0.041150300573093435	0.11481265570924337	0.6846856695100886	0.6557133952856102	0.9322970936423022
0.0028319650595328705	0.7190928210733502	0.8501815516219855	0.6679127641783499	0.033758542153774385
0.39760755307826334	0.5989947752974064	0.7574383442581346	0.5144979635666668	0.9161577556975365
0.2833782244188837	0.026539129227147407	0.29082543498742996	0.3627020415932948	0.23854449272219813
0.48272449354311064	0.4387936926014574	0.5235147606137305	0.017540889966623396	0.4953076214343721
0.9648555775069907	0.039447065314483054	0.9072882100320616	0.8160487030861749	0.307399164987882
	0.5483754259751418	0.7094959718935618	0.2518589806695851	0.8587290146986641
0.2733646066459796	0.4584381893546091	0.5140034399529253	0.30101241295196945	0.41840956356120507
0.5481627607094612	0.45785862839558034	0.22008983190825726	0.37762916142795966	0.42456208502982884
0.11795326837558873	0.18573432174855553	0.4781448571052265	0.7207431327612751	0.23822223944637788
0.6038716978125725	0.6835247362447303	0.398805881063955	0.5004774550702811	0.38808893705877634
0.955193171597631	0.08313382215620002	0.6754002542831969	0.2631840698212382	0.5463936671866428
0.6148755069631568	0.374759442576016	0.3975385083206121	0.014567339253575007	0.7284483698436459
0.2167947866729999	0.42936602026654247	0.47782902333383903	0.8060863677163819	0.33238165321160107
0.7879356085622395	0.6123646854537466	0.9922802262655649	0.4461941578241957	0.21459542274071453
0.3316073741219552	0.9876806568089129	0.8346336319294714	0.38856925114106056	0.25567944489723615
0.5299419354887673	0.8273290627695236	0.8478547108747622	0.12413926011769083	0.33429824655987794
0.4403243248188915	0.2704760729790783	0.1115979930225528	0.05382821807456395	0.9304512105158397
0.6057427360212874	0.5927200905852419	0.49551594784932906	0.3895559707294579	0.7188340479663253
0.624830854205201	0.2877046036195078	0.9819583036640673	0.454289180842551	0.7500266876852986
0.2365135957709218	0.4735995594639193	0.9223525535251785	0.39889680767149904	0.33252347617304434
0.7214785453041389	0.8623963377863028	0.9063065312583508	0.06689415006186028	0.30575704988113306
0.06878861012273896	0.06137360339098086	0.621048680034116	0.8991411398143162	0.19169927702299905
0.062425799762777734	0.35294392298473176	0.6166405286799282	0.46195873858415293	0.6492728406598136
0.20992176727411527	0.9895680314698435	0.6642839586550171	0.24516453443970088	0.08467747235651868
0.042221977140796674	0.7786617496170455	0.6738431862567023	0.5698265643354312	0.8801462425429899
0.7272889769708143	0.9089269777180111	0.16517024702265548	0.7419807477681566	0.7200945657607394
0.4020070250843931	0.7837242041748047	0.536106848279846	0.10342762095747271	0.8125520505457684
0.642935119480772	0.9544220970825241	0.6613521619078143	0.9474912658074349	0.7834042585428188
0.09230101602907637	0.07806192308183102	0.3039015380956639	0.06841162532684941	0.1486471922106649
0.5237113608502851	0.7184388483653259	0.7988317511787084	0.1364234324762621	0.4451005883525422
0.5717515079624251	0.19229643013433495	0.011363942327136334	0.8877419236721861	0.9786021269594727
0.5236998289252252	0.05003817793511145	0.3286128465459388	0.8159825912308066	0.8521436849815279
0.15025337225675706	0.8633321805036975	0.8268182769235252	0.9963887912783621	0.8658788542762919
0.20327945841295647	0.33495161330601275	0.6540656800408956	0.06627437292025928	0.8340762778006237
0.8986527666983245	0.8579755581320273	0.11305519042542778	0.04192259401213605	0.010275566790687862
0.9602477473599654	0.30144449223541914	0.3061761170333145	0.5350652281133097	0.636947095786362
0.6504166630886208	0.24492849830072594	0.3127775460516008	0.6475852490924422	0.9461003013183045
	0.4130097007464395	0.4574124008419471	0.08356176541349825	0.01671730294143925
0.6456910772865931	0.6674763659457094	0.6079786404561225	0.340631487089628	0.6890852690862009
0.19856666410625878	0.18439109300084733	0.21425576690784764	0.6249324376448562	0.6535597554881741
0.5421692024318989	0.6124146031641433	0.513419155125629	0.4179986684903042	0.31395596533898584
0.6798476667520004	0.3950439207889317	0.1363225615014807	0.8863970930821465	0.07264440859346233
0.9912881606685184	0.6782867643254642	0.18702367115242458	0.7603956431203853	0.08122732398316701
0.024655885520148302	0.23430324972184235	0.11176971252853396	0.9841444205196163	0.3734119599350365
0.2700876192211189	0.6244767354659875	0.9529304273512959	0.16631768344822484	0.38494110192091713
0.36089723935324336	0.8650160145128766	0.49096325210153535	0.5085004579839547	0.9698437814897057
0.05613558991619372	0.29229495101825054	0.6038071633870618	0.7050130469735066	0.293150718918734
0.06057412571855125	0.19036706474303444	0.6604539571182663	0.6460455048422526	0.0019090125845125927
0.3313216777539062	0.6458187678028303	0.34523806185058503	0.4080791261690946	0.3050028002965226
0.9473334737115315	0.9253934198450217	0.9249947658355707	0.6862042499460949	0.8875159804112984
0.1557858484936906	0.23565455631708387	0.6904934115637894	0.4222016716844317	0.20970707838687286
0.058550884850331	0.7199357210461521	0.15802163939784442	0.08062875040776896	0.05369615940541017
0.1418384110019627	0.4077963595271663	0.011539109317867502	0.8631806550518927	0.7547828401606149
0.23105388353895195	0.7973329978049074	0.4281391971268562	0.613843000854429	0.732109691066198
0.5502808203907664	0.8029557852123077	0.03281064124172017	0.9643436718633837	0.5136657536486638
0.8168380522579034	0.14042731433359534	0.8100938098001708	0.2532769493081002	0.34871332172585456
0.20156720079232626	0.6451988749554575	0.721252338263224	0.4435346086107549	0.4962192535127794
0.834128210338132	0.8788433579204202	0.3536086121948544	0.45111792400399653	0.8942725099756381
0.1621415942864496	0.004999988420364199	0.8505159333306844	0.5973221735910805	0.4332195149745732
	0.892014466409313	0.35029843591750953	0.09691793745532984	0.08440124876438826
0.22756133183633964	0.7746467723176922	0.5028864705714219	0.2219730574799872	0.850635575371593
0.22273845742522502	0.08439556052978614	0.2647438685267418	0.5568127999140419	0.5069934172721315
0.12161425170849771	0.12063036642534652	0.7804188280642574	0.24414250887233513	0.9065331383276181
0.6504833648564902	0.3927019435121394	0.9582699509162144	0.6499728247264124	0.5368830700556902
	0.9859411053059498	0.6199619589932249	0.9685571700345134	0.33434236948439444
	0.19852956617331974	0.7983108867126392	0.2557725970940572	0.36879095292801956
0.8668277392348884	0.03977834705247563	0.8050677984734388	0.5258315185029582	0.6553540376673783
0.5490971134678032	0.4668318782715831	0.4653710214755863	0.9497836774426311	0.5438716885191527
0.618925106567031	0.11505126574045588	0.7098104785609614	0.7346153032791721	0.8623095983804226
0.817545633589461	0.20090217632684915	0.2796275310051445	0.5847429535177467	0.6544746786447744
0.5178915745803961	0.8596393521882498	0.6023694254835041	0.23650511602016855	0.06624882769127516
0.5057950601207131	0.26163009030556317	0.29761810642037057	0.869291126101177	0.18647904706338014
0.4921535112431493	0.3772200189756697	0.08937404630551071	0.1630910905873928	0.2157046787636101
0.606402837457194	0.30530060896220834	0.9159929837378636	0.1474957852035158	0.02265328445832837
0.20237935350217462	0.22706324321031401	0.10093134844539509	0.4509322435738954	0.47227370449322437
0.8875944952763598	0.41117084134731685	0.6919238815657829	0.12852259240840969	0.7294247445971539
0.7697839736075898	0.18611158730879895	0.9644821508977758	0.654362089668276	0.35578371576296997
0.7604519947880066	0.3078600780296603	0.049250194451886165	0.9918664535763472	0.6306111897240733
0.15922066272078705	0.8415275438190265	0.14511886287316333	0.3715629132649284	0.7293313188568932
0.7920310598068321	0.6654604119528723	0.5041586663714088	0.34685195100458244	0.2929757293038704
0.4560190225787901	0.40642151531972937	0.10562798967368348	0.16003119682319877	0.056719080650522447
0.6631139806226062	0.5715780487552923	0.4821935999270117	0.9003829986727828	0.4929609557003193
0.024488589012809814	0.09837704624762356	0.7410975926211195	0.11697561789742195	0.9627062676499273
0.9011481910701385	0.4250139985668976	0.07032666796629738	0.8114581750624188	0.047815169058261664
0.017128106130923082	0.4492617933425671	0.9680592321927293	0.08093347724926969	0.04120057609935901
0.41500588191792964	0.21554424477807022	0.4679444195243252	0.6414373572553179	0.5697895935123999
0.29225663339048324	0.8988806326516037	0.6701029209389436	0.6995415505782956	0.8876336057241263
0.6493495170524849	0.35777128913931777	0.4336504305506592	0.4419987492097819	0.8446781748122928
0.33862847314000755	0.7995689329951828	0.4737979853068046	0.6786526679941004	0.922481922634881
0.8906905483174086	0.6959386944599866	0.7036970219306743	0.26723469133450173	0.7284363373622049
0.4599036720632953	0.18482469880744323	0.03237485493592962	0.1716968781376833	0.6323554943438776
0.03566500992917343	0.25956198151655974	0.6401853384159393	0.7304125227823693	0.45224995470259755
0.30275186617766614	0.6895188685903393	0.62200424287496	0.6535781354977688	0.9468380858006654
0.2419845579097979	0.35466790088908173	0.008961073457740998	0.21520877660383608	0.957612026031992
0.6624797666434415	0.5243846648688638	0.7144699889428425	0.16867773724087798	0.01348713382345701
0.3306307563551879	0.9405756619434947	0.398431833156462	0.5778428262891352	0.5524718188574554
0.4493956060393015	0.6633375007606265	0.6655390827452257	0.26128841993545326	0.9625947318050367
	0.2644626682532448	0.05523330204290844	0.05835742814309264	0.3546418853795523
0.564320067569874	0.14535239566691893	0.7640199192670973	0.2250069041901216	0.9239555572426456
0.21886325264752526	0.8843735880429009	0.5223304974963056	0.7106377557788854	0.9708644567163431
0.5853636286685442	0.3467989928053137	0.2753427730560605	0.6572259929394665	0.38553939766515033
0.600481869343277	0.5105811833160189	0.9179880469636402	0.5212426299770001	0.3502512355357059
0.5001581052211519	0.005729802574780951	0.9699221687656993	0.9862515489760476	0.563999230847506
0.3206469704631465	0.7129298409482598	0.4078930747831897	0.5224847378330718	0.8535810724728845
0.7708068372922745	0.1158345822068566	0.5831923797620648	0.22954234602837742	0.6753779602229978
0.38524287443456195	0.20195378286963395	0.7061246865400287	0.7299590739565103	0.10422621863872716
0.7260973429673132	0.7203905897321731	0.6647838950746925	0.20770091479565234	0.25254779660717874
0.5523383282123879	0.008812362934716877	0.7314260856710292	0.7323755206612058	0.44823510836731684
0.2191399987191187	0.6175859117419851	0.5494382329531895	0.1674889920352195	0.13503861107262982
0.41417353023357373	0.1222972058113585	0.9740088852880241	0.5574217823164997	0.35768291293070664
0.13192767564288532	0.39636661524645955	0.8645499908209678	0.7328413092541943	0.9551697371685783
0.71760223797821	0.47032948844415	0.38948267611609233	0.7161958037900061	0.5141918915667328
0.6428723998116805	0.7966747184406677	0.7203885029117669	0.2985528308619906	0.8392557548976807
0.6793170071577465	0.627562798585474	0.14354021569154352	0.4498610750057309	0.7477568018217762
0.9546391494703037	0.9977118069749303	0.27276411022141245	0.7184134877232817	0.8360232330633681
0.9096570823183622	0.2409625666292421	0.5775109734320356	0.09689147678914156	0.7568155693963325
0.26828246542968515	0.9995938852565908	0.9838359380050767	0.41423293183810805	0.48490347885241214
0.6911299859567752	0.1593504566088052	0.44549619876190016	0.2143893483690873	0.16019153261110486
0.4410324138604309	0.44840956426524226	0.9439819205021561	0.40388356374479517	0.31221188901671193
0.06723945123257091	0.19762822780389122	0.3191580134321854	0.21283549143800817	0.06790593135468204
0.5445619775006926	0.7003708744941358	0.5166723180940987	0.8897997026796689	0.9444569151169401
0.5865134604413369	0.22255689348441998	0.8267033735429615	0.8552618945275777	0.09798618907811296
0.34272089671771166	0.8563599695369037	0.8483071909449752	0.9813709010339747	0.5015508901431982
0.26505780082790387	0.5868657340691049	0.9781904768682129	0.2887060621745977	0.46953332328382025
0.46310987447527885	0.3642819677267216	0.5292299847722332	0.20073088418419027	0.5336863637236878
0.4865535226791795	0.2619989744504636	0.26627315161195975	0.023084871794884942	0.8140803376868095
0.11924634995114514	0.4023295861704004	0.769969436398171	0.11935591994133388	0.9442001793692899
0.21939355565138074	0.6119666547161056	0.6811183896504222	0.35840035124881076	0.9466579535815917
0.9009896130228146	0.331205949404183	0.20555944032512818	0.9440413535660298	0.6579910810424301
	0.7203658496834997	0.4306491266288137	0.045147148919542524	0.1855136513036375
0.01597306473585669	0.12636429499544344	0.3222572363960048	0.7305259878021777	0.7301665163226916
0.868952837931444	0.0555411830232726	0.2434522206272276	0.14452214501871585	0.9999914328917644
0.7809206305649874	0.4753544233547723	0.9110019862635685	0.06845129778317016	0.10924839342985138
0.2552753164956231	0.6180346097686926	0.8583544570929291	0.93763829951396	0.8379701016366442
0.5025558236615767	0.7664354028800946	0.8991774126660118	0.5606447679787512	0.9270809933221422
0.8290368260627519	0.06137379143677968	0.5411627048051224	0.7519955853563165	0.2855956774932732
0.9355640036620264	0.978708525666126	0.2458155582653181	0.8775018198039413	0.617800286201621
0.2324465601636293	0.17277398788115883	0.8703243908257146	0.35924982365378455	0.17343511340262618
0.08039874462373464	0.06889018759622523	0.8512290888093761	0.2931901386607786	0.6191389148020439
0.8596824012699402	0.4741802046838728	0.6739194023469367	0.6817159306151844	0.3054556966289882
0.9579862713159871	0.15446298822401316	0.6330965548324096	0.7870118143257328	0.8773525703956347
0.5402923107173546	0.08644735180247587	0.9091212736138592	0.03559075236410558	0.7892368603905934
0.5670915222039371	0.23540856629320606	0.05678465963850787	0.19531970888347983	0.9493751564196045
0.17907677723105675	0.37366741697840544	0.559120382136225	0.2567911483764431	0.7124116073627854
0.4405766499301439	0.7508294058096655	0.9898806486036348	0.3353197311772178	0.973741286217668
0.0008716070948474597	0.8021174642218452	0.7743508423715465	0.9709005830980956	0.9807224313753538
0.7465940268928937	0.5115938772184275	0.34381732636843565	0.023815703498398566	0.23911072423444057
0.8421043700340509	0.38629383147896046	0.8521915236252995	0.5856039481161334	0.32184395589780046
0.649154045147307	0.5746553886342362	0.3146811498333556	0.12353817740930251	0.037365552167994864
0.11746544276945337	0.3802051139900784	0.030111670930381917	0.7463230444753469	0.23233486314774865
	0.3711962842237966	0.026434534810864108	0.22730363853933477	0.5416902834319436
0.563238088122036	0.2783372029185529	0.8205995269862995	0.9715274053420959	0.6159138745086368
0.5224596526506529	0.18726257050161488	0.25953876129384934	0.5288570548415018	0.9525295782246437
0.5203806241496983	0.883485933927515	0.17097803881523088	0.9745646214529746	0.12927161503029294
0.6511838134352116	0.043283281320921074	0.9085790165425852	0.7611828014481808	0.9043028166614571
	0.6842826816063905	0.508947290412544	0.6927350437366531	0.8790133244125921
0.8739622089717696	0.9648250971323015	0.7804865573001115	0.4291524628623369	0.6093329389789538
0.40742307512941567	0.12215835773324024	0.047320174128505976	0.6141074597163563	0.812354796183471
0.5987319137390356	0.8356956859698138	0.6187547443575736	0.21234481963401508	0.9352429728164716
0.8059264574892169	0.9310800978428835	0.8924161796039732	0.21246097170063205	0.8698357897244872
0.07916422773277787	0.7803594115242521	0.4740573983538311	0.25586055814716224	0.7463955020010139
0.0544182344509776	0.6845763030157326	0.09500096844825445	0.28351110214755126	0.9668245019751626
0.9688423844019681	0.4351028852138251	0.4160296105629294	0.15229159731923103	0.1281659186141928
0.2126862211410505	0.9877272263768111	0.7723154246525213	0.4820990665865563	0.10822917082157901
0.422085728290324	0.44812963874278267	0.6125428018452325	0.19272583658518738	0.8012045873730052
0.48818851305854216	0.7874027690367079	0.8572529428331188	0.37364827935070166	0.641939961387957
0.5157616094989771	0.25229942262463745	0.14289078806262756	0.27371665270585877	0.4781105209908296
0.927908976787188	0.27107549386841867	0.3434774702001613	0.33208037208686936	0.03281380138989176
0.4335005124794955	0.9860494951399066	0.8300109593741946	0.2025035346336399	0.8132404270484168
0.20242540233347617	0.2507227771848476	0.7348489869129419	0.3020000960051572	0.062353709891119546
0.7828458106706075	0.9620779545812491	0.6174470563534986	0.8112812139848554	0.892669117775482
0.40956957299230967	0.8990176718745433	0.28805337853152824	0.024406273902282227	0.9500582235875017
	0.53129306501184	0.19639163973030027	0.6856602771473433	0.5483674815389247
0.9248955720029982	0.7118021945292619	0.593916202001499	0.9239278839979227	0.7315769386528947
0.12580051247591728	0.7302841752993289	0.5397086734582153	0.5306102135648385	0.44037209785761333
0.49363083714783107	0.9051739275598267	0.5211704988218295	0.9808858798232221	0.7018438167988194
0.8142469404086792	0.025569890430808484	0.9516528220912355	0.5546123255184127	0.6320911846877245
0.02631361389836462	0.20733768182630852	0.9392256808697821	0.20639579314827228	0.7977034074350424
0.46317447484642993	0.7555186241866211	0.8790391517665586	0.43980135640882256	0.8005288220445562
0.4688299878012524	0.037223798332196134	0.7256329453708973	0.8259100130750278	0.38824036038734455
0.6224647610185775	0.6401306276507113	0.6567165061766839	0.10296481722325679	0.7968798137193791
0.5555571235809267	0.8113040016247839	0.15055413609177437	0.8156537225307192	0.43456419961042847
0.529714112002966	0.9803418770702679	0.9216573121134739	0.6198227959657598	0.49765839932412936
0.48325011983411015	0.7592813307107071	0.938022032478053	0.5068768573070924	0.17717416303665234
0.7035452324940837	0.5139987483632035	0.8235669055654702	0.8955468897831552	0.8926774953216681
0.043184426493525274	0.5874507301410723	0.38586665342942794	0.18850769742944862	0.20132532255162272
0.7226340366296663	0.04752580254388217	0.6278820006129979	0.4294202691651611	0.04518675510703485
0.22748402106502996	0.00022203114406071922	0.1644820839039196	0.6509602354753533	0.9640458262144663
0.862747284965678	0.3864566425233398	0.6132715228509468	0.48715537214573557	0.6850330392025139
0.503493479327627	0.1863159490799251	0.92426408258142	0.4613682104690461	0.9937650045892197
0.019900285213145352	0.17892781512707845	0.10944835331352432	0.7607206566058988	0.9162514103964381
0.3964268801666464	0.435211477399447	0.4722197534467767	0.25105082500621	0.8183596420742038
0.18908765791457782	0.6899757536414013	0.05278649666990498	0.8297848355235322	0.8102523271805866
0.7439240476199254	0.33884194325218364	0.5572220722552906	0.014403897007479016	0.1032826632498185
0.342117233112727	0.8186321792892493	0.5163748157611401	0.43282691090249437	0.9521426664579893
0.530135751485171	0.340743891253651	0.32801043629309157	0.8819544256971489	0.557408380530327
0.6933840825097325	0.9210508735686181	0.48637548039310785	0.3563048227482558	0.4083654915176296
0.4714911219806035	0.2559252409392011	0.19709833375148234	0.7370387628892697	0.6622345808066626
0.9515990204591255	0.7081293224227526	0.5236512415119231	0.18135433636067377	0.21375000747728934
0.911319177924314	0.3737918240522179	0.26813097323314516	0.6124771413123233	0.8612567493221693
0.804995086352422	0.671244411325113	0.3380913058681351	0.6982994564129884	0.3988354014578944
0.5552134822273526	0.5796621579260961	0.6790556077772755	0.2388695392894563	0.5719109079714457
0.18537270602209588	0.4184954411381633	0.6403995742140421	0.5090629692194432	0.8755433632507084
0.5179369316353272	0.8646750141583837	0.9950305287725386	0.979188744472302	0.5962052596900099
0.7944442336464362	0.8060662908786613	0.6235350240316964	0.23735585352386346	0.5832904079348276
0.18245175621643916	0.23225452323832685	0.24064094165343763	0.6072274629250509	0.07911306822271236
0.21358719627544398	0.04114787263975639	0.0030506739412817785	0.2981402118019886	0.31771519942373383
0.35587904240652113	0.4787126258677521	0.8166298118810116	0.06729157357176929	0.07089099946906163
0.74331051777723	0.837070411434636	0.5174256590964736	0.4103593958914459	0.43638994040531487
0.8374982940425832	0.8049597456651706	0.17994641048429771	0.8546129023513883	0.3211348771275143
0.09830834472324923	0.35853646699946495	0.7433364741316278	0.009616705681124382	0.617364341096624
0.7585496664093	0.9874183132922212	0.08314603487717864	0.1680577833791408	0.994019809589913
0.8809841581962243	0.9422469952215357	0.21450032204607372	0.3130544039254647	0.8227972075811568
0.8324633726182891	0.7389430180118911	0.5721628327150254	0.8575730921906997	0.315979931539474
0.2612798602069477	0.7891564042669245	0.148371363952143	0.21475735626088766	0.8217890891282018
0.30086606677040595	0.15198961159402358	0.13929533435637897	0.2786055380750734	0.5136872715298159
0.33956167105799495	0.9306963974939068	0.624881240843428	0.915062453518811	0.1843914994561583
0.4582399576957744	0.2384945954256129	0.8543306570670172	0.0075248092541920775	0.5625664342336811
0.2994885024337839	0.6062317289893401	0.768404686054872	0.8491546501298641	0.9994249260412041
0.2660310785154273	0.9727403607229247	0.7804899606342344	0.09946006651930395	0.16479827470307418
0.8405940702875493	0.7097352500863207	0.9335422379508898	0.5095409690632423	0.08035142005448204
0.8175574835567117	0.12129161937148758	0.24559531594558226	0.5025243568013967	0.9995917931277545
0.05148776222152707	0.2955743100973165	0.851652562579694	0.8096432752659543	0.39908327902227103
0.9488979282842125	0.5886115060621666	0.30861994852211283	0.34692190729622796	0.5758621387283063
0.12575767655168724	0.04684609443757204	0.5461085238514405	0.3076666050207657	0.5670661261794565
0.0046406489108759	0.7227454608125135	0.2747591448076303	0.9216153262163824	0.9659039108521071
0.09274771574646945	0.22760213210920044	0.48766881657591965	0.6179164991600349	0.7919144895258583
0.8228016632218249	0.7687967075906631	0.12917752510510871	0.680879122377321	0.8401715011696456
0.6260948115379801	0.31239140085353767	0.8460780321913407	0.5630232130309316	0.8238334235709603
0.7693497560847672	0.7917188681267429	0.08344427839238133	0.4102455510175732	0.2812379011871369
0.8111189356093558	0.6456277216573504	0.6477742798056154	0.196774161400468	0.004576955885800316
0.9520188466512888	0.030367527273305273	0.9611163331535619	0.5956221239589424	0.34875471761897614
0.24389512394887347	0.42770820145391464	0.48750224872155123	0.5929567755599625	0.007585538307605444
0.8724936124207189	0.6070247266485438	0.735356496588134	0.6583050395350166	0.8005848588240229
0.4219081272696603	0.2930326960799554	0.6517220847428835	0.8668732412094047	0.3539529099701201
0.644221902617684	0.36196209351902875	0.7666080848449103	0.26687128888035516	0.5186222376110219
0.27272295552019055	0.5910860084982561	0.12764798498876617	0.9863666036027118	0.09285880243236733
0.13397085802350261	0.2284978745505578	0.19648216774149985	0.5319173430782307	0.025532493739455542
0.9680692851903694	0.31165623317711144	0.20637718107654712	0.35765874143878174	0.5225044639796683
0.34835070506378885	0.7675047469210372	0.373106553224698	0.37123288230854623	0.520182693378671
0.04171699483625502	0.6088204342963128	0.15932835520210908	0.7558746393887981	0.2670567455945344
0.7328555865623363	0.9485071281356617	0.19895911001179023	0.17753890849444287	0.13112490118213993
0.8282459006449822	0.3567048322523222	0.26064717186346775	0.9121736075575124	0.2740806100909463
0.26890401683943566	0.6142000074752906	0.46873698934709374	0.34139044031499977	0.01667353027097518
0.39522538799412155	0.567793252425821	0.050700035951505074	0.39810991748631086	0.006438460875129781
0.7928979446568784	0.3884453774133786	0.6814890358322431	0.1688141933666627	0.7192581429112469
0.9217205310801869	0.7766811024263783	0.4222716229910286	0.9411548916208513	0.14489871263021514
0.23139341939309	0.7565529794992729	0.7128918765359314	0.32648297222512024	0.08692966652529943
0.1316612496814773	0.41498450595460057	0.22602720962892742	0.11989030367561715	0.3513130836179833
0.4505767951561451	0.5294365374415793	0.044240827565331875	0.7320570325706275	0.31002323130802634
0.3737551884182835	0.3946414376212004	0.05281761709031807	0.7882519152984758	0.39043306016924606
0.23098210383007367	0.9870250944718306	0.8554941820731199	0.5193490759277941	0.909949146253346
0.1892502826090151	0.8041816851996254	0.3166865996477216	0.2969906044377839	0.5740009178062591
0.696029478344339	0.26472459528720893	0.9971015176085429	0.7003677495869514	0.057295988074548054
0.7138686743826381	0.6032319409496931	0.820401641447783	0.40569091301262594	0.17209027994746784
0.8780643865019631	0.6571093051001902	0.8530622457557294	0.39097182136127573	0.4261813726038005
0.6644726570116484	0.718238234973843	0.24727352579928197	0.3973996661613993	0.03248757378214928
0.32306434125556516	0.34964729919256565	0.4959278379915325	0.8077878577454043	0.22545196125948574
0.2046054414937014	0.9781929814900888	0.6278447784444747	0.24701448456349195	0.661977342455466
0.9037753216609091	0.3590294413745704	0.7932011955775098	0.7231936734204668	0.8634571261708431
0.273625268524491	0.7863479082936816	0.9920032391651267	0.4844292025343634	0.7370219465175377
0.8124844850443016	0.2925766289056895	0.6666812288978722	0.8956323523994747	0.21042426522037705
0.4094008998111791	0.21548473459221495	0.1938977721367171	0.48457345617945013	0.9855210656268792
0.14268239163828222	0.3645676931575491	0.9884517942515532	0.8416421478847972	0.8266906659919971
0.4942935213415304	0.07937458985311019	0.535547697015086	0.7763328479684983	0.28936747566256127
0.2784524694081679	0.29851931669961806	0.573096965557059	0.225937391885892	0.7656205840472543
0.1868767917814127	0.7127776659212142	0.5092723228268561	0.8675407423813084	0.18360781106160473
0.32395051301153965	0.3531125828406425	0.8111299759880921	0.9737967689501681	0.8029959972115387
0.3570008988911306	0.4836795653146385	0.7133457546502919	0.8689902442252324	0.6372775255199888
0.16854909573967836	0.3609327867799875	0.9529768875312018	0.6438131264359475	0.7268515783199136
0.6899696809935572	0.17595241591078126	0.7426924820497053	0.4686303009941669	0.13149194072506398
0.6073716319761646	0.07751933482088824	0.5553317150007308	0.9178787300360881	0.07197907020096006
0.5073777109222032	0.5454027909191215	0.8783161353663249	0.09128859146335377	0.18172886306840452
0.9253172431361592	0.21455791596561702	0.0438921391284286	0.5284437924226882	0.0035366825433840177
0.48339231110482517	0.43773709790398396	0.0261833131664152	0.9449678542531941	0.5584245679771412
0.5174321655618882	0.07175747967713131	0.7576402189536035	0.014121262037633309	0.8053711140179161
0.6980207773159665	0.9858859032663697	0.9024299147027566	0.4780992770911736	0.5641414266747289
0.005928020827457692	0.17486238339261873	0.03577853664145525	0.138575342842704	0.42937027081110657
0.5629226548654095	0.10397494059597934	0.26447349510390794	0.011678733844596834	0.23865953827310593
0.7530941450561823	0.47213425735495596	0.9125208265063437	0.031217087982797986	0.8109802083793066
0.16194475173584977	0.13042151914628863	0.4791234776051526	0.8224147632367179	0.04220054257278738
0.9569231442583314	0.6753124666561201	0.8559140232207243	0.22269063666950883	0.4320296999667431
0.6688149561688415	0.07795471864939718	0.7752084746475182	0.2777952781768126	0.9992930127237011
0.7662921649541586	0.5080345899013835	0.7338964265088256	0.8590246536892499	0.5338787377651988
0.7316467303206835	0.34576534724185115	0.30039056818203125	0.32889721067985445	0.33649644875266294
0.0868444232365152	0.20834741697470882	0.44933982314565535	0.6553252852602083	0.7985999413339515
0.40543459120114556	0.6609710514869426	0.9870187870803547	0.7754765815778782	0.5952052843522957
0.37580084208491715	0.10245470992917205	0.09817228900978558	0.05719094511609746	0.9873585623898441
0.4246153117136833	0.4725474462072673	0.7622019383548361	0.7735142392638238	0.6189227696652009
0.3923231364443083	0.028558524281333098	0.7763848541848944	0.12934017229031092	0.0662458049412411
0.987776298334943	0.13627578693246034	0.7062442800387859	0.17530421731369883	0.34978332125322054
0.3565850740410712	0.5442454762329353	0.5091794120697511	0.7069438690224331	0.685634352319261
0.8337726886817491	0.041023316022953726	0.562440485234283	0.382797358626056	0.9702304871251696
0.11569627505674185	0.4660438832746995	0.6561012581803525	0.9984159565513123	0.7967453288877054
0.943623153253099	0.19124283215038962	0.2273014395676095	0.2375352678015339	0.8151729345773141
0.6127798163087039	0.9357543111156946	0.8606020408021732	0.19838328438288577	0.8700019858472073
0.6036797505411752	0.15833490854235555	0.17733916466243493	0.7761025300466274	0.6722717630826119
0.6161305152154376	0.5280709538992878	0.016304065339630247	0.4812343512402383	0.9137660723080077
0.031933793868861415	0.7156989291827848	0.11709043791184548	0.21929156753872814	0.2637332856835589
0.4884295820302953	0.2748290411728812	0.10063129545785277	0.5037997439913209	0.3199044746744367
0.979947604295967	0.9092134332814641	0.3666150053967019	0.7456258468098741	0.6593992203745597
0.1653004815102328	0.6937662529188133	0.2392400320074114	0.5915525879269622	0.7238142192354942
0.01512208630631895	0.5167727332919928	0.8670092386878261	0.32780402427674726	0.5250621546890984
0.45620150097734147	0.7233773012008929	0.568842148918908	0.25694599003118823	0.5939352532134518
0.9964876292145891	0.8852605073658033	0.5810356534947472	0.052482074690100466	0.37431983357710163
0.5899050124673852	0.1983719387277404	0.16250405043778293	0.5391562371897013	0.7528257961216237
0.5185109817328869	0.5085268919434004	0.20642494209733497	0.7107936511638261	0.6133983393839681
0.6003191102557485	0.5864854586102045	0.1756450451100483	0.5277817123125433	0.5565847339363841
0.4872636952193383	0.1952199777814052	0.23774699914295994	0.46711717469784586	0.7084211004815771
0.2806362141194585	0.5445759795995778	0.20951963885142677	0.8622697988342994	0.4250234010392816
0.9474712572927932	0.3644501475469172	0.8195113547250171	0.16891722090470618	0.026302868004329794
0.10736077908088593	0.8660708042592472	0.028676474295125765	0.9807355835840827	0.5703558373270057
0.694718412142981	0.023747126250176498	0.39232506152225277	0.8433521196143754	0.6871074069331619
	0.9809688977405198	0.8376794019231076	0.5951178532025934	0.5239627050918907
0.3761418739974913	0.3689742323459577	0.5981307301277352	0.2856668584757407	0.8464487372626507
0.33346430131224736	0.5932880711228755	0.4567379832516262	0.3954985753639194	0.3368307148123948
0.40118355788206106	0.45569007678346396	0.5640096123157542	0.8132690047585622	0.3563407213247225
0.33235819323824045	0.7444198091606479	0.018548311725408717	0.630752731269457	0.47097887192504595
0.9476579841111197	0.18374828183202085	0.058800211515857126	0.143035136000924	0.05866362557048721
0.07400182184148973	0.7483100722763639	0.43855216138369446	0.8533917214768523	0.3419755911473119
0.1938595227585207	0.7164064460670755	0.34426797558968447	0.6796781890080801	0.6072584487868927
0.505281716923103	0.8663362168874578	0.9536632681258094	0.29995819284205605	0.8184960605220938
0.8210886272482844	0.8261934075383188	0.12330665527412532	0.4684935771106349	0.48332011838801314
0.9531869920764872	0.7052799230863845	0.7781433129735836	0.43068962925037957	0.6062126054068107
0.23898686721597528	0.878322032085981	0.6429795515665169	0.26234100398369575	0.525409164724921
0.7018973848556457	0.4153831816359771	0.8940397424751961	0.023371934648803272	0.37700680665974307
0.27190306361277616	0.5883278570245573	0.36417894686119545	0.39549924906541944	0.977945974374884
0.9524376553276163	0.031309518454711194	0.6667474906423987	0.5791000682718213	0.27031009566446473
0.6925444626960513	0.7862173882184573	0.6065574041188453	0.984197402512186	0.11978388630153758
0.7778168875412644	0.020236114101484293	0.2284589123672487	0.18005355279417712	0.5697892082403103
0.04973820216288738	0.887475429719718	0.9668045252968213	0.408411811924971	0.897933246308711
0.562780727463012	0.2270720418345994	0.6714119655179188	0.3703149329731912	0.4341054631421335
0.5946718192348889	0.7783698002217735	0.9302165621299614	0.2792880162302207	0.3447588700034071
0.6184485564147896	0.4102208178167689	0.5413108638694841	0.6180332128283778	0.5349985185532613
0.9263101115996006	0.21906568527476034	0.8233629163629875	0.2762548311599897	0.17948294367669915
0.1421162588177869	0.26050050787427803	0.20846318819151055	0.2923280242007811	0.9717665937076557
0.5145957543415192	0.25847704858353127	0.5130537892767347	0.33258053284431255	0.5469404737455198
0.11987887815350373	0.9431202070498069	0.34774796669553243	0.7563318882466871	0.6451133212658328
0.30231377500108736	0.12123115025734266	0.6710518139787924	0.9865671647423633	0.3534970212045201
0.14456419873460247	0.8801512470585714	0.6440317961791979	0.0340723319324715	0.5965774799124314
0.4623864570178756	0.7827663241627736	0.862116648445531	0.5425330827629066	0.020521804640414087
0.5112084550554006	0.09037888395037097	0.5082569853278872	0.4808398238781928	0.3070256213702133
0.8236276808804454	0.06272807042145379	0.5931710164805598	0.25284781837300807	0.9919968067775332
0.9421652208481066	0.9704403822098694	0.43562217316165097	0.988349024027059	0.07647328065128556
0.8425573918532583	0.07326596718681622	0.266075011434571	0.7294557196717075	0.13142419763706437
	0.6008023387524499	0.09496601641652891	0.9103070215587064	0.9554199061513733
0.12041753601062766	0.6156300170322797	0.3456351444600775	0.5155965577201662	0.20907268079458852
0.6635807015562614	0.1106030505096931	0.8598359135457702	0.6700827282699283	0.05937467134185104
0.1794753275620079	0.30303390544326947	0.7201676499523149	0.10388592495339788	0.4767633151502626
0.12209003064211432	0.5661425336241482	0.5825206785657997	0.1467152799280491	0.7673171241727619
	0.10864515422970578	0.9348559871775683	0.09676352766395058	0.2386537087256977
0.4866298635505605	0.16743320286173924	0.595551727589194	0.7156343795637375	0.4733124114326288
0.6735754900238926	0.9208129776338585	0.44974699129137197	0.7044314333104077	0.5245259494297239
0.6301550062039228	0.46731143775434814	0.5336483398424766	0.5848232868235588	0.2577979951589441
0.014523636901765391	0.38855396155224153	0.3329142799170437	0.7823050547910771	0.3358460029309145
0.1662524107629234	0.5214693170026011	0.3657757885153202	0.6288673725644313	0.40080445471713166
0.6903229525281188	0.9422169347626725	0.5820017808387641	0.8370445850021513	0.8213067871309347
0.7423337578530878	0.21150277995725952	0.7498422407665701	0.749483549704934	0.6325025579832668
0.6032497916004196	0.7522139493383155	0.49959860209146245	0.5951468650277951	0.27654303033521166
0.7832387330697308	0.9587310515976388	0.43839932213619903	0.0021906065465959745	0.8942709004333399
0.12072978146024549	0.7760505232706764	0.9954732006236918	0.7438509123861111	0.0343269474585699
0.3469052994546842	0.40452699653559443	0.07309352857024853	0.6792207863063886	0.97552528791981
0.24904598853001658	0.032115987991995665	0.9741529210174895	0.8000277896425585	0.44694571968209895
0.5126531525182177	0.8617160065789012	0.5684381745461038	0.9270832731335825	0.6121148942060035
0.1468080455203794	0.8002821209028181	0.16487693046283491	0.7513597262597987	0.7301128397029963
0.852840264131152	0.699178818763291	0.022889937326198706	0.971990017928945	0.7574171560257997
0.6109630859198079	0.013733241746081037	0.40632856643457405	0.926674708644733	0.5949496659978396
0.47723998260263445	0.9234505813241256	0.8012594864346503	0.5470075362975528	0.9180469688704541
0.564231182165538	0.07380438216943441	0.20963436831632587	0.7930047212936165	0.08230990978427333
0.5258603572429652	0.5952904522162565	0.11335704795376766	0.47894869658302297	0.8724835789605097
0.25468188282596127	0.21112577690150836	0.02080095151338268	0.6270075385920196	0.3833821501380985
0.6597505635235249	0.37841346435760637	0.9390261723874842	0.5734612928795874	0.8348856613861674
0.2917117517206652	0.20696277718198042	0.07749800395988493	0.7067626557734493	0.10798225302286335
0.2675294118783046	0.7993822513357183	0.4229300721283302	0.1537104162263292	0.9708970567199092
0.9072939589229754	0.6525183489563551	0.9909917061157002	0.22133767664781034	0.5406193920629329
0.36628792634830476	0.8392509584936222	0.29401707123185894	0.5996339053624816	0.4499774951929022
	0.4413581589322546	0.7161723050363342	0.18133283926178956	0.7362197390051494
0.6065194453194714	0.05074055161745672	0.9783154617386636	0.04302653473870599	0.9566170010862638
	0.18808009697671957	0.41493918932485063	0.35230416216929694	0.8297790859604167
0.8502005797416068	0.2716416677239306	0.932702176467066	0.15324062611152223	0.7941905221608286
0.11877239996852562	0.2963291529091767	0.8490398125943149	0.7022521327739707	0.2506177458598092
0.7031347120782373	0.06112903302402195	0.8510730438612024	0.9504111734892551	0.36864529738252383
0.42770003730723916	0.9256590525947404	0.4387553306588632	0.29057310546419657	0.6466760945538601
0.9293370061259028	0.6932839280373009	0.17246682058289253	0.6235382336379465	0.14519192962169947
0.005941384359632096	0.8164617310366215	0.7549168108755544	0.16938081245686165	0.311628027067433
0.5858037340584722	0.5342598263900259	0.7128517990862449	0.06237207662123656	0.6104448948281598
0.3389252607907819	0.3480566476469398	0.08393302717354045	0.5275439410343445	0.6835127719771249
0.4347953141121843	0.9703371063583416	0.0459910315280192	0.11067713601252793	0.5790719912608105
0.24507406281182675	0.5538908450911149	0.9144695711584955	0.5986443385294344	0.19340078144289563
0.7929350730828089	0.28336397160810534	0.9156748869882153	0.64706474043089	0.6904656692355376
0.3085053802022829	0.32483791620107927	0.5008870176898874	0.23123271303362425	0.9752980970243459
0.6523290496365612	0.22856351969246247	0.5290853496701978	0.4038179470725004	0.42550684370496605
0.3985166792006971	0.4042494237523737	0.5748915187717226	0.6450676991221668	0.7917633236048311
0.5297317069811637	0.06494961371985297	0.9323201803541815	0.3018818993726675	0.7962741279455605
0.40499639097350426	0.5906591950551029	0.8145719946030118	0.03228746629447343	0.27347921138986264
0.17373459529314672	0.6477081279083823	0.45277652375396693	0.22268981279443756	0.7653935582705444
0.5669592756495079	0.350197878904584	0.39842046075868753	0.4311794433748315	0.8449396283768065
0.9759683305127009	0.21261192249534877	0.5674626882724105	0.9350714830786843	0.17322265506130652
0.13777642815087987	0.008627005015407252	0.16625440947577474	0.08882453865050643	0.4232414939787583
0.9195172515481849	0.28007018823760177	0.7345719995730795	0.6538597895979188	0.9841101743005416
0.48373249891212855	0.8069267616628921	0.17996968979252315	0.8950218426897559	0.8476250094019491
0.26781266968580963	0.9639678079041321	0.2230562935540631	0.9566576305804968	0.5692213733918948
0.924894777104513	0.2398333636502611	0.5989336152843566	0.571962625788017	0.4140123032762403
0.6501673961745946	0.964281034542111	0.7586876599716227	0.18037863575388124	0.921488846457581
0.4004473810745417	0.9328693808635817	0.4785232992011501	0.6017348743552469	0.020450260020911215
0.769702314556091	0.618098132826601	0.8695325480877308	0.46075625085611427	0.9155202666601437
0.2619221063861934	0.9761290161408076	0.16835517771428388	0.5808355061706935	0.5196789028309685
0.6698515499760862	0.24647040663458453	0.845619125403135	0.10656602618371169	0.2653577805716256
0.34686954117955293	0.6364182459035997	0.27535815052591284	0.7105534639061138	0.9273377485364059
0.925728429914735	0.14812384348330188	0.4049532011350503	0.4191117135098118	0.7050855915422843
0.5138087983720774	0.9148255249279826	0.2788657371550227	0.8504469483385262	0.07542553841588318
0.3429522423849536	0.4068808919610791	0.6254666484652188	0.5270646805167325	0.8433604308157852
0.6412961934611082	0.37748386654282406	0.7355189910948463	0.430437034280136	0.8690670033576012
0.32882444114707643	0.717948109090138	0.5749788039757773	0.08136774089163612	0.14364124810345302
0.15553824418065632	0.3750298264801586	0.28887508782609617	0.1041634556467822	0.7066022368736214
0.7393897853474974	0.4748647223611495	0.9766050014026803	0.695273438920918	0.21674483047854587
0.5028444346727182	0.3252241561402227	0.9130311777574927	0.7882156753071498	0.3111531203308915
0.6562349169831254	0.6708168885031873	0.4926402099430889	0.1442953561386534	0.7460832948119042
0.02813130567748645	0.9298911486164528	0.7062463419254885	0.3585682871415439	0.2961875453904995
0.3300878293403835	0.39237546975006266	0.26793069843726824	0.32917785762099994	0.5033555260695354
0.2560347531804682	0.34994524959855244	0.07887895299904846	0.6395547406455347	0.983857154201395
0.059470727171103466	0.33071083324090667	0.1382510514771096	0.4874820221949284	0.6888970071609769
0.313119692134634	0.2421366158047944	0.23929421200320355	0.684803675510991	0.2250845215791738
0.939160523380811	0.8790685020988639	0.4621329441390649	0.8840291411539416	0.4096230010147994
0.7296106770283537	0.9259649378301419	0.3270581720738921	0.5520272155271092	0.2412285085637712
	0.22588720914012805	0.6718677860072599	0.7418278388707529	0.24358937535164493
0.4818616471616607	0.29211220959206197	0.34397548035311964	0.0030908869689287854	0.8464746494535471
0.4089908779452677	0.08667498704037158	0.07564306858348191	0.6810649386934241	0.6263005652377168
0.6260529562064769	0.39138961288191587	0.20626973342019284	0.5410748796046904	0.36702584437584096
0.2679457007891194	0.8711759667273583	0.8624423998624184	0.14787411444658005	0.30350204748615894
	0.9237035521368713	0.7672041195775136	0.9711129069739287	0.7524538338936321
0.6230016279129116	0.910287923403983	0.44645244275029783	0.9917864832014707	0.44110124386736216
0.12010165293751973	0.7628611965100812	0.18420472661599663	0.914933795417173	0.1639092830153378
0.7079470198066005	0.3427000940157068	0.16655772146251202	0.35098213155387814	0.9727876204469907
0.07118519057372685	0.6427997621939541	0.8382521450218383	0.16497986086637817	0.1948345984333184
0.7420832537715124	0.37140589581148986	0.2760840078681154	0.7950204507860935	0.3548081359632569
0.5713253733453816	0.5011093155569993	0.26678683266825387	0.397639005077686	0.8699234918895349
0.25849624099646984	0.2687041712189078	0.22918891480706227	0.9921122007910526	0.8839943111673161
0.5191123538740806	0.2471129800228563	0.9926938630477441	0.9220185805336374	0.7515047658222286
0.9827374059095494	0.25054442589651593	0.8972362802179846	0.11263144254668511	0.9809793920591595
0.976247466030769	0.5682301198094787	0.5464760818657431	0.2994507966077332	0.56630885062677
0.8236033516178014	0.11155276724778229	0.4313796605910053	0.29761904956357044	0.35824088072115867
0.4756379472214731	0.08290931960710834	0.1575821914473685	0.39099201859302923	0.10572341829730414
0.06292199003389332	0.7338292090689428	0.28478556116657816	0.38862103528384273	0.54174501799138
0.8570275319673871	0.5436655155095067	0.9017715517160094	0.09918488618348353	0.09430399857988314
0.5257639302837966	0.3662374892820095	0.506776796142664	0.48032345021857237	0.15558655420271772
0.241738423400364	0.07750405475808897	0.79635440215503	0.27752483707443465	0.5299669854425472
0.1373703097706862	0.9900972319292377	0.10014795545049904	0.4524923891922795	0.5203761231400849
0.9703338182278297	0.4031157297071334	0.6056059887082702	0.9083378136283681	0.4990428469694679
0.04723475503876107	0.2603772212470177	0.4506422254778787	0.03396435030316569	0.30754360524964086
0.5559698587295823	0.37746908598485096	0.9173853902626903	0.7130411170507678	0.9977121398713623
0.7466523049133827	0.6229858324678815	0.5196619259694975	0.9271138537944532	0.20250178340340808
0.8367567597204618	0.2417558962800741	0.7444028776893802	0.9167997025556477	0.13297219387543524
0.8020527431603113	0.7380136984960151	0.8951997881730481	0.4648102245934921	0.4446954340631397
0.8081708044517302	0.18002314813208287	0.4431733772661899	0.42596374447050533	0.369599571262232
0.4904248172918457	0.5124055500792477	0.8233966945495828	0.35428465384161767	0.19836161922808493
0.9175750501701232	0.20112240036822093	0.16031239721458468	0.5357734463465357	0.9684805438291748
	0.09543459592632497	0.8242443861420429	0.7115284943737679	0.4737119564001835
0.11109966829119666	0.2749659500651883	0.5669287484532883	0.722421624381671	0.426826026883685
0.42322512367378917	0.5572294118883583	0.776330404920482	0.5154248122022799	0.8369667272694995
0.1982949052215397	0.38160113623653535	0.10187409518109525	0.4858015299474975	0.13753781984035884
0.5159690173694867	0.19315712061346535	0.4567026319611607	0.6969928682031872	0.8685435113361728
0.425323251750671	0.962740717734538	0.5185962041037402	0.19024026843724273	0.7510178218969149
0.14084783393181655	0.05414218478715893	0.6890999882241589	0.9900641680743292	0.8965404210431538
0.6977599066819785	0.9870267304729538	0.277975452622658	0.3961282537843259	0.8943856756850671
0.7489125935146752	0.19641612073595716	0.15412417433055114	0.8235221309717226	0.7522729027393936
0.2677337101072317	0.7947202378195894	0.3161807662622408	0.4876892544730962	0.23718840857959878
0.7776853987472246	0.6718967701222768	0.8283012964371448	0.9257490662650574	0.8879646143327288
0.539918117655188	0.7999357439188665	0.5157607326333185	0.4179233043591104	0.6253290393409704
0.8277051177861341	0.3186015287030205	0.4032303702061214	0.8797709039141861	0.9592926364653888
	0.41250368659343417	0.5870404237895083	0.6690890704919344	0.366125932023438
0.5061366536384194	0.6234352778282775	0.31643605122447416	0.7708786673752362	0.577839367118288
0.6446094927601588	0.24069549826907066	0.10419600218928349	0.39238073837194043	0.4464925003001248
0.7833575861907949	0.7961874901786015	0.40838757187046093	0.8323279896496655	0.28799388899921763
0.5295040838225468	0.7832619519528813	0.3865472827751245	0.8763251148439771	0.044697719516499035
0.49763117925178213	0.6260603160072203	0.2720896568201353	0.4196834156043544	0.5465308501036764
0.42930259499791723	0.982778772189878	0.6949717465105537	0.6828146320165795	0.7618824383736947
0.8840495841339938	0.5130789915021153	0.9771844057681336	0.4324460329630808	0.980488990888247
0.839339823350539	0.1364825779790324	0.24103689551271212	0.7500987783300744	0.33440485590557
0.19879666042481914	0.5712963591280285	0.40464241235349774	0.623136132865954	0.5523073674393068
0.8043614887284178	0.12324805514801973	0.44148030508302505	0.9664339476599279	0.301216354251033
0.9717333887167398	0.09267740488461906	0.4938721698090003	0.46261814708514293	0.5623182618277305
0.8284161966987219	0.6494301276977061	0.5001767780917811	0.7073482194938459	0.8581580290901768
0.2490111875684332	0.39178863429707433	0.05455325333429839	0.44729723069737004	0.9529887528591531
0.4599483613010993	0.35550992012734084	0.5932674458231354	0.5559382014192684	0.9398769161097057
0.5329684032592148	0.526027184804467	0.7215375269680351	0.7029079258271407	0.8831891500500217
0.9706588415193678	0.7226240253083753	0.008702653378524716	0.6930225721033264	0.28244295950660436
0.10251750709755902	0.9651514490950898	0.8626991159870867	0.9478149610855608	0.9088563092032548
0.2853990683208075	0.7166955058590451	0.17400933737364987	0.6450064878118517	0.9545430521344059
0.07990886681573739	0.0038143921118659607	0.8459432368429434	0.36703667931778405	0.9246191668462133
0.5132186970265129	0.3765318635327698	0.5843787550033673	0.7607415060768266	0.16202328300700097
	0.16681338300357573	0.12531140864135037	0.3734821106350009	0.3468707006605024
0.701129880235176	0.7951996443981477	0.898863467657111	0.6278427337825042	0.6915078456389663
0.22515232535863328	0.26103252674041055	0.8692233198733593	0.5973658693947268	0.00879976916994396
0.8277064002324697	0.29779994956355993	0.1891924833689157	0.2834840374896328	0.44323419858505764
0.6936298200271076	0.3311951961081713	0.6635953589287538	0.8481734812390065	0.1514585659122838
0.6401468281403645	0.8180955987904327	0.23002062177332794	0.07627204466376991	0.13409711951455927
0.8862553959153872	0.796608549488674	0.2905128303108826	0.6933144595802317	0.9860345243862918
0.14987230311616107	0.02025718740728988	0.35254278690892016	0.5204905582939365	0.46043193217234624
0.8131400998896936	0.7718269391777592	0.7227791489301595	0.655594665809286	0.10169845614756223
0.07332824492388357	0.47060255788599936	0.9702517256752935	0.593880115842492	0.9116086513512062
0.517048953379968	0.7024364647963409	0.5566674868872502	0.4618582277460088	0.9527509903594179
0.7462765023308371	0.293722255450539	0.4895531456509348	0.7504436591207704	0.4962915289906671
0.9601199397710938	0.5810620286338914	0.5071284480907851	0.5290726268341684	0.05592425542884594
0.0015370391548751305	0.9937838472832823	0.991713420289946	0.9061484509793608	0.618876333431591
0.29908418304541784	0.18413876448143762	0.7411278427692741	0.5982619725505228	0.604931326874133
0.24374249920012325	0.12384923942172066	0.7045818242950894	0.7680622874037694	0.47723597490403447
0.7197030595551074	0.7171335059419881	0.09668945652593186	0.5479765830681258	0.7737970826822369
0.147083637879313	0.5396252057819997	0.8724746620821652	0.49047233434499304	0.7470766017778404
0.6443683806067846	0.49760822399674043	0.24186335754256882	0.5439766060751895	0.7388482855600125
0.2184137761953655	0.5916460851337907	0.5849150551171999	0.05093792834416133	0.6393927313053727
0.4449841794336895	0.25558228415631	0.2524038216683212	0.8604855173718754	0.7800250341823114
0.8452041910783762	0.6364553170341292	0.08335855536954284	0.1517965474307087	0.1501642274317394
0.6997338526555579	0.9559289437355739	0.1261743128114723	0.04309821522217083	0.3125219921466913
0.40997687610086364	0.6019274747988848	0.3936381248072567	0.9611279451434924	0.17992011056190593
0.9892544366306639	0.941625108359995	0.4661161273244483	0.9665440290675787	0.15601030371718905
0.3863733196908533	0.007244543634544853	0.47121395954870593	0.7971661342645017	0.36276838857619287
0.6191393166635805	0.8989937530136844	0.2529234135035995	0.8625444705431285	0.2421943010916856
0.3580405331365497	0.4794428174387926	0.1370220389044724	0.5115639912011742	0.695960137474864
0.5701782099792226	0.17018486469185756	0.6487021697973497	0.3167257287757702	0.12084511857205493
0.5128928753097872	0.04428005651449496	0.27249256109451814	0.3852779679698214	0.23197715723444956
0.473498670979123	0.2837938405240975	0.06736058330705164	0.9274474363327393	0.1073089400443995
0.15396050113978532	0.29054521508722086	0.5904463013597884	0.0760366925049637	0.8249312589881044
0.3054102397604711	0.9067846676518562	0.9317290600938314	0.8934075679873885	0.07013777928708886
0.1719830976415514	0.4786299953673566	0.14360679157573186	0.013764154291492359	0.6992874201720994
0.14636125207780004	0.7487654107762659	0.4600762737309496	0.11522460047874139	0.7768430852919138
0.17912698290900597	0.4540545283581432	0.11536362913268716	0.18520176615124484	0.019111057948409504
0.976610198351917	0.10337263846627998	0.47133124106949387	0.6753412681256749	0.10345358107169611
0.1090932613548613	0.09630763743319781	0.0790404744924389	0.5531444006680036	0.7582853491325693
0.4911473219017405	0.7092599600851185	0.8531103887619887	0.020142336260973837	0.2599692474134976
0.8977559180749645	0.07115236825961924	0.3939698866080227	0.6647067651576608	0.1213030256735016
0.18560438877900154	0.7986804658659384	0.5675711887154339	0.29796155017964643	0.008527177470549652
0.16774384367309236	0.7972199406327068	0.8816351897824224	0.3100305274957075	0.05041898216567786
0.5981472680827399	0.49700510284550903	0.8605042061358716	0.21062527481736493	0.452906739211843
0.7562968047735134	0.23061316852039926	0.4612643180416478	0.9154691876363565	0.9454471911259953
0.16904839612294187	0.5752497482978456	0.703453034493393	0.6902846151264659	0.32046096145404224
0.6257662846868546	0.945474184368677	0.9726729488369448	0.9471595693997039	0.33787260425828014
0.26208094109495816	0.2628108464326917	0.2760956006670299	0.6024316375326996	0.7297790604413968
0.38406374516785635	0.7117995551385001	0.8444362301992331	0.5648962269758855	0.9791232877334409
0.34039749130753316	0.0572337989749685	0.6296736786413768	0.8098488289929464	0.16283918190164415
0.8354816443608082	0.22886807437919765	0.6958079494620838	0.9105954697636929	0.30872658568990996
