X0	X1	X2	X3	X4
0.5586866388981392	0.8132262233869394	0.4622937915377294	0.7275581073442408	0.37542156027955287
0.5663292654656586	0.4227333916687861	0.6586905717869947	0.5606514157130398	0.41711669069824064
0.010844732586793082	0.7824544814983188	0.5860248299318749	0.8804775373090542	0.2075859011489425
0.6721080888939641	0.7538488608924301	0.8565515977893942	0.3032484276923144	0.8424563296263198
0.39833049152869304	0.17033476721855956	0.23155703789078053	0.662023678765222	0.8078060543348953
0.7070048092870792	0.928372506940445	0.8342863864725992	0.6360167866612236	0.7296178201746107
0.6520336077299866	0.1994293138881631	0.3097570958935656	0.6414259360221737	0.7637450100541175
0.8849141559760177	0.11989102435676424	0.3929647602763624	0.0010353386689806454	0.47505497208068115
0.6527634149422393	0.3403778327888771	0.4540512621364664	0.5697887999972339	0.7375670523319515
0.37130531067379924	0.8844199194025851	0.15350228303644287	0.30966562046729595	0.7432300424549744
0.7336876093870363	0.8845196586542352	0.12513089196645588	0.7832812717579317	0.17248511422275947
0.21649489093165464	0.3425094809604524	0.7893481948630975	0.7855400880650951	0.19106815990582648
0.12423557363501103	0.5114907574032659	0.9523822232611342	0.005979596128807829	0.6616402002881892
0.06867902750857213	0.6604408815190834	0.36315925386886927	0.14051841769022866	0.5178421872873689
0.5358348912511072	0.4392097719908551	0.6201470722927575	0.5559525184344349	0.19002544955197864
0.5548470907328743	0.751095479183943	0.2897337252205864	0.42241791382423866	0.7467029189786057
0.49662924784926954	0.8795501680742221	0.7836066761912465	0.7273914630246469	0.5058641159933711
0.272190731671232	0.13720537728807103	0.03360022515444394	0.7729421538516936	0.5274029638492712
0.7047638244197135	0.09715969254754142	0.8152733983302773	0.8731789008169246	0.07908446153629001
0.008405252418960174	0.3731799521216316	0.8496451787647387	0.6333793337427499	0.22231728301400688
0.89555898243509	0.21443449822625993	0.4968875814630118	0.2947308700946937	0.9977296153101617
0.9347778822817009	0.11702545411132426	0.8741408374496973	0.37564427053257465	0.9137322728778801
0.23595624193346953	0.2704388815774793	0.6281658314274972	0.5269856462918242	0.8056094689408193
0.9065263761942228	0.6104478263864703	0.870370947655333	0.28038901964940766	0.7478799871224265
0.062275861657029696	0.6658074774685092	0.07928227143688271	0.749459062134003	0.4957154860407905
0.29940285429760105	0.19680642221944544	0.06525272384948966	0.8066140290666964	0.126692869707429
0.3790154690157317	0.3202201922283212	0.9506480437927778	0.894735075859288	0.05426538566450123
	0.18008637753663792	0.11944337916785575	0.8363558665143153	0.8366938742105802
0.19190464235914984	0.3226933388170985	0.12611593992286652	0.9179232797936089	0.5184784753331404
0.5251080311177524	0.11960942351401938	0.6547744003331092	0.32422625954174544	0.18810403848142399
0.5946513982012869	0.2815235687306811	0.18607085900276388	0.7279215394892387	0.5716589845033934
0.2889406072639118	0.49528190035550146	0.8624065870805916	0.06647601229562172	0.43437970979077367
0.22226282900869165	0.8524743719865504	0.28225540282193173	0.9527230309516519	0.03996167320094535
0.9144072813352524	0.9820269877062108	0.5587439996194794	0.09609877795746691	0.28337882230822475
0.5197050698417377	0.06765333568834686	0.35998012290737635	0.8183203879616818	0.13773131822749818
0.3013236757193519	0.9251895700829444	0.9389962529194449	0.2180404065824897	0.0029676731345090746
0.2462923882889112	0.8079932396914914	0.5097891721783533	0.6551908489114265	0.5553827806410097
0.5643036610721288	0.759286366787069	0.6216937128938074	0.6796658619097677	0.8088866109033528
0.9122691869826544	0.459961713965348	0.6848446637128012	0.14497240885138984	0.09262762748097941
0.5135083864951627	0.44155538583693943	0.21214003493268097	0.27907107400476905	0.08608088387361446
0.06899213535251913	0.8624205261391773	0.281229987473987	0.813499629031442	0.12853720673348978
0.44673955541702914	0.0016294477201075352	0.12302067536178762	0.9775454901429097	0.09587101590704616
	0.6815980496943326	0.9753509844436816	0.12860028322031136	0.5888875798891822
0.8769511115270615	0.20580126749493122	0.5815175086600612	0.9569808584299908	0.6064520592065195
	0.15553001362115393	0.5513655918329463	0.48992309121272726	0.931875037949701
	0.4111509693943377	0.032908893148353546	0.3134705078508334	0.3585080526471436
	0.25669442788707764	0.6756535351242194	0.13846459614048467	0.22351009664840726
0.5434558869657587	0.3428267461835107	0.7028250476482304	0.6596169424247669	0.4566130853946875
0.7347291757528542	0.9318633329380159	0.6517758544959161	0.2597338538956112	0.22522562382136968
0.5530081369010933	0.7450804653902539	0.02532474164720988	0.3730278872185486	0.5349375927618768
0.5120889699371154	0.14264611610175115	0.20753470639749327	0.2609655024743497	0.7621901185794376
0.5060743087474575	0.08664768058741146	0.03094049936278931	0.12755924683744624	0.2729385804786659
0.9940146705081125	0.8145450778770417	0.6631254343058086	0.18168051246576933	0.784601304185434
	0.1881376624481922	0.5011595667728205	0.540402466586671	0.22178534892603508
0.08994335743742798	0.22561756343206707	0.484698613017026	0.957241050258643	0.6788735250676234
0.6470425158024272	0.3597005254057527	0.1286240163882415	0.8524707311349887	0.6014835795195047
	0.942267188578677	0.9375663424772314	0.14917469198368172	0.958979779648598
0.8674047621037716	0.809024462636835	0.7580841980608143	0.009277842400293168	0.6078719034791189
0.5493078309523631	0.30275656989527255	0.39826531497822226	0.041416778117806086	0.9226555265577189
0.08321679668713577	0.9309768396631466	0.983017204433679	0.8800469583001879	0.30612064163976593
0.305490950754172	0.7835921504428264	0.29245538723775777	0.11748672618208411	0.7382183227267936
0.28125409990134587	0.467896117636317	0.9270807363148823	0.8747068612670758	0.2646943622132969
0.2615984117650756	0.38386405982494043	0.058268477091928284	0.8404761897512631	0.8769360830153609
0.9591345209666131	0.16240226378444245	0.3870724681836739	0.3119589988744925	0.6967990556370831
0.5991826858330701	0.5701434014179791	0.5058921815614109	0.32559431112679005	0.45155741033524943
0.36771946919816223	0.9723108382564167	0.7833500659027247	0.5202809724679377	0.09733420931154835
	0.7726664488150808	0.9481315717501715	0.7409159086903505	0.5549943961035773
0.632655200273718	0.7984842084923605	0.055846441852939854	0.9209844432612145	0.040605854033436306
0.5889811230649549	0.22439818296899172	0.2750895994499375	0.06896944592221788	0.3341411731052294
0.38777961571919783	0.18876798655879956	0.08307774211245422	0.7746287094948208	0.383450637022024
0.28581470093429306	0.2003150911444146	0.7848672380936049	0.482061489743299	0.49837024037025013
0.06925913547017326	0.8527041509066857	0.31039616909123047	0.6664898891940494	0.24052253640986365
0.9530189312435753	0.3179722173520788	0.05820249194394633	0.025765439080137953	0.8603725068359401
0.6735660500668592	0.2486692183907926	0.9611764665245632	0.22041203802332576	0.5808910999421641
0.6211049869631103	0.46418540319658497	0.19803791156347328	0.9116456527932849	0.8313223171222254
0.8544344500940045	0.775046876665645	0.13961141599580096	0.5979352377846808	0.19969512935418798
0.7739792895476023	0.8270724957582225	0.9898634625573357	0.38881807698311166	0.799808495844919
0.45168704341709465	0.061433092014237634	0.5383043843795043	0.6017744999636461	0.8162561919613188
0.9769016538460585	0.4837330059800452	0.025643088991313623	0.7429262037563429	0.32807117220169457
0.10798641271310849	0.91996256475376	0.9293022881324356	0.8273196882221038	0.8475816837895599
0.4495570374201472	0.8367943211240981	0.7618777730453826	0.9182495084789737	0.7690045881789785
0.8871423798076896	0.8283468710163517	0.9435553963291836	0.23368956853130873	0.6397096853876109
0.38696332854823723	0.2378968313994605	0.10567299695680998	0.1862254090492278	0.8934523647544474
0.5209675319070004	0.11714009138560555	0.3557603766912112	0.33166095889195246	0.3148310766731006
0.017237809752012057	0.0572486222072871	0.9696602391383576	0.8608098114454421	0.27868821391369314
0.8930079333067543	0.4656198125610367	0.14100083931773788	0.27595524099043756	0.6485122666083389
0.0444750435397091	0.330595271070952	0.21101563102718435	0.8413008090740635	0.46807207448970534
0.02607468377765798	0.3537071517849325	0.1636862759810519	0.9574572816606924	0.767940892918867
0.13598118832057393	0.8606552206209663	0.9206264009245632	0.15538083918714118	0.6407996478793628
0.4189148276345923	0.659434104099888	0.8112282855814549	0.5689247370675552	0.528771432180467
	0.816966114202815	0.43206480755372945	0.24741988414231753	0.7558453608561497
0.5617029063409423	0.1180259854307657	0.20709869383523816	0.6349748699862352	0.1902744865499122
0.04460891666140343	0.7633063112904663	0.283549709879249	0.4177982941339645	0.7625779322561951
0.34130861660503364	0.7497689941693946	0.20997897312418368	0.48930907103541765	0.820190604131932
0.1307493240567983	0.2031514301016607	0.2307502164365799	0.95481628508612	0.23418080870943903
0.8195163008736027	0.46189905452885605	0.06262720769929009	0.544358180369585	0.1310785030600916
0.8189504586205252	0.6085988507459101	0.38637992606634464	0.07063304518766866	0.7838939282042059
0.18223943857564984	0.7053340408987208	0.41740731928771113	0.4087495268548469	0.2259937022978613
0.595044240167198	0.9382845579042414	0.06572263874567263	0.729265177967081	0.8928375695147636
0.87734915652684	0.5879917002389008	0.24534832876595625	0.06254073467340426	0.7036962387672261
0.7093561711832761	0.14529527691702915	0.29401601816287937	0.6265964588304493	0.20472344160977118
0.7967684456916662	0.4914006963453288	0.10487253635507876	0.7545809780374181	0.706543796328099
0.6072208416197347	0.5661872710109738	0.8551741449915732	0.3992682216561987	0.38767294789568363
0.6914823952788758	0.25439515560270853	0.32109061083206003	0.49486477891996905	0.5104569563296331
0.4924820208374312	0.2627153005740266	0.22943009565840822	0.4923009241952687	0.5832328517140274
0.7020219542564395	0.1933426511004933	0.45372648513946157	0.738586657484429	0.6162721525329282
0.027713550495577888	0.30924680774987956	0.4654294762957947	0.32766747799017404	0.20868896386377855
0.28265130539249717	0.7102541487157997	0.06118060788682489	0.1575817626738445	0.24534752594507858
	0.8707351945035902	0.4421062619939329	0.9032042193998714	0.19892976454967148
0.6346125862764248	0.1653238423157437	0.6786997268949241	0.13177503907599197	0.734417499566191
0.7824700975634585	0.19523325758306875	0.6559564302525057	0.3198352146360143	0.045601815268512924
0.9435135811730936	0.0004429468128861469	0.14488112781770124	0.3877907012942927	0.4704718771046512
0.9425534393109252	0.7255240386769523	0.47478911836271254	0.9439219539600116	0.5379117532309029
	0.37133451204637435	0.19908618075304518	0.9679701507419208	0.9464427587925732
0.02698731872663529	0.039662191929821455	0.29927030464610216	0.044655843308268994	0.60463633740607
	0.8480297943237669	0.748311088847903	0.04726737342502718	0.20832093942500196
0.1546871309292046	0.9990185511254923	0.8132716131287688	0.6248273956911709	0.8872075457720646
0.6745058490140725	0.9000912497079746	0.7715898992359016	0.21597154588174905	0.45203209530565425
0.3699901217040634	0.04818313408097885	0.7422815379404665	0.16172224258566326	0.8070384835621466
0.4319130011598681	0.6213477779206534	0.09873444850343882	0.6052200976019486	0.37145345823511655
0.5975654791810419	0.0005577925048677601	0.3425261129635502	0.41824142249909957	0.4117774624739491
0.5621251495414933	0.05138246691319159	0.2616188812421527	0.8861089495162986	0.7742228642408018
0.47078519620503434	0.5181374513084334	0.7724728580070054	0.16175908994227084	0.9142233767303461
0.17343937611327365	0.029086358163910253	0.6851313057436365	0.03733813708064182	0.9712659419975519
0.4502169701460601	0.29862366060109946	0.25825852572123453	0.6727209681126831	0.38514543926841993
	0.7087110127898049	0.14082617139592268	0.005869699784105564	0.6591801535106687
0.2833807475638721	0.9929212390186146	0.29323954788056117	0.4771046753062195	0.9057446061389854
0.8521091634994962	0.330402735992963	0.9034776245169389	0.8723403906429958	0.03514600037103255
0.6481376385362214	0.5229953878126298	0.2821170364518195	0.8422544003933273	0.03546889176643597
0.6715507697685188	0.9116378944995573	0.6860939491549464	0.5017548138072038	0.611635765068357
0.29388100393034966	0.859919341596864	0.1349537830436225	0.7189701948519504	0.08064686192367021
0.7696957391286698	0.8281720383847747	0.3348287270612683	0.31964870648821864	0.6881108863986966
0.17767419753608193	0.7894296612149891	0.20029231459586117	0.2484815194242147	0.6913283677279686
0.8530651118002275	0.7154694424614847	0.4735131919724259	0.9324656534098927	0.6072892962991454
0.5433811838886482	0.1602774817725967	0.6580594345263753	0.6826505243890914	0.8669532171134239
0.4850832583848297	0.38842424583451296	0.4067509885086379	0.6456379237268586	0.1167584660486638
0.5453030059920192	0.08555862415544124	0.9023476892643151	0.8625018073762589	0.6924373200393369
0.37709479651224076	0.14701538130078884	0.06287936747790168	0.6331037923230689	0.6543635127555765
0.18634806209942456	0.1820313879865364	0.552207361413847	0.7913602544283268	0.6938366613757984
0.6565871910426379	0.5618129879450492	0.7766427448516606	0.45500864513171513	0.8226587949523155
0.37266975428153803	0.16776043617985226	0.2717289939680979	0.47409347873921925	0.029897934300763374
0.9621867272388152	0.8237619913864841	0.5018543933349611	0.11961023310170649	0.8810068286048693
0.2612265003768862	0.3360056044741222	0.24281174177201725	0.08440380621994015	0.2896848945144668
0.6929324101899206	0.3070284399771426	0.5459426368089468	0.3908872191981271	0.9657314364748282
0.4527904024797822	0.11829908993626337	0.41623431782490883	0.47805459659338634	0.12957062449982704
0.021690180883528365	0.8113212824131848	0.5419374638114617	0.7070332585759567	0.0714683085626665
0.0702139466821925	0.5410278678775199	0.7924316455179691	0.9651403192423166	0.756951428783301
0.44784448879255423	0.24939334001503644	0.8504071242469848	0.156641965121188	0.3057587111793124
0.7483461961594601	0.47285654448953063	0.8579685517231248	0.8424143039514629	0.08189867687182129
0.8953645096947835	0.9001475787167109	0.45935304926540277	0.7080209547357719	0.49377378334882205
0.0769704939311402	0.6417152776622025	0.752153288190438	0.6223166800844814	0.28505566077366984
0.49946494556181886	0.889518185102579	0.9657074479589478	0.499934928667099	0.10808637228286355
0.08175202352778688	0.591920538673888	0.45537344437094607	0.9078884390579476	0.9140848545925035
0.39350025713808234	0.36592149582819644	0.9530374956318917	0.7725281700370291	0.6688219550510544
0.826201848248954	0.3288181596415364	0.8129660934786456	0.24577100658944362	0.834409585173908
0.6318160418094565	0.5480627028743728	0.965737656525882	0.19118087876240697	0.878805345766023
0.09825133104699324	0.5411403964853417	0.7362306222734656	0.0077535400468969895	0.8911525446905947
0.36818992959241115	0.11483852240028913	0.11399637059533807	0.4148871800949865	0.8233761683592693
0.49395734135087466	0.19482427192737373	0.5803491692655038	0.1329708803681423	0.26100686914358284
0.6117474622754266	0.30942209652185404	0.7460432365254136	0.2412428041443917	0.05274434203278455
0.6129508747461266	0.42282332610496254	0.23483978759409407	0.2768429262777752	0.21322928188480617
0.19917972793588812	0.4554741899725854	0.14444124609624054	0.5087487619813202	0.24649528047152824
0.11598186892881046	0.3684738883482158	0.027907941373237155	0.5833787601820003	0.2098863497636816
0.9157737792602154	0.2720404780290332	0.32812287481131897	0.10580147986745869	0.8857008502336352
0.4374631030148618	0.7918172682504644	0.2931157123392678	0.2781334747302707	0.013487849558380671
0.9554490098976852	0.712551918076635	0.06218299470020583	0.5450035614202986	0.5108199342818065
0.6306437889326184	0.1199545562104879	0.8575262098085898	0.31613073914895473	0.14475460079359392
0.3268613292637207	0.8714635361642292	0.23210347234668738	0.5089978783818516	0.4778018147387283
0.3275839369266378	0.9814579744402288	0.7012369097755493	0.9460070467363159	0.7119110780938375
0.0674927975403452	0.5510828737737764	0.9999720105921613	0.5594322343851892	0.28266015589068016
0.07592517755727779	0.017359272461851094	0.16293671777988117	0.232867481462394	0.38131936063513494
0.46459982772758723	0.22135995302470413	0.23957137562986375	0.9379125562816352	0.23673677803699977
0.10599869036878584	0.273138013886868	0.6422020731862401	0.5883582679462008	0.7881498912312556
0.35302524517227385	0.00816593834143986	0.44324410856288987	0.683264341251435	0.008227547429446092
0.7310058589621399	0.9516899561305203	0.5376857213920513	0.07792876590590925	0.5037131435416409
0.9658284074139305	0.23261402011900167	0.7298046813284058	0.6272247926395942	0.7076268524563684
0.10496297389664733	0.9246121914624426	0.5327211025163571	0.7855455594734922	0.27205118079710133
0.44798149312993574	0.7112181735638652	0.29506117531273246	0.7797759771674515	0.6738851028786702
0.23122451127210852	0.4080373654619923	0.49757693182103613	0.6936698973578677	0.7338433122122695
0.9490863217332312	0.4940896719081994	0.8993848412887716	0.02523882949959455	0.39545911624721575
0.5647927893428807	0.5866823647672768	0.7430782035862026	0.2353321210443653	0.19313157619456522
0.7105481739446257	0.22584831731388122	0.37351902543287396	0.8872843272675203	0.4404706405222998
0.9758338636490225	0.13527810126277107	0.7803586989778767	0.5426715679570621	0.036636110453144854
0.36088139374856565	0.41908816602310806	0.2595463175180117	0.3331040314636845	0.3069129519332727
0.3836515597578587	0.009350194826436398	0.8993936810484995	0.04223381890155853	0.4859981536517449
0.12608683099200946	0.18394750860999598	0.8156925445279545	0.25288136031075237	0.4000244014977836
0.9761678667473369	0.2345018601114245	0.056832413599922305	0.07604055945146193	0.2885261321938546
0.26264420812511724	0.4963914383232523	0.11691766426560102	0.7723528042659347	0.44889638774743035
0.4306014975205672	0.9878885916286373	0.1979544412406653	0.5510934932506302	0.7760955860268136
	0.2497183904315733	0.42614170837403953	0.46645540613282266	0.3825558591015573
0.8414183857883334	0.2570980181777087	0.09450565081526774	0.4905784034730126	0.4553449786907624
0.49946374672853777	0.4287371965012742	0.3136957001287223	0.7433579348236604	0.5775687023653007
0.5845874957713071	0.08627300960437212	0.09080102373290133	0.5544466894036745	0.3558736088930837
0.16960352796788059	0.3680544305086445	0.4526496040065904	0.5537375373179075	0.9068389642607695
0.16162221147313005	0.6217283284667726	0.04981983661977951	0.14376744009812192	0.8130530581721495
0.5899339270477307	0.9830403931562333	0.2910649258972684	0.9367668581831184	0.3734327043631046
	0.6599800879588521	0.8864469180227251	0.676067214023962	0.9168529046896767
0.5550234254944062	0.15796303890711272	0.002945540553425996	0.841989857453565	0.8819006054424298
0.07062040323978314	0.6060013339600627	0.13993005699951278	0.7221743706674577	0.17385076428778212
0.6362602611258551	0.6066415087792364	0.7541655627538032	0.30673888416418515	0.4605570997335805
0.22411288696679732	0.08124514673401673	0.8818323810738756	0.4795338636269889	0.2900554539421907
0.33045079352406026	0.04512133762361359	0.20224823762732969	0.6269927032868342	0.8545559175161418
0.346401684642045	0.6401966578243315	0.013606935472465498	0.2698161930405921	0.8880376170465176
0.5497632711389857	0.4351355309059475	0.6018273936173943	0.6296018924508888	0.8073501330464352
0.2616589249971629	0.1863103496346915	0.6021594400627197	0.6399003087277657	0.5240243194147759
0.02618227500888759	0.1769075938269129	0.1005060328408619	0.8549409906550269	0.8905940031827024
0.7205579070430668	0.9385657773589787	0.7151254770444693	0.19908159903269018	0.877738652368205
0.5093034033186328	0.6412366054852721	0.8800365102779513	0.9991764857431523	0.5928921204107012
0.17012571035017177	0.40200159152383763	0.7940343467846789	0.2648358217113652	0.30548555470424676
0.1632781467228479	0.6943350971984389	0.18054471840750752	0.952165326336457	0.22992352609654187
0.6563190143007365	0.6701128731222064	0.8076950788138935	0.9833736759488986	0.595791542858909
0.5247927273366177	0.06251469339564308	0.3565185417270369	0.8038622776608897	0.8479131353514371
0.04268779499159969	0.15332890257942067	0.47417663805974697	0.6717710238797371	0.5655699005645892
0.471204136020829	0.6561682866718784	0.8619076448471268	0.00515368380122172	0.4802954331794813
0.602115493597516	0.42809536164090645	0.3724242477793357	0.5050852703274497	0.09117358342505855
0.9365089298360403	0.6103742998164996	0.40166245704259884	0.8633620249785862	0.8550341009821368
0.23995072266976125	0.14694167437541095	0.6564029271637332	0.666871336255091	0.14676913845344364
0.8088382973281347	0.9012579301431812	0.4412471956198122	0.5495852234096057	0.050494096970110314
0.43345554984392676	0.9614319211656414	0.570563395493645	0.28290095528856074	0.4268823999480226
0.639386958677732	0.384578062216813	0.316549666332006	0.03912232315802022	0.7407793445013329
0.36479747241412186	0.11663367584717332	0.9677497222803322	0.956874761510414	0.8069842901525733
0.6132151781353988	0.8025223452956612	0.11078359578116204	0.30125582280279084	0.056254444499877376
0.30451287772310864	0.8215760959711167	0.4660686278700894	0.559487987958182	0.9835301200202894
0.5987692022791196	0.6861297049314294	0.06533995739672427	0.7419905601634047	0.6461654469267917
0.15181165459621127	0.06574371547910562	0.35796151209747706	0.5313839894018394	0.08481720783254865
0.21420486446063836	0.02980453632939717	0.7373025722983314	0.5147722424160863	0.8361709551719947
0.09000919358896875	0.19404834206684662	0.2472770099962036	0.5067116961041116	0.6128677548185003
0.5984152911059359	0.2618297257877321	0.04966282945258049	0.37343406043336747	0.28175889681863
0.617707275418334	0.181968299617853	0.36622952947460086	0.4031570956400752	0.5035906476542791
0.12140067632635199	0.938118412445535	0.8182021911012199	0.5367195187606254	0.209555578675509
0.17231570182330114	0.5423950654442238	0.5149349957036635	0.5940446913320406	0.71915338424343
0.9600923240334087	0.5860032985433934	0.1908248834420927	0.3267773374448396	0.9004785814041981
0.7036604526236266	0.9847300861570024	0.8953621646920433	0.4879697639725743	0.38754028065849533
0.20889574548515766	0.6540035363094019	0.8738328778445998	0.06249054191150494	0.4783808401030587
0.27870545991445506	0.7005140434834247	0.37678965349813254	0.4908150139957501	0.6356619246886906
0.8016256543134203	0.7878767807242734	0.8413442302726648	0.8323543994487774	0.2539124886149562
0.5264384699168753	0.618967375228325	0.6269678391662132	0.28499728791692713	0.9736665229592267
0.22814590110137756	0.7463542144390953	0.8557998301879338	0.9446992516049308	0.8227814187612202
0.552501683459594	0.11663795835814583	0.00816432482986118	0.22924052318449084	0.4215519069110416
0.8663141552789644	0.7486974574476922	0.07293953932559294	0.42132592562903937	0.5961430302995325
0.248706102082364	0.11650475164692609	0.6116078759951684	0.8119471169410803	0.16562827227313703
	0.7863252357319627	0.254384477648253	0.16552747007623514	0.3895057492452181
0.005039004675997161	0.8338446970659287	0.11412685197956807	0.8059742829632981	0.4910447332360365
0.20090376583385972	0.1262984769344172	0.9866727107962444	0.7522448331062614	0.6840168453263653
0.8323931979904727	0.6165540877563689	0.4290610588582303	0.7388466601504063	0.04987054088482068
0.5967763557344506	0.11014114571795741	0.7165035408723468	0.9589853874726207	0.9129543545844305
0.49839640934230145	0.9687861104345358	0.5431940281620209	0.506142128036395	0.9965700485961873
	0.5112237411621069	0.6611735013057982	0.67755070212398	0.6775187033090038
0.4641632442740352	0.9836025271324149	0.8797889414077801	0.05300652083902957	0.7031068168846833
0.6500825150618936	0.8953283351371083	0.7121384115344701	0.4650947461932968	0.05971849785640082
0.49558975417052087	0.8680419958178994	0.6756715450694089	0.8916452749261187	0.18978857776692915
0.12831609739953465	0.4262313490520444	0.2842800576869705	0.9897835178778432	0.49732475898385076
0.05192273624534127	0.9535202202652621	0.7746964537404621	0.7037557721521993	0.1797533799942692
	0.4491710361686594	0.47440586715543365	0.6568818634310101	0.7288873973038389
0.0657863478268279	0.16687530342275259	0.44461313633404864	0.5692041541346433	0.4351019190129143
0.6178889796812982	0.18147940838881715	0.8087014010624077	0.5835069436205407	0.36795206295822347
0.893662967452682	0.7155820423200443	0.710052335905594	0.8295678104090374	0.2820003609884867
0.5921428688385759	0.6595117897096222	0.06141324450414154	0.629214822965893	0.9415421460625839
0.1940896094046124	0.01594852080813569	0.9734900869327456	0.5091551352666588	0.9690791510583882
0.0370107301792052	0.9091574634362226	0.8486854914015943	0.6430264627894436	0.8284288963040095
0.27369172864539904	0.31219534871255616	0.9984213518758978	0.22548813254553868	0.7025592873856157
0.35524443154219465	0.7448530288384705	0.904424478517608	0.9161717262868587	0.08605764892902579
0.27216997676303545	0.7638764393239369	0.7312444569863583	0.32038174138267284	0.31830732767345493
0.21695760013215903	0.7985967849038978	0.8950581403073914	0.5772435725016464	0.4763407590633012
0.6561611817569724	0.1395564028686227	0.9410200434424747	0.9513147154302388	0.358856807802298
0.6040283119346473	0.3370777104617242	0.5535186107134452	0.37663777240359575	0.8326223534325183
0.904956597112539	0.633902938453565	0.4575329254454418	0.2945971465544115	0.35460470024215973
0.6260402894242661	0.72058661141161	0.0905484872354565	0.18559493988712916	0.02906234352393111
	0.27484482556097245	0.9707289013764501	0.08925692710100641	0.2457677809616191
0.029563586711090495	0.9906134023611761	0.10676334280333932	0.9070457585237127	0.4084463413221868
0.8915048568540132	0.967779831781347	0.9920343804285237	0.9322278612511784	0.09597296353543872
0.5317085139829862	0.08148956492325654	0.4719406446626062	0.25436647550250147	0.8505371059723448
0.6555036650864513	0.785193252448687	0.04248175516911501	0.6090879889289011	0.22547379481608554
0.318208025002336	0.055959890512161214	0.37554499434030497	0.8816468392168849	0.24305436558759952
0.26004921771192335	0.6237628026361799	0.6720648832500487	0.8779980753994531	0.10600844926329978
0.5843026600632626	0.9648404476547024	0.5571559741156158	0.48379740288513096	0.3591163711367876
0.27835840400902556	0.6689044864556029	0.16700780707037255	0.529331580166999	0.23339065581812302
0.5353347622519052	0.9195781001028803	0.16024973718193414	0.3315448836518824	0.9471493699191939
0.623874904098158	0.08476342707195561	0.900905761248924	0.41666393146248304	0.9715710704677418
0.6291666494464166	0.020175929096383438	0.3086760564482801	0.6886117476195628	0.5351036430905782
0.799672716633435	0.9593651101774637	0.5465435177631276	0.5768655400065762	0.6850181727300168
0.11295412989474773	0.39039885591890333	0.5098838345410304	0.7776239690059125	0.9381141652791241
0.24622389391516086	0.45487782563984414	0.9294559913286725	0.014504454434296155	0.7013667102125989
0.7108709947435453	0.5079605746929029	0.8212021889779112	0.975620826175809	0.8163635278851663
0.9346527928221045	0.9586337917946703	0.06077275521862846	0.386479153997613	0.06134728928823607
0.3510884542719166	0.6171631375097545	0.8120681148783957	0.3078254054792887	0.8293503089543001
0.983929688576383	0.7448577034271091	0.2508607821478188	0.35322320255780204	0.9906422454354822
0.9248982116251613	0.2684215312749071	0.7647871172600681	0.9516400701242678	0.982165892474485
0.2990698594961665	0.5622456776968164	0.5583296285897608	0.015015245735260252	0.22594616611755902
	0.02296239942836875	0.4020614444365226	0.6480098781848527	0.5007648311113939
0.4379666472312367	0.6947120841707514	0.704854839332487	0.7737307146097756	0.2689239446311723
0.12230156138449422	0.06244444510660896	0.6569173433992476	0.17738792364006994	0.7975914086816346
0.5602766354467261	0.7537620836437432	0.9204711176566455	0.5211277640309337	0.6170733551239456
0.8884701282118572	0.6310593485636651	0.13477810645837296	0.9413508475121536	0.12159332676777435
0.2428634876007033	0.3887185715603969	0.528280945800238	0.8219444686176011	0.4153602016654039
0.9342983017501333	0.3561537438400155	0.8949806575441596	0.7514596133975898	0.12450558239068665
	0.18114035319199506	0.2151797333615033	0.681261654574189	0.850166000194258
0.1572772358295388	0.8891100645817966	0.8735010946257034	0.8067200980077687	0.7006740915128327
0.4144148348096016	0.2351423891616019	0.01581562079741594	0.17562518833444862	0.3782228955430733
0.8215748744732867	0.5006691500558	0.8246285304051858	0.44586280623699304	0.8194779669997707
0.6392440626130319	0.20378396013447653	0.3447242321680223	0.47193749396004836	0.8233399134694721
0.06537682022372693	0.3163417140046466	0.6930465088084561	0.5074972979454478	0.6721765521875698
0.9564694122022037	0.4388115603746271	0.6098000308353474	0.5439154761838908	0.29222360228424926
0.40863647095537925	0.892346003902571	0.42085018265145957	0.8608682490063005	0.09675409623525766
0.7882705617306345	0.15926547281600134	0.9902719755049655	0.3203603314497948	0.6850781602523968
0.8547091367386359	0.007111476168415232	0.8883452587402895	0.08399542172013486	0.18875941828414755
0.7665296029595042	0.7934574684810164	0.5371130321712398	0.688913825288143	0.2328062317805618
0.9998211820865969	0.4054263971578196	0.7155237045005088	0.7048629919470432	0.06627165612181352
0.2659065004718051	0.08876290258256392	0.7246899463742518	0.3591652204280158	0.5477348806329022
0.0566454418462391	0.8990453127674478	0.4792676701701766	0.6143536926973185	0.6953798710121081
0.8533771384946357	0.38381099477170166	0.3142458113778659	0.6822574912170313	0.6174223529541688
0.8553724863970583	0.08764923235557609	0.5510929609728618	0.004123624528061032	0.3692421835076062
0.18493726664867338	0.5385333474997449	0.8971855516518278	0.6914069006950947	0.31839447285058997
0.9012692667943877	0.4058709385735445	0.5932288966700663	0.24077702953612834	0.05799806598209678
	0.7499491814027976	0.9400689583719108	0.04980114054020801	0.013545069661012876
0.14771664197614887	0.6710012976615117	0.10531297739135392	0.4420577949689922	0.07967542643511638
0.6513757178612681	0.7792319376723779	0.14237829264513813	0.12226564560970721	0.6319355371608193
0.8817312502313082	0.44498437234029986	0.33858568509223885	0.7589708105491654	0.7298774874124655
	0.2675882495755486	0.33277993409603757	0.11569667837047182	0.1039549180926358
0.8773914982057442	0.029141518051236104	0.6083702738521857	0.13607175992927067	0.2724746136740299
0.28708220647697713	0.8877761028765346	0.7301479623563076	0.32960159650509124	0.24959786235390213
0.5777248965438916	0.4413893151032988	0.5643855615897103	0.11657853632643977	0.029396396275270464
0.45548138810282157	0.38929220787640195	0.0663760203766035	0.14890136081067462	0.31512588625587756
0.13621376379726113	0.45632230541813124	0.04934163049478735	0.5112948210470325	0.38838490999203723
	0.1439194197611502	0.6645550275627414	0.5118913287335085	0.1622572792640833
0.6774334766000041	0.46250775677423195	0.15282847445759162	0.8437761758280587	0.8921124289850637
0.8458571836819458	0.9402476910372763	0.17839279068050262	0.6835266132050566	0.6700389930451681
0.8580601537227761	0.631402201142439	0.35609730244583004	0.6749667927626269	0.6205860092066325
0.8983448384078974	0.8746975576831812	0.04786273361783111	0.07446430483325783	0.29058484063872736
0.5990717780690017	0.18043630675488476	0.37995821811676855	0.39955111159210666	0.42367078693701443
0.45963046817590236	0.367611715277704	0.20673479074666423	0.8375909592563251	0.6659590007126013
0.8396847674251504	0.08473893142605515	0.013511272462854773	0.295739103607104	0.001980824203615117
0.3667109721736963	0.22934642218871193	0.3348767180931249	0.8809462143779998	0.12425849280306622
0.7972676333584878	0.48671860763435026	0.8187787905506824	0.6570503382896762	0.8596271218394758
0.4161465169947295	0.09317488903867122	0.6612435752342385	0.5957236533920856	0.5230030200364844
0.8179134727388965	0.11101666043690017	0.058738605730287	0.8850931910108273	0.6726540869900299
0.9123520857434948	0.18545482351017983	0.5442831071569794	0.02121153539162146	0.7272627005518705
0.7493012970384121	0.848628036146897	0.7450049492656275	0.10371852645790614	0.6835889592763789
0.4335194525382924	0.17458789205752967	0.8684045096753409	0.03474612169253932	0.8329224785871574
0.3452054519194224	0.7300694035869213	0.8570853553768492	0.32161706697936987	0.11362241286169694
0.33893349399562434	0.9310972452228866	0.5244235274121921	0.6626370066334455	0.940820928752753
0.35424722958151034	0.9835229228354615	0.5346824958276772	0.4327899860449529	0.9465401206679503
0.8703300672875068	0.2750050987227932	0.7105623772760716	0.544960987844352	0.9886346610136911
0.29290512980470673	0.34381157754191016	0.39978646447225985	0.007806739853056688	0.6199391450807574
0.14651327629457678	0.10593187969906104	0.5716541978783066	0.9620158515216657	0.7696195870197988
0.2678757115043885	0.18322974370654577	0.3847949726745534	0.737322122905044	0.5355613011645901
0.014338401351064123	0.8178733213498016	0.1071083346219317	0.35761239678753787	0.4856230046756892
	0.0009661633451744089	0.11258755997581948	0.8857778590791712	0.8931127346476249
0.8189720582800032	0.5821282630402166	0.1856402046522122	0.7466679260745043	0.17499601892364747
0.8409108805231932	0.6208305464196471	0.8431266489460424	0.20234554271587524	0.14723011867660662
0.7910694174057267	0.19311359817259877	0.2587370050308433	0.47604177977293594	0.8976744092531889
0.08300384638246427	0.36835559830084463	0.5313479594741514	0.5040367506991794	0.04397107755001295
0.857293818997115	0.23853245584518556	0.4955414771463357	0.7750123088275731	0.4641342952118007
	0.16559645007294366	0.10707888365229279	0.6111211115010013	0.9103448217658421
0.15377700172611153	0.6365414622452761	0.2719171816175856	0.5076947902875488	0.4646711319741389
0.20619163398162077	0.4353615198678341	0.6423863606172197	0.015096514348180934	0.3574918768983615
0.9345423042026283	0.7728434740350135	0.9089840904097694	0.8019573302072823	0.6051308485533843
0.24623157235049986	0.64890939575337	0.8413798345061048	0.06149991095922425	0.5574748123603118
0.9679525476863761	0.33659668714935465	0.23569315256717016	0.6225045048056889	0.5405292259299522
0.10437659272192734	0.8805561585080974	0.4806169485991102	0.11026592999961138	0.9294495367584257
0.263305452904679	0.9308847173438655	0.6174089709063642	0.40897836393125975	0.12346805916149906
	0.19470983046200896	0.8633420174242805	0.2900117243431306	0.06362858056643739
0.007313563532364897	0.7841194461258721	0.9465736758172315	0.11257764865709874	0.021119524428690806
0.37222640425318687	0.3659455411432061	0.9183980059507129	0.2715461661903005	0.8785408968635248
0.31484858221911394	0.9262774230085757	0.4621199155611827	0.9260931294951158	0.9001100876164362
0.4263135859849445	0.04098328637574167	0.9901017532159979	0.6921142009687585	0.5777038211227721
0.05098579814164317	0.0725643446390194	0.0672312101449839	0.038517354612841115	0.6823782144604877
0.03615983796688793	0.25899400794998884	0.49348249092734964	0.45590974033796117	0.11364934888049161
0.5890430168790735	0.8071835445509203	0.18641911085653395	0.5183124359392952	0.9898836611667738
0.9392576758132696	0.8323630626533505	0.059475369144898926	0.9712810595643154	0.3679348456513185
0.20569142413382302	0.24472400314841136	0.831158743203316	0.36028635859734726	0.7712807779207945
0.04007468157733851	0.3852579595335127	0.09374969581407777	0.7606842419299614	0.7587788399208963
	0.047858715708921196	0.5066942261363178	0.21052955873391166	0.4222144444246835
0.7194304459546113	0.7829842710666052	0.6162892885816672	0.1783389189200112	0.8090739313903414
0.5971225329660323	0.405794297257704	0.2317166486763117	0.015840665230810735	0.3915831730349897
0.5849520874361263	0.2112105648503929	0.718796041217819	0.32001703292140427	0.968060972190713
0.22128095719766294	0.9463211633028102	0.21316407713689245	0.47609906905042065	0.9911184267124322
0.01882497240429093	0.7427830727675409	0.29893702250773424	0.5276112477008729	0.7996181717045304
0.3338175290937456	0.7880851359637275	0.4857769429229296	0.40705069152866535	0.5054913911199467
0.20176372956969724	0.7605351877847831	0.12745193300291957	0.6822625950582061	0.3226783479505646
0.0012161804486999772	0.21783966309466551	0.7086502822388459	0.6958317810711178	0.4835901160835415
0.8274723808715059	0.7230096116131776	0.9228014219997731	0.37237275079176857	0.07773546641693496
	0.8263650184705618	0.6261781482365842	0.6068427308730768	0.8483964798152791
0.23869566061089909	0.39541003068818137	0.5241012165803429	0.15849640683079558	0.14957523669835304
0.24420391049121493	0.8011241636710029	0.37534946347872244	0.6109475047761151	0.4381023865266448
0.775643465876691	0.5748906677209041	0.7918249881162284	0.10834327898126883	0.23192749188756268
0.7990806404931466	0.09394392813826313	0.3376959913869837	0.7701479373758607	0.786728130355401
0.19854442489202684	0.42357346612776847	0.9586299594035912	0.5077483320201018	0.9680042729602134
0.2686142379685753	0.8346139046552817	0.9761363848877275	0.951110361063614	0.5743943772927271
0.9884743162627465	0.7331592562993303	0.6064489747997002	0.924608502519699	0.3115530768986722
0.5036494951426873	0.6159107359119569	0.7344523325410398	0.5679993191810311	0.8329539403897243
0.8148962910521299	0.6147080725409828	0.3722125471915373	0.393337260498152	0.643467979018489
0.550303571988086	0.44268492755332634	0.5479214889057803	0.7017271750557738	0.8252115927299712
0.2080390207851378	0.3827225754037721	0.8869404517889428	0.02940509244724554	0.5157266130129883
0.3692222237853492	0.5622601597524316	0.8561368917131397	0.4287158177007714	0.6404856186627305
0.11426633237637007	0.18561827476563786	0.7411684879537875	0.26816427586124636	0.5166807454672655
0.1311049352932122	0.9801073916964481	0.7187845493882539	0.2750227645015296	0.4454456221066637
0.3863511750630372	0.0809077138224309	0.91089828872991	0.29756754414816233	0.5768586434828398
0.04783726689770029	0.44236254630890226	0.40939788586265924	0.053496401277675965	0.6128429440199022
0.38426116831823354	0.19568034269385215	0.1626296338788139	0.8474107026608322	0.9430472969343634
0.21276550715081133	0.3304057834421522	0.05019910908593239	0.7439576344719512	0.8707815895820671
0.5283062962673429	0.38440347752958415	0.6350966438315091	0.32342756808370654	0.45910080761001404
0.3772355335837769	0.6448758800707459	0.976048093992652	0.940424764276971	0.4682525848847795
0.5001760316125115	0.5804247648897495	0.2003927120642771	0.5547936239973922	0.3382553251312458
0.7978017955305197	0.38732403188382325	0.4678835683623226	0.9501311026203579	0.16190585071455832
0.9816037875334305	0.7136547789017804	0.9907771341854062	0.14265888846988717	0.688262880270663
0.4496452003339998	0.35421266322978096	0.5862056571963147	0.5551881980307781	0.18878452428007741
0.48167848428858084	0.017932023867732738	0.4606664614439685	0.18869815697777892	0.562520543048042
0.18497342592055	0.4512169440362507	0.2154099261806941	0.0064968019406409505	0.25873592835178383
0.5253513672011585	0.30951944208405957	0.488242186897199	0.6088518672799557	0.7587506180101693
0.9208022577488563	0.7453317445028278	0.48611555841057286	0.5726971875429211	0.07482423838928676
0.06845303885125487	0.47082281327494213	0.9949053440551657	0.13350655247517906	0.47133214739899254
0.5835407548536887	0.4515511447217416	0.9399818429819251	0.6380471575290796	0.9041897266985974
0.729376088789913	0.34425678047996844	0.6747652861887175	0.01103693391118854	0.2920696052865961
0.3803870203586137	0.1473546204068943	0.9637259651298444	0.0022567837756909404	0.3000763393707082
0.9878014558024765	0.5503874206541413	0.20884523437451552	0.7005595769939794	0.04661034454305779
	0.7714504686693142	0.6190333337258432	0.41264760705724046	0.3756549855570257
0.5187057373990911	0.310403119935856	0.44417562255868503	0.5748171725853175	0.2472933889675214
0.8483200822478343	0.6867834140722496	0.10044110073282964	0.4675117918214978	0.7492342759249339
0.43110638229939324	0.8823117826515037	0.3737795058166432	0.3630512962566764	0.8886266365103679
0.6339938030268198	0.8868656310355292	0.36879290315798674	0.9371113707929869	0.1703103459575851
0.5630074604422663	0.8245228533731804	0.11518019419403402	0.10599391525997137	0.8173423260740209
0.07257409910094459	0.44810169595902405	0.5581185471692053	0.14503732671546576	0.6624624912684554
0.9815373752090291	0.3592722877389075	0.8617716857444173	0.320336701239589	0.4555801641429956
0.5710153102930338	0.02072992221313319	0.027667269068006983	0.8705679382928742	0.6463953678253549
0.2799331556603252	0.7299022820708851	0.31374300246612286	0.2561417244579066	0.6252015101068504
0.6349995218729988	0.8299112316805521	0.8777131495659465	0.06316383685878024	0.2040475116699817
0.7914505032880365	0.7691808406644105	0.10778527436096941	0.8773562129324335	0.9131717629739373
0.7890807052089234	0.30516479941408015	0.7461391065916342	0.9647777232796989	0.20593444231148794
0.039995566458531195	0.3923140920495093	0.3912540957408137	0.5784818836014152	0.704383134106296
0.15022947394293573	0.19622992396709638	0.6706051396642482	0.05692177760750805	0.6920271736031165
0.4141749480601383	0.6797868748051868	0.05232423918966156	0.2114701770186045	0.1278374063068538
0.06593822565798191	0.5144626957516439	0.2781833936984104	0.04891764623554706	0.8083800019204235
0.5042635570605808	0.10854476671846047	0.26072215572557267	0.29036267053805775	0.15017224428695686
0.3998806144256698	0.22423424038197348	0.8772211702673544	0.28901874949916084	0.7226926840814297
0.5931864702987575	0.22447923172666584	0.7493554699825915	0.8358929726923091	0.4125059392315493
0.20457455277949754	0.15201504414355393	0.5744881896109792	0.8511955272632512	0.23518545445506234
0.5979305643489752	0.5450981943243778	0.04284470240586202	0.5791072581516103	0.37736811990472596
0.4798864344593404	0.9737173841323108	0.23216512773519715	0.9481628463991609	0.6383122953736076
0.597022411992747	0.3390061935902632	0.7865915335860926	0.3164176257533251	0.6800830566612812
0.7877029554102075	0.48987035872929996	0.21569467811819998	0.5688216183333936	0.5047381086419142
0.6203294740125289	0.2861201491291019	0.7721248459684609	0.4756618517143413	0.08273252917754181
0.3417782859642393	0.3431097710315745	0.7102857500978316	0.33061114139950154	0.07646987014176165
0.3575543652474551	0.16329240564804415	0.821292386499119	0.1510537660839022	0.7319938700537281
0.1443576227665987	0.4959419151823794	0.26848406015073	0.7355739362471735	0.509845695249554
0.9477311894930505	0.15989083008183624	0.6565504598150228	0.7728071329777686	0.9527660953331895
0.16144484741126763	0.26515495907117503	0.0890009133621853	0.26405522162341466	0.03348708495302921
0.7625445701639811	0.5299418716864689	0.8652436289661339	0.46804311808904986	0.07319197265950561
0.14752550761015593	0.6318361246247198	0.14788559289626502	0.19031146267373178	0.10779331216764743
0.8019155638863996	0.8838783368462725	0.47363540198790577	0.09949845083687925	0.5932644618956618
0.587493427607374	0.11887960980234147	0.5421515422530395	0.608218283859425	0.7712704960172851
0.9887873657334268	0.9754984501162276	0.09586912588244012	0.8166337334483561	0.7626319742003541
	0.8026758402070164	0.1542209289241654	0.7464915891214653	0.4808816526425358
0.32632466166146923	0.15402618385763878	0.5470813056512008	0.6988744926574414	0.39300636502631603
0.945449475471536	0.0652720871353244	0.805724686434385	0.6852202934910847	0.3771972944150761
0.19558869230734421	0.7395673479929189	0.7609724708641038	0.5386635256507688	0.15039624390165085
0.8254666258609242	0.48734681610628716	0.8137156947498333	0.485669372303823	0.4051403673023537
0.5588749338476893	0.059123607799484	0.1985136126861342	0.13544554858255642	0.3612392905817444
	0.2529953739826031	0.7337720465889154	0.27167089201394157	0.19351912057574683
0.44054272277335926	0.20934496962711324	0.17944069566520837	0.09653652542005486	0.28449218415209876
0.7888230511059195	0.31877419011641195	0.6001227796265998	0.026594359882428198	0.19601527683475695
0.7051835746282578	0.12219038599535781	0.7529007053012193	0.4008126880438909	0.2141071864646138
0.4802078312790171	0.11304508873321484	0.3340270703101397	0.5394358957597479	0.6124314172750933
0.6743422856427266	0.0018239367514745197	0.1226318314868391	0.9489224690893924	0.4222178772492087
0.9631692191765429	0.4999018913631249	0.11355321987256661	0.8916401745531906	0.484003277500081
0.6120230830864809	0.053825896302358345	0.12167032668363797	0.34408904129425455	0.5488602072575981
0.615637114253191	0.9358081356112982	0.92310602823992	0.04714216164963303	0.9566919520175202
0.8992203689158332	0.3966687607596925	0.48974497681270757	0.7943386677292257	0.7640069572015509
	0.3652553826501709	0.2964586259433155	0.2238764370987676	0.6867196704296296
	0.24689894497670783	0.04153306177726612	0.3278287668513604	0.3290143212239248
0.16792807737685533	0.9015483566186356	0.21307200737944632	0.37951354478997046	0.9551809708714637
0.6191455396253907	0.01087175035596255	0.10636481495921069	0.6745698086827551	0.035340181766986944
0.6367022176513293	0.3731163995764938	0.20085516408122728	0.8032812696064128	0.302623858332006
0.3478904791286236	0.17186412088966618	0.8577284799501793	0.7975820751534255	0.6570183574152741
0.7615210036302437	0.07257021339026193	0.7504002533190648	0.9781967811390159	0.8145234369064653
0.5560950084889172	0.4943689961962634	0.764629462726127	0.8555523565952409	0.4876412969022088
0.323246389187852	0.14411492928285752	0.7371210609971944	0.45472909370337733	0.0314986121886659
0.055389180773123825	0.12298550119653306	0.23315689492697866	0.4118018176397379	0.9821965387093701
0.8344224771447633	0.4895758834863293	0.9733533462015023	0.1938632277929434	0.3211790902711492
0.3581951846335959	0.5792049475556407	0.11888866157454003	0.6392265743240393	0.6856366465313655
0.06768565483596134	0.9295570236090173	0.7720181163370191	0.2929913897500256	0.2683409441657444
0.50732592476229	0.46402485158500295	0.8977943972228128	0.5114093378410434	0.37851203652604504
	0.2769400502104752	0.7799101068219676	0.8933897082016313	0.7758634715153208
0.25568960632405435	0.7270158843444954	0.5758818502784107	0.4624544016030042	0.5035470230232449
0.8553577883823854	0.24332573166859517	0.4817347386415314	0.22873483413958817	0.9943100062143251
0.43270328221419985	0.06533759231564473	0.0749347951855599	0.822942723167949	0.6000707090170151
0.8940206118803232	0.5535055773597027	0.46112806130647865	0.20104680483613213	0.8690700235636619
	0.1836193889516341	0.33786960293333657	0.8298254706662165	0.9680277787725027
0.015819402188599008	0.9216849068233917	0.4127604698533187	0.7239380213807821	0.9074011343199017
0.26127127815071627	0.47538430772228535	0.03030629524738948	0.5508680606504478	0.2449370691160101
0.22435542229487015	0.6409997501187957	0.24596045619626872	0.4685936418523621	0.39003030429352537
0.9710626048580457	0.7828080374806137	0.25404432058812687	0.8405615180480558	0.18111798105863497
0.9231396220622544	0.347950834104385	0.33428782038160076	0.10173880192600226	0.6536562900696906
0.21517468506822257	0.6835234290695011	0.6165739526786514	0.40444118948658725	0.6577537510879314
0.8043791435812826	0.6825059362117162	0.39151462213784227	0.4664036612916411	0.5900571906451149
0.6854393370310945	0.3596201817856062	0.3537154724877648	0.9785329697688828	0.31159675550509525
0.6080039126894826	0.36069230128513563	0.10643633051945522	0.2737836901166474	0.8671766154126368
	0.9195119005192639	0.9022165921361583	0.21966280300625896	0.8791490614658709
0.13193999516466204	0.12381636077565539	0.614428454553786	0.643248747658897	0.8292820314176559
0.22924192631262919	0.09415076810054857	0.8316570311686978	0.3613440612161426	0.6210106550624062
0.7064122306446042	0.383215798769887	0.5265825315421621	0.7115631175476715	0.7777028056186504
0.6622116870312259	0.1661264005171178	0.4072702137147646	0.44937248773475524	0.24146540494497726
0.422756081650024	0.4448837195900739	0.8569938160236494	0.01901751505651139	0.31496987922894737
0.3096848823615823	0.42696666106293457	0.4782055127668192	0.3378791014451089	0.8850173041203684
0.25498388384564274	0.029747617849969266	0.6494874320520126	0.7997696297516946	0.8807701559831396
0.11677315393367493	0.7394557804869624	0.9226899219984496	0.5889852083172507	0.7848827732008896
0.9923869120057074	0.18111423955758021	0.15476657273370997	0.6843816578963113	0.980702729075145
0.6079867158727661	0.6436535533054486	0.6257585181690257	0.4689893452607773	0.4671800653524679
0.1811229163916953	0.0715012292474917	0.4835163145179795	0.22195366016848195	0.668541469133298
0.3333843778257588	0.3315996898473982	0.5837807137812397	0.13087929480487215	0.720435704719922
0.5188066253103528	0.15019535713651455	0.28430391901784025	0.8466331682843331	0.1703996159806862
0.3127879778309597	0.04127316547397952	0.1213417269193191	0.5052259990453434	0.7073083780700905
0.9000256512923841	0.42347934647704144	0.07245903540501453	0.15027303872175823	0.08173799101058876
0.6585904544865813	0.0966989235530139	0.6930031018326509	0.7279428291735223	0.28807395782185474
0.8220160465297373	0.3938520103776346	0.473501566562074	0.7126604698217849	0.9841568936985017
0.038173115861337426	0.49405230065771377	0.3481771964699236	0.2113850248444482	0.7367373451438014
0.7238248665283659	0.928576662082802	0.8948890427086008	0.4036661315334913	0.8422439837373801
0.907818273446776	0.6759331437498802	0.8832748021432785	0.7803404886984696	0.8598634354872918
0.07640262163985967	0.5912966226956413	0.42849677719027446	0.13142628599477113	0.010399729425324855
0.7109698254483927	0.9919513594980878	0.18540662891500193	0.14618135947165822	0.8729710589202361
0.48623510237491474	0.0938948576802866	0.3894782401852689	0.4973398640263097	0.47719477030909807
0.30881223051600226	0.006934878005333656	0.4703613293926535	0.6972507541618506	0.021433458474580003
0.4800041119967514	0.4113727938748105	0.3491639269920447	0.30623122697859806	0.09953782964056834
0.9243893945167017	0.6205633989655455	0.6726493667503196	0.49877696535478266	0.2001363160230698
0.7921984632661402	0.8160269043406357	0.7032869138231677	0.9363897402465762	0.8017536616308985
0.2566235996849303	0.9860518252950605	0.24537240344651268	0.5375536365250141	0.27403969312117726
0.6878156215009567	0.8789190094001194	0.689692424520636	0.7129987427480424	0.18712262074526775
0.19048540744203424	0.6950333644307426	0.5267245557931588	0.2866123734081436	0.5586609315396772
0.17120484138649894	0.059419529243002756	0.1946741714070136	0.6656628897076292	0.7883740980675613
0.9170898773899699	0.9171379392083071	0.8406907161150791	0.19061184431084788	0.8019572023871469
0.259697428787967	0.22585419232488957	0.6064223240456089	0.6546294890020355	0.7026331943650818
0.7021319693365946	0.4318740432721996	0.27057611205580745	0.43302732182058545	0.842108649139118
	0.6026381233405166	0.6494146475271677	0.09851763410379555	0.4899945114104326
0.4975418123700407	0.901676416339957	0.9823827802761772	0.060809717451624	0.8676023247719274
0.014809162744321758	0.7403758019394528	0.7517336347854116	0.840145955804308	0.3880154844874274
0.5500004579115833	0.20443189719472898	0.3666682134287169	0.5796808248105656	0.33752743402436325
0.4811836107325368	0.8206297405440716	0.6091627062924143	0.4983191978612842	0.648478729808554
	0.3719641840595963	0.5526028737027106	0.5925335737143351	0.22564544271025855
	0.22121020786608991	0.3610158639868699	0.3965749557503233	0.9680270078914202
0.031009307317295898	0.23161426896659387	0.5429030442559003	0.45131766613828783	0.9245183536154166
0.7259064499587139	0.2524777141109762	0.663555629195274	0.39565290666168473	0.8644234467218186
0.5726698665989751	0.8489701386520706	0.9459494973963742	0.5974786782081204	0.21489765230047175
0.4444948008593561	0.2960217146180272	0.4801197863761908	0.43031924080071116	0.16223427503453192
0.7630574549881456	0.8334599376993138	0.007149960411896861	0.14140126161911393	0.40896644549400973
0.8692839268658664	0.07319840818753331	0.29861680685034264	0.6775940283995261	0.35231239369326117
0.9678026853613514	0.7326933302314138	0.3226676422185625	0.6569308097411338	0.5127011448837456
0.8753821789526197	0.46577641316091833	0.2938563262360703	0.37433405513911444	0.8880941884113216
0.8189231027107822	0.7044137258501261	0.056475821332303	0.7904823508256136	0.4347274565776793
0.7976838575729991	0.2391687077079241	0.9399143016713888	0.662752237510273	0.34338543759756157
0.42126224586070926	0.5539188909082893	0.9674347184960772	0.03585602085817474	0.5369762182580723
	0.45695846066033763	0.558463713320082	0.14530852225230262	0.7708608709535725
0.6663187553751531	0.904127756718847	0.19208028345938633	0.4748127600198343	0.8106112390095839
0.6769367972642035	0.1952577057686491	0.9136782890419811	0.08620270029693944	0.07358529447289675
0.5000339151312071	0.3496553381678644	0.2027465717278809	0.5479138528057361	0.7077502182821342
0.824797194999223	0.5109788449284574	0.78523590782297	0.2684658130305537	0.2318072924933906
0.2885177025515776	0.5677564842986136	0.49950870022443117	0.06197378969060818	0.031766192158035
0.7309358664097362	0.723874340316911	0.9936778379344315	0.8609483294724932	0.37397265578615246
0.6088406208734622	0.0939340482718719	0.19684947380244355	0.7113119706392523	0.3048483799083179
0.027608287172321888	0.29412225833707895	0.8538304581152134	0.7588098277836645	0.2887325480558116
0.7744831196092533	0.6777138150081073	0.9547926502383459	0.7734716347962136	0.22894014427259812
0.30787820186375825	0.16936693324962426	0.8456989484117388	0.052750658207854295	0.6937890126551369
	0.6451610399905181	0.43069585216493655	0.8080077967613736	0.5645122224433069
0.9024879548240313	0.4565668072323362	0.5625519947003654	0.2652889206006298	0.15194863934267555
0.024499499154453597	0.8729679959462923	0.8888136055696578	0.9146678551829766	0.722635746283606
	0.511764955152958	0.1957516356525857	0.529854408232039	0.7107079989690416
0.7930161463526022	0.880092407243056	0.050679228663664366	0.09352258222377019	0.1892345274866728
0.8809759122347655	0.8483194440682865	0.04681246822304452	0.1891682826400256	0.9346022737019338
0.03677474071708098	0.8465158269584759	0.7035362817864622	0.10196058248455431	0.5642706792622526
0.7593171769944269	0.13722712971116058	0.09695627124518014	0.7056081031597566	0.8730200355487895
	0.49209391914736844	0.5795511676511574	0.7625316939655412	0.0844762522916469
0.6725100791224258	0.6308266064401377	0.8080990984674729	0.33856685275438725	0.06582602343911093
0.9719871920148043	0.9145948163886812	0.8575559035745406	0.47116573066906375	0.5509388253128049
0.4746543104233929	0.20938415949880773	0.10070276787761856	0.7211596585532308	0.0028659802679077417
0.19264805863583112	0.9397186467227916	0.1453235440578653	0.5138093744535254	0.22739231329912146
0.9855146476648765	0.4207288653003236	0.557833724525973	0.5074763097633873	0.6137885266929382
0.48853958701386	0.3479993825809453	0.5767671022950253	0.7894138653663711	0.4981599071336701
0.7939896883820797	0.3022983461615235	0.18399474070107824	0.2935526468909142	0.5996486171634613
0.31814233179526386	0.054152786984047574	0.1749250775994693	0.8559693514772265	0.24460236865167329
0.09118080968416331	0.38663140408314833	0.3741891331312722	0.19678816072072447	0.28130592324054127
0.9459581653458051	0.3745886337411918	0.1407482467803024	0.5125656784996372	0.0704494392984839
	0.24257419953604886	0.369528073475621	0.050304013006963966	0.4162898450432603
0.9182494228072063	0.21617361877898966	0.1727517021456163	0.44948394554472193	0.11923821409803059
0.47915032359911214	0.9697950107080193	0.3211605492484261	0.6811573694822393	0.6646153589910059
0.5925114007879304	0.5442737112405158	0.44691207141028466	0.8863665731158736	0.6983419703845557
0.9582168773012127	0.975994262450924	0.8811974227391733	0.5790802104583597	0.5981995026043507
0.11020051220447791	0.5442691928524533	0.8790534829188864	0.21415823602089556	0.32114308853525786
0.5524481204462439	0.39126276164638774	0.8619386296408801	0.7855202029380188	0.7962884023847305
	0.11748698988455797	0.10200017233652658	0.30926749072644855	0.25977252717762245
0.07547357373322261	0.342227394013493	0.2602295397839385	0.7417255046136446	0.7262317635557882
0.30751832548483204	0.04399626568631232	0.7895704957729405	0.03799804948305796	0.9276985249627403
0.5614880121630259	0.8649870775898929	0.1220924823294468	0.4532357331906396	0.1180299078017708
0.8141405946615798	0.14907165153536706	0.7346839185544185	0.16608602918643145	0.8223868112072706
0.2846095445226783	0.06792275266088255	0.5877053856244691	0.41646097098657064	0.4297108297002409
0.6988686973782864	0.08963368591913923	0.46272676807848545	0.37229177229318144	0.2651105842772481
0.1948778444451249	0.541093810427596	0.6270006628287336	0.3446185799866206	0.09276402548213492
0.8143102693748637	0.37778568597334716	0.9209242816912366	0.3248166589728321	0.09911133851219256
0.9500281353469424	0.8000957424598909	0.23336393406812062	0.09679527898018159	0.07050109986036146
0.17301634864745596	0.6965471477972982	0.25482008401724454	0.9597583429977864	0.33419565227295744
0.20229216483885615	0.6771287665968351	0.5535349317965041	0.5814947090359555	0.874406672381161
0.11983457148527166	0.4238556168536769	0.5560277223076531	0.5466505172996243	0.1578351536776974
0.3852103133734872	0.45609197256194267	0.05427085401724896	0.8223556921896403	0.7163558553898565
0.9300692772110566	0.7988112193548655	0.15728656681856878	0.9153100877427136	0.16176876167149767
0.2291044914191489	0.12718950764920378	0.36698702276405115	0.5118823496279743	0.31275732207225315
0.7110970246816913	0.5909203848833066	0.49172187521848076	0.4660876982783263	0.3265703215581409
	0.3417183164489779	0.45399611567381126	0.8421742597282305	0.14800653161373833
0.7661399682370252	0.4592362714754237	0.9536162306219865	0.6171490385968563	0.477531411592122
0.994683227726529	0.42065717474686826	0.6792967386917429	0.00418796128408383	0.08791113834392739
0.06743599857191707	0.5521409928155547	0.955341651274446	0.7905231592764657	0.8250479310903595
0.40079035598016477	0.7026639215083439	0.7357161915281663	0.5615919175019128	0.38281878978866535
0.1578700423953081	0.9416010216668144	0.20433196371801376	0.36244546258544186	0.34845497479567455
0.3171490403293493	0.3045970957889459	0.5378030877012786	0.14936971044378333	0.5432788075789701
0.6997866793062882	0.9090314236285785	0.6676310382070456	0.409277421980922	0.02142061779743576
0.5384602951908675	0.2864138072495449	0.7580937251873333	0.3652930198287724	0.1877179897576332
0.014064889712215645	0.453864264564822	0.6534299796966674	0.8570017708998074	0.8513509335771899
0.6962702054496273	0.5731827622878949	0.3759775551427086	0.9223794498509849	0.41744606965167375
0.8967856951072997	0.7249108936689619	0.9201054021684811	0.7024372502959751	0.8453407254108599
0.9689237309245087	0.6647877574750226	0.6621568830312023	0.7377111883113947	0.5493001019420657
0.9034593726488086	0.636617461067822	0.4958824899702656	0.21499952756361496	0.8370746810971114
	0.014986933004923264	0.4102669457625241	0.4548616300037367	0.7427378533019978
0.36339560716330366	0.7983560177613814	0.1248878565908148	0.9360979757088468	0.7131132720516811
0.2668409229554993	0.25319640919494013	0.8246211577136948	0.17847681152789496	0.7605117944844311
0.7457927548391273	0.3496025346839867	0.6008956952760047	0.9621340933915541	0.11746189444065624
0.9946681819578157	0.1345029383976376	0.6552952526329456	0.3637363678428379	0.8690636469697349
0.4218885662507045	0.3380317333613233	0.8440736869345404	0.6152242691949409	0.9265333590470718
0.660589114167332	0.16130955857693663	0.7474584420729892	0.2975748485514249	0.6035680251963512
0.9752437473577804	0.238090258895014	0.15223858723012262	0.9927795067849146	0.5868276016251318
0.23704593297242438	0.6052945048860345	0.5998207474291631	0.3781692426024724	0.8971640697882496
0.32056635013657486	0.3972393874458571	0.8023062746511636	0.9206073651355885	0.624018219146577
0.9352103246274777	0.016363262444654136	0.7998906811457965	0.08375173342532827	0.10404484466286334
0.8994757337399018	0.4543630565407829	0.5953191855586851	0.7914282821134888	0.48477374203283885
0.29619615009186306	0.8553829160280615	0.34520992970579034	0.9033197928939238	0.5841550029932489
0.6737264099200273	0.9606370774938462	0.9656529889412249	0.04039751700701366	0.7710059556470076
0.1607275236252682	0.8088735837383518	0.6065503542575937	0.8894441309049926	0.8368796718455837
0.11837576236106762	0.28823451651453036	0.46273755052221066	0.9610914837475524	0.7675415174835934
0.9670866966155565	0.451745581814062	0.014124364380567855	0.933983251235711	0.47169819946676017
0.719915829773543	0.978867508908957	0.890762900662587	0.03332696584430905	0.11796046911828517
0.642895510247305	0.8157156144675213	0.680131588596063	0.6247448505624758	0.10391232105290615
0.4336747421456588	0.7593279046660927	0.7379518904027471	0.09255101441345903	0.29840304119384775
0.4729198200696011	0.6195828229894118	0.7602714350086657	0.37541003878415646	0.03808528702168179
0.14413450337194722	0.8231541340204817	0.3757258155279013	0.06363540288162095	0.295544748947525
0.28733385165350767	0.368385990390531	0.2719440822680338	0.3641148875922112	0.4792304227277867
0.257338760572433	0.5348011323691163	0.6905467054086617	0.968853346576862	0.5863724316714658
	0.07001867059284572	0.18476522739516876	0.8728808535880744	0.5240103115161918
0.8218859907063889	0.6308715403717097	0.2711771539688812	0.13976959287550839	0.9454083247266765
0.1858969429065337	0.012860265097668577	0.4297093361642419	0.4661694125503497	0.2909481041226659
0.7475476478313966	0.6178782783865912	0.37525208141968436	0.04420699077105028	0.13278117122359911
0.8718622693247238	0.8665148811432879	0.9769168827691529	0.8914289246347683	0.012878974558318546
	0.46447451328596123	0.8639527639693856	0.537148285043274	0.9924421995063444
0.13389860702993173	0.17249971737844672	0.55103529299928	0.44399770538275085	0.546927965695519
0.5969428277354641	0.6983364444170573	0.8621774628884366	0.7353266830689511	0.862838359309263
0.860851385463393	0.4508633062936499	0.6168619518176612	0.2008698720963915	0.16340110944693076
	0.8679309289096993	0.8443370131242225	0.7281201238632612	0.30463164369181905
0.9520334931747793	0.4756172903557079	0.568857383861744	0.9042281078783305	0.8634981892885616
0.6282995745158123	0.6537846078597146	0.7536698912033638	0.011212680816867993	0.10049022134433627
0.463744195829326	0.970325704324075	0.3788913198083187	0.11971734452220206	0.6206805927479998
0.23046145643370985	0.5721996435319311	0.27941639183410893	0.7879615120886513	0.7871569861832967
0.9880743547274687	0.9066992129356218	0.16506638593767997	0.8257177064098871	0.9267866374003317
0.4693296254539717	0.45904273192574874	0.3668528234731817	0.357857021768062	0.1963616553378047
0.33109522134739855	0.27591723324449946	0.3670780324042562	0.04512255610655247	0.3428289276189168
0.9589186149781675	0.6563376982563152	0.9974098003604105	0.06817434423935287	0.8795324788455433
0.4960241811502716	0.9601889309471522	0.6780268605905726	0.007933506590007466	0.42770069508386677
0.048335062148562535	0.26085455781228584	0.3361889663156975	0.45399522743153775	0.5795525358526564
0.5057527680606294	0.2582618308754705	0.13627766659962215	0.7869945502666693	0.20684732429729213
0.6062487501036137	0.11218079394225877	0.8500171581622348	0.09680506411227607	0.6447893282136653
0.6698334792271501	0.8245607055169403	0.9575968991661042	0.06785540753197905	0.8919348380488074
0.4934242505850396	0.39956835244768774	0.18849375261237944	0.35546106882759576	0.9135009135541954
0.4673843095210979	0.6878204620438508	0.05568717136194734	0.5158994390535356	0.6220087213029017
0.18489675185911603	0.6303507789899268	0.9600984459728535	0.1560005967601673	0.7004372126829821
0.5406234075240652	0.9170970192873505	0.8729097210851245	0.8220440910594994	0.9050412583785911
0.669197189965036	0.9148213368734147	0.24939497548672862	0.6771966832180243	0.3903654093541147
	0.25654622224777757	0.6088886119043521	0.6121992345543301	0.12917020371535604
0.40781924473191966	0.021813987854766292	0.7579749290783028	0.28121641274508924	0.8755941376281963
0.5075086697616269	0.5893458425319088	0.6697383306321376	0.2522303488151314	0.4517752238141536
0.904992016210682	0.7427451700384456	0.11338338604480913	0.5160154876748076	0.8357677823170213
0.8760427274919921	0.41998658331371497	0.48135193828499057	0.9218787761839936	0.5720792819531806
0.765775552121607	0.9623178804504687	0.40959684206454694	0.11305176311273457	0.12206292819283027
0.24605328286310435	0.9454478004378174	0.8494109718125509	0.7335862334882927	0.7624442438231506
0.1339864167310434	0.36318547999352113	0.8793615892145846	0.8064038273618622	0.8555317259401111
0.34812896773946045	0.9548678431555483	0.29577989535229254	0.48976714207355576	0.0943875196624705
0.5003230628813548	0.3680581081364467	0.19820204359261628	0.05361302610283947	0.3387815714638964
0.30031103435816664	0.33730534635482967	0.3049859600562086	0.10670986662324855	0.3805045379318748
0.8659749441338535	0.22706761144736543	0.9683824932911765	0.01788220615339342	0.7274588335769637
0.5951193959418984	0.5966812090272998	0.4211807711967783	0.6327674417212037	0.29095555517073257
0.1321118563608661	0.5653517622449007	0.08652863240534137	0.056208083872472336	0.5783530639615635
0.5273963252636359	0.7599110700810346	0.9694728075895624	0.4558081849413902	0.7972586495346125
0.6248070493385056	0.5438146093424236	0.524786048077356	0.051501517233387695	0.5094865285533234
0.5394938140178431	0.2147964085811469	0.6372758075269911	0.04511083176715114	0.9585557227420028
0.04021149194704432	0.3446308745134936	0.46079672629892177	0.2435875960612538	0.820469212871379
0.7272319039700582	0.10037190006190588	0.7268964526399566	0.2503547644790667	0.03650542806180934
0.330215716220446	0.9529521426528286	0.9182821712636617	0.33156338330997615	0.02772994219487701
0.8716547871636966	0.11902778299959815	0.903846591926875	0.37778006358628724	0.1751086436021665
0.5901991046125834	0.5983529416676512	0.29198031259335766	0.2834576925843385	0.8928002098884894
0.1380846577910727	0.5179588762721468	0.4770186824321978	0.17472964831816717	0.005008739459828937
0.8374099733476109	0.7481947092523551	0.5035043822949468	0.48667814989115743	0.7781268785298101
0.0013486606981922833	0.19380046468930123	0.11454443288509131	0.9010175528177343	0.5416554772618593
	0.15294353705435737	0.6663425294171167	0.7734799549026392	0.2027690177409638
0.6262373710802837	0.255675772504097	0.21611651530700093	0.23320511704114422	0.28792133699482314
0.04516017313409815	0.8730206944915511	0.43045091207166697	0.02868023093103278	0.968333814301147
0.7480349398721442	0.8864999970294798	0.5395444429347339	0.7819340834159695	0.9943036275821867
0.5359268113115914	0.542655705624134	0.4395447451306389	0.2793715340918643	0.6552119495206177
0.9354052100680781	0.916824763785831	0.31556858905856655	0.28838126920475515	0.9942891397965258
0.6178353355924959	0.7589649677922206	0.47703585502508383	0.9668294502741239	0.8102673360834903
0.9444459757107949	0.8163639444896174	0.6577523068049266	0.5627922657046498	0.23128532612950148
0.5925005991012481	0.10362521090069243	0.8470666372741764	0.2080309345999365	0.03167118730192908
0.7652757358468805	0.00897319845985467	0.7065430457245696	0.15295651711867975	0.3265604924959291
0.16674130141977572	0.8527348649074945	0.5213254705559847	0.32718270915172953	0.763547590597552
0.3627255148679027	0.47418318778127244	0.7665144727190047	0.37062772181692283	0.35943585876523465
0.25164072904453394	0.34674257746528103	0.9038742103777103	0.17528706394387183	0.3506056715575613
0.2740434738956362	0.5034331153267461	0.23579310978972623	0.982022627771126	0.06937185443024496
0.2693297312969045	0.45838311598428105	0.7202611924733309	0.2309062036488292	0.5668348568567414
0.624571526864317	0.28607382974724993	0.9370404795670664	0.8815663117170919	0.8523864689368221
0.9872472443963518	0.6534357931773601	0.8452745527398483	0.632968217593369	0.20671281859160295
0.22968986638990563	0.21823334714425802	0.8256542792418144	0.378886786082958	0.10833126158658068
0.32072305129750567	0.27515054198828415	0.8696266007259472	0.041461713669900924	0.04927401960155242
0.4577144637502786	0.07862992252851275	0.5114611393197932	0.28342786355195115	0.21001282437187851
0.9144910687521932	0.7112794284496798	0.6723988474958433	0.2548153488977246	0.3045065265230482
0.4218111690661016	0.9873352390880062	0.6812659677531347	0.1694207265580936	0.686887326585297
0.7295022505959813	0.1716826702894465	0.5354093481094344	0.8186998556972229	0.5698491546947354
0.6981851852062824	0.9844931296268388	0.478208480111489	0.2855020970667276	0.8810789375483357
0.9345738427449002	0.0069464103396860155	0.6248094977421476	0.24225093012619336	0.6812078370602722
0.9607371859716822	0.1318514232907344	0.8697495602274499	0.7475694677043141	0.3219807985093073
	0.4268598779790157	0.7468172175884348	0.6009723273447269	0.1268962713627858
0.7739591282634938	0.38582129079096306	0.7564851634971396	0.8284675475609459	0.9776017331508763
0.22026837996893822	0.019755861071175773	0.9682227843611306	0.9943028270956392	0.43287610910039176
0.017271269813162404	0.7190048203526027	0.6734599815582821	0.25016287381495683	0.6597695158850845
0.9383182686826379	0.8737699194060617	0.12102117194320283	0.6052514798345274	0.21713289806775404
0.37486628202313754	0.04390470758380782	0.9401174670525068	0.5309225832297648	0.40513836721582686
0.2832490071221875	0.09602993849821595	0.3986952253154119	0.5410426603023447	0.07152052935341102
0.49218800810157715	0.19226120327717333	0.7094902632214144	0.21956049972116398	0.34958100628787914
0.28436895432150255	0.3146004139355282	0.5552706215212609	0.9362796778844397	0.24794141064946984
0.04935233538078365	0.39851417761773644	0.7684596477631035	0.7073664476973193	0.773665501651068
0.3677913818331726	0.0365591599051045	0.8102120951631149	0.37060583925289337	0.7442180821686338
0.9129990730418609	0.5603329512105307	0.4183175617388837	0.06929663258094043	0.27788067776648806
0.055209673507420676	0.5310145653844078	0.04054454868657309	0.48951969529363626	0.7743620235567172
0.5390521012728211	0.7266515215731277	0.19249997865732416	0.6913521472700953	0.008415183330694687
	0.2732143523512157	0.7280539248325786	0.06894272040575755	0.18992068039671695
0.4679750558121937	0.8146213466800948	0.5586847575814661	0.37586136152990657	0.8993164977948788
0.16756256567185746	0.5177897513497454	0.6815666474217441	0.8756219945042307	0.7985763474733155
0.03417809791946402	0.30032423767949323	0.5372404447583314	0.33196674487398925	0.49019370729961986
0.3993602844174171	0.8331711964699552	0.6084559927173846	0.28909847150984147	0.564438225120957
0.08534153041243897	0.9736942140879838	0.8939296164603905	0.09800931720890371	0.7108696626357216
0.6011891404233731	0.7316434983305373	0.0237972222520465	0.44921164344744124	0.3804089647474097
	0.4303508639035867	0.3747696014336621	0.10665379223823501	0.11308960355333941
0.2681019210206351	0.5842698936110429	0.8982581360508174	0.5209103342881669	0.23026958170764633
0.010940356953732744	0.20843474335897894	0.40099106635418547	0.5478366641644972	0.4298503840263893
0.11133878726080426	0.3813342195918029	0.8206730761846107	0.8154308001527135	0.7392593387487361
0.4836296070293259	0.3941747782706817	0.21219074487348122	0.9338251266048762	0.7618347477405406
0.012241362858512739	0.8707867582548187	0.8402081710331539	0.8267319906335618	0.6703964493247192
0.4268757217103262	0.4134883909409901	0.2998517537598038	0.029942340362753672	0.308378942095069
0.8827571567439998	0.15144473156078142	0.8240818121554888	0.11298224001739088	0.5850503677589874
0.596323250986938	0.6408812385928013	0.4780434640787271	0.9503208468589338	0.8666730696083994
0.7058062347329634	0.5960861864657998	0.7148808048305665	0.45573649247980264	0.8775813601512396
0.4854646450533755	0.31275024954867203	0.9089340879041129	0.9716004320263659	0.929049499382547
0.5354554196925329	0.9676822016407389	0.7940204670208847	0.4923219798370071	0.4838472465484529
0.5119034174581328	0.6678346185292651	0.36071979823425016	0.061752357335638663	0.8475079252634822
0.027333071154210353	0.4616778608704587	0.3626414436233951	0.44348566519648125	0.5702863873084126
0.5883244359596062	0.3366881015072225	0.008987684643721239	0.37554821885503575	0.5443148019194786
0.5773944998291177	0.046736402519126585	0.6537026475727497	0.8475299417830503	0.00859574692787446
0.6985007235178434	0.06573145593696827	0.05222601608310584	0.23767551558331035	0.5417002753933688
0.4765445114201412	0.06100873436236198	0.511413827331654	0.8274641794051881	0.4264076408642784
	0.6377820044319107	0.03437513069301945	0.490168672116575	0.42241513717190715
0.8843595261783075	0.9595595983937276	0.6256383959510758	0.41894261231880736	0.4160840741627182
0.26294038687266785	0.45000689014281825	0.8260559489073365	0.13061552559763667	0.383225373492065
0.060099914592887105	0.14104503495539011	0.293733278781527	0.9738340014861878	0.8815428670977327
0.4683747648913269	0.4928355265446085	0.7862716452098409	0.2999262157197372	0.6357907380966943
0.0762393084560995	0.3006380799211419	0.873345162330173	0.2785115770343708	0.5408250448316139
0.6985740028408823	0.1503921946672404	0.7447998899418629	0.004644983580909923	0.11240087902876372
0.22821288838101028	0.26815433546035883	0.30476980559908795	0.4850949685376674	0.07794934074799065
0.13516753715697216	0.4147560594248495	0.541512685314793	0.39291734508576204	0.25057186168417733
0.18669900133084327	0.6826524752188816	0.7281711675385338	0.9822399726408545	0.336026575826319
0.1963235060446865	0.927004592631397	0.32146423548427994	0.6378275768587394	0.4960623367239798
0.1336594877639501	0.9971102012953916	0.011751200490075164	0.7969746844294681	0.35746171566894425
0.7147379222588829	0.011363010292701259	0.6462333945793627	0.2594045035417438	0.37881729017647414
0.24292550767974053	0.45537656949872585	0.9157578914035082	0.23876672480450223	0.011291972708938225
0.477739458151452	0.6598087856508618	0.9467701439005435	0.504762319788878	0.278327991569161
0.6288498205763566	0.47070371889870133	0.5694893261653283	0.7051010436996177	0.5309150494681745
0.5641004112994024	0.4572599630303469	0.7569482998056365	0.8633140681756505	0.6523546152446966
0.9772614971228969	0.7865811539798592	0.04051685512004355	0.16941835547935113	0.9484138234296458
0.9451383161492934	0.6640192776004111	0.8492376839242464	0.26062190622584724	0.9910823113114706
0.3965682494949644	0.012153456475149427	0.03583407535308969	0.04894152892839654	0.7944823178981811
0.06132662752611562	0.8655457992325228	0.7453986026861581	0.9255712419265552	0.19072103092759918
	0.9514038647503473	0.178228294629022	0.6038248253833483	0.03532803653796779
	0.4483481109338109	0.30326707641882766	0.47936754613811394	0.5080205245563629
0.6129083576683528	0.3123085589529967	0.2084512536111376	0.7078459639678922	0.5628272560814329
0.4979828647324145	0.4898839318742677	0.3418259118195168	0.5576607022282573	0.2120242734432244
0.31445491515082336	0.14813845176961815	0.07543416911061185	0.3009191170586474	0.6427884654258191
0.9712090501196272	0.48344278574763244	0.5397588783164177	0.3480300839942915	0.4669481291380474
0.8345673843913038	0.4592733779331345	0.7693761889448296	0.31516330249670743	0.9068405870362951
0.29487386273595806	0.816276921365162	0.2246250567320459	0.9172823732945072	0.20310828982177542
0.8301349324543869	0.3980319430300767	0.010638790529855058	0.7931247014524576	0.31790409031331834
0.39211185244487634	0.06789464887018604	0.043305617747293246	0.09943859625430096	0.5566202127630713
	0.886142113386765	0.7089292622243016	0.12351338071224871	0.3341475482486408
0.9560303098779236	0.4241465859217969	0.2059679461603512	0.4571923816355117	0.5466596900094497
0.9480373072971865	0.5335629863358703	0.7587783233789295	0.6501234531348902	0.5158426377164846
0.7799528754654835	0.24104736738545707	0.20361514798416258	0.7684815604112093	0.6627262647159808
0.5630290482479172	0.994119895827568	0.15232464096432974	0.5767531818544452	0.25447013545072117
	0.8882979209459428	0.21674868864203334	0.9034934468377229	0.28119086640265756
0.6855933997734567	0.7886607459466713	0.017949883980118875	0.8005058132879272	0.8263636262364974
	0.23837296521814544	0.1097290257150344	0.1863143386051287	0.09608485395052335
	0.3246354467875916	0.8939500769495882	0.88151715079878	0.23961360447150137
0.5176201356915948	0.14241611537643273	0.14750920201665407	0.41677559155038046	0.43528054411137007
0.08354143551914761	0.5195957730588231	0.2423830090618	0.2962260436624612	0.940410478730775
	0.24598621644121188	0.9289867700794773	0.9742092231172592	0.3169461273422355
0.5829064401328032	0.0643811029347583	0.6922427816583638	0.69267708834001	0.9009277402043934
0.42506292742120344	0.8145326159579777	0.18637710472472668	0.35906987690647185	0.2365412017468762
0.18080038172521062	0.18481386730376304	0.16373733221319775	0.7490360151383452	0.005318588876543573
0.6011201091617732	0.3981292326034922	0.12246306254999884	0.33658024826257116	0.2408718540679462
0.6380945337391963	0.8923054586453985	0.0046332526575471045	0.9228967845399869	0.7374683302915284
0.557933403940189	0.8938454948417971	0.43396246359191915	0.575095814707143	0.7156583848252397
0.7212002140850453	0.44044880062676195	0.5909932091353218	0.03907466927371517	0.7425399248292451
0.0614583794610456	0.3374782285733836	0.7619922118503217	0.7387227815031295	0.422459220559641
0.5803912940847945	0.695907363706937	0.9155456375137262	0.6942322668941922	0.3337849811637006
0.24950833645710424	0.7140172594284906	0.6333512627520119	0.023343608639773805	0.44077190268251476
0.8636239727419651	0.16485926747924817	0.792424189105908	0.8870656392519184	0.4878142333500657
0.23456276287619482	0.878639383744088	0.3234832678449583	0.7246991413543072	0.49353930966842885
0.9894479947578056	0.8564763957059809	0.1680060884809067	0.04092442405887742	0.5186048243376521
0.3928166914481811	0.4894452602283579	0.20101644395508766	0.27476565627664906	0.7756975709651578
0.6667299438914508	0.3359928640111416	0.1882477883182192	0.6775395423671526	0.5493138373205368
0.6369220126599954	0.15508290894225107	0.217587984494528	0.19833995794459047	0.8479329290461095
0.40145999086359874	0.34760382919933674	0.8267326659804298	0.8970045689386404	0.02443258735089926
0.783235724124283	0.28825385086940813	0.6563990099063867	0.5645834711896689	0.01233851595995894
0.15423693302288777	0.36823084714071386	0.7239858256867159	0.15700778136797744	0.49388252417886735
0.9475237305399911	0.1941874526558952	0.3057957047378086	0.39783334977228935	0.43252546497434396
0.093470092533955	0.5542862471394532	0.010932436635592735	0.269176752683812	0.7585891522514662
0.6664480294225785	0.8371705499061103	0.5628512598072344	0.18024366990128404	0.3889041358056816
0.10246412485284295	0.2142042276686198	0.16332896112772932	0.20881331518049828	0.8481683199524495
0.4559868473897851	0.2842448484336886	0.013205739376733527	0.9218949105703491	0.03980001895991436
0.4826606838623786	0.9928764767714846	0.6139478014168139	0.26835410683654626	0.08302857260336405
0.16856285219982503	0.4960146959641333	0.29040242480750067	0.012012866350677998	0.817034954658591
0.5906199928853055	0.46594078411730266	0.6504259919814447	0.27176460509614453	0.7104183046086717
0.6251033780103312	0.6388815282248661	0.8686947622096378	0.5704118473848571	0.46262589420445865
0.7046058820294597	0.8971484606410367	0.0793774687806662	0.4656963454988694	0.5500208417517646
0.48576067853303606	0.6589760321897551	0.8806542500493231	0.8877332006108825	0.566480932882537
0.12784748084067965	0.6333799978553961	0.16848066133834638	0.14506676005641372	0.07056451063868063
	0.28836074468525663	0.09611222667267139	0.013098436299924576	0.24913032436848626
0.6958003752167631	0.08523229041318581	0.48576497430172594	0.38833010241109356	0.36907138882473234
0.4950587598410884	0.6924131226982707	0.11422615592367336	0.5845813234247176	0.19516859241677864
0.42472704114569426	0.2462336604004669	0.4680528803750421	0.6133503078474012	0.10826761672597351
0.6537184892834864	0.7987386484837288	0.1994991263066178	0.46965369138413304	0.8851508531625237
0.3776118106473302	0.6809131355553243	0.5795053955948364	0.6772204032935245	0.8903977784754108
0.16989593273775916	0.9801092014233852	0.43618470527071085	0.5585084352151873	0.3655176246386562
	0.5761135096141364	0.6698333588699829	0.04522490783537192	0.825559561596818
0.3899605873191707	0.4469997213254677	0.6164716440266989	0.6257874908240749	0.9811739777893139
0.1942583184290373	0.25652582851346717	0.681952453767392	0.6198481067863344	0.8042439053104158
0.058136424802043174	0.26410406340238535	0.2423939444485793	0.9316804078872485	0.19955210321889005
0.14100422690276848	0.28032042967170323	0.9832629851120954	0.776791979739913	0.8524461389007758
0.32291015709001514	0.02398947235963611	0.2618668806627682	0.8952552699954925	0.10991857116255022
0.11718061556599102	0.3372008870925799	0.7395075816374458	0.13004128427755735	0.8100665048242062
0.060514202270927964	0.3505311311806739	0.9620582301995966	0.9188307096487857	0.7023060828097782
0.7834166380671481	0.6819195473897344	0.9708863446247478	0.7165299179019847	0.20400247533663507
0.6655267282613022	0.39025178763790547	0.8280803132722947	0.4774578686808615	0.4380935073323131
	0.37782703545463003	0.8533480866919612	0.9288921624241848	0.10651392780082247
0.3520348047754901	0.27346018763509317	0.9537150021699934	0.7945596796046615	0.36092582921838356
0.7984117229179236	0.4865537406280662	0.04761062756076506	0.7436713298645381	0.6126565977096475
0.1789273141240244	0.5630150838795887	0.31232407366334125	0.2689035457072846	0.480495263769513
0.8428021929298501	0.8650102171297476	0.48567723930315376	0.26339498192717437	0.583154112918324
0.28299118875520346	0.7606840242059234	0.7548777630670312	0.26489380058670386	0.5337725278158915
0.8609916015317737	0.26315081407674357	0.05566503695256475	0.4344363924122271	0.06296214508339337
0.8921255857638459	0.34079301903302117	0.9512545355330987	0.8659271137251078	0.5993489865049734
0.8490563950820803	0.1883614409753651	0.9316505077363078	0.3876913119548594	0.4374131251436625
0.8057121225804572	0.18460981187369319	0.6150361803042359	0.45297562865579144	0.8694961985500185
0.9154490379058529	0.8834899181547328	0.38379778073645443	0.6653985461549887	0.2856393455930577
0.043141561349164914	0.15728541562389753	0.02418132315903565	0.3070870513310119	0.1265445544355953
0.6747877406668288	0.42859482015903216	0.5494743939030423	0.17744163616241937	0.29574091054654605
	0.5178804536937134	0.5547439254751142	0.8682044401323221	0.8824520138923123
0.2648506758824166	0.6175735559852424	0.30634240424773374	0.1431673701955105	0.07310067767964112
0.12900096730887978	0.9808336496904553	0.3324622287993293	0.6425195617379557	0.29687009999045033
0.43764296839251204	0.08337273190549854	0.21157611644655694	0.7249317810239236	0.08853074707728836
0.9537721041177631	0.9478888167888672	0.29130637765279754	0.7527908396731914	0.7384206136610993
0.5166612733516067	0.7272764092936693	0.12931730278375808	0.35121122679379824	0.6672823786862981
0.2851695725063491	0.055097477849223364	0.2901838216139033	0.5751736574654331	0.7033491156812585
0.5785768016529791	0.008078589057036734	0.11751352701911755	0.8141489983380931	0.3235469585118794
0.21965776055452924	0.5118936287815998	0.4290093177469362	0.27411757984876184	0.9437538964334449
0.7517080244346651	0.850723641661824	0.049864313774258484	0.2092950859840711	0.338613145482737
0.5847108591978141	0.24481353374931847	0.8626172856125396	0.7186520638702781	0.07123088875721317
0.7468035296945267	0.006959922634705573	0.3889124197928706	0.889637789273703	0.33802425424563554
0.6040907047892203	0.3727066222494271	0.4044106609421215	0.30634040072593094	0.8687009249582623
0.059696690604435276	0.5439761576557648	0.27023194610970336	0.33053981795396403	0.9472546024638878
0.36882184218028524	0.8532293646420992	0.9925235208852323	0.0117489433635799	0.011604614736619556
0.3487009839936651	0.017217359606582217	0.9222567562299667	0.06418705853904794	0.03812845862970282
0.4321161273431695	0.629506790232394	0.6804465752466262	0.26671037991022384	0.5738135673043282
0.20048553344885855	0.22606256141134118	0.7283309814371148	0.495779310360834	0.4580181694820459
0.11904715407610245	0.8984174496889823	0.9021710527367128	0.39670903917203615	0.42718580949554186
0.3105505127177206	0.9605775179516293	0.5621933092386283	0.5369457127474813	0.4053169597809372
0.17582980657894853	0.02360348798858436	0.9050511052404209	0.10096048917177958	0.9037722297951314
0.1441735701552468	0.5256224335104412	0.3351689585092563	0.07114809132050703	0.633483455831006
0.5659515215933703	0.9166454696767152	0.010858716866427476	0.2767521936493914	0.5586659618062526
0.648873600024372	0.09105120956901303	0.3783821437319741	0.7696926206269934	0.1525483385619013
0.19639928952821972	0.52639591309574	0.592953224560928	0.27419613937840104	0.66386766866125
0.14886301827574233	0.48770116275384223	0.34782492111281493	0.5762628641618204	0.2415416175331787
0.35537679697287305	0.6920136984346144	0.25829942612829293	0.8624643567491683	0.5837216385863067
0.46361078109641485	0.7490145578150874	0.36365032104259265	0.9234713706630738	0.32596068715123816
0.4794241604181453	0.6403283451538889	0.3910008294419067	0.3607003160460882	0.7679384228806662
	0.7119981919317195	0.553267687969137	0.8075830247613497	0.386795202825868
	0.6373253376232142	0.49933045211493843	0.676058176312735	0.4270589663153934
0.6292736534156295	0.20447037804986445	0.44581900556971055	0.26733752975547154	0.4171100298868148
0.1884984316883448	0.1391395312024234	0.422932198496603	0.49292182584488997	0.3432618915614777
0.8290218322704027	0.16326975185090342	0.9583930681300357	0.48495613945549754	0.5816314601423337
0.05355735311767307	0.8115661952199688	0.1808725548725093	0.11407503363723837	0.31673782534561923
	0.07039431021851317	0.3065900707882483	0.4876520957858167	0.5587776764872208
0.8754076030974465	0.28827169351296555	0.6227221708045803	0.8554435153986243	0.5774064643007774
0.474441419725915	0.5146299097860503	0.044473279696965795	0.0036378460851099748	0.22086865342385364
0.7117099620950053	0.27674571612322363	0.21933678794149392	0.021808582252385023	0.8645223129700484
0.20216349003837852	0.44611403499654634	0.14077863372069055	0.7023849425585458	0.18056625685918382
0.5966488329284135	0.8842548405033207	0.18383702877567865	0.06519022474462444	0.08072998946326204
0.6326147209321392	0.07316128477190109	0.4026835775388431	0.036350256615001464	0.45763759999991027
0.5261130486000822	0.3834930348704282	0.05076572575095062	0.8564850636797398	0.13623873802530073
0.4768287652189176	0.852267846794008	0.5955748420613426	0.7540425668073049	0.8334999012180965
0.6589010123414064	0.263786651385546	0.005544290315121936	0.1312966227858945	0.44953933848797856
0.5418599621350603	0.6359777379932036	0.37880355953321054	0.9803616656865436	0.28158483605013385
0.07091237155873731	0.9487697825101327	0.7382989570680557	0.43009629523808	0.18042011062246333
0.29709215731473637	0.4038799339255693	0.6035733096432482	0.5234865748935429	0.09962392940212095
0.625045547620823	0.44164935972380703	0.6572298479354013	0.13491609883718525	0.589020277426933
0.22116560805475838	0.8359527370243836	0.26536093007570405	0.9373094975335542	0.8464364167709651
0.3600534015177399	0.5404785391797796	0.420273461292774	0.484691080081197	0.15472554972414376
	0.49689992735525057	0.4593477069886721	0.8418630258797671	0.4580721875487651
0.16300792205880732	0.5415196379917524	0.13104211119631815	0.08974062812752759	0.4148160476739534
0.6984114377992464	0.010861003256194657	0.27868797153864044	0.35216996457193217	0.9743664660999075
0.2777528965953435	0.07925310307949462	0.47258195133358927	0.6044516205547894	0.17972941087700778
	0.5205632024062422	0.4480739097057389	0.4736445702884128	0.4593825398763298
0.810329912930676	0.9263983928041697	0.5360869642877213	0.8603850601014011	0.8004200200341813
0.7537177709716923	0.2695604145104332	0.7772029530646144	0.4989088567591352	0.08762825639639471
0.07483901709078433	0.36517420444948256	0.32450443661563966	0.10455178387378239	0.39800295543466324
0.7170278127166263	0.0069853783491835575	0.6555210411330202	0.05313368098186866	0.5071168404359586
0.8831355247868959	0.21972608906122848	0.6431514689930932	0.8700497359997377	0.32862925002096677
0.1907274852031553	0.9877727729975492	0.41089938383439817	0.42150859637969207	0.28298779366604754
0.6585071141296336	0.3372152938909653	0.5556504810368109	0.5054420709235706	0.2769973227501239
0.23709612675512604	0.08592324115630812	0.23497890668222632	0.3968641676946224	0.17738450624350888
0.5508205295890237	0.6906499517197684	0.15468672743029366	0.6986278839895165	0.40747106392011456
0.5560931529959995	0.09614620408761876	0.6535697644695404	0.0763126259159067	0.5396576404317746
0.5195582107949889	0.47772052875322835	0.972146516944809	0.14145177241014384	0.517646188905165
	0.43660754809080815	0.9670678948233858	0.81879140395549	0.11268525992765555
	0.981879317493846	0.7344531532897961	0.018316335341838852	0.8239757158425447
0.21172070600571513	0.24622203023653078	0.34461387900533735	0.33828356010841876	0.4956312271757748
	0.9373953521155586	0.408347675232825	0.6803907968546156	0.03192268960540978
	0.33828956326337256	0.29465439437245555	0.9099854263411464	0.43671582616620475
0.39444472941872144	0.957555028850661	0.8087525035269857	0.7665585906822016	0.04283693828667057
0.3138909566080429	0.9044289937769959	0.7498168535375467	0.7820197841991772	0.0007674355292268675
0.41844271624084717	0.7287133260312318	0.42581383286316843	0.5836728631713417	0.7914456968023019
0.1749013243924873	0.5099347341421037	0.1240414074628855	0.7607741818997589	0.8947045464228325
0.07434562635683428	0.5090931502209559	0.9587306002861554	0.06468540408090206	0.37650311229203426
0.4226326923876046	0.8306484945898883	0.8173121121342247	0.0040592387968253485	0.47450554902842135
0.9182936076335954	0.2097213847319812	0.6471607527217823	0.2444739229231575	0.4590091281152622
0.6502637671154573	0.06329070786502289	0.4817851852061026	0.9095980838525569	0.484364853397904
0.10206590200956822	0.19113959981320583	0.9806771272455131	0.5814848356406913	0.7531772844694865
0.5685689500542995	0.30272722406949626	0.4421851935726895	0.9992032176793673	0.3086882566756409
0.6914068040105104	0.8884300833469045	0.33428842934201164	0.5881796215396391	0.3862074524580442
0.3721729081504195	0.6516764677149366	0.10832109562946746	0.7640704029183074	0.6716543298799885
0.5517718182644676	0.8496085391566311	0.6166313157170036	0.5073167126191176	0.4230473307153114
0.16798587394141284	0.6958496455244748	0.10507757032449538	0.4439588883423836	0.24984090583484475
0.2139775959629081	0.8279289293120577	0.8783013966919753	0.5208425522922961	0.9136606823757967
0.026165304252023125	0.180915499112958	0.5524295382000601	0.7809106062710778	0.7121529338002857
0.19367817193093328	0.07488411561978492	0.4497384066382707	0.6357938056889769	0.34807090656527817
	0.5447321379690602	0.13735707955255771	0.7722428493889075	0.793756173021343
0.18039203678992444	0.9018209532316347	0.8814595908570914	0.3940190471043128	0.43387363509932
	0.021552617353160053	0.0815055824934926	0.5056356058519924	0.936952861246068
0.342103997439662	0.6814426262268832	0.19255010447290977	0.3654153370582498	0.05184018590297923
	0.9563050940852319	0.6240494518068257	0.8538214344664941	0.720002014953634
0.556492324922108	0.07901210526539881	0.4722194632820561	0.631003448589074	0.2871222609955232
0.5396877249067815	0.7740095538087906	0.5736477476271771	0.7842742790217371	0.004304494861622543
0.3744790222767034	0.6169144792925162	0.8395239768733666	0.31054082581879816	0.7941803860051119
0.33825626494486516	0.3975133014630271	0.5661226484610403	0.6372747535722995	0.5930922433763587
0.2526075340059819	0.5534228774338491	0.5432596114584282	0.1266502915751596	0.33707415007163677
0.45761109929479726	0.07170238932067452	0.5088760849600652	0.47180721820477567	0.00698089055077733
0.7942856133936004	0.9506826485791171	0.9634956484918623	0.8417661140165636	0.6372884406516603
0.5860277976555707	0.5875578403412386	0.8757753770556659	0.9170174773364942	0.4895166470249869
0.5480652305083206	0.7800370670812741	0.4765788430530111	0.902183115346906	0.0697168330240513
0.7756750825702975	0.1496281147548043	0.661617840205614	0.7796923550778222	0.6493181926337234
0.2601237251493732	0.42715292592788945	0.9072222228069355	0.20461839338681187	0.6880650278613305
0.22832803530881152	0.3768370852477765	0.3370467867367839	0.10471196690573525	0.9437688203128751
	0.6186690195010432	0.2653239306392492	0.2644777702688753	0.5852578477477495
0.8509639947224829	0.854035446773413	0.30196058076396737	0.03678318228853805	0.9101798746202749
0.7538155088773096	0.5612128034627065	0.4356605460305023	0.34100196037444774	0.40533381108921585
0.5605148631630392	0.8077093051888558	0.6217941431000052	0.18270540429640536	0.9473528801567384
0.9608764112480414	0.7495346530177859	0.11117321069642505	0.5967387966320921	0.5838096239545848
0.04030600864389411	0.353402970824369	0.05202380246756466	0.2818956269434213	0.1853033726405624
0.05018621447058169	0.8962758913820708	0.15114100712720635	0.8154819393153372	0.2566120834252582
	0.1322938156089286	0.25326232248404845	0.8890221225754142	0.6347713115855361
0.5132749909387142	0.5241749287929841	0.6393214834789471	0.4764354162936376	0.7527575170423884
0.4661764454542072	0.01415188996584349	0.3053906262383437	0.4451645170114831	0.8610383637665925
0.01177305823053687	0.3682571535046518	0.5995003933715424	0.9661542579807575	0.663209864851134
0.8047387241444371	0.5854179586576864	0.8042966166947103	0.9628358433159212	0.2414117441850423
0.2633553977815365	0.9354708900623292	0.14095755068643134	0.706930999864354	0.1216529686262845
0.020987066296991097	0.8605077126867664	0.40421653202266383	0.14152142571556348	0.7834358635901518
0.6344186564843197	0.4356932773753075	0.3727648135567657	0.945390234719676	0.7735046085293258
0.16327443346632564	0.5551454749759573	0.7609648550822307	0.6725408993340469	0.1502623598728824
0.9544666028400045	0.6522475917969456	0.3324908380978162	0.5348828989448331	0.3113864754915868
0.6130604789724882	0.7670695741754937	0.4633150499951155	0.6621854959188536	0.05859244610724956
0.402426068315647	0.17340320304643353	0.1607106687005162	0.24608598798076176	0.5918365700796274
0.22064294483018743	0.4433036858053141	0.1600119988853994	0.7734743531232277	0.47021296779057975
	0.6672630486031438	0.5373477164147059	0.9032863357402723	0.6034589140289983
0.7367789485852676	0.3380263775347313	0.7398785688217628	0.2468998930862295	0.43227596225066733
0.3084537795078349	0.1472026806477429	0.8988415679418785	0.7067377990344095	0.9219713412231064
0.3581849047148834	0.7574403252979774	0.47302838800300073	0.39900154731779736	0.12237702902797742
0.28813435393167786	0.8042458270013723	0.29415988266821635	0.18828348388109384	0.5430958032305686
0.5787648813960011	0.19592559741273863	0.3568812917552443	0.7032968916528808	0.2002347017230529
0.47124468189741453	0.030025205856307635	0.25693738422230905	0.9012225209716572	0.14221440700520338
0.589630510352407	0.21370514984487832	0.8684198265107483	0.5300008477135568	0.7907859336481609
0.44178926823591314	0.09831837372728702	0.5423916703143502	0.9316074228747079	0.6715539658434556
0.15293410110640904	0.6825717140871612	0.5488212838764517	0.46368634599604786	0.19522439599234442
