X0	X1	X2	X3	X4
0.7015453571900224	0.0672026128376006	0.3205128205128205	0.329413247376433	0.0
0.6595527003552459	0.0738754741560358	0.2179487179487179	0.0032383873457013	0.0291634161495821
0.659819847893389	0.0552943287578215	0.5512820512820513	0.9796336893527748	0.5227054946330638
0.6799783713929353	0.0683693327050736	0.5384615384615384	1.0	0.7607486770845467
0.6515961150595191	0.0639275186366785	0.4487179487179487	0.0228050656188856	0.0204176564200494
0.6992454056191465	0.0872590940560856	0.7948717948717948	1.0	0.7262322229080346
0.6683390882148778	0.1016350302927087	1.0	0.6789554691245161	0.8062889490653232
0.2910002443539227	0.0694482027267328	0.3333333333333333	0.3168792928717513	0.0177869250754469
0.6673589041503717	0.0588885988037805	0.6025641025641025	0.6796181487279004	0.4814784391929901
0.6852326064980363	0.0673090753397457	0.8333333333333334	0.9963938595430092	0.7545892072891686
	0.0866206849598408	0.1666666666666666	0.0228296153620643	0.0035423966001006
0.3336130377706391	0.1022751460267661	0.3076923076923077	0.6959907230591803	0.0215144593498838
0.6668956925000797	0.0374228664212157	0.1794871794871795	0.3290573960963342	0.0098686397636739
0.6527478144332526	0.0512880216814683	0.7051282051282052	0.6311387007398207	0.7739267897074049
0.6730546719424912	0.0723037971636899	0.6153846153846154	1.0	0.7398766146661533
0.641126337767262	0.0848937992121562	0.2948717948717949	1.0	0.7835318959649139
0.6756331479861298	0.1095618677689133	0.6282051282051282	1.0	0.4890599055831001
0.3429108441037425	0.0864824953592701	0.6666666666666666	1.0	0.2457690679383894
0.64622106103372	0.0846619820759735	0.6025641025641025	0.6829729881100993	0.5125042386115893
0.642290405458194	0.1398116938102692	0.4358974358974359	0.9839676231846308	0.9976746670937928
0.7056869178691926	0.0875678507868625	0.3333333333333333	0.3336112975199835	0.4895552304091499
0.6621580376821047	0.0782041206934418	0.5	0.2978650425571397	0.0276255803111785
0.6585251019396601	0.1092276969546828	0.717948717948718	0.981530404401334	0.756670980232724
0.6668956925000797	0.0374228664212157	0.1794871794871795	0.3290573960963342	0.0098686397636739
0.6722295411957592	0.0842753242776577	0.782051282051282	1.0	0.7340864231665882
0.7012465734843807	0.0804967567443035	0.3461538461538461	0.6602558590999157	0.0375427295066328
0.6487797457451161	0.0447735494649046	0.6153846153846154	0.3294033649253711	0.0048290431920485
0.6867015746196967	0.0440231330333173	0.6153846153846154	1.0	0.7128351467577493
0.6865806943846651	0.0801528639819481	0.5256410256410257	0.9638076606216556	1.0
0.3312649310618406	0.0516895272693044	0.358974358974359	0.3121855984400677	0.0187504584349951
0.0153463448092245	0.0924810650313916	0.282051282051282	1.0	0.0085224789363885
0.6962957776198461	0.0850910870205787	0.5769230769230769	0.3327729776354184	0.0471954386865922
0.3285963280431396	0.0676351093319521	0.7051282051282052	0.6687117998596149	0.0
0.6816840464412919	0.1295849606128546	0.7435897435897436	1.0	0.5281981243455005
0.6653276032087027	0.1024256484619497	0.5897435897435898	1.0	1.0
0.6692963830027757	0.0778454097293571	0.5897435897435898	0.0240540161307229	0.0125421920029833
0.6565875118384544	0.0586181181196505	0.2692307692307692	0.0198870093624863	0.0
0.683554370476373	0.1063989969180331	0.6410256410256411	0.0084457803825071	0.0197449470596681
0.6684764622992241	0.0544697129928961	0.1923076923076923	0.3366197465209716	0.0
	0.0447650795312957	0.282051282051282	0.6687604672644292	0.7432078994878686
0.6460214132551099	0.0317967144221895	0.8333333333333334	0.6669009950210539	0.4890330892426996
0.6789718020060379	0.103254722518936	0.8589743589743589	1.0	0.5412359830546322
0.6432353340901598	0.0672937850535268	0.4743589743589743	0.3315025329449692	0.0228162557872276
0.6401388123118753	0.0809507110875919	0.5897435897435898	0.0	0.0498785401145597
0.664293900144469	0.0480310109890431	0.5256410256410257	0.3023129450863722	0.7600217086524493
0.6562402082939209	0.0941502820903484	0.3205128205128205	0.9834483151853068	0.9674391557209758
0.2798766446712745	0.0752592069328265	0.2948717948717949	1.0	0.5053105729823294
0.671941010753797	0.0866836095072728	0.2051282051282051	0.018452794455757	0.0160143824333931
0.664293900144469	0.0480310109890431	0.5256410256410257	0.3023129450863722	0.7600217086524493
0.6933823533930713	0.0963778875623258	0.4102564102564102	0.01394976623842	0.0195333073995625
0.707368132721288	0.0400180077581155	0.3974358974358974	0.9945920611580912	0.7431431069418033
0.6444580529783771	0.0963619961777334	0.8076923076923077	0.646792709124537	0.7364750660527277
0.6761606084359306	0.0709807183890431	0.2051282051282051	0.313350435506713	0.0
0.6666683545284949	0.0876103354011665	0.8717948717948718	1.0	1.0
0.6800331870288265	0.0353029104060529	0.6923076923076923	0.0247049477662054	0.4824788107177884
0.6498020612608092	0.093102046000571	0.6410256410256411	0.9864545163198144	0.5001834649636426
0.6729068560976915	0.1365417484546121	0.5128205128205128	0.001891850659154	0.9982053846017676
0.6598814969889863	0.0650714455444571	0.5512820512820513	0.3152832032044674	0.7548528854264772
0.6591435452420646	0.0727894437309854	0.6153846153846154	0.0	0.0
0.6599841978526504	0.1021675640570753	0.0897435897435897	0.0018965371946075	0.0384899207402514
0.6592323327349527	0.1147522808511088	0.2948717948717949	0.3290284442018102	0.0141932373127575
0.6846229748348776	0.1029621398352208	0.4615384615384615	1.0	0.9816458205099948
0.6416337223845439	0.0901383256722226	0.358974358974359	1.0	0.7554591150972678
0.6957675781920809	0.0792960628541792	0.8846153846153846	1.0	1.0
0.3410012106204032	0.0380937472020656	0.7435897435897436	0.0154507961516552	0.0
0.6470262782700607	0.061187345299722	0.5769230769230769	0.0	0.0002515700470366
	0.0305682058917238	0.5256410256410257	0.3177246642404442	0.0112065835646451
0.667874385235155	0.096555065533101	0.4487179487179487	0.9664177914475256	0.736972514198649
0.6722439523596114	0.1251079699893323	0.6794871794871795	0.9806120284452275	0.9691929124830316
0.6575126780475301	0.0787666875776581	0.5641025641025641	0.358515630320028	0.7502647334560334
0.6716473891128054	0.0275189775805156	0.1153846153846153	0.3647600496549806	0.0067391335212038
0.666895575448496	0.070940864673258	0.0897435897435897	0.2913492064821084	0.001279554227377
0.6403300624455018	0.0581550630220821	0.5897435897435898	0.6472342912064074	0.4865229662363888
	0.0536314363846563	0.3461538461538461	0.3216710318872794	0.0
0.655796756508014	0.0876160703582118	0.8333333333333334	0.9908903750229036	0.7344705118370327
	0.0698110635654964	0.5	0.3854058593083415	0.0
0.6572361705176677	0.0796794303734332	0.5256410256410257	1.0	0.7679711056028523
	0.0496822959017373	0.3846153846153846	0.0	0.0
	0.0763345515878006	0.3205128205128205	0.0097733704893461	0.0
0.3194632100418877	0.0572370714970048	0.6794871794871795	0.9934158120328198	0.993754636107867
0.6406136243299774	0.0588030316956747	0.4230769230769231	0.0	0.0020033927598694
0.6184110600480768	0.1088211957753778	0.8461538461538461	0.6537825016589377	0.2351896835899776
0.6199943442697006	0.0959180169143061	0.5384615384615384	0.9784483350479256	0.9905097413276192
0.6526880580950917	0.0706793385950508	0.358974358974359	0.0093563956581931	0.0063599738882809
0.6909504632452367	0.0524735956995094	0.3205128205128205	0.0	0.0146581711487506
0.676482000846543	0.0552050742427135	0.6153846153846154	0.9971719465834924	1.0
0.6860466240721838	0.1092015719888278	0.717948717948718	0.6530048306349632	0.2589543006019014
0.6717243629660646	0.03797298082453	0.6282051282051282	0.3425377061220346	0.7190940010894249
0.6681809324258033	0.0634847312238238	0.6923076923076923	0.6444257815794826	0.5040641386678781
0.6522770620009708	0.1154297691073045	0.2307692307692307	1.0	0.5083699814910076
0.3187516565784611	0.0596061739944533	0.0769230769230769	0.3367458349041292	0.0102027743122688
0.6617514366664086	0.0474794867501294	0.1282051282051282	0.3070699789693346	0.0035518223384718
0.6690511838892145	0.0917029614410421	0.6153846153846154	1.0	0.5129003337863012
0.6876501390954937	0.071209192354602	0.6282051282051282	0.981847649877988	0.7488810913590946
0.6631832119905675	0.1310841986327937	0.358974358974359	0.9627761263098888	1.0
0.6460214132551099	0.0317967144221895	0.8333333333333334	0.6669009950210539	0.4890330892426996
0.6880111149981063	0.0904641350121066	0.4358974358974359	1.0	0.786524186938136
0.6724538498058088	0.0876727137501418	0.7564102564102564	1.0	0.9722095329556376
0.6762172534120026	0.1022928514415939	0.2179487179487179	0.3216257632938724	0.7629022537532224
0.6204645979340138	0.071736095976241	0.3717948717948718	0.6653964931779013	0.0027822347952318
