X0	X1	X2	X3	X4
0.0039528674798818	0.0726872246696035	0.1563981042654028	0.3177570093457944	0.3358778625954198
	0.0616740088105726	0.2037914691943128	0.3714953271028037	0.2951653944020356
0.0022547382522476	0.0594713656387665	0.1753554502369668	0.3831775700934579	0.2875318066157761
0.0018773762016622	0.1387665198237885	0.1563981042654028	0.219626168224299	0.2671755725190839
0.0012169926131378	0.1277533039647577	0.2417061611374408	0.2897196261682243	0.2391857506361323
0.0065944018339795	0.092511013215859	0.1563981042654028	0.2266355140186916	0.2162849872773536
0.0022547382522476	0.145374449339207	0.2037914691943128	0.2780373831775701	0.2951653944020356
0.0043302295304672	0.0947136563876652	0.3080568720379147	0.2009345794392523	0.2061068702290076
0.0022547382522476	0.1409691629955947	0.0521327014218009	0.1378504672897196	0.2620865139949109
	0.1233480176211453	0.1469194312796208	0.1285046728971962	0.1323155216284987
0.0022547382522476	0.1541850220264317	0.2417061611374408	0.2406542056074766	0.2569974554707379
0.0028207813281257	0.1277533039647577	0.1943127962085308	0.175233644859813	0.2671755725190839
	0.0572687224669603	0.2037914691943128	0.1869158878504672	0.2493638676844783
	0.1123348017621145	0.2037914691943128	0.2546728971962617	0.4096692111959287
0.0018773762016622	0.1145374449339207	0.1943127962085308	0.1682242990654205	0.2061068702290076
0.0033868244040038	0.1762114537444934	0.1658767772511848	0.3411214953271028	0.3129770992366412
0.0005566090246134	0.052863436123348	0.2890995260663507	0.2967289719626168	0.2188295165394402
0.0054623156822234	0.1607929515418502	0.1469194312796208	0.205607476635514	0.2849872773536895
0.0030094623534184	0.1211453744493392	0.1753554502369668	0.2219626168224299	0.2468193384223918
0.0086698931121991	0.0991189427312775	0.1090047393364928	0.1074766355140186	0.1323155216284987
0.0028207813281257	0.0440528634361233	0.1943127962085308	0.2990654205607476	0.3104325699745547
0.010556703365126	0.158590308370044	0.1753554502369668	0.264018691588785	0.2951653944020356
0.0054623156822234	0.1806167400881057	0.1469194312796208	0.1939252336448598	0.3282442748091603
0.0013113331257842	0.1519823788546255	0.1184834123222749	0.219626168224299	0.2086513994910941
0.0101793413145407	0.1145374449339207	0.2417061611374408	0.2873831775700934	0.1806615776081425
0.0005566090246134	0.1431718061674008	0.1469194312796208	0.2757009345794392	0.3307888040712468
0.0037641864545891	0.1013215859030837	0.0900473933649289	0.2990654205607476	0.371501272264631
0.0377267710072736	0.1497797356828193	0.0900473933649289	0.1144859813084112	0.1501272264631043
0.0018773762016622	0.1387665198237885	0.2037914691943128	0.2266355140186916	0.2290076335877862
0.0028207813281257	0.0418502202643171	0.2227488151658768	0.3154205607476635	0.2519083969465648
0.0022547382522476	0.0374449339207048	0.1753554502369668	0.1892523364485981	0.1908396946564885
0.0020660572269549	0.1409691629955947	0.1279620853080568	0.2780373831775701	0.3740458015267175
	0.1497797356828193	0.1753554502369668	0.2710280373831775	0.2671755725190839
0.1886715912414268	0.1343612334801762	0.0331753554502369	0.0186915887850467	0.0203562340966921
0.0011226521004915	0.1211453744493392	0.2511848341232228	0.2289719626168224	0.2391857506361323
0.0047075915810526	0.1409691629955947	0.2227488151658768	0.3154205607476635	0.3231552162849873
0.0018396399966037	0.0374449339207048	0.2037914691943128	0.3644859813084112	0.3002544529262086
0.002632100302833	0.092511013215859	0.2037914691943128	0.1705607476635514	0.2188295165394402
0.0016698270738403	0.092511013215859	0.1848341232227488	0.2149532710280373	0.2748091603053435
0.0056509967075161	0.0814977973568281	0.1563981042654028	0.1915887850467289	0.2111959287531806
0.000179246974028	0.1497797356828193	0.1943127962085308	0.4345794392523364	0.4885496183206106
0.005084953631638	0.0638766519823788	0.2890995260663507	0.2873831775700934	0.2162849872773536
0.005084953631638	0.2026431718061674	0.0331753554502369	0.175233644859813	0.2239185750636132
0.000462268511967	0.0726872246696035	0.3649289099526067	0.3200934579439252	0.2748091603053435
0.0011226521004915	0.1211453744493392	0.2322274881516588	0.2803738317757009	0.2900763358778626
0.0015377503561354	0.1519823788546255	0.2227488151658768	0.219626168224299	0.2620865139949109
0.0033868244040038	0.158590308370044	0.1943127962085308	0.2359813084112149	0.2798982188295165
0.0035755054292965	0.0903083700440528	0.1848341232227488	0.2616822429906542	0.2137404580152671
0.0056509967075161	0.0682819383259911	0.1753554502369668	0.2149532710280373	0.2188295165394402
0.0003679279993207	0.0726872246696035	0.4691943127962086	0.5163551401869159	0.3282442748091603
0.0088585741374918	0.1123348017621145	0.1848341232227488	0.0397196261682243	0.0381679389312977
0.0020660572269549	0.1079295154185022	0.2037914691943128	0.1845794392523364	0.2137404580152671
0.0226322889838583	0.079295154185022	0.1090047393364928	0.2406542056074766	0.3129770992366412
0.4339569241219256	0.0748898678414096	0.1374407582938388	0.0794392523364486	0.0636132315521628
0.000179246974028	0.1629955947136563	0.1753554502369668	0.3504672897196261	0.4732824427480916
	0.1497797356828193	0.1374407582938388	0.2780373831775701	0.2798982188295165
8.490646138171116e-05	0.158590308370044	0.1753554502369668	0.1728971962616822	0.2137404580152671
0.0045189105557599	0.1299559471365639	0.2227488151658768	0.3271028037383177	0.2646310432569974
0.0030094623534184	0.0726872246696035	0.1563981042654028	0.1518691588785046	0.1450381679389313
0.0020660572269549	0.092511013215859	0.1184834123222749	0.3130841121495327	0.3511450381679389
0.005084953631638	0.1167400881057268	0.1753554502369668	0.2546728971962617	0.2798982188295165
2.8302153793903713e-05	0.1145374449339207	0.4028436018957346	0.5794392523364486	0.6234096692111959
0.0016886951763695	0.1013215859030837	0.1943127962085308	0.2079439252336448	0.2290076335877862
0.0012547288181963	0.0814977973568281	0.1753554502369668	0.2102803738317757	0.3027989821882951
	0.1365638766519823	0.1753554502369668	0.3808411214953271	0.2951653944020356
0.0003679279993207	0.0550660792951541	0.3649289099526067	0.2803738317757009	0.2391857506361323
0.0	0.1563876651982378	0.1943127962085308	0.2242990654205607	0.272264631043257
0.0033868244040038	0.0550660792951541	0.2511848341232228	0.2733644859813084	0.2188295165394402
0.0002735874866744	0.1079295154185022	0.2037914691943128	0.3481308411214953	0.4173027989821883
0.0013113331257842	0.1938325991189427	0.1374407582938388	0.2757009345794392	0.3256997455470738
0.0001603788714987	0.0506607929515418	0.1943127962085308	0.2897196261682243	0.366412213740458
	0.0704845814977973	0.4502369668246446	0.1799065420560747	0.27735368956743
0.0037641864545891	0.1409691629955947	0.1943127962085308	0.3551401869158878	0.3918575063613231
0.0009339710751988	0.1784140969162995	0.0521327014218009	0.3200934579439252	0.4045801526717557
0.0047075915810526	0.1740088105726872	0.2037914691943128	0.2593457943925233	0.2417302798982188
0.010556703365126	0.1365638766519823	0.2037914691943128	0.2266355140186916	0.2417302798982188
0.0016698270738403	0.1409691629955947	0.2417061611374408	0.2172897196261682	0.2366412213740458
0.0086698931121991	0.158590308370044	0.0710900473933649	0.2079439252336448	0.2646310432569974
0.0245190992367852	0.1872246696035242	0.4502369668246446	0.1985981308411215	0.2340966921119593
0.0018773762016622	0.1387665198237885	0.0616113744075829	0.2079439252336448	0.2748091603053435
0.0024434192775403	0.066079295154185	0.1943127962085308	0.3714953271028037	0.3027989821882951
0.0014622779460183	0.0484581497797356	0.1848341232227488	0.2336448598130841	0.2646310432569974
0.0054623156822234	0.0704845814977973	0.2037914691943128	0.219626168224299	0.2315521628498727
0.0012924650232549	0.1365638766519823	0.1753554502369668	0.3738317757009345	0.4096692111959287
0.0867838375833734	0.145374449339207	0.0900473933649289	0.1074766355140186	0.1195928753180661
0.0415003915131274	0.079295154185022	0.1279620853080568	0.161214953271028	0.1806615776081425
0.0016132227662525	0.039647577092511	0.2037914691943128	0.2149532710280373	0.2493638676844783
	0.1409691629955947	0.0995260663507109	0.2266355140186916	0.4732824427480916
	0.1409691629955947	0.1658767772511848	0.2780373831775701	0.2264631043256997
0.0054623156822234	0.1806167400881057	0.1279620853080568	0.2172897196261682	0.2951653944020356
0.0009339710751988	0.158590308370044	0.0616113744075829	0.2523364485981308	0.2951653944020356
0.0015754865611939	0.171806167400881	0.0710900473933649	0.2149532710280373	0.272264631043257
0.0	0.1365638766519823	0.2037914691943128	0.2920560747663551	0.3460559796437659
2.8302153793903713e-05	0.118942731277533	0.2037914691943128	0.161214953271028	0.1755725190839694
0.0126321946433456	0.0022026431718061	0.1658767772511848	0.1985981308411215	0.2162849872773536
0.001858508099133	0.13215859030837	0.1374407582938388	0.1425233644859813	0.2824427480916031
0.0030094623534184	0.0572687224669603	0.1753554502369668	0.2733644859813084	0.3358778625954198
0.0045189105557599	0.0484581497797356	0.1184834123222749	0.1635514018691588	0.1984732824427481
0.0062170397833941	0.1365638766519823	0.0805687203791469	0.1869158878504672	0.1857506361323155
0.0031981433787111	0.0594713656387665	0.1943127962085308	0.3271028037383177	0.3333333333333333
