X0	X1	X2	X3	X4
0.8707482993197279	0.2307692307692307	0.4659090909090909	0.2307692307692307	0.073170731707317
0.1632653061224489	0.3076923076923077	0.3409090909090909	0.1666666666666666	0.5686777920410783
0.8299319727891157	0.1538461538461538	0.8863636363636364	0.2371794871794871	0.0372272143774069
0.3401360544217687	0.3076923076923077	0.034090909090909	0.1645299145299145	0.0372272143774069
0.6870748299319727	0.2307692307692307	0.7159090909090909	0.4123931623931623	0.337612323491656
0.9183673469387756	0.1538461538461538	0.7840909090909091	0.1217948717948717	0.1168164313222079
0.4489795918367346	0.3846153846153846	0.5113636363636364	0.3888888888888889	0.0706033376123234
0.9183673469387756	0.1538461538461538	0.4545454545454545	0.1517094017094017	0.0783055198973042
0.5918367346938775	0.0	0.034090909090909	0.2179487179487179	0.0603337612323491
	0.3846153846153846	0.5568181818181818	0.1517094017094017	0.0474967907573812
	0.1538461538461538	0.6590909090909091	0.2179487179487179	0.1296534017971758
	0.1538461538461538	0.5227272727272727	0.2243589743589743	0.0449293966623876
0.5578231292517007	0.0769230769230769	0.5909090909090909	0.7051282051282052	0.3478818998716303
0.4285714285714286	0.0769230769230769	0.5454545454545454	1.0	0.1373555840821566
0.489795918367347	0.3076923076923077	0.8068181818181818	0.452991452991453	0.1399229781771502
0.4693877551020408	0.1538461538461538	0.8068181818181818	0.1025641025641025	0.0783055198973042
0.8843537414965987	0.1538461538461538	0.6136363636363636	0.4017094017094017	0.0629011553273427
0.979591836734694	0.2307692307692307	0.3068181818181818	0.1303418803418803	0.1219512195121951
0.8843537414965987	0.2307692307692307	0.6818181818181818	0.1196581196581196	0.1116816431322208
0.7278911564625851	0.2307692307692307	0.3181818181818182	0.1581196581196581	0.0603337612323491
	0.1538461538461538	0.7159090909090909	0.1752136752136752	0.0372272143774069
0.5442176870748299	0.1538461538461538	0.8295454545454546	0.2905982905982906	0.1219512195121951
0.5782312925170068	0.1538461538461538	0.7159090909090909	0.1517094017094017	0.165596919127086
0.4557823129251701	0.1538461538461538	0.6477272727272727	0.3888888888888889	0.0834403080872914
0.8843537414965987	0.1538461538461538	0.7159090909090909	0.1346153846153846	0.0474967907573812
0.5782312925170068	0.2307692307692307	0.5568181818181818	0.1794871794871795	0.0629011553273427
0.6394557823129251	0.1538461538461538	0.7613636363636364	0.5170940170940171	0.2195121951219512
0.9183673469387756	0.1538461538461538	0.4545454545454545	0.1517094017094017	0.0783055198973042
0.8979591836734694	0.2307692307692307	0.8409090909090909	0.1666666666666666	0.1219512195121951
0.5102040816326531	0.2307692307692307	0.6818181818181818	0.6132478632478633	0.2862644415917843
0.6326530612244898	0.2307692307692307	0.5113636363636364	0.2094017094017094	0.0680359435173299
0.8163265306122448	0.0769230769230769	0.8068181818181818	0.2243589743589743	0.1193838254172015
	0.3076923076923077	0.6704545454545454	0.1666666666666666	0.0860077021822849
0.238095238095238	0.3846153846153846	0.6477272727272727	0.1474358974358974	0.2426187419768934
0.7755102040816326	0.2307692307692307	0.6590909090909091	0.2329059829059829	0.0218228498074454
	0.3076923076923077	0.7386363636363636	0.2542735042735042	0.165596919127086
0.8435374149659863	0.2307692307692307	0.6022727272727273	0.2307692307692307	0.1245186136071887
0.5510204081632653	0.3846153846153846	0.6022727272727273	0.5876068376068376	0.1322207958921694
0.4693877551020408	0.0769230769230769	0.7159090909090909	0.1474358974358974	0.1270860077021822
0.673469387755102	0.2307692307692307	0.6931818181818182	0.2799145299145299	0.0988446726572528
0.8775510204081632	0.1538461538461538	0.7272727272727273	0.1538461538461538	0.0449293966623876
0.4965986394557823	0.1538461538461538	0.7840909090909091	0.4209401709401709	0.2066752246469833
0.5510204081632653	0.3846153846153846	0.6477272727272727	0.4914529914529914	0.0988446726572528
0.7551020408163265	0.2307692307692307	0.5454545454545454	0.1602564102564102	0.0988446726572528
0.7142857142857142	0.1538461538461538	0.8295454545454546	0.1816239316239316	0.1193838254172015
0.9319727891156464	0.2307692307692307	0.5227272727272727	0.1132478632478632	0.0526315789473684
0.8775510204081632	0.0769230769230769	0.7727272727272727	0.2094017094017094	0.0988446726572528
0.7346938775510204	0.0769230769230769	0.1704545454545454	0.1495726495726495	0.0783055198973042
0.673469387755102	0.0769230769230769	0.5568181818181818	0.1645299145299145	0.0937098844672657
0.4965986394557823	0.1538461538461538	0.7840909090909091	0.4209401709401709	0.2066752246469833
0.5714285714285714	0.3076923076923077	0.6590909090909091	1.0	0.2400513478818998
0.4557823129251701	0.2307692307692307	0.6022727272727273	0.2649572649572649	0.1810012836970475
0.5510204081632653	0.3846153846153846	0.6022727272727273	0.5876068376068376	0.1322207958921694
0.6462585034013605	0.1538461538461538	0.6818181818181818	0.2136752136752136	0.10397946084724
0.4081632653061224	0.3076923076923077	0.6136363636363636	0.2286324786324786	0.2708600770218228
0.4421768707482993	0.0	0.6477272727272727	0.4679487179487179	0.4865211810012837
0.326530612244898	0.2307692307692307	0.375	0.1217948717948717	0.5147625160462131
0.5578231292517007	0.3076923076923077	0.7840909090909091	0.141025641025641	0.2015404364569961
0.4557823129251701	0.2307692307692307	0.5227272727272727	0.1559829059829059	0.4146341463414634
0.4693877551020408	0.0769230769230769	0.7159090909090909	0.1474358974358974	0.1270860077021822
0.6326530612244898	0.2307692307692307	0.5113636363636364	0.2094017094017094	0.0680359435173299
0.1156462585034013	0.1538461538461538	0.7386363636363636	0.2735042735042735	0.1373555840821566
0.8299319727891157	0.1538461538461538	0.8863636363636364	0.2371794871794871	0.0372272143774069
0.5510204081632653	0.3846153846153846	0.6022727272727273	0.5876068376068376	0.1322207958921694
0.673469387755102	0.0769230769230769	0.5113636363636364	0.202991452991453	0.0526315789473684
0.9659863945578232	0.2307692307692307	0.6022727272727273	0.1752136752136752	0.0680359435173299
0.4761904761904761	0.3076923076923077	0.8068181818181818	0.1816239316239316	0.0808729139922978
0.7210884353741496	0.2307692307692307	0.3068181818181818	0.1025641025641025	0.0372272143774069
0.7210884353741496	0.1538461538461538	0.6704545454545454	0.2371794871794871	0.0937098844672657
	0.1538461538461538	0.8863636363636364	0.1538461538461538	0.1219512195121951
0.2993197278911564	0.1538461538461538	0.5	0.2735042735042735	0.2811296534017972
0.7755102040816326	0.2307692307692307	0.6590909090909091	0.2329059829059829	0.0218228498074454
0.326530612244898	0.1538461538461538	0.4886363636363636	0.1944444444444444	0.2349165596919127
0.4081632653061224	0.1538461538461538	0.6818181818181818	0.188034188034188	0.2913992297817715
0.7006802721088435	0.1538461538461538	0.4204545454545454	0.2179487179487179	0.0526315789473684
0.9523809523809524	0.2307692307692307	0.4431818181818182	0.2136752136752136	0.0603337612323491
0.8163265306122448	0.0769230769230769	0.8068181818181818	0.2243589743589743	0.1193838254172015
0.7482993197278911	0.2307692307692307	0.3181818181818182	0.2329059829059829	0.0937098844672657
	0.1538461538461538	0.6590909090909091	0.2179487179487179	0.1296534017971758
0.489795918367347	0.1538461538461538	0.8409090909090909	0.1495726495726495	0.0706033376123234
1.0	0.2307692307692307	0.6818181818181818	0.235042735042735	0.0834403080872914
	0.3846153846153846	0.5568181818181818	0.1517094017094017	0.0474967907573812
0.326530612244898	0.3846153846153846	0.7045454545454546	0.3012820512820512	0.134788189987163
	0.3076923076923077	0.7954545454545454	0.6111111111111112	0.0885750962772785
0.4217687074829932	0.2307692307692307	0.5909090909090909	0.3974358974358974	0.2246469833119384
0.8979591836734694	0.1538461538461538	0.25	0.2521367521367521	0.055198973042362
0.4761904761904761	0.3076923076923077	0.8068181818181818	0.1816239316239316	0.0808729139922978
0.6462585034013605	0.3076923076923077	0.7954545454545454	0.6431623931623932	0.0988446726572528
0.5782312925170068	0.1538461538461538	0.7159090909090909	0.1517094017094017	0.165596919127086
0.7142857142857142	0.1538461538461538	0.8295454545454546	0.1816239316239316	0.1193838254172015
	0.2307692307692307	0.4431818181818182	0.4017094017094017	0.4197689345314506
0.3537414965986395	0.3076923076923077	0.2159090909090909	0.1816239316239316	0.0988446726572528
0.979591836734694	0.2307692307692307	0.3068181818181818	0.1303418803418803	0.1219512195121951
0.238095238095238	0.3846153846153846	0.6477272727272727	0.1474358974358974	0.2426187419768934
0.4965986394557823	0.1538461538461538	0.625	0.3055555555555556	0.1116816431322208
0.7346938775510204	0.2307692307692307	0.4545454545454545	0.1623931623931624	0.0474967907573812
0.7346938775510204	0.2307692307692307	0.8863636363636364	0.2072649572649572	0.1142490372272143
0.6462585034013605	0.1538461538461538	0.6818181818181818	0.2136752136752136	0.10397946084724
0.3809523809523809	0.0769230769230769	0.2840909090909091	0.1153846153846153	0.1091142490372272
0.7006802721088435	0.1538461538461538	0.6931818181818182	0.2307692307692307	0.0911424903722721
