X0	X1	X2	X3	X4
0.0254365675198893	0.8408108634742848	0.4256410256410256	0.0394970703	0.1027949957195252
0.0047690380972275	0.4538099135419589	0.3487179487179487	0.09	0.0887854367628691
0.0461050673716626	0.4229649749295903	0.5897435897435898	0.0254980469	0.0373790260564542
0.0238451901681726	0.3776580594437365	0.4	0.095488281	0.2289722926455046
0.0222576940559542	0.3499869997328353	0.4974358974358974	0.143984375	0.0560660437586466
0.0063594451788152	0.577464350093436	0.3333333333333333	0.082988281	0.0841079780173327
0.0	0.6288213118946061	0.3948717948717948	0.115	0.051399993419442
0.0015896794187366	0.4708017817823718	0.4256410256410256	0.02649902345	0.0140174024112427
0.0397395576468307	0.6550127634105303	0.2974358974358974	0.0544921875	0.0233637633639218
	0.6441422967838687	0.3743589743589743	0.0479980469	0.1168045546761812
0.3227097568200099	0.5791234204436749	0.3282051282051282	0.0694921875	0.107472453997772
0.0143085696173847	0.7997395650930358	0.3794871794871794	0.0294970702999999	0.0420564848019906
0.0143085696173847	0.6627210448133946	0.3692307692307692	0.0869921875	0.0280355174390028
0.0047690380972275	0.0795529244515635	0.3692307692307692	0.082988281	0.051399993419442
0.1526109143415584	0.4519127933248669	0.5487179487179488	0.085996094	0.1168045546761812
0.1907729222976157	0.6295729289930061	0.4256410256410256	0.0844921875	0.0607435020368935
0.0063594451788152	0.1385820127134141	0.3487179487179487	0.0819921875	0.0327072719813733
0.0111277554542092	0.4069637282403628	0.2974358974358974	0.00034996035	0.0700870111216344
	0.4201250817811666	0.4461538461538462	0.0544921875	0.0654209607824298
0.0063594451788152	0.420685781693118	0.2717948717948718	0.0475	0.0233637633639218
0.0015896794187366	0.4403860488697882	0.3487179487179487	0.1044921875	0.0280355174390028
0.0063594451788152	0.499319797861656	0.2564102564102564	0.120996094	0.1401690306566205
	0.2344344919580311	0.3487179487179487	0.0644921875	0.051399993419442
0.0731196699558636	0.2964702872599649	0.6512820512820513	0.140488281	0.0280355174390028
0.0222576940559542	0.7961840904651543	0.358974358974359	0.0575	0.0327072719813733
0.0238451901681726	0.2303891954236673	0.3179487179487179	0.070996094	0.1027949957195252
0.0047690380972275	0.7275732265851705	0.5384615384615384	0.0319970703	0.0700870111216344
0.0556378065239696	0.8340449970330277	0.6307692307692307	0.1079882809999999	0.0373790260564542
0.0286154409838244	0.4297308413708474	0.5641025641025641	0.147988281	0.0747644693998813
0.0317904332082612	0.5639334524736126	0.2358974358974359	0.0404980469	0.0560660437586466
	0.1968356192285585	0.3692307692307692	0.070498047	0.0327072719813733
0.0143085696173847	0.5673338068875047	0.2974358974358974	0.0525	0.0700870111216344
0.0254365675198893	0.2032431579754998	0.7743589743589744	0.156484375	0.2663463275825999
0.0063594451788152	0.6383910358653446	0.3897435897435897	0.05	0.0607435020368935
0.0095383186427504	0.6906546156556628	0.2461538461538461	0.088984375	0.2289722926455046
0.0047690380972275	0.7994774119313934	0.3846153846153846	0.0525	0.0373790260564542
0.1875746413643288	0.2774978918566302	0.5435897435897435	0.0319970703	0.0233637633639218
0.0047690380972275	0.8566810932443117	0.6307692307692307	0.0279980469	0.1775658819390898
	0.6538431569970493	0.2153846153846154	0.106484375	0.2569914105588168
0.0063594451788152	0.7154501045689227	0.3538461538461538	0.065	0.0373790260564542
0.5818015314896339	0.4010215501353901	0.2666666666666666	0.052998047	0.0841079780173327
0.0174874430813198	0.5901365976672067	0.6410256410256411	0.0844921875	0.1261594716999644
0.4260483745214131	0.4777940044128121	0.5076923076923077	0.04099609375	0.0700870111216344
	0.5016707043662879	0.517948717948718	0.03599609375	0.0981175369739888
0.0095383186427504	0.6626613831926293	0.4974358974358974	0.065996094	0.0327072719813733
0.6994237321665916	0.1436174535059972	0.6615384615384615	0.0344970703	0.2196173756217214
0.0429223125092467	0.1011504311685671	0.7435897435897436	0.2484765625	0.0467225351411952
0.0127171921066855	0.5417511425498684	0.358974358974359	0.0279980469	0.0373790260564542
0.100149798133988	0.2490035017791692	0.3692307692307692	0.0325	0.0093456478688722
0.0063594451788152	0.5797439012996329	0.5948717948717949	0.0589941405	0.0654209607824298
0.0111277554542092	0.3160154342226455	0.282051282051282	0.0319970703	0.0420564848019906
0.0111277554542092	0.6836382897304333	0.3230769230769231	0.0394970703	0.0607435020368935
0.0063594451788152	0.6390471943705204	0.3435897435897436	0.100996094	0.0420564848019906
0.3735717319250068	0.5124217284281777	0.5538461538461539	0.0494921875	0.0373790260564542
0.0015896794187366	0.5196405458942841	0.5948717948717949	0.078496094	0.0280355174390028
0.0111277554542092	0.5393649163657434	0.358974358974359	0.0304980469	0.0467225351411952
	0.6168889877415655	0.5743589743589743	0.128984375	0.0841079780173327
0.0095383186427504	0.689127397487315	0.5282051282051282	0.0564941405	0.0373790260564542
0.0079488819902741	0.8196671430448212	0.5743589743589743	0.0569921875	0.0747644693998813
	0.8011721599308498	0.2717948717948718	0.0714941405	0.0607435020368935
0.0238451901681726	0.4395627185032283	0.6153846153846154	0.0975	0.0700870111216344
0.0492800594371169	0.8281625998720616	0.2769230769230769	0.0929882809999999	0.1588788647041868
0.0333818105599779	0.4831160596315513	0.2717948717948718	0.03399902345	0.0887854367628691
0.0222576940559542	0.7905878304373782	0.676923076923077	0.0429980469	0.0373790260564542
0.0047690380972275	0.8196073621008145	0.3641025641025641	0.025	0.0140174024112427
0.0047690380972275	0.6639023449045456	0.5282051282051282	0.0009498595999999	0.0186920088215513
0.0095383186427504	0.6426988435310753	0.3333333333333333	0.0575	0.0233637633639218
0.0079488819902741	0.7045439602930436	0.3076923076923077	0.053496094	0.0467225351411952
0.0111277554542092	0.8183903843604459	0.5025641025641026	0.1444921875	0.0420564848019906
	0.4201250817811666	0.4461538461538462	0.0544921875	0.0654209607824298
0.0031796012857687	0.5401882467323031	0.6410256410256411	0.03849609375	0.0327072719813733
0.3354407772235688	0.6946755702487544	0.6153846153846154	0.085	0.0887854367628691
	0.0386487979316986	0.3487179487179487	0.085488281	0.0280355174390028
0.0095383186427504	0.2842280806486698	0.7333333333333333	0.04	0.0607435020368935
0.1065153080178025	0.3967735234136661	0.3538461538461538	0.0594921875	0.0280355174390028
0.0111277554542092	0.5551750072220392	0.6615384615384615	0.0564941405	0.1728884236608429
0.0063594451788152	0.3806290888346021	0.3743589743589743	0.0325	0.0186920088215513
0.0190749391935382	0.5674292654807289	0.4256410256410256	0.0304980469	0.0981175369739888
0.0063594451788152	0.5896472530536905	0.5076923076923077	0.1344921875	0.0373790260564542
0.0079488819902741	0.3496886916290093	0.3948717948717948	0.0714941405	0.0233637633639218
0.0063594451788152	0.3949359454940979	0.3230769230769231	0.0354980469	0.0373790260564542
0.0381559429330932	0.4969932332982961	0.2923076923076923	0.118984375	0.0841079780173327
0.0095383186427504	0.7186596611196076	0.3743589743589743	0.00099990845	0.0233637633639218
0.3974191052407153	0.5872016038952833	0.2153846153846154	0.0014999389499999	0.2102624585979383
0.0429223125092467	0.1011504311685671	0.7435897435897436	0.2484765625	0.0467225351411952
0.0047690380972275	0.8279718020088546	0.3846153846153846	0.0669921875	0.1448464889348673
0.0079488819902741	0.6487480545837009	0.5282051282051282	0.03149902345	0.2710009690481833
0.0158960657296031	0.4619478779375741	0.3025641025641025	0.0494921875	0.2242720170873048
0.0238451901681726	0.5328736127032477	0.5128205128205128	0.081484375	0.0280355174390028
0.0413309349985474	0.364461028253715	0.5282051282051282	0.115488281	0.051399993419442
0.0238451901681726	0.678304302187541	0.3487179487179487	0.065	0.0373790260564542
0.4053682296792848	0.0689091719838097	0.6512820512820513	0.085	0.0607435020368935
0.1414945606344964	0.2723671117940643	0.2564102564102564	0.093496094	0.2196173756217214
0.0635869309625391	0.7282650627395638	0.5025641025641026	0.04099609375	0.0327072719813733
0.0063594451788152	0.589910122154782	0.4923076923076923	0.03149902345	0.0654209607824298
0.32587698529359	0.7399592177025098	0.2615384615384615	0.0875	0.0560660437586466
	0.6809538747657237	0.3743589743589743	0.0414941406	0.093440078695742
0.0158960657296031	0.6663246067076128	0.5076923076923077	0.0619921875	0.051399993419442
0.0127171921066855	0.3867026418284998	0.3230769230769231	0.14	0.0327072719813733
0.0429223125092467	0.4771976268516431	0.5282051282051282	0.068496094	0.0280355174390028
