X0	X1	X2	X3	X4
0.0108275328692962	0.189873417721519	0.0	0.0077775159085552	1.0
	0.1645569620253164	1.0	0.0035352345038887	0.136
0.0123743232791956	0.5569620253164557	1.0	0.0025925053028517	0.2299999999999999
0.054137664346481	1.0	1.0	0.041480084845628	0.272
0.0286156225831399	0.8354430379746836	0.0	0.0186189017204807	0.306
0.008507347254447	0.240506329113924	0.0	0.0110770681121847	0.05
0.1446249033255993	0.7848101265822784	0.0	0.015083667216592	1.0
0.0572312451662799	0.1139240506329113	0.0	0.0172048079189252	0.346
0.1407579273008507	0.810126582278481	0.0	0.0782465236860711	0.03
0.0116009280742459	0.3164556962025316	1.0	0.0091916097101107	0.718
	0.0	0.0	0.014140938015555	0.118
0.0061871616395978	0.7848101265822784	1.0	0.035823709639406	0.18
0.0046403712296983	0.189873417721519	0.0	0.005656375206222	0.188
0.0224284609435421	0.0886075949367088	1.0	0.0068347867075182	1.0
0.0061871616395978	0.2278481012658227	0.0	0.0101343389111477	0.492
0.0232018561484918	0.3037974683544304	0.0	0.0129625265142587	0.5519999999999999
0.0286156225831399	0.5316455696202531	1.0	0.0398303087438133	0.2299999999999999
0.0858468677494199	0.810126582278481	0.0	0.0176761725194437	0.424
0.0015467904098994	0.050632911392405	1.0	0.0134338911147772	0.52
0.0270688321732405	0.430379746835443	1.0	0.0205043601225547	0.8160000000000001
0.0023201856148491	0.1518987341772152	1.0	0.0049493283054442	0.252
0.0069605568445475	0.4683544303797468	1.0	0.0080131982088145	1.0
	0.0126582278481012	1.0	0.0247466415272213	0.22
0.0116009280742459	0.0886075949367088	1.0	0.0089559274098515	0.036
0.0262954369682907	0.6582278481012658	0.0	0.0534998821588498	0.178
0.0038669760247486	0.620253164556962	0.0	0.0296959698326655	1.0
0.008507347254447	0.189873417721519	0.0	0.0070704690077775	0.174
0.0262954369682907	0.9746835443037974	1.0	0.0148479849163327	0.3
0.0077339520494972	0.9367088607594936	1.0	0.027339146830073	0.8019999999999999
0.0162412993039443	0.2025316455696202	1.0	0.0212114070233325	1.0
0.1531322505800464	0.9240506329113924	0.0	0.1218477492340325	0.3419999999999999
0.0023201856148491	0.0379746835443038	1.0	0.0431298609474428	0.358
0.0765661252900232	0.240506329113924	0.0	0.0106057035116662	0.016
0.0030935808197989	0.1772151898734177	0.0	0.0068347867075182	0.174
0.0077339520494972	0.4936708860759494	1.0	0.013198208814518	1.0
0.0046403712296983	0.4556962025316455	0.0	0.013198208814518	1.0
0.0618716163959783	0.5063291139240507	0.0	0.0280461937308508	0.65
0.0015467904098994	0.3924050632911392	0.0	0.0110770681121847	0.354
0.0100541376643464	0.379746835443038	0.0	0.0223898185246288	0.576
0.0023201856148491	0.3164556962025316	0.0	0.0610417157671458	0.3339999999999999
0.0239752513534416	0.7721518987341772	1.0	0.0110770681121847	0.124
0.0116009280742459	0.569620253164557	0.0	0.0186189017204807	0.412
0.0502706883217324	0.7848101265822784	1.0	0.0214470893235917	1.0
0.0023201856148491	0.9367088607594936	0.0	0.0172048079189252	1.0
0.0100541376643464	0.1265822784810126	1.0	0.0073061513080367	0.318
0.0216550657385924	0.7215189873417721	0.0	0.0308743813339618	0.986
0.0278422273781902	0.2531645569620253	0.0	0.0259250530285175	0.182
0.0100541376643464	0.3037974683544304	1.0	0.0146123026160735	0.412
0.0123743232791956	0.2278481012658227	1.0	0.013198208814518	0.616
0.0139211136890951	0.8354430379746836	0.0	0.0157907141173697	1.0
0.0951276102088167	0.620253164556962	0.0	0.0612773980674051	0.394
0.0	0.6708860759493671	0.0	0.012255479613481	0.3419999999999999
0.0680587780355761	0.6582278481012658	1.0	0.0492576007541833	0.264
0.1214230471771074	0.5189873417721519	1.0	0.031110063634221	0.184
0.0850734725444702	0.4177215189873418	0.0	0.0221541362243695	0.3419999999999999
	0.4556962025316455	0.0	0.0129625265142587	1.0
0.0270688321732405	1.0	1.0	0.0233325477256658	0.696
	0.1139240506329113	1.0	0.0143766203158142	0.014
0.0224284609435421	0.0886075949367088	1.0	0.0068347867075182	1.0
0.0394431554524361	0.8354430379746836	0.0	0.0862597218948857	0.53
0.0525908739365816	0.4683544303797468	0.0	0.1296252651425878	0.204
0.0123743232791956	0.5189873417721519	0.0	0.041480084845628	0.266
0.0433101314771848	0.8481012658227848	1.0	0.0443082724487391	0.564
0.0015467904098994	0.1392405063291139	0.0	0.0115484327127032	0.536
0.0363495746326372	0.5063291139240507	1.0	0.010370021211407	1.0
0.0046403712296983	0.2025316455696202	0.0	0.0068347867075182	0.096
0.0696055684454756	0.7974683544303798	1.0	0.0285175583313693	0.2259999999999999
0.0239752513534416	0.9240506329113924	1.0	0.015083667216592	0.2
0.0	0.3670886075949367	1.0	0.0205043601225547	0.6639999999999999
0.0030935808197989	0.1772151898734177	0.0	0.0098986566108885	0.646
0.0030935808197989	0.2151898734177215	1.0	0.0080131982088145	0.034
0.0232018561484918	1.0	0.0	0.0567994343624793	0.122
0.0038669760247486	0.1645569620253164	0.0	0.0091916097101107	0.364
	0.0632911392405063	1.0	0.0110770681121847	0.364
0.0193348801237432	0.3164556962025316	1.0	0.0087202451095922	0.222
0.0038669760247486	0.189873417721519	1.0	0.0049493283054442	1.0
0.0247486465583913	0.5189873417721519	1.0	0.0428941786471835	0.686
0.0007733952049497	0.7468354430379747	1.0	0.0162620787178882	0.148
0.0100541376643464	0.759493670886076	1.0	0.016026396417629	0.204
0.0208816705336426	0.0253164556962025	1.0	0.0108413858119255	1.0
	0.0759493670886076	0.0	0.0042422814046665	0.77
0.0510440835266821	0.9113924050632912	0.0	0.0605703511666273	0.2779999999999999
0.0378963650425367	0.6708860759493671	1.0	0.0068347867075182	0.2299999999999999
0.0	0.5189873417721519	0.0	0.0044779637049257	1.0
0.0023201856148491	0.5949367088607594	0.0	0.014140938015555	0.378
0.1167826759474091	0.8607594936708861	1.0	0.0249823238274805	0.2799999999999999
0.017014694508894	0.5443037974683544	1.0	0.0148479849163327	0.924
0.0139211136890951	0.8354430379746836	1.0	0.0129625265142587	0.2339999999999999
0.0015467904098994	0.1772151898734177	1.0	0.0153193495168512	0.086
0.0038669760247486	0.2025316455696202	0.0	0.011312750412444	0.362
0.0092807424593967	0.7848101265822784	1.0	0.0096629743106292	0.924
0.0100541376643464	0.3291139240506329	1.0	0.012255479613481	0.65
0.0193348801237432	0.5443037974683544	1.0	0.017911854819703	0.904
0.0139211136890951	0.9746835443037974	1.0	0.0304030167334433	0.222
0.0317092034029389	0.0	0.0	0.038651897242517	1.0
0.0487238979118329	0.9240506329113924	1.0	0.0186189017204807	0.2319999999999999
	0.0126582278481012	1.0	0.0278105114305915	0.558
0.0750193348801237	0.6455696202531646	0.0	0.016969125618666	1.0
	0.2151898734177215	1.0	0.003770916804148	0.294
0.0232018561484918	0.5822784810126582	1.0	0.0268677822295545	0.192
