X0	X1	X2	X3	X4
0.0095383186427504	0.4804311673738756	0.517948717948718	0.02099609375	0.051399993419442
0.1239971714496964	0.3478031457663458	0.3076923076923077	0.1304882809999999	0.0981175369739888
0.0651705455172941	0.0428967053301811	0.4512820512820513	0.085488281	0.0373790260564542
0.0111277554542092	0.7009519727532537	0.5384615384615384	0.08	0.0280355174390028
0.0047690380972275	0.7442663094287912	0.5743589743589743	0.091484375	0.0560660437586466
0.0047690380972275	0.7926882774580379	0.3743589743589743	0.0219970702999999	0.0373790260564542
0.0063594451788152	0.560866606519798	0.4769230769230769	0.0569921875	0.0420564848019906
0.0174874430813198	0.1379019895599323	0.3230769230769231	0.03149902345	0.0327072719813733
0.0763024248182796	0.3394387058583057	0.3435897435897436	0.03	0.0280355174390028
0.4641793308126761	0.3323746506364642	0.3743589743589743	0.0544921875	0.0420564848019906
	0.3344033843889641	0.4769230769230769	0.0329980469	0.0233637633639218
0.0079488819902741	0.5113358869302509	0.6102564102564103	0.133496094	0.0373790260564542
0.0047690380972275	0.5813781524156334	0.5487179487179488	0.0594921875	0.0373790260564542
	0.8460371021300751	0.5487179487179488	0.03399902345	0.0373790260564542
0.0238451901681726	0.6506336004463643	0.3692307692307692	0.03649902345	0.0373790260564542
0.08585068956451	0.3048111011661818	0.5846153846153846	0.0794921875	0.0327072719813733
0.0063594451788152	0.5077082217412435	0.4153846153846154	0.0375	0.0420564848019906
0.0143085696173847	0.4135267451710183	0.6512820512820513	0.081484375	0.093440078695742
0.0079488819902741	0.4887956072819156	0.2974358974358974	0.0519921875	0.2289722926455046
0.0111277554542092	0.6409087562616362	0.3641025641025641	0.0404980469	0.0420564848019906
0.0158960657296031	0.5560576412396395	0.3487179487179487	0.0664941404999999	0.1027949957195252
0.0095383186427504	0.5862111016673394	0.3743589743589743	0.070996094	0.0700870111216344
0.0095383186427504	0.7609959051843204	0.5897435897435898	0.0479980469	0.0373790260564542
	0.6486766992852658	0.3538461538461538	0.063496094	0.0373790260564542
0.0127171921066855	0.6852375791366654	0.5282051282051282	0.0575	0.0327072719813733
0.0047690380972275	0.4395988734454121	0.5794871794871795	0.0414941406	0.1121499127433083
0.0063594451788152	0.2004272487986238	0.3692307692307692	0.0544921875	0.0280355174390028
0.0063594451788152	0.3875857531390663	0.6666666666666666	0.0994921875	0.1495239476804037
0.0095383186427504	0.4100662518433949	0.2102564102564102	0.0004999542	0.0981175369739888
0.0031796012857687	0.5416200063074266	0.3641025641025641	0.082988281	0.0327072719813733
0.0365645654223939	0.5456056412210252	0.4102564102564102	0.03099609375	0.0373790260564542
0.0063594451788152	0.2853973290924262	0.4974358974358974	0.0539941404999999	0.0467225351411952
0.0111277554542092	0.444431345404152	0.3025641025641025	0.02899902345	0.0373790260564542
0.0158960657296031	0.5515597516501509	0.3897435897435897	0.0489941406	0.0420564848019906
0.0683533003797101	0.5588740277094817	0.3333333333333333	0.0714941405	0.1542014059586505
0.0063594451788152	0.5537789252961335	0.2564102564102564	0.0675	0.1168045546761812
0.1271799264710949	0.8451186711400155	0.2717948717948718	0.21046875	0.2523367686259439
0.0143085696173847	0.5324082520612792	0.441025641025641	0.0619921875	0.0420564848019906
0.0111277554542092	0.3037968536131734	0.5794871794871795	0.03849609375	0.0233637633639218
	0.7272512924795215	0.3333333333333333	0.100996094	0.0700870111216344
0.0047690380972275	0.7267859318375529	0.6	0.03724609375	0.0467225351411952
	0.6976826352585621	0.558974358974359	0.0064990234499999	0.0467225351411952
0.0047690380972275	0.5011813597527718	0.6974358974358974	0.0589941405	0.1728884236608429
0.0063594451788152	0.7163094705544246	0.3487179487179487	0.0354980469	0.0420564848019906
0.0222576940559542	0.7073834954717426	0.5487179487179488	0.5	0.0654209607824298
0.0174874430813198	0.5859606421833671	0.5128205128205128	0.0325	0.0560660437586466
0.0317904332082612	0.3776580594437365	0.1538461538461538	0.00599975585	0.1822433406846261
0.0095383186427504	0.7186596611196076	0.3743589743589743	0.00099990845	0.0233637633639218
0.0047690380972275	0.3346061145763243	0.4769230769230769	0.063496094	0.0420564848019906
0.0349731880706772	0.6583177785544396	0.3128205128205128	0.0539941404999999	0.0981175369739888
0.0047690380972275	0.6172232121410921	0.358974358974359	0.336484375	0.0373790260564542
0.0190749391935382	0.4795240720917614	0.3846153846153846	0.0429980469	0.0327072719813733
0.0047690380972275	0.2269526860675915	0.3743589743589743	0.0014999389499999	0.0420564848019906
0.0158960657296031	0.1854044526899456	0.2974358974358974	0.100488281	0.0233637633639218
0.0031796012857687	0.5295325619403964	0.5333333333333333	0.0519921875	0.1214820129544281
0.0031796012857687	0.4705034736785458	0.3794871794871794	0.0525	0.0373790260564542
0.0143085696173847	0.6008162664306612	0.676923076923077	0.111484375	0.051399993419442
0.0143085696173847	0.5584202414219417	0.3333333333333333	0.0519921875	0.0794305197390859
0.0270240636321077	0.5719038870381191	0.2666666666666666	0.0444921875	0.051399993419442
0.0047690380972275	0.7026823984019277	0.5384615384615384	0.060498047	0.051399993419442
0.0031796012857687	0.5577284052675484	0.5487179487179488	0.05	0.0233637633639218
0.0270240636321077	0.1013412290317742	0.0	0.25046875	0.0373790260564542
0.0111277554542092	0.1117701996647732	0.717948717948718	0.0425	0.0467225351411952
0.0031796012857687	0.5839679440498093	0.5384615384615384	0.03	0.0420564848019906
0.0158960657296031	0.7631552978862961	0.3333333333333333	0.155996094	0.0841079780173327
0.0047690380972275	0.5878818656952483	0.4256410256410256	0.0275	0.0280355174390028
	0.6091807063387012	0.4051282051282051	0.0489941406	0.0467225351411952
0.284578800528747	0.6875877697018482	0.3641025641025641	0.0425	0.0233637633639218
0.0047690380972275	0.4160801432165275	0.7743589743589744	0.0489941406	0.1822433406846261
0.313145966479856	0.4000311672306877	0.2974358974358974	0.0525	0.093440078695742
	0.5323127934680548	0.4461538461538462	0.0539941404999999	0.0467225351411952
0.0015896794187366	0.5693263856978209	0.5076923076923077	0.04349609375	0.0280355174390028
0.0063594451788152	0.7215589772423134	0.3282051282051282	0.062998047	0.2429818516021607
0.0047690380972275	0.5875235380009325	0.4102564102564102	0.052998047	0.0186920088215513
	0.4428324139676445	0.2205128205128205	0.04	0.2710009690481833
0.2162039106450266	0.3660239240712803	0.3487179487179487	0.055996094	0.3177299210090618
	0.7471423575193987	0.5487179487179488	0.0329980469	0.2056078166650654
0.0111277554542092	0.5332913633718458	0.5794871794871795	0.1544921875	0.0186920088215513
	0.7613891945884046	0.241025641025641	0.0479980469	0.0280355174390028
0.0254365675198893	0.3619433078574235	0.2461538461538461	0.0794921875	0.0327072719813733
0.0286154409838244	0.5092474915569858	0.241025641025641	0.0739941405	0.1822433406846261
0.1875746413643288	0.3143094698384853	0.5025641025641026	0.005	0.1214820129544281
	0.0631577917420441	0.241025641025641	0.0329980469	0.0560660437586466
0.020666316545255	0.5490056376651926	0.3692307692307692	0.03849609375	0.0560660437586466
0.0079488819902741	0.553802909267681	0.4923076923076923	0.03	0.0747644693998813
0.0190749391935382	0.7095436041131675	0.358974358974359	0.0564941405	0.0280355174390028
0.0063594451788152	0.7556379336698805	0.5384615384615384	0.00849975585	0.0467225351411952
0.0079488819902741	0.6476622130857743	0.3333333333333333	0.0569921875	0.0887854367628691
0.0095383186427504	0.7299954883882378	0.3076923076923077	0.0625	0.0420564848019906
0.0111277554542092	0.5142115770511337	0.4615384615384615	0.0519921875	0.0794305197390859
0.0715360554011086	0.4330598404863042	0.2307692307692307	0.0539941404999999	0.0841079780173327
0.0095383186427504	0.632019174767621	0.6307692307692307	0.02099609375	0.0560660437586466
0.0158960657296031	0.6381645603529199	0.3384615384615385	0.05	0.0373790260564542
	0.4074531921771205	0.3794871794871794	0.03849609375	0.0327072719813733
0.0031796012857687	0.476159395327087	0.3282051282051282	0.0275	0.0747644693998813
0.0127171921066855	0.4674607310195204	0.5435897435897435	0.0329980469	0.051399993419442
0.0031796012857687	0.6997349950128852	0.4307692307692308	0.123984375	0.0327072719813733
	0.556714635007506	0.358974358974359	0.060498047	0.051399993419442
0.0270240636321077	0.5719038870381191	0.2666666666666666	0.0444921875	0.051399993419442
0.0031796012857687	0.4242060559647481	0.5282051282051282	0.068496094	0.0420564848019906
