X0	X1	X2	X3	X4
0.0651685393258427	0.0769230769230769	0.7045454545454546	0.4636752136752137	0.1450577663671373
0.0224719101123595	0.2307692307692307	0.6363636363636364	0.1666666666666666	0.1245186136071887
0.0539325842696629	0.3076923076923077	0.5	0.1645299145299145	0.2015404364569961
0.0539325842696629	0.0769230769230769	0.7954545454545454	0.1858974358974359	0.0629011553273427
0.0337078651685393	0.3846153846153846	0.5795454545454546	0.4081196581196581	0.055198973042362
0.0674157303370786	0.3076923076923077	0.6022727272727273	0.3952991452991453	0.2015404364569961
0.0224719101123595	0.1538461538461538	0.375	0.1282051282051282	0.0885750962772785
0.0539325842696629	0.1538461538461538	0.375	0.1645299145299145	0.073170731707317
0.0337078651685393	0.1538461538461538	0.4886363636363636	0.1944444444444444	0.2349165596919127
0.0516853932584269	0.3076923076923077	0.5454545454545454	0.2264957264957265	0.5301668806161746
0.0337078651685393	0.3076923076923077	0.7045454545454546	0.1623931623931624	0.0860077021822849
0.0539325842696629	0.3076923076923077	0.6704545454545454	0.2927350427350427	0.0962772785622593
0.0292134831460674	0.1538461538461538	0.4204545454545454	0.2179487179487179	0.0526315789473684
0.049438202247191	0.0769230769230769	0.6136363636363636	0.235042735042735	0.042362002567394
0.0539325842696629	0.0769230769230769	0.5227272727272727	0.1923076923076923	0.1091142490372272
0.0404494382022471	0.6923076923076923	0.5454545454545454	0.1688034188034188	0.2682926829268293
0.0449438202247191	0.3846153846153846	0.6477272727272727	0.1901709401709401	0.2426187419768934
0.0516853932584269	0.0769230769230769	0.6590909090909091	0.2393162393162393	0.1116816431322208
0.0561797752808988	0.1538461538461538	0.7840909090909091	0.126068376068376	0.042362002567394
0.049438202247191	0.0769230769230769	0.3409090909090909	0.1709401709401709	0.0397946084724005
0.0516853932584269	0.3076923076923077	0.5454545454545454	0.2264957264957265	0.5301668806161746
0.0516853932584269	0.0769230769230769	0.1136363636363636	0.1666666666666666	0.1270860077021822
0.0853932584269662	0.0769230769230769	0.0681818181818181	0.1196581196581196	0.0654685494223363
	0.2307692307692307	0.0	0.4786324786324786	0.1810012836970475
0.0629213483146067	0.3076923076923077	0.7954545454545454	0.6431623931623932	0.0988446726572528
0.0247191011235955	0.2307692307692307	0.875	0.1901709401709401	0.1091142490372272
0.0224719101123595	0.3076923076923077	0.2159090909090909	0.1816239316239316	0.0988446726572528
0.0224719101123595	0.2307692307692307	0.4545454545454545	0.1623931623931624	0.0474967907573812
0.0449438202247191	0.3846153846153846	0.6022727272727273	0.5876068376068376	0.1322207958921694
0.0359550561797752	0.3076923076923077	0.7045454545454546	0.9423076923076924	0.1604621309370988
0.0561797752808988	0.1538461538461538	0.7159090909090909	0.6089743589743589	0.0680359435173299
0.0359550561797752	0.3076923076923077	1.0	0.25	0.2246469833119384
0.0853932584269662	0.3076923076923077	0.7159090909090909	0.3205128205128205	0.2066752246469833
0.0539325842696629	0.1538461538461538	0.6931818181818182	0.1944444444444444	0.0603337612323491
0.0898876404494382	0.3076923076923077	0.3409090909090909	0.4017094017094017	0.5686777920410783
0.0449438202247191	0.1538461538461538	0.6477272727272727	0.8589743589743589	0.1373555840821566
0.0561797752808988	0.2307692307692307	0.8181818181818182	0.235042735042735	0.2477535301668806
0.0426966292134831	0.1538461538461538	0.7840909090909091	0.4209401709401709	0.2066752246469833
	0.1538461538461538	0.2159090909090909	0.3952991452991453	0.1424903722721437
0.0269662921348314	0.1538461538461538	0.625	0.4209401709401709	0.0885750962772785
0.0269662921348314	0.1538461538461538	0.5	0.2735042735042735	0.2811296534017972
0.0359550561797752	0.1538461538461538	0.5113636363636364	0.1645299145299145	0.1142490372272143
0.8202247191011236	0.2307692307692307	0.7386363636363636	0.3418803418803419	1.0
	0.1538461538461538	0.1931818181818181	0.2115384615384615	0.0911424903722721
0.0382022471910112	0.0769230769230769	0.8977272727272727	0.2692307692307692	0.0962772785622593
0.0359550561797752	0.1538461538461538	0.5113636363636364	0.1645299145299145	0.1142490372272143
0.0337078651685393	0.0769230769230769	0.7840909090909091	0.8589743589743589	0.1193838254172015
0.0359550561797752	0.1538461538461538	0.8863636363636364	0.5277777777777778	0.4865211810012837
0.0696629213483146	0.1538461538461538	0.7613636363636364	0.5	0.0988446726572528
0.0741573033707865	0.2307692307692307	0.8068181818181818	0.4935897435897436	0.3607188703465982
	0.2307692307692307	0.75	0.3183760683760683	0.073170731707317
0.0224719101123595	0.0769230769230769	0.5113636363636364	0.202991452991453	0.0526315789473684
0.0539325842696629	0.0769230769230769	0.7840909090909091	0.2051282051282051	0.3170731707317073
0.8202247191011236	0.2307692307692307	0.7386363636363636	0.3418803418803419	1.0
1.0	0.3076923076923077	0.5681818181818182	0.4316239316239316	0.4223363286264441
0.0561797752808988	0.2307692307692307	0.4886363636363636	0.202991452991453	0.1142490372272143
0.0516853932584269	0.1538461538461538	0.7840909090909091	0.1217948717948717	0.1168164313222079
0.0359550561797752	0.3076923076923077	0.3636363636363636	0.1752136752136752	0.1245186136071887
0.0067415730337078	0.1538461538461538	0.7159090909090909	0.3867521367521367	0.1142490372272143
0.0539325842696629	0.1538461538461538	0.8181818181818182	0.1517094017094017	0.3940949935815148
0.0224719101123595	0.0769230769230769	0.6477272727272727	0.1944444444444444	0.055198973042362
0.0337078651685393	0.0769230769230769	0.7840909090909091	0.8589743589743589	0.1193838254172015
0.0561797752808988	0.2307692307692307	0.4318181818181818	0.2521367521367521	0.0218228498074454
0.0561797752808988	0.2307692307692307	0.375	0.1752136752136752	0.0757381258023106
0.0382022471910112	0.2307692307692307	0.1363636363636363	0.3632478632478632	0.0346598202824133
0.0404494382022471	0.0769230769230769	0.5795454545454546	0.1474358974358974	0.2888318356867779
0.0382022471910112	0.1538461538461538	0.5227272727272727	0.2179487179487179	0.0577663671373555
0.0247191011235955	0.2307692307692307	0.875	0.1901709401709401	0.1091142490372272
0.0561797752808988	0.2307692307692307	0.4431818181818182	0.1923076923076923	0.1193838254172015
	0.2307692307692307	0.6818181818181818	0.4786324786324786	0.0577663671373555
0.0224719101123595	0.2307692307692307	0.6477272727272727	0.6004273504273504	0.0860077021822849
0.0426966292134831	0.1538461538461538	0.6022727272727273	0.1645299145299145	0.0603337612323491
0.0314606741573033	1.0	0.6136363636363636	0.5897435897435898	0.0577663671373555
0.0359550561797752	0.3076923076923077	0.7045454545454546	0.9423076923076924	0.1604621309370988
0.0224719101123595	0.2307692307692307	0.6477272727272727	0.6004273504273504	0.0860077021822849
0.0337078651685393	0.1538461538461538	0.75	0.1666666666666666	0.134788189987163
0.0539325842696629	0.2307692307692307	0.5113636363636364	0.2179487179487179	0.1091142490372272
	0.1538461538461538	0.1931818181818181	0.2115384615384615	0.0911424903722721
0.0539325842696629	0.2307692307692307	0.7386363636363636	0.6816239316239316	0.0911424903722721
0.047191011235955	0.0769230769230769	0.7727272727272727	0.2094017094017094	0.0988446726572528
0.0089887640449438	0.0	0.6477272727272727	0.4679487179487179	0.4865211810012837
0.0202247191011235	0.4615384615384615	0.5	0.2307692307692307	0.0372272143774069
0.0561797752808988	0.0769230769230769	0.5568181818181818	0.2286324786324786	0.0603337612323491
0.0224719101123595	0.1538461538461538	0.5	0.1666666666666666	0.1168164313222079
0.0292134831460674	0.1538461538461538	0.3636363636363636	0.2799145299145299	0.0526315789473684
	0.1538461538461538	0.2727272727272727	0.4871794871794871	0.0474967907573812
0.0561797752808988	0.1538461538461538	0.3068181818181818	0.2243589743589743	0.1091142490372272
0.0314606741573033	0.1538461538461538	0.4090909090909091	0.1752136752136752	0.1938382541720154
0.049438202247191	0.1538461538461538	0.8295454545454546	0.2158119658119658	0.0757381258023106
0.0314606741573033	0.2307692307692307	0.1477272727272727	0.1517094017094017	0.0397946084724005
0.0539325842696629	0.1538461538461538	0.2954545454545454	0.2329059829059829	0.0706033376123234
0.0539325842696629	0.2307692307692307	0.4318181818181818	0.2072649572649572	0.0346598202824133
0.0561797752808988	0.1538461538461538	0.3636363636363636	0.4017094017094017	0.0808729139922978
0.0337078651685393	0.2307692307692307	0.2386363636363636	0.1901709401709401	0.0834403080872914
0.0314606741573033	0.1538461538461538	0.4090909090909091	0.1752136752136752	0.1938382541720154
0.0561797752808988	0.0769230769230769	0.2386363636363636	0.1559829059829059	0.0577663671373555
	0.2307692307692307	0.1022727272727272	0.1559829059829059	0.0397946084724005
0.0539325842696629	0.2307692307692307	0.5113636363636364	0.2179487179487179	0.1091142490372272
0.0247191011235955	0.1538461538461538	0.6704545454545454	0.2371794871794871	0.0937098844672657
0.0247191011235955	0.1538461538461538	0.6704545454545454	0.2371794871794871	0.0937098844672657
