X0	X1	X2	X3	X4
0.0143085696173847	0.3205498367240424	0.6205128205128205	0.0739941405	0.1261594716999644
0.0063594451788152	0.0763907392277662	0.3487179487179487	0.100488281	0.0420564848019906
0.0079488819902741	0.2789301287247197	0.3025641025641025	0.083984375	0.1214820129544281
0.0111277554542092	0.6092163839879188	0.2205128205128205	0.1275	0.051399993419442
0.0127171921066855	0.5927497766567227	0.3641025641025641	0.050996094	0.0654209607824298
0.0492800594371169	0.0828222619462551	0.5384615384615384	0.0369970703	0.1542014059586505
0.0047690380972275	0.5713554774200453	0.3743589743589743	0.0254980469	0.0420564848019906
0.0556378065239696	0.5749466296971445	0.6051282051282051	0.1225	0.2336269345783775
0.0047690380972275	0.8092503433824583	0.6564102564102564	0.0564941405	0.0794305197390859
0.1796255169257593	0.5677875931750447	0.558974358974359	0.0589941405	0.0560660437586466
0.020666316545255	0.3683151689551472	0.241025641025641	0.091484375	0.051399993419442
0.0127171921066855	0.333031286434606	0.4153846153846154	0.03	0.0981175369739888
	0.7634772319919453	0.3230769230769231	0.0454980469	0.0373790260564542
0.0047690380972275	0.6489031747976904	0.3333333333333333	0.1019921875	0.0373790260564542
0.0667696858249551	0.8199649738556812	0.3743589743589743	0.0219970702999999	0.0467225351411952
0.082667934702094	0.715068389519267	0.5282051282051282	0.060996094	0.0280355174390028
0.0381559429330932	0.7224183432278153	0.0	0.40046875	0.341094396989501
0.0031796012857687	0.5327662217858704	0.6410256410256411	0.0294970702999999	0.2710009690481833
0.0063594451788152	0.6639737002029807	0.5076923076923077	0.095	0.051399993419442
0.0063594451788152	0.3685416444675719	0.6615384615384615	0.01899902345	0.1355143887237476
0.0063594451788152	0.6124500438333927	0.558974358974359	0.073496094	0.0654209607824298
0.0047690380972275	0.6643320278972966	0.3897435897435897	0.0354980469	0.0186920088215513
	0.3566570496111435	0.3846153846153846	0.0894921875	0.0280355174390028
	0.5714151390408106	0.3230769230769231	0.0354980469	0.093440078695742
0.0015896794187366	0.5499247845947013	0.3641025641025641	0.068496094	0.0140174024112427
0.0063594451788152	0.4008544975972475	0.4102564102564102	0.0254980469	0.0186920088215513
0.082667934702094	0.1058516475616236	0.4051282051282051	0.0175	0.0467225351411952
0.0508714369478161	0.0966398933154762	0.3282051282051282	0.0639941405	0.3691591485281401
0.0095383186427504	0.7219173049366292	0.2769230769230769	0.055	0.0467225351411952
0.0063594451788152	0.4050068270792642	0.5641025641025641	0.03399902345	0.051399993419442
0.0047690380972275	0.8279718020088546	0.3846153846153846	0.0669921875	0.1448464889348673
0.0015896794187366	0.28490798447891	0.3743589743589743	0.02849609375	0.051399993419442
	0.5462021381054356	0.2564102564102564	0.145996094	0.0420564848019906
0.0158960657296031	0.4475695466564017	0.2307692307692307	0.05	0.0327072719813733
0.0079488819902741	0.2811852186664029	0.3743589743589743	0.0404980469	0.0186920088215513
0.0111277554542092	0.736391333457509	0.1948717948717948	0.0325	0.0420564848019906
0.0111277554542092	0.5551750072220392	0.6615384615384615	0.0564941405	0.1728884236608429
	0.564100266365272	0.3333333333333333	0.06	0.4345066672859312
0.0111277554542092	0.6986250502201693	0.4256410256410256	0.0639941405	0.0327072719813733
0.0031796012857687	0.3262654199933489	0.4102564102564102	0.0294970702999999	0.0280355174390028
0.0190749391935382	0.6376394187669446	0.5384615384615384	0.0119995117	0.0373790260564542
0.0063594451788152	0.2174783013668358	0.3435897435897436	0.0675	0.0373790260564542
0.0047690380972275	0.4301841503654214	0.5641025641025641	0.0775	0.0981175369739888
0.0079488819902741	0.1314345505457427	0.2923076923076923	0.112988281	0.0140174024112427
0.0047690380972275	0.4510657176332426	0.5128205128205128	0.0419921875	0.0373790260564542
0.0095383186427504	0.5602818033130575	0.5435897435897435	0.093496094	0.0654209607824298
0.0047690380972275	0.2855284653348681	0.4461538461538462	0.03649902345	0.0373790260564542
0.0079488819902741	0.6351573760198707	0.4974358974358974	0.0425	0.0373790260564542
0.0079488819902741	0.6434504606294755	0.7025641025641025	0.0775	0.093440078695742
0.0095383186427504	0.7066675560225602	0.282051282051282	0.0619921875	0.1214820129544281
0.0047690380972275	0.6502163270707326	0.3128205128205128	0.115996094	0.051399993419442
0.0143085696173847	0.7097700796255922	0.282051282051282	0.075996094	0.2056078166650654
0.0222576940559542	0.4183352331582106	0.2205128205128205	0.0664941404999999	0.0560660437586466
0.0031796012857687	0.564327457817146	0.5897435897435898	0.0975	0.0747644693998813
0.0015896794187366	0.2942869105864416	0.3743589743589743	0.0375	0.0280355174390028
0.0079488819902741	0.4875906811889415	0.6205128205128205	0.088984375	0.0420564848019906
	0.6526618569058983	0.3692307692307692	0.060498047	0.0607435020368935
0.0238451901681726	0.6051000901248443	0.2666666666666666	0.0129980468999999	0.0560660437586466
0.0127171921066855	0.7750760476849083	0.5435897435897435	0.0464941406	0.0654209607824298
0.0111277554542092	0.4286565742273492	0.5435897435897435	0.125488281	0.051399993419442
0.0063594451788152	0.7462590075623491	0.358974358974359	0.0429980469	0.0280355174390028
0.0922006736954185	0.3133666969071535	0.3025641025641025	0.0619921875	0.0373790260564542
0.100149798133988	0.2362362729051403	0.5794871794871795	0.04599609375	0.0373790260564542
	0.8596283773101129	0.4974358974358974	0.01899902345	0.0700870111216344
0.4180992500828437	0.8155500139190561	0.6307692307692307	0.0844921875	0.0280355174390028
	0.7487409309861814	0.4256410256410256	0.0644921875	0.0373790260564542
0.0095383186427504	0.7920910646341782	0.3487179487179487	0.0429980469	0.0420564848019906
0.0047690380972275	0.4538099135419589	0.3487179487179487	0.09	0.0887854367628691
0.0031796012857687	0.4934730783499075	0.3641025641025641	0.0304980469	0.0373790260564542
0.0047690380972275	0.7694558036855846	0.2	0.0794921875	0.1728884236608429
0.0095383186427504	0.5722622147324349	0.3846153846153846	0.143984375	0.2196173756217214
	0.5178387649471751	0.3948717948717948	0.03099609375	0.8550672349338377
0.0079488819902741	0.5321457409299123	0.6923076923076923	0.0489941406	0.0467225351411952
	0.8707967940708758	0.6512820512820513	0.055996094	0.1775658819390898
0.0063594451788152	0.9255184326367202	0.3794871794871794	0.0519921875	0.2616460520244001
0.0031796012857687	0.6157790429488496	0.9128205128205128	0.04099609375	0.0280355174390028
0.0079488819902741	0.7382885729978426	0.2102564102564102	0.0769921875	0.0747644693998813
0.0190749391935382	0.5383507881359765	0.7128205128205128	0.080488281	0.0373790260564542
	0.7471423575193987	0.5487179487179488	0.0329980469	0.2056078166650654
0.0095383186427504	0.7960529542227123	0.3641025641025641	0.060498047	0.0794305197390859
	0.7057492443557422	0.358974358974359	0.060996094	0.0373790260564542
0.0190749391935382	0.319965272163785	0.2666666666666666	0.086484375	0.051399993419442
0.0031796012857687	0.298272068207074	0.5128205128205128	0.0479980469	0.0467225351411952
0.0079488819902741	0.3792926685294616	0.8358974358974359	0.0269970703	0.0327072719813733
0.0095383186427504	0.4790947470687351	0.3743589743589743	0.0344970703	0.0747644693998813
0.0095383186427504	0.5193066794644821	0.5282051282051282	0.03899902345	0.0467225351411952
	0.5714151390408106	0.3230769230769231	0.0354980469	0.093440078695742
0.0095383186427504	0.5708901167780769	0.3128205128205128	0.0419921875	0.0186920088215513
0.0286154409838244	0.7130991980642907	0.5897435897435898	0.067998047	0.0373790260564542
0.0079488819902741	0.5845885442290091	0.358974358974359	0.0664941404999999	0.051399993419442
	0.4426652421062604	0.3641025641025641	0.0379980469	0.0280355174390028
0.0158960657296031	0.5550555646572672	0.3435897435897436	0.0619921875	0.0280355174390028
0.0079488819902741	0.5825951301560021	0.4153846153846154	0.05	0.0280355174390028
0.0731196699558636	0.0772380535658736	0.6153846153846154	0.02849609375	0.0373790260564542
0.0174874430813198	0.700654141942394	0.3743589743589743	0.0294970702999999	0.0607435020368935
0.0031796012857687	0.6444642308895178	0.2923076923076923	0.0354980469	0.051399993419442
0.0254365675198893	0.5002982484422053	0.3948717948717948	0.0539941404999999	0.0280355174390028
	0.1587118435595937	0.2153846153846154	0.100996094	0.1027949957195252
0.0063594451788152	0.4439420007906358	0.4461538461538462	0.04599609375	0.051399993419442
0.0174874430813198	0.5491374898470837	0.4051282051282051	0.1019921875	0.0186920088215513
