X0	X1	X2	X3	X4
0.0127171921066855	0.4431307220714706	0.1794871794871795	0.0669921875	0.0747644693998813
	0.7401500155657169	0.6256410256410256	0.067998047	0.0420564848019906
0.1494436850730658	0.7356157323875614	0.2871794871794871	0.0479980469	0.0327072719813733
0.0270240636321077	0.4862542608838009	0.3948717948717948	0.17546875	0.0233637633639218
	0.7543254973362877	0.6410256410256411	0.02849609375	0.0607435020368935
0.0143085696173847	0.4392409037208208	0.3230769230769231	0.06	0.0467225351411952
0.0620033162488016	0.6169246653907831	0.6461538461538462	0.0614941404999999	0.0327072719813733
	0.6509678248458911	0.3230769230769231	0.02149902345	0.0747644693998813
	0.5561298318007655	0.4205128205128205	0.080996094	0.0420564848019906
0.0079488819902741	0.46380943982869	0.3384615384615385	0.0019998169	0.1027949957195252
	0.348029979248495	0.8358974358974359	0.085	0.051399993419442
0.101748938441649	0.0570724257472349	0.2205128205128205	0.0144995117	0.1962528996412822
0.2925279249673165	0.6774332425243692	0.6	0.03849609375	0.0327072719813733
0.0015896794187366	0.63083787467647	0.2923076923076923	0.0475	0.0420564848019906
0.0158960657296031	0.7734052836569996	0.5076923076923077	0.04099609375	0.186897982617499
0.0174874430813198	0.4322842394163566	0.5487179487179488	0.0354980469	0.1027949957195252
0.0238451901681726	0.5136628094633354	0.3743589743589743	0.2569921875	0.051399993419442
0.0079488819902741	0.5601506670706157	0.1692307692307692	0.095996094	0.1822433406846261
0.0047690380972275	0.2217621250610189	0.3487179487179487	0.0325	0.0233637633639218
0.0143085696173847	0.588859958306073	0.7282051282051282	0.15	0.1355143887237476
0.0588205613863856	0.2611984563868183	0.4615384615384615	0.005	0.0654209607824298
0.0174874430813198	0.5101306028675523	0.3025641025641025	0.0644921875	0.0373790260564542
0.0015896794187366	0.4852637586558571	0.5282051282051282	0.03349609375	0.1027949957195252
	0.4083718618136632	0.3948717948717948	0.0519921875	0.0747644693998813
0.0095383186427504	0.6626613831926293	0.4974358974358974	0.065996094	0.0327072719813733
0.0190749391935382	0.4216285546244498	0.5487179487179488	0.050498047	0.4765809763793577
0.0779015651259405	0.6445960830714089	0.6307692307692307	0.0319970703	0.0887854367628691
0.0270240636321077	0.5530273081977335	0.5128205128205128	0.035	0.0280355174390028
0.0063594451788152	0.7160464821300917	0.5128205128205128	0.085	0.0420564848019906
0.0365645654223939	0.5662843589782446	0.3230769230769231	0.0675	0.0420564848019906
0.1255963117573574	0.7830463629261734	0.3487179487179487	0.095	0.093440078695742
0.0047690380972275	0.5965084587649305	0.3435897435897436	0.1229882809999999	0.0233637633639218
0.0047690380972275	0.6414578818191591	0.3487179487179487	0.0444921875	0.051399993419442
	0.9795124380757122	0.3948717948717948	0.03	0.0467225351411952
0.100149798133988	0.4990933223492311	0.6	0.0744921875	0.0560660437586466
0.0015896794187366	0.6225449093901066	0.5487179487179488	0.01899902345	0.2102624585979383
0.020666316545255	0.6949384393498459	0.5487179487179488	0.0379980469	0.0420564848019906
0.0302068184945237	0.4137888983326606	0.4974358974358974	0.0475	0.1121499127433083
0.0031796012857687	0.7192801419755658	0.6564102564102564	0.0625	0.1542014059586505
0.0031796012857687	0.6444642308895178	0.2923076923076923	0.0354980469	0.051399993419442
0.0095383186427504	0.4087534575400774	0.2923076923076923	0.112988281	0.0467225351411952
0.0317904332082612	0.7344344322964105	0.5692307692307692	0.0019998169	0.359804231504357
0.0031796012857687	0.5925589787935156	0.4256410256410256	0.062998047	0.0467225351411952
0.0015896794187366	0.0659978042137093	0.5641025641025641	0.00099990845	0.0327072719813733
0.0302068184945237	0.4100305741941774	0.3230769230769231	0.03349609375	0.0420564848019906
0.0127171921066855	0.3313962000559149	0.3435897435897436	0.02849609375	0.051399993419442
	0.7605065605708041	0.5487179487179488	0.0179980469	0.0280355174390028
0.0794851798396781	0.6468864926925851	0.2051282051282051	0.078496094	0.0373790260564542
0.0095383186427504	0.4590004745485315	0.358974358974359	0.03599609375	0.0560660437586466
0.0588205613863856	0.3334606114576324	0.5846153846153846	0.0269970703	0.3457946725477009
0.0047690380972275	0.5333867026418285	0.676923076923077	0.0589941405	0.107472453997772
	0.4039926988494972	0.2051282051282051	0.01899902345	0.0327072719813733
0.0047690380972275	0.3139871777631116	0.4564102564102564	0.0179980469	0.051399993419442
0.0143085696173847	0.4754074202589624	0.3435897435897436	0.062998047	0.0607435020368935
0.0127171921066855	0.3989929357061316	0.3076923076923077	0.00099990845	0.0420564848019906
0.0111277554542092	0.7192801419755658	0.5538461538461539	0.083496094	0.0607435020368935
	0.6527937090877893	0.4205128205128205	0.0369970703	0.0186920088215513
0.020666316545255	0.707586702952069	0.5692307692307692	0.0429980469	0.0280355174390028
0.0540541918102321	0.6087867009951677	0.5846153846153846	0.067998047	0.0373790260564542
0.0127171921066855	0.75652128362693	0.4256410256410256	0.0439941405999999	0.0654209607824298
	0.0401285254499172	0.3333333333333333	0.0544921875	0.0467225351411952
0.0095383186427504	0.610158798949526	0.3230769230769231	0.068496094	0.0560660437586466
0.0079488819902741	0.6781498979130007	0.3179487179487179	0.0354980469	0.0373790260564542
0.0143085696173847	0.6558000581581479	0.358974358974359	0.04099609375	0.0420564848019906
0.0111277554542092	0.7142803788322002	0.1846153846153846	0.1775	0.1168045546761812
0.0047690380972275	0.6995798747988955	0.3179487179487179	0.055498047	0.1308369299782113
0.0111277554542092	0.3289145152785655	0.4102564102564102	0.0714941405	0.0467225351411952
0.0063594451788152	0.5219914523989162	0.3948717948717948	0.0525	0.1401690306566205
0.0	0.5624658959260301	0.3743589743589743	0.05	0.0280355174390028
0.0095383186427504	0.610158798949526	0.3230769230769231	0.068496094	0.0560660437586466
0.0063594451788152	0.577464350093436	0.3333333333333333	0.082988281	0.0841079780173327
0.0047690380972275	0.8834333639954289	0.7128205128205128	0.0675	0.0747644693998813
0.0540541918102321	0.6125810607525932	0.3641025641025641	0.0475	0.0280355174390028
0.0810687943944331	0.6455143947382269	0.3948717948717948	0.0689941405	0.0607435020368935
0.0127171921066855	0.6400260029207944	0.3948717948717948	0.0375	0.0420564848019906
0.0095383186427504	0.1570174535298619	0.358974358974359	0.0475	0.0327072719813733
0.0111277554542092	0.5148677355563095	0.5128205128205128	0.08	0.0607435020368935
0.0047690380972275	0.5544947454220743	0.2512820512820513	0.0975	0.1214820129544281
	0.7030996717775596	0.4051282051282051	0.058496094	0.0607435020368935
0.0111277554542092	0.6416245763875771	0.5692307692307692	0.03899902345	0.0467225351411952
0.0047690380972275	0.621303828354949	0.3384615384615385	0.1319921875	0.0467225351411952
0.0063594451788152	0.5913420010531469	0.6358974358974359	0.105996094	0.0233637633639218
0.0	0.2220247555156273	0.358974358974359	0.04	0.0280355174390028
0.0143085696173847	0.4977448503966961	0.5128205128205128	0.0544921875	0.0373790260564542
0.0461050673716626	0.5227787471465338	0.5025641025641026	0.0275	0.0280355174390028
0.0127171921066855	0.4955254381042305	0.3538461538461538	0.0475	0.0327072719813733
0.0174874430813198	0.5851012761978652	0.4102564102564102	0.0539941404999999	0.0747644693998813
0.0079488819902741	0.3204543781308181	0.5538461538461539	0.0875	0.0420564848019906
0.0143085696173847	0.7444936202039067	0.5641025641025641	0.0639941405	0.0560660437586466
	0.4976851887759309	0.5025641025641026	0.0464941406	0.0607435020368935
0.0095383186427504	0.5684080740310029	0.4871794871794871	0.0544921875	0.0280355174390028
0.0111277554542092	0.7842874439613311	0.6410256410256411	0.0644921875	0.0420564848019906
0.0047690380972275	0.4992841202124383	0.3435897435897436	0.0464941406	0.0607435020368935
0.0413309349985474	0.3991244299182981	0.3230769230769231	0.195	0.1682109649153066
0.0031796012857687	0.6539750091789404	0.3435897435897436	0.0925	0.0654209607824298
0.0079488819902741	0.3963441983906398	0.7692307692307693	0.0319970703	0.0280355174390028
0.096967043271572	0.0096413179156568	0.4769230769230769	0.1119921875	0.2710009690481833
0.0063594451788152	0.6992820439880357	0.4307692307692308	0.02649902345	0.0140174024112427
	0.6874210751334302	0.3487179487179487	0.04849609375	0.0280355174390028
0.0111277554542092	0.5551750072220392	0.6615384615384615	0.0564941405	0.1728884236608429
