X0	X1	X2	X3	X4
0.1372483323687977	0.410958904109589	0.4666666666666667	0.3979591836734694	0.0
0.0292406566964149	0.547945205479452	0.5333333333333333	0.3979591836734694	0.0
0.0627658818393185	0.2465753424657534	0.7333333333333333	0.3775510204081632	0.0
0.0588062095783456	0.3287671232876712	0.6	0.3979591836734694	0.0
0.0193414760439828	0.4931506849315068	0.7333333333333333	0.3979591836734694	0.0
	0.3835616438356164	0.6	0.4489795918367347	0.0
0.1372483323687977	0.1917808219178082	0.8	0.1938775510204081	0.4876923076923077
0.025971388829663	0.4794520547945205	0.5333333333333333	0.6020408163265306	0.4838461538461538
0.0627658818393185	0.5068493150684932	0.8	0.3979591836734694	0.0
0.1277045069192734	0.2602739726027397	0.3333333333333333	0.3979591836734694	0.0
0.1372077203456083	0.2054794520547945	0.6666666666666666	0.5	0.0
0.0588062095783456	0.5753424657534246	0.3333333333333333	0.2448979591836734	0.0
	0.2876712328767123	0.6666666666666666	0.3979591836734694	0.0
0.0356065913313636	0.1095890410958904	0.8666666666666667	0.3979591836734694	0.0
0.0247327221223843	0.2602739726027397	0.8	0.6020408163265306	0.0
0.1372483323687977	0.4246575342465753	0.8666666666666667	0.3979591836734694	0.0
0.1372483323687977	0.3835616438356164	0.8	0.6020408163265306	0.0
0.0627658818393185	0.3835616438356164	0.8	0.4489795918367347	0.0
0.0193414760439828	0.0136986301369863	0.3333333333333333	0.0510204081632653	0.0
0.0149350715279258	0.3698630136986301	0.5333333333333333	0.3469387755102041	0.0
1.0	0.410958904109589	0.6	0.3979591836734694	0.0
0.0721675652076797	0.2465753424657534	0.5333333333333333	0.3979591836734694	0.5076923076923077
0.0627658818393185	0.136986301369863	0.7333333333333333	0.3979591836734694	0.0
0.0356065913313636	0.726027397260274	0.5333333333333333	0.3979591836734694	0.0
0.0263470500441655	0.6986301369863014	0.5333333333333333	0.0408163265306122	0.0
0.1372077203456083	0.5342465753424658	0.6	0.3979591836734694	0.0
0.0162143502583939	0.1780821917808219	0.8	0.2448979591836734	0.0
	0.6164383561643836	0.5333333333333333	0.6020408163265306	0.0
0.0230980881890083	0.2054794520547945	0.5333333333333333	0.3979591836734694	0.0
0.0721675652076797	0.1780821917808219	0.6666666666666666	0.4489795918367347	0.0
0.0627658818393185	0.6164383561643836	0.5333333333333333	0.3979591836734694	0.0
0.0588062095783456	0.136986301369863	0.6	0.3979591836734694	0.0
	0.0273972602739726	0.5333333333333333	0.2959183673469387	0.0
0.0627658818393185	0.2054794520547945	0.8	0.5	0.0
0.0627658818393185	0.0410958904109589	0.4666666666666667	0.2448979591836734	0.0
0.0319210502269196	0.3013698630136986	0.7333333333333333	0.1938775510204081	0.0
0.1372483323687977	0.4657534246575342	0.4666666666666667	0.3979591836734694	0.0
0.1372483323687977	0.4520547945205479	0.7333333333333333	0.5	0.0
0.0162143502583939	0.1232876712328767	0.4666666666666667	0.3979591836734694	0.0
0.0319210502269196	0.410958904109589	0.6666666666666666	0.3979591836734694	0.0
	0.136986301369863	0.5333333333333333	0.3979591836734694	0.0
0.1372483323687977	0.2191780821917808	0.8	0.3979591836734694	0.0
0.0588062095783456	0.2465753424657534	0.5333333333333333	0.3979591836734694	0.0
0.0627658818393185	0.2054794520547945	0.5333333333333333	0.3979591836734694	0.0
0.1277045069192734	0.136986301369863	0.6	0.3979591836734694	0.0
	0.1780821917808219	0.6	0.3979591836734694	0.0
0.0721675652076797	0.3424657534246575	0.5333333333333333	0.3979591836734694	0.0
	0.6575342465753424	0.0	0.2959183673469387	0.0
0.1372483323687977	0.3424657534246575	0.8666666666666667	0.6020408163265306	0.0
0.1372483323687977	0.5205479452054794	0.3333333333333333	0.7040816326530612	0.4838461538461538
0.0162143502583939	0.3287671232876712	0.8	0.3469387755102041	0.0
0.1222828018234798	0.4520547945205479	0.5333333333333333	0.3979591836734694	0.3807692307692307
0.0588062095783456	0.0273972602739726	0.6	0.3979591836734694	0.0
0.1372483323687977	0.1780821917808219	0.8	0.3979591836734694	0.401025641025641
0.1277045069192734	0.2328767123287671	0.5333333333333333	0.3979591836734694	0.0
0.0588062095783456	0.5616438356164384	0.6666666666666666	0.6020408163265306	0.0
0.0319210502269196	0.1506849315068493	0.2666666666666666	0.3979591836734694	0.0
0.0588062095783456	0.2465753424657534	0.5333333333333333	0.3979591836734694	0.0
0.1372483323687977	0.2191780821917808	0.5333333333333333	0.1938775510204081	0.0
0.0627658818393185	0.3561643835616438	0.8	0.3979591836734694	0.0
0.0627658818393185	0.0273972602739726	0.5333333333333333	0.2959183673469387	0.0
0.1372483323687977	0.1232876712328767	0.6	0.2346938775510204	0.0
0.037281837287929	0.1506849315068493	0.8	0.3979591836734694	0.0
0.0627658818393185	0.410958904109589	0.6	0.3979591836734694	0.0
0.0319210502269196	0.1780821917808219	0.5333333333333333	0.3979591836734694	0.0
0.0162143502583939	0.1095890410958904	0.4666666666666667	0.3979591836734694	0.0
0.0162143502583939	0.3150684931506849	0.8	0.3979591836734694	0.0
	0.2054794520547945	0.6666666666666666	0.3979591836734694	0.0
0.0627658818393185	0.410958904109589	0.6	0.5	0.0
0.0627658818393185	0.3835616438356164	0.8	0.4795918367346938	0.0
0.0588062095783456	0.3287671232876712	0.6	0.3979591836734694	0.0
0.0356065913313636	0.0684931506849315	0.8	0.3163265306122449	0.0
0.0721675652076797	0.2054794520547945	0.5333333333333333	0.4795918367346938	0.0
0.0627658818393185	0.410958904109589	0.5333333333333333	0.5	0.0
	0.1506849315068493	0.5333333333333333	0.5	0.0
0.0193414760439828	0.273972602739726	0.8	0.3979591836734694	0.0
0.0627658818393185	0.136986301369863	0.8	0.2959183673469387	0.0
0.0341039464733534	0.1095890410958904	0.8	0.2959183673469387	0.0
0.0197983613048643	0.6027397260273972	0.2	0.4387755102040816	0.0
0.1372483323687977	0.5068493150684932	0.5333333333333333	0.3979591836734694	0.0
0.0627658818393185	0.4246575342465753	0.6	0.3979591836734694	0.0
0.1372483323687977	0.410958904109589	0.6	0.3979591836734694	0.0
0.267247418598276	0.3698630136986301	0.4	0.3979591836734694	0.0
0.0162143502583939	0.3424657534246575	0.6	0.4489795918367347	0.0
0.1372483323687977	0.4794520547945205	0.5333333333333333	0.3979591836734694	0.0
0.0230980881890083	0.3013698630136986	0.5333333333333333	0.3979591836734694	0.0
0.1277045069192734	0.3424657534246575	0.8666666666666667	0.5	0.0
0.0627658818393185	0.7945205479452054	0.3333333333333333	0.3163265306122449	0.0
0.0588062095783456	0.3972602739726027	0.8	0.3979591836734694	0.0
0.1372483323687977	0.0684931506849315	0.6	0.3979591836734694	0.0
0.0627658818393185	0.0684931506849315	0.8	0.3979591836734694	0.0
0.0198795853512432	0.0821917808219178	0.8	0.6020408163265306	0.0
0.0627658818393185	0.0958904109589041	0.6	0.2959183673469387	0.0
0.1372483323687977	0.3424657534246575	0.6	0.2959183673469387	0.0
0.0341039464733534	0.410958904109589	0.5333333333333333	0.7040816326530612	0.0
0.1372483323687977	0.273972602739726	0.6666666666666666	0.3979591836734694	0.0
0.0627658818393185	0.3424657534246575	0.6	0.3979591836734694	0.4076923076923077
0.0721675652076797	0.0958904109589041	0.5333333333333333	0.2448979591836734	0.0
0.0627658818393185	0.0547945205479452	0.4	0.3979591836734694	0.0
0.267247418598276	0.5205479452054794	0.5333333333333333	0.3979591836734694	0.0
