X0	X1	X2	X3	X4
0.9211606686168602	0.10262643927801773	0.9326442579117645	0.9080488215345193	0.9192421478692767
0.6258080986233958	0.2019004172571952	0.9018438655117712	0.6172792158611443	0.8629786159496184
0.9334415954003251	0.004060709419076658	0.3318697480738858	0.5691776792252208	0.45323244857714273
0.904054771528536	0.929212276366218	0.8332076292834985	0.461882420561333	0.024922060255232026
0.6177952393105447	0.9761283498884192	0.2381064557186996	0.2833078420801184	0.9693774490599659
0.1499802093769187	0.9907818748891434	0.3890724844934892	0.2738702351024156	0.7827329091686824
0.8366286882896832	0.2885302813397028	0.6951376560424851	0.4959411385857445	0.2519793544063105
0.07262744224585849	0.5871193259299223	0.28672300911286674	0.30859721988882194	0.5604967850130496
0.6105150166384143	0.6374603211019811	0.13956677901795989	0.7396013603102984	0.49269573596061034
0.11589447548793108	0.3084034748021529	0.1774171978412823	0.25399276383275926	0.9066137083837726
0.6248981002429226	0.44182615191791785	0.4863169530256901	0.17359676625251586	0.09533154250140585
0.12465462126577154	0.36324414116321546	0.5440447538396855	0.39933766837350815	0.5971305006100786
0.33733185555346135	0.2653876540589457	0.5151352973558707	0.14484652289900735	0.1398089401502891
0.707277782136101	0.4060179054829566	0.5164963255615403	0.601792358223349	0.017488231548314137
0.6669429111506838	0.5962070134252109	0.6501792022283004	0.34932642486799004	0.657395050398872
0.4333628308753913	0.6457125253226512	0.6309195043638189	0.30444466117702096	0.9717716135173283
0.4812826383246577	0.20455382621015705	0.47905337010985394	0.13697250025370866	0.14923472872925636
0.9286330754653053	0.9631036888127816	0.3830169803103364	0.664529935270648	0.6660528730160755
0.02337268982974361	0.2436722601111514	0.20149594937900528	0.570739413283577	0.5178422765085867
0.08359004885564925	0.5132479367451368	0.2947975222115514	0.46353146971937065	0.8396096506074688
0.5678115019721308	0.03907157259379712	0.5101526521004565	0.49382339761040706	0.9671311612618686
0.79048177631216	0.8885818925190525	0.2747249143573489	0.21536960251695092	0.2915178443439346
0.5212376943130852	0.16296320137713716	0.712408001254813	0.3640027284491959	0.18338333475473845
0.6736155232469433	0.9018554007173979	0.45046367536108345	0.8961380982853989	0.30167930274099264
0.31497368012858884	0.7266249869404007	0.6082893078557027	0.7601850370994957	0.426790838506962
0.39884203925926376	0.9276316094616734	0.24767105977740267	0.9948158835959057	0.8283600108103961
0.8035553695079499	0.044463849664119426	0.5447032763239658	0.7547036619400082	0.3639366754935034
0.01476808121717299	0.2039442523123769	0.8009097700202945	0.7684020372801494	0.7508083303558762
0.17173728547747324	0.028124008393229816	0.9786459245626289	0.14161425867530453	0.0688425967373607
0.5950453509207759	0.22190860133639811	0.6940249529239303	0.6300559788000465	0.06963890963855979
0.6218362109601067	0.7141794907805573	0.6194014153954096	0.218061317482526	0.05384302696299037
0.6310631836324186	0.7677698993022314	0.6555647741048347	0.8660737515046422	0.772913603087384
0.4088208278068036	0.14640822623918803	0.5953548873212587	0.4995123731008123	0.6380224623889214
0.9460325913512385	0.4860136477577117	0.010544886623732208	0.389842626735994	0.06812953227471719
0.7616890761981578	0.9502587970253249	0.914518625265747	0.15438642696129723	0.17119394669019394
0.8284985462714844	0.7224769202909628	0.28466503326724124	0.6154120427849699	0.376588971296672
0.7991688297073315	0.30556918970975777	0.7455132642945677	0.28369958727520117	0.01901587395413784
0.843660199841513	0.5408654390849169	0.2717223700667978	0.24067240017264657	0.5666630942243028
0.01589753320806042	0.465551183429598	0.46173900502572196	0.3422293848144595	0.3147940337240358
0.22192900637514668	0.19928064769410203	0.028729907677553346	0.24832134345631907	0.9744667410263858
0.15793535642944634	0.009352848392751856	0.898583214525024	0.26521429664052276	0.1695847007993534
0.18648674905471707	0.9740210164879209	0.816072411356279	0.6972500203568017	0.6309278042113041
0.3181081932852837	0.9295643904304839	0.8299280633635245	0.5706611133198094	0.07863708631078081
0.5550956856593239	0.9197819654186838	0.21278449596763405	0.020919736194591643	0.10225213382574705
0.833203881561838	0.25356797210816984	0.9501286918538704	0.6244117768818609	0.8122081317180754
0.43742529055520174	0.6769421341607291	0.6154583180573173	0.76599402543832	0.5209007010614202
0.32362887591221967	0.9652259972104084	0.028666457888731567	0.35086936265584845	0.7761242116728383
0.7223247047826011	0.3874521500664495	0.4974968494688067	0.21941330843619067	0.33108236521825285
0.2300122640820239	0.17151817772244038	0.8507215893113589	0.6923131855498302	0.2107677195382862
0.1311765995019889	0.1064879357712265	0.8922010154384225	0.7958343932149029	0.4484251178724675
0.5149771321621426	0.7095494783025769	0.822142122287143	0.4378243979027513	0.008977401970271304
0.05980847623410679	0.4944467024818515	0.14080890996789774	0.4044213171677761	0.9655617095090934
0.20087883960928365	0.9779023514992281	0.29139184510282745	0.8401742519288588	0.7865761491749887
0.9362831328962682	0.16823671739772383	0.7976193988053288	0.44562023996068556	0.1597828068229462
0.6808814089963908	0.030188060557210128	0.4943638264285227	0.41629032395717325	0.3088128309221667
0.7377203006440324	0.48323364108638645	0.464184526235201	0.9745161690371994	0.5456405085567794
	0.09671827226852137	0.48294731268611624	0.4584611591047215	0.4772002592059421
0.1991801511564778	0.8743470721422459	0.01700777134157505	0.5283840418656538	0.5530049494556549
0.13204698961921368	0.580117281883974	0.9733035514012703	0.35357933501359806	0.9357442625555359
0.4500542707692342	0.4373246494791203	0.9472579499510954	0.3653164443631032	0.2850222210364821
0.900610160813602	0.8396452923663925	0.11092014769749547	0.5872111727004825	0.43998647401236657
0.5037385697849804	0.2816879517511701	0.7877646065876076	0.7918432605198242	0.8758844265723789
	0.9959829432796624	0.3739434186885321	0.840821286905623	0.3618577433068877
0.9221849616546992	0.7050905806653255	0.9208686668052958	0.6097712487040993	0.1210072410596067
0.39277756429788335	0.6143249867924301	0.5087750987402319	0.10023225791840862	0.22606297256765795
0.41848601704019284	0.9732055871144347	0.33856733460084176	0.1969037970838431	0.3908134608959176
0.3738291600077104	0.5039142097653966	0.9169644583148994	0.7163374347329922	0.11932000023481726
0.34783066670497964	0.7185889568766873	0.6560530451239133	0.11449446141841846	0.27065895123552985
0.9176812040302399	0.39165557939642437	0.5725964504957597	0.785409785332525	0.5532613395161479
0.17688509133201868	0.843127175742452	0.5459859597441136	0.7319703198734354	0.3471063917440824
0.8741658845872036	0.9347685191513793	0.5219220455195636	0.1699204128732703	0.013354557702122682
0.9424960479704926	0.3232877912189398	0.5715251769280512	0.6894622886147934	0.21790252816257982
0.2864255538503321	0.5638476833094124	0.7486422677794848	0.04067666663329639	0.8956355920237472
0.3517801821841313	0.7466644388799425	0.08982057738434002	0.2522496152421221	0.023511528994857644
0.09624375014393116	0.6279578639086629	0.5090879827086758	0.24238749655178804	0.5860378077261936
0.4091373177088541	0.6152127527088213	0.48864620358508104	0.6294355284206091	0.9638861150407346
0.04554188453605834	0.5416052569518175	0.3229280964818053	0.9941590292551717	0.2630290297151815
0.9692149650459029	0.11077550476554077	0.93783167485525	0.8965460300628362	0.3495213124990336
0.8494298303912434	0.8317950668137163	0.32428187740814185	0.9444722637612089	0.9682324829605948
0.9129754874191639	0.9831274168206449	0.9969076425925475	0.9453870895781354	0.3818605232960116
0.9495459635268393	0.2015637903699018	0.9601967373723225	0.5221845535604624	0.5173058065568604
0.7751637981155032	0.6635708330669136	0.40995187613688255	0.2793210248561919	0.21457269188273953
0.0742735805098389	0.003497992414672635	0.09411927349368998	0.7727755699339441	0.37218090706670626
0.57694184458128	0.17767702471302727	0.52664220519594	0.8523375703329371	0.7546765222364855
0.3689297920683692	0.4750029456266832	0.863462682427735	0.09681796694959399	0.9324459388740252
	0.905664327423405	0.36308695751350795	0.3475034982349303	0.9256118753001269
0.45727187945278325	0.8564514293141186	0.10087239486419741	0.8132234842118569	0.4837333119881283
0.9182270187845076	0.23723083613990303	0.5551657988201278	0.4281189446701099	0.9134406043315582
0.10667658704603245	0.6313348385906536	0.70720025945587	0.5636200369162969	0.8084204076801371
0.1352910385396262	0.6482631890075368	0.5363678002863432	0.5258897436681053	0.21125925576398497
0.5525883010630983	0.7138691304948814	0.4811787542950703	0.3998727253460471	0.1763911150652987
0.9978083485896991	0.01044852945484509	0.6172346992874519	0.8888068595830417	0.870411808587997
0.2230085039834847	0.6490009432795509	0.2933421042886606	0.09056346381316904	0.8392866562065174
0.422030100299148	0.174353844061786	0.43003873256408187	0.7247020642037376	0.6499103683423746
0.8676536757579743	0.5488333557328083	0.9194905957739257	0.307036922537257	0.7261854421532947
0.06880342261255512	0.8768013680588308	0.20515480206129244	0.15162112271175188	0.9323326763956535
0.09710714831316203	0.8220471509564194	0.9306604717462676	0.31021603987569446	0.46878321254370026
0.08671492471028275	0.2537912702444467	0.7359242265335042	0.8642073782627622	0.9337726744377233
0.9983967928853904	0.8636438692470628	0.32091332118460414	0.33973279850702975	0.936752493765828
0.45462620627638917	0.5713763044420148	0.13216450892764575	0.08151637574999859	0.5898185843528608
0.6258031863744993	0.9377023397680443	0.6789978084684873	0.6146327720619106	0.8136050173944779
0.43322883227260844	0.024840858807172905	0.7773634254496625	0.6630892527641443	0.9759832861401214
	0.7436859406678488	0.12678029564095517	0.1844092848293436	0.08066133337980275
0.15740279211216157	0.3073880414140163	0.5837512167808242	0.707254165347933	0.19835915764477086
0.7730624569425671	0.5527843037211432	0.8529046589174368	0.05937873500734081	0.18962223120116595
0.05515361813772757	0.10454219305955004	0.3260503242661743	0.7509927814074795	0.4446978866098964
0.6743370229439632	0.5826480404551323	0.9590166693020522	0.263410607945588	0.6304763080283392
0.7199493454727438	0.691928186622325	0.9361562319207074	0.31796918532905694	0.304408131321937
0.30598741087003045	0.46535659361430703	0.15433755034002672	0.7087651863382421	0.37357804927383376
0.9299417648923862	0.229196421452727	0.6320365262693726	0.7411237313964292	0.6332727658080562
0.5497329492784138	0.6790306595198031	0.5284619057756322	0.9674517114346185	0.2673186130459422
0.5704748907123739	0.43628939095701913	0.534383599316835	0.7732302081954654	0.24160543548190483
0.8563419307870956	0.5019967897448003	0.48966281656506794	0.7342893265533346	0.6682151586283267
0.45026861904715365	0.6787253957339072	0.3455013681019835	0.08359566783616057	0.5012691735882615
0.23983889123472302	0.38695720652963994	0.7606945880652192	0.12272312748006198	0.1307973634827071
0.6833845224445813	0.8193127984037462	0.2584124766408208	0.6828452787429496	0.38336287751598574
0.41214277995105686	0.403877582476015	0.2807032671597838	0.43110426539869695	0.5370871611402354
0.9232212398199413	0.17966862546219942	0.7099697920218069	0.18433041124483251	0.626051032492281
0.8696604952898918	0.5926961309528518	0.5125471562429939	0.7584812746136083	0.09849663980130241
0.6712260603116748	0.4981473702038173	0.23677453381872182	0.15751748414509437	0.5374935358969771
0.035419472300191046	0.7469517310086949	0.5802898646586621	0.7788466880695625	0.3132952636506179
0.5324768704736111	0.3046896459694548	0.5197320377810305	0.7841204568984443	0.09424139228998607
0.7725350584848538	0.6497591872858941	0.44682965498981664	0.6370000615004335	0.8711846184093494
0.8790433903231835	0.05929547266500501	0.6704015318067044	0.2733765660595169	0.011583959265529242
0.19168068067483934	0.894630365722547	0.8447106231654862	0.9298347412332011	0.8071307132079362
	0.47094070210298455	0.605906650610863	0.6198741881759896	0.9971980444773848
0.7623439688856176	0.9557728220438089	0.028059798039228756	0.3081694164839869	0.9728955665188522
0.286946904112921	0.8520776829322452	0.1887775890138157	0.28941833023762364	0.2565754769678933
0.5020195306049812	0.3755828302694849	0.2256497518720082	0.33641573105754163	0.8470038214147535
0.6005695163296779	0.7386696192594826	0.26780340753087795	0.023469298648730708	0.21425908174154018
0.1944048893654451	0.4579777824531357	0.31986997569114917	0.5979874742224097	0.043178907521014276
0.4991834728612612	0.523454722026834	0.057138448896290606	0.6388272663773604	0.23326974928251443
0.7363553359808318	0.45356695058517216	0.13747104342438865	0.8306766960962364	0.2735092194658587
0.4110889449654215	0.20503752366937034	0.4424977260104065	0.4423199188042952	0.8796546882872285
0.993633297238709	0.9330019314252157	0.42890558043480875	0.5188870827994844	0.17063365629593863
0.6343558778515748	0.7973858580425658	0.10797374234679802	0.4816513122462529	0.21393079315644592
0.0935454990780703	0.7364858057384233	0.8082868441047089	0.014665345243650152	0.3990136421038396
0.2573218237726065	0.7479639840913561	0.5093329213335652	0.3688438515027026	0.5364245557861115
0.617399129428496	0.018584490073261684	0.26848890165884276	0.061456574817420395	0.1071473832969857
0.4289174067928845	0.03383296977939676	0.8401964157302582	0.22159977737630376	0.564755835584922
0.41928709365325734	0.6042186837607938	0.5225551196424036	0.3767403989418088	0.5296454920163038
0.5959205719648721	0.9361023588318309	0.6673727545952023	0.2700429988275125	0.22207336444740888
0.8744292454861636	0.8177891932601313	0.5192711073554828	0.06579056795760285	0.2827931778186754
0.08821376514396062	0.9616340549428576	0.21465257522322367	0.1730514923162958	0.9034548232151944
0.711233129044763	0.4765283445502049	0.9618383068360652	0.11789472537327228	0.5688999084784138
0.0707144840859516	0.693862086666049	0.745099397376154	0.7276275994828721	0.4075212486880013
0.645677136706497	0.00619060524713777	0.7039298563135375	0.038625789909790376	0.9498988362868963
0.132882788443056	0.9219915886859752	0.33853916180406085	0.1381260345152684	0.09246142800384549
0.7060779393043268	0.9656671370795391	0.3339750881677719	0.021770603423005075	0.7244527287602558
0.2270167801473938	0.4884658363909955	0.5686280806712006	0.5491283629732583	0.32302504884965977
0.17879507873032663	0.014856027312350806	0.3004020652116879	0.0467626619832594	0.7124188069217773
0.11503358044858225	0.8671567338255344	0.07688641264016915	0.9208573590535547	0.11365828240598819
0.3294706949114993	0.1873493002267138	0.0005386969468873515	0.6042133926555885	0.729994759743794
0.5114064315231469	0.9738745994007169	0.7949625229125943	0.7028758159762545	0.5672240748015719
0.36032074138598014	0.584873866886878	0.2929203505424214	0.06506448748658067	0.2283042561634141
0.5946235495427045	0.889588706379859	0.44803366286338564	0.6251768044968947	0.991024279087262
0.7203899518320945	0.4811364877821016	0.7004509718690881	0.9579528675712969	0.39884353573805087
0.6913064580760658	0.9859804278707339	0.48172903355658225	0.6549809278757633	0.24096014755593065
0.3652622262306655	0.3584619562176671	0.2871642622093439	0.775388547699452	0.8818259565018107
0.24208085159347092	0.39323959695020017	0.3162649684674037	0.5015224482866082	0.602138751769665
0.8057271714066278	0.21618089750031821	0.7465510680600842	0.882434477581945	0.8273047658148837
0.4354009106926532	0.2026759491522514	0.2666301308549561	0.41260369100860517	0.21749655119377975
0.9630382838289093	0.4020796104545059	0.8740774842556356	0.9450850131030001	0.723350164526038
0.4717872246700847	0.5099116392695905	0.42913594104775243	0.5778724936799446	0.34136244374823166
0.769377064549993	0.5913953345791602	0.6742044264077187	0.4858639963731971	0.22323936145308598
0.1257271484883994	0.3469831492158346	0.13984886177436096	0.6935544551331	0.7046440096801249
0.9514593356226905	0.4701084843559443	0.47288698841702503	0.2300731455662156	0.959239516913143
0.3130053790555788	0.8420608511781943	0.4948420472228837	0.6678091147557611	0.9961921053156942
0.20679794557356357	0.5885517853148454	0.3124711158390928	0.5977896041452335	0.16032816674074968
0.616939829314473	0.7713577389937787	0.020493523421910576	0.04490375302394223	0.9408515178928869
0.28827902035276964	0.6032908446526702	0.6186262252982249	0.20500042624456993	0.8256956295518033
0.22121255406581974	0.024500956150143582	0.5197055256653249	0.7879653987112967	0.4826352938083316
0.3073821258642129	0.9961032941236184	0.016567038678703128	0.039522230246920476	0.5143715220669696
0.29614103775779366	0.6060907228593011	0.2944191023703887	0.5183734056621988	0.15312437921138045
0.8260130317262816	0.8072948292246936	0.8902292760386988	0.2813509660617872	0.8735635480561386
0.096295651769435	0.8318953368343708	0.11745184868849778	0.21114781982619446	0.33944151948491186
0.3397517209387091	0.7400671189880412	0.5482972895448731	0.8329956287083095	0.8404842433796108
0.613259173533482	0.2254138449036961	0.9620878364124491	0.9912916353057228	0.007614317577330998
0.3354550863264609	0.47661317654612356	0.6895237010321608	0.44270551827025895	0.24655988093822634
0.25001747377779104	0.9012053870439946	0.42381333513716024	0.5521064694833971	0.9243125000502846
0.03800354967276942	0.8360921525088502	0.38112553360265733	0.04871904251942627	0.7337259744766721
0.20792836685241467	0.6490994733455243	0.1576813854253294	0.38131910909463107	0.4631529867373205
0.8036357250152547	0.4321751321734597	0.6888418751726499	0.9811131711412274	0.4995414967802022
0.0006667299887023193	0.8711428552923856	0.8607802422478871	0.9145133073317769	0.7747732940635003
0.26810881697279376	0.5572969354632799	0.34114134494807147	0.8787351237984089	0.4569940087161056
0.28192958930752887	0.964329262547205	0.40915080793405756	0.8899998026909481	0.03930544749103326
	0.7223413605394219	0.6475754734440632	0.9400715129157579	0.8478339901092965
0.808560592177235	0.7145760915165305	0.7838766099246679	0.6067083148354476	0.5580949273144721
0.28092406275750614	0.5342849830156583	0.18778734107446737	0.2996092426627105	0.011156831492524333
0.1414811578941274	0.11191089878106264	0.3978010741969511	0.8060219706835723	0.4951257329016995
0.728810783703892	0.6582575670827322	0.7309350604542517	0.32735878642738425	0.3466152016139611
0.2670084891899489	0.760158099230832	0.6509849720265467	0.47188864643164663	0.08749663212345338
0.04887510869174094	0.8676374737388252	0.5716097627732015	0.47560859797843036	0.017678690540132713
0.7908867091296975	0.0658280687157814	0.46587170488393637	0.6010947674851972	0.7144402493991306
0.31345524297713945	0.03889661293094793	0.9917729105334214	0.04655126815757493	0.9297268249000961
0.3038513619495722	0.826204300483662	0.587205246912084	0.7620354254910513	0.9107682124724902
0.6668795980799854	0.005879072907275185	0.804152247264652	0.8845175197177914	0.8724257094450196
0.14367651092057276	0.5388528225085508	0.39283647657896825	0.34558890145744214	0.8463259740958822
0.802764070922979	0.34641418579756933	0.8186108166380663	0.9561743110636113	0.5857294825433619
0.5254973950053657	0.44325586389916105	0.6010732864232463	0.3828311694673452	0.025715864805419097
0.7688407362539783	0.7037516348760536	0.2778274025612516	0.46427216553672146	0.6555125034956837
0.279197336734869	0.9208778046476288	0.41478286813441856	0.182730590109495	0.48195006321588163
0.4002972820103906	0.747258228804542	0.7972051009844914	0.8517632027206171	0.8556842163458673
0.49266772959412763	0.31233013338423	0.6084885405127402	0.3349467512415665	0.9631433287971197
0.43858676437118616	0.10570091939327442	0.6763804907487894	0.343147251409916	0.06894252202477558
0.7554566325261123	0.9354618705235378	0.7047833852479514	0.5416591487378304	0.8989428290433857
0.9146735359465018	0.7450941525985555	0.2513935799712538	0.7535697586920954	0.6260740956840753
0.33937636692283546	0.5480173375049251	0.7873488480082964	0.7420459540925092	0.4275643254847339
0.5813006466770331	0.24229709766174923	0.029952838416896665	0.6473061081290601	0.35118833387155823
0.8061413109519405	0.29102184629760475	0.8048857144382578	0.32584498284920826	0.056442875215303334
0.2998588975933064	0.9026576378437728	0.974758091999522	0.07003303518534598	0.3105430422301685
0.4830156061154244	0.988000162094365	0.31931391678713994	0.44640048730163384	0.26726803006912103
0.9503733625233681	0.9865253771167113	0.4925253397169853	0.5090607278016838	0.2702909540568099
0.8432816659421928	0.04954774896745462	0.8690170068403897	0.5097665838510349	0.5439900139904376
0.3455674754791088	0.15951185142678836	0.9194044618990148	0.18625697502770844	0.16811458608901741
0.09749238790598702	0.9441953352269754	0.7284511731455986	0.3812249290743074	0.7331949460928376
	0.30215037358769625	0.06523202155270258	0.73514873452615	0.68562206478715
0.3226496854664145	0.4122984539691227	0.5423054017256161	0.3131146694993461	0.4308731121049092
0.828630947149022	0.9010443344710105	0.6232638703418508	0.8431767319491248	0.4406720947899476
0.8244165928779953	0.22695497697922562	0.685777574164621	0.33904462822678183	0.9586129669249903
0.7900289911943986	0.17122065355681548	0.4043461893992424	0.7046926053313001	0.8044786643470162
0.9884499927264434	0.5785400835114943	0.6093341697142141	0.37588483627427327	0.17928869644182854
0.9738580222208963	0.2644231665289313	0.9732431925179047	0.6810134634015755	0.3732711399084677
0.8872855586266268	0.09808203399530357	0.7363143458871872	0.7399376384220298	0.14241072254025466
0.9059829493710726	0.09112463552278349	0.07428117738550466	0.30283898515646634	0.7842396102069644
0.4497439197991626	0.5248727766537739	0.7053515807080952	0.9624017930194496	0.07126207651320238
0.940977440405898	0.8631411344625732	0.8407272474228443	0.4618800695820674	0.7802422922447848
0.10762408169633808	0.20254498497828433	0.7032607902652991	0.5159121534295936	0.4609046935906417
0.6259036650873986	0.9498858597946904	0.12118823160578696	0.7783370506739365	0.6740297763831307
0.5175524476405706	0.42256343644682826	0.13250191745395257	0.9043274804617177	0.6098462962734202
0.12682008328348493	0.505063894984275	0.04634876552474154	0.7455135709926503	0.7108134122637676
0.6273513984324047	0.37216567571931625	0.9028886828040215	0.3257015633210767	0.4585606915666174
0.19916088651530628	0.17497472438923256	0.19804211467841948	0.2838866473099524	0.5421084338726416
0.6859890548484643	0.673396830962053	0.8802983597524617	0.3806632376811183	0.35290997066984586
0.7935170407120402	0.4233376322332345	0.4870609002743226	0.23528527249891296	0.8576752476317214
0.7038320496576518	0.4095297280294452	0.7697261302290128	0.15142896217124968	0.056066881206220165
0.6658478257210949	0.9395747664162322	0.6607219772454681	0.36636469320606646	0.13545453270483732
0.5542839741604672	0.5216137458554396	0.6594810461085562	0.9945282200930221	0.3150172581504923
	0.345531698712812	0.6310666471520122	0.28057221275966215	0.05674008868705105
0.540592752588558	0.46393095219433667	0.6675731285410436	0.9347021576504031	0.6390880337817856
0.2791905247734634	0.8188034492447674	0.17923161053448733	0.5866103146763576	0.3387274292943615
0.5950587586490133	0.5370522488178119	0.7309769127781056	0.34119458722880536	0.27075526790091275
0.5300347740718185	0.7558910717356022	0.9010233065426005	0.4920470977623236	0.41635373741909965
0.14074139589411772	0.6811253667248838	0.7330685975553483	0.7201105936438292	0.332324475786126
0.7273658574793593	0.4064164040980177	0.8035992990734602	0.8221738736071623	0.6749966698952492
0.6399014042319429	0.737625254610785	0.6705233357477544	0.6279665697325939	0.607819607234536
0.5909316591648005	0.2239747488724898	0.26891677401329617	0.4077298843244145	0.6947128894010987
0.6713107504916495	0.34045775539973244	0.8675223166691974	0.7926056397970745	0.26102518890545956
0.22330303770378235	0.05477425433092098	0.1796521932737678	0.8198081824348256	0.6766068218245664
0.8071570393461929	0.10866498077939535	0.5536057676122612	0.2815572895245967	0.14709222189173488
0.14500696952200975	0.7413016962525145	0.44632778023143527	0.7008629306141785	0.2297503749139015
0.5582283846838493	0.36582431894733647	0.9845071469999459	0.1688806962361139	0.6932206610921408
0.3058539542565334	0.8112501145672586	0.29913093831014215	0.47023148109456747	0.9549217969118788
0.861921918985097	0.8693140588731771	0.22938136786131402	0.4447861488781045	0.4228099291013174
0.1900051605567843	0.8004605647509927	0.4701421260740496	0.8922768872675292	0.2591990454731984
0.22463217627950172	0.7170832756164708	0.5261489898652132	0.4218048413567589	0.6616863760419901
0.5191908120412835	0.6444557098070275	0.5866912228955121	0.8979362534113635	0.08311004393834209
0.3232911935731346	0.718554749614301	0.16701760456708514	0.20517422810660335	0.026415683863441064
0.9849783922585573	0.572897534816072	0.17711789426596325	0.3494674569560454	0.09043656151739987
0.9559455782880484	0.20237932400256053	0.5849552226166289	0.3377571934382796	0.25275762110160094
0.7232729717827076	0.5084394576434084	0.4796033959784757	0.7005377009076396	0.8110422491301755
0.31225711141684265	0.12302096458806044	0.6436186813530508	0.8306561880212432	0.4934111818511321
0.474980702365719	0.4065919791874222	0.013584243417981146	0.3460345154471923	0.7393627160868462
0.8734546155800174	0.9426069553574096	0.41112739551997646	0.2450185014959586	0.902264464613883
0.5714745382047691	0.7038219855605605	0.15574654009987843	0.8728661933871704	0.8921724434025289
0.40735985519071416	0.7132416565504185	0.8696703456254747	0.42014464157717357	0.03521600186741214
0.3200112829742109	0.496891475174424	0.02842114720348521	0.32502753532728945	0.6821634445130259
0.7220381740428925	0.6336194079300846	0.27785275788771535	0.46842304610160135	0.3999408605134128
0.2926051195420385	0.8032570575563612	0.538409170452656	0.3696999184923925	0.903095955193343
0.9488681709607626	0.5433158651806252	0.22065764625364903	0.31507823128435075	0.49577617856234657
0.7937288643734024	0.789461155356288	0.29793897444310713	0.5637312152648586	0.832361208237272
0.6608367864498398	0.6141209224429536	0.3805527538233101	0.6217533471045325	0.5882309724263759
0.703104038728092	0.5626144816146531	0.054977881349403845	0.5234047718041895	0.06834387864924218
0.728797377828615	0.9659976589496383	0.7059624739575263	0.7183020709905837	0.6388030324504853
0.9139244211944969	0.77914121200866	0.41209444461603395	0.6816846585818735	0.08604297839789621
0.41265138691233005	0.7284333485313983	0.25669952093041626	0.7125470024192304	0.3552304941028007
0.8450483777847491	0.5835035968388076	0.21780823247663172	0.6110033719637809	0.8866988497891749
0.826209521836695	0.9838231631079247	0.2507288140466708	0.33780547320567944	0.08424909821890147
0.7372147675906959	0.43677095413119416	0.020063975676913648	0.42050020764222307	0.7538648522063448
0.9282192348625972	0.7242104378492149	0.7328510764132714	0.5762536334387758	0.8414444602207342
0.48513890878162924	0.2635522378489441	0.3865719689586121	0.3146239521597931	0.1135533701030389
0.5364789617383723	0.3717903129258925	0.12661726112832006	0.8832032102666549	0.3804863070154214
0.474631525915179	0.865346530994723	0.9355505101396631	0.21043878833226892	0.9516945267883082
0.620757481380504	0.8973533415035672	0.15962301503938292	0.23118285327221277	0.4663221755833622
0.28528664346691457	0.45307098136856516	0.1236953726890423	0.4293132002286404	0.7656903623340694
0.429965826232791	0.5841574192259218	0.3864595737224764	0.5095431186728975	0.7198813610301775
0.3494645517662357	0.6884274201427555	0.0748194489045193	0.24234700175749857	0.533358754559063
0.670668540775737	0.012017539265526511	0.9794934352207355	0.76773350818486	0.9505586447708808
0.01915054256452453	0.6811515549986279	0.1358956967047964	0.33883425171184156	0.3778196049201963
0.7169407161108008	0.39420585855111423	0.5595091306708289	0.43574578000917197	0.47829771288125034
	0.829070661720888	0.2628379719323116	0.9633590363490361	0.22079360734175857
0.0794575178308019	0.9251504048949244	0.2740939671829973	0.25062084778387095	0.3109420307057469
0.4915458055755547	0.12219218960946288	0.882247753515167	0.993137006234149	0.032540831858586805
0.7674962597711255	0.9056126594136279	0.8051936840639768	0.38224178870650327	0.3715287856241908
0.9998292235321051	0.655002728034904	0.5746965336883455	0.37778989334924784	0.6381498838954565
0.9962772244747132	0.7454344332344537	0.07543404915043306	0.7050869105204886	0.9110260579590291
0.8428000050226424	0.7076787664945768	0.7015179778620312	0.10077777476807348	0.6088420586967113
0.30897908481619163	0.1894520673641087	0.6228019699302723	0.33382453206543505	0.6416742662397839
0.19064606341912005	0.35913250019532905	0.17194450644513282	0.9779204970276647	0.3658422947999943
0.21487573984071417	0.47502032785560233	0.6346907324249642	0.7457199732899615	0.044485345824548994
0.893076796780195	0.07008942216829461	0.2337049581802757	0.8709858833500459	0.0979215650511095
0.9707260848496069	0.7501629295174539	0.2129213617369311	0.08672526984335738	0.3557064952110439
0.9373133516790869	0.7314568996980215	0.17844586441998156	0.27928524073130057	0.7696061165133108
0.5764338489596473	0.6976797813490843	0.3075824921745096	0.15290979394041737	0.09112889017308345
0.4833211458655402	0.8495985994355711	0.4025077894580158	0.1880429856318201	0.21212638143750429
0.903289428705677	0.4865702262872791	0.3477789738517677	0.3221427148984476	0.3609223442492828
0.6498414314284767	0.33894851248701996	0.7263503602416596	0.25294392092680784	0.5062886024870462
0.7332122151907224	0.036153949080810266	0.9769089526086886	0.5155639132623767	0.924256725853699
0.6783064747945725	0.9982671646654862	0.5437949470249956	0.4662017283410379	0.3313013961766076
0.2670173395933204	0.03591432890095925	0.8132286748075742	0.8131984507888217	0.771448676160884
0.06130307080145947	0.730356715879235	0.2231733883318623	0.5899002390091055	0.030969831009765136
0.7981218230114573	0.5366983966186679	0.7806467054400632	0.9200752400180454	0.6530013714138646
	0.20651201171045952	0.02183274417701564	0.49651342475108506	0.59633141066848
0.6824226074130879	0.1231731095519627	0.7092641625393669	0.7702119639847542	0.9663407098408386
0.42669571786324256	0.7744225863445774	0.6756217969047779	0.8880901984584662	0.7707354070572654
0.07282690730683983	0.6694224758697709	0.6376306579700022	0.5180977202120887	0.7626652146470817
0.1265323098487774	0.2986450325688508	0.054166623925393065	0.22064071570297794	0.53747936628905
0.03285815233128364	0.24657791768217585	0.4446349527279967	0.29272727134279597	0.6187225696590196
0.45497239407056733	0.4772668919594214	0.23512571275064276	0.02246204588853329	0.7677363680774969
0.5047532472151264	0.44337516129348653	0.05852485457406276	0.4713072650009197	0.27438387050335467
0.5853380082809301	0.6027171292422181	0.734721259624063	0.9066525713527742	0.03876181027583969
0.551495243353177	0.9094797273576302	0.873373242575107	0.5162741024776026	0.5830967781675641
0.14663968261457783	0.0947324236487388	0.9993247789634229	0.8250223397687283	0.032386827084717296
0.21669456502970885	0.9810188053641495	0.29773276844468965	0.26682296183631293	0.07115327942896321
0.5869892109429076	0.1570514656761125	0.11545813199762855	0.433518560557666	0.17687430205668675
0.8102146743349579	0.2910809710281108	0.6797828426939686	0.6214826914518409	0.11774276248545212
0.19245280119349772	0.5972098864957559	0.7154166638472949	0.13320846272820563	0.19100512538299375
0.06447446592778694	0.2694008283337731	0.14519788870265093	0.06605310516685026	0.5464391384254093
0.17410279604074197	0.4157888367186455	0.19189774246809654	0.9210124807120249	0.924417502133098
0.4495308184448207	0.45232151060236614	0.518140406456315	0.6308880164141274	0.8699155343468379
0.235701723590942	0.9375333506231263	0.8480771315420834	0.9151167889233494	0.3499478324071281
0.7083727798935832	0.9966482548486747	0.649968287922815	0.6189343336466888	0.6377114451652193
0.7020203582289014	0.6735137066387842	0.49401996564021666	0.5101146564096477	0.5195113576344675
0.055771772510001316	0.8578168147705513	0.8956642921251196	0.29939757599468675	0.782099809019545
0.2428262888615459	0.39213168513829133	0.4064908855866267	0.2753765884923147	0.29673024782577007
0.42773600129681566	0.8793812411462703	0.33906963912072585	0.14972649817784467	0.8635515093093897
0.05019874841600902	0.20722566025898803	0.6855812397301712	0.19569631949464805	0.2628960217157049
0.501485860457371	0.40057576627720626	0.5582304658460253	0.9081875349355076	0.5693382239356318
0.3633509676548644	0.3567680878350461	0.3371225640919312	0.7112373251688721	0.5130990933542212
0.3870227773148346	0.8052959138242787	0.16476874291589294	0.0042117848738300045	0.13797146999234877
0.890028908649358	0.044529968971182	0.7805272408213239	0.7191538415005719	0.7036041320126306
0.597740348887943	0.861991163289846	0.8965859397020665	0.15893626398927818	0.8809173464090637
0.21860169644635918	0.771868393089418	0.19353370867160746	0.33232132945527126	0.18332930840166373
0.5259635948800064	0.031989624934314675	0.22095436807164215	0.3184497200554911	0.43679061115548123
0.8691472072722416	0.2002072022013528	0.7331099374958896	0.1891892031484237	0.6757068005235749
0.11770350951732522	0.3843940946178549	0.01109716564767338	0.24828436058335823	0.06338040181131788
0.19226218369031634	0.6627970928578257	0.4164982873537125	0.11550500796701069	0.22290529400710157
0.3404647640271945	0.23616942933787521	0.9721282547591077	0.919308270107662	0.6928643355379329
0.14657781847853313	0.5438468195755894	0.3604579478847859	0.020139382423520202	0.04342981617553843
0.3425838520192438	0.8904150367604075	0.16660799380578295	0.6555530841964106	0.9934900318891596
0.041871221235385114	0.7263425557229742	0.6819286163914916	0.1433026290851629	0.7466378248426306
0.4204207425547223	0.061878976815964104	0.7433670673104266	0.3283680448081686	0.30494217031954707
0.3343860786646312	0.23094552294297643	0.16665196878884614	0.8131295671811175	0.1936157362972113
0.04302685458908795	0.371011854010041	0.6762217174934942	0.523403576705567	0.9263816979214029
0.0705346337367857	0.5788456993472465	0.7965770035840677	0.5455062568416068	0.4820680292120112
0.984669072418352	0.19771998215323805	0.9423282896808202	0.39092977800071693	0.25523071464345004
0.2383676103074417	0.12111072041621673	0.46534828361461733	0.39664545419290453	0.8463875236579138
0.15616222368372046	0.44008126849118656	0.6352999923184774	0.32761810518578516	0.08469265351127742
0.10212397968736386	0.8521925189981617	0.7588269787909369	0.07496663554613425	0.06779532951269374
0.9484861965111492	0.781971066129076	0.19299083781160953	0.275739533411412	0.5455159055144689
0.7151305811475314	0.8282609689514572	0.9713238807637543	0.4703737640173855	0.0696985948942126
0.5439183144207363	0.8581767580230848	0.5775082400740397	0.0925652486014028	0.7676042738835115
0.05572682088323655	0.474460722707458	0.7886444864609496	0.7098091311556044	0.8407312297808893
0.21669642620173513	0.3877784759232197	0.28319800445919907	0.19555893465932528	0.7567237296157004
0.7475116555489929	0.28140733214330815	0.9486896966684195	0.9817594866150275	0.9643463101497106
0.5792265207081098	0.5252877309821539	0.7053782885341962	0.5854547178336322	0.8813684736845074
0.4748468665323571	0.3461925770270925	0.8999420668196615	0.9949037278523977	0.009287647208592431
0.3092180401457454	0.7709346679040893	0.05618108811037159	0.5421710117356588	0.329998234906937
0.15327652697476413	0.7115326811588607	0.90672372462353	0.8910028014500383	0.876301265159858
0.3761023509148689	0.19776216473342068	0.005009455817918007	0.4550555008930215	0.022949842163690115
0.9093758491902328	0.44310033607721855	0.9452296868709394	0.16889975871374918	0.8836022742556768
0.16149183407010026	0.31384477604662264	0.3007549171479288	0.32046978849572394	0.29380852964756343
0.2106474898820485	0.5455833980598612	0.9087183054684734	0.7252303862727724	0.8832232953647934
0.5791844679798506	0.9305667641799212	0.33749398475580283	0.19217148856769928	0.9134153882549647
0.48266625549605513	0.3654279077314947	0.7331132369265213	0.9053501120871016	0.869807939740494
0.6969976892626598	0.16665011411580788	0.3052459563072323	0.9172267868246609	0.5992113501939472
0.33150239406829873	0.3818721241321722	0.19906215023079488	0.24901967836322403	0.5232518368032051
0.30405505096538954	0.5808157604212952	0.21976891239045926	0.09595208293880075	0.8527512159252598
0.09427905489452182	0.7851539966157529	0.7049150421399295	0.6224915314913823	0.48099533982349296
0.3519024048326478	0.8617757227629497	0.22113281078672864	0.04060830648145075	0.32238192460603654
0.5281863495949812	0.9966905259538839	0.31022255521270115	0.7249302930105983	0.20197598603413458
0.988637105064989	0.722943621700229	0.46724099593172863	0.3454094900087725	0.4824416168396798
0.7973646227598868	0.20763287832161137	0.4005191409168013	0.4970950986067476	0.6151152557235601
0.016778537011841843	0.8560998149211246	0.3836811123923264	0.15388122530217185	0.6425557639145253
0.3514568153935025	0.8588488795143975	0.025595761439142217	0.08024936742910327	0.5924797732107179
0.6320894804158275	0.7440322207591128	0.0748701741154636	0.045591584794676066	0.00957620559936867
0.11809964949624074	0.37247278252556404	0.179468775269353	0.452303728986966	0.29288947207291005
0.3341065250839641	0.5019685397989914	0.13645663417667653	0.25948357827369584	0.9065878662263197
0.9975548617973488	0.8763589245538865	0.5182576346150386	0.12202281662710202	0.35385508715697855
0.38901092843865825	0.5811979585648338	0.7905780576104614	0.43559517983113594	0.8801563140066649
0.3023303181287873	0.941335942171602	0.8198542125392349	0.23242543562722662	0.39003912498432114
0.5407405165501986	0.22467032089305905	0.5482347642401829	0.1320400054594677	0.18745185979659562
0.6785258982230803	0.2724937397879721	0.6466529226013347	0.6094649347232353	0.6103394160971415
0.7195898965878801	0.3127558242337558	0.8992028859360585	0.3863235187564018	0.4890689525136278
	0.4344413049612632	0.7950247748682048	0.7814141324539186	0.12629181030717307
0.7429105468301005	0.9218730042853124	0.6528786686535853	0.1031517100974888	0.8460062948454988
0.3329442790107824	0.26953079381782274	0.022072203546862013	0.4077651301470965	0.2743923004691834
0.4944967494829997	0.9954376128105976	0.9498840139617811	0.44980765766789677	0.6243859639061952
0.46483293960563943	0.9045220138574948	0.4611904493385188	0.881454861508479	0.45309060522531885
0.5900934872506043	0.4338239017730977	0.6245003229484555	0.8892589536977866	0.660429757448751
0.35166264080440035	0.9103994309175644	0.6331717932926494	0.4886573447540008	0.7936813432718969
0.08174756384780812	0.8317145892103469	0.6522150212247846	0.9941719515541961	0.6310911623795045
0.6488282567609276	0.5439353170229531	0.4585271980488935	0.05334852764684028	0.1092107926547583
0.6430929404070732	0.44392053584543656	0.28619352976659096	0.19772163854455826	0.38909155629016523
0.6176012341140199	0.2322125174676134	0.6076561341396872	0.21017003842358162	0.7083213316046286
0.3997326633074977	0.7657763435173583	0.03187368845592109	0.9757846263720549	0.6872370986659765
0.6424024924353621	0.08415501333400899	0.23559592515387828	0.652755822160988	0.8651701013397775
0.9645013323459484	0.03657919442241797	0.30884377231688465	0.4320706494642945	0.4291833866225756
0.2875383630564038	0.30445533993029217	0.07389937385860379	0.9305863982938362	0.602443034065184
0.5946492276569252	0.9328956389701385	0.010185652186431637	0.18192514544773908	0.4089625485134172
0.0608014693620782	0.9227292925335504	0.08841723622096087	0.5458039710320397	0.7474084138581528
0.08149610190642953	0.569720009244936	0.8436184405460057	3.494954917637738e-05	0.8845532938411231
0.7681714418967216	0.1982332121562257	0.9249160063989567	0.6099792034747628	0.06167806431359624
0.9378099564116625	0.5634290427838939	0.47812385406353763	0.8848607987440925	0.4772836169396272
0.9629416779422642	0.7224015866794603	0.5342289588041973	0.6868896882192222	0.8974788027050229
0.9666104829022824	0.3355511412971559	0.7904709221480294	0.43823452321154455	0.26321548447430376
0.34444500912952425	0.15998160389018556	0.012735503694728312	0.7967459738816373	0.32381337086074213
0.5340223248826702	0.8484924691548882	0.42264969568948785	0.5827323990091786	0.3357133286913594
0.4814835895056805	0.46839909114190525	0.49074711712394137	0.9929740223264718	0.140305957301182
0.5934708993164839	0.4626471617821244	0.3715402837617039	0.21924725144245938	0.13387321618990033
0.8015530990814521	0.14306550167406773	0.3465325707517658	0.6536705263934297	0.10092612298866321
0.19630727636806378	0.5292459975788016	0.48171287767741766	0.18243754801712853	0.16479403193100794
0.8888288865944418	0.9667565272018636	0.5788146765060137	0.5120046883178895	0.38365824339982424
0.785148701579961	0.8084715200549221	0.6911510340267738	0.13986408072468803	0.5835120698955192
0.19758966484017548	0.12593577370598774	0.8080917111536715	0.35054912596128285	0.3773993367348081
0.5038857311705504	0.641562622766646	0.25009038538326545	0.44701871704763907	0.10820632802281549
0.3989802171572371	0.5202645002057706	0.7484414175749404	0.6888523163917301	0.9572563642929627
0.7079950664691753	0.4944123558328094	0.7898477955864588	0.8144375520717625	0.934427778376742
0.9789114958533115	0.792521297014415	0.2560865794874144	0.5487258963183598	0.4469264663832735
0.5885481951369949	0.5473692492743552	0.006650824143422107	0.9007814721190553	0.07212853812443676
0.02291970728331927	0.3892426976334332	0.10763485089361924	0.7215860782787092	0.742453351191342
0.9810204053536733	0.21645322221781604	0.7116045673850969	0.02446562593597601	0.8651319639977881
0.6276016068876191	0.5249225730389766	0.6375362469935689	0.6895969546687303	0.20568790877333643
0.18208112274101895	0.759487346336206	0.7659100993439044	0.5882201353008759	0.14642015561072996
0.7260350569823985	0.35270675194754963	0.3617467449152464	0.7176460912655201	0.7500380798853307
0.3021245145203296	0.9094734315111215	0.2541469501061189	0.7046245077458718	0.24710401779170932
0.9798135781312428	0.3480001643712267	0.16680297568424185	0.7655245186510259	0.22208737561576075
0.9242315506577935	0.3515543049841784	0.10887850892713313	0.9845438645164336	0.9291079155132315
0.6421306548555975	0.6482860684630083	0.5322915035805154	0.5306171431921659	0.2112148866091027
0.8833212687832405	0.7628318383020734	0.2183752134350453	0.5743065103645671	0.820371244215847
0.22387965821864542	0.5164718949255301	0.31576409039414965	0.7353683353574496	0.010904431000529735
0.043297416673517275	0.7970013756763477	0.9219730722220779	0.061804656174895944	0.8288377002187506
0.1639707030226515	0.8196201325520024	0.1291019455064999	0.5401810266738328	0.16073867015885646
0.902533941968708	0.34020003828172285	0.5798647279443444	0.2567460161817495	0.2648933185003367
0.07099834625866941	0.33464873949684837	0.8475924677120963	0.41337599410095316	0.9668656627802545
0.4577305014177041	0.266378106030261	0.861145292572444	0.5997022339532013	0.8280002858123948
0.44987940483672295	0.8714864025222945	0.6120814776382995	0.3641601280957284	0.7435814564933838
0.7789493862171869	0.2704114245140069	0.9135504340197068	0.8936753587142097	0.3273073750530826
0.6547527102116314	0.30600350655195296	0.37778789663096246	0.6183728814114633	0.1933962525775217
0.7284575067831904	0.8477745624391233	0.8788763174842	0.2771381058550829	0.8604176881665111
0.952794663997689	0.49949939454292935	0.09412887698623451	0.07955329737353212	0.9505888945693584
0.2085325069950814	0.6562007452941746	0.35180871637669175	0.35539619227188424	0.20649534013075788
0.8686484334689358	0.7739609723662952	0.7177602893514059	0.7676265438783949	0.9711404499410952
0.615937011594087	0.6468429611281092	0.7120756940650238	0.18662762073895156	0.62700286328575
0.4383964375975151	0.6988483272725174	0.13555390631438669	0.699863472982773	0.44313140674847185
0.7455730201961507	0.20163432869768239	0.3414966738409515	0.20011600929061846	0.8878850889915777
0.29186052008509056	0.8481909021014039	0.7684360375404741	0.05469135161859351	0.6852174099679056
0.11212768842258558	0.7554884095517762	0.32747700194444174	0.7229804193688794	0.943130128616261
	0.4559461118027154	0.7705217518900908	0.7535213974338991	0.4057154726517256
0.2042036918866612	0.8138779045191833	0.04196803583727071	0.5197439525916628	0.45690040493501993
0.5975511369221588	0.06307555863316128	0.7671008169252533	0.4493712369401486	0.7407457099447002
0.17977636300021171	0.5418525521572818	0.5617969242979898	0.6175489008437661	0.5032784014668152
0.3834999594991908	0.7447654747949066	0.9827991375333218	0.5487372980579516	0.8630887568081621
0.8809737321222785	0.9645753525495461	0.13312521075043982	0.026826858206432602	0.007111672108980893
0.00949348545885198	0.16428003967902327	0.15485311232148213	0.46425286637719265	0.7298518979876601
0.8301446577284902	0.6676932002751595	0.27176191824873164	0.22852842752392033	0.8779570100567432
0.05316796977044991	0.15034255580653832	0.9574442898950422	0.3946160849135255	0.18077538274231197
0.0636942328874438	0.9743912944923597	0.49046106664722544	0.5504316107397778	0.07749934202193953
0.7746450528641331	0.36461430837502684	0.20442902097151305	0.1688099116934001	0.2735642786006467
0.6934616584210802	0.896066620638116	0.9890729224463214	0.12438234686748062	0.8821748619804035
0.17875580151783432	0.8991835716769703	0.21875666546446293	0.5136861641576289	0.14557952024539145
0.35507321679042203	0.8792532389865677	0.34023748402499066	0.9922827032917865	0.7600275593320833
0.2023806425531779	0.5229722092337495	0.5945706377356588	0.32148411176976766	0.46348804461535786
0.3781515012901171	0.014806868004711427	0.34380791691631185	0.4826715292192223	0.5019310399848672
0.27914972909481783	0.5896381844000739	0.14507024193077322	0.04988605193421425	0.035132617106145236
0.9470624996904417	0.45844895830719135	0.04379146408750467	0.6548234556909339	0.1313700455918113
0.08562861558702395	0.7209810677270789	0.993929696585247	0.7223296129232634	0.10818789415157104
0.8513454897554648	0.5131152775833449	0.4956437650830249	0.8017611048104466	0.4391271592065775
0.8092480830234204	0.1836527601435003	0.06825911512157146	0.9385330705660906	0.004202303774657246
0.1500042875043095	0.33701126757538713	0.4838745932846532	0.12640122239316764	0.39751222844293677
0.14091425891454734	0.7096455178860347	0.18479074908521753	0.8198279106443993	0.41664924134525483
0.2436512507852906	0.395473993274042	0.24690206408229776	0.21665990903849408	0.020036499203532454
0.548530540189532	0.9458171605623983	0.4082253745782559	0.07522169542124679	0.2150290661932679
0.36116027237049875	0.9040152132327005	0.9151010131211292	0.3369086211893656	0.09781638164553152
0.018051574726947628	0.6765548256133975	0.40043687742829714	0.7351281606806445	0.4879980262596769
0.8881508169732919	0.18839564560554378	0.8204490986895889	0.7353232639451307	0.8679922457010655
0.05031051158809352	0.832164668297517	0.14065946995620104	0.24414849494470592	0.7241999810088615
	0.6574801803101205	0.3816851349448932	0.04332430263471643	0.9502331469784374
0.6199960997725076	0.34058867748489174	0.04150593661976243	0.2328855763847284	0.2990689327533558
0.6273979727831156	0.17667624131867488	0.01934290620959056	0.5474397662794643	0.6965122858948528
0.591375127316399	0.9823659343161572	0.2450182437744246	0.158181618813236	0.9521995260796802
0.5631600554153341	0.4490865669023063	0.9332566526350686	0.3599237722626152	0.43639394940372167
0.7140929459218455	0.4360306125970571	0.05153391599628421	0.5002083669332822	0.37367813848618237
0.48448814846034605	0.4006334297793662	0.44766910456907294	0.057402428894540614	0.12700805847515395
0.02814757396363099	0.7006381006794536	0.6300271537779863	0.5546099597028669	0.9369793356107816
0.1033242935666302	0.8167917618437908	0.5111613409775986	0.7203431019491391	0.743630147379557
0.08547025939009556	0.4354822803254793	0.24216496385572728	0.6323910217008905	0.6234903405964493
0.08318802296791517	0.4067459451353359	0.00518846058667688	0.9152330744114547	0.7584758844433603
0.26337518429350415	0.025035603665078177	0.153416531718927	0.4922280122111208	0.0421597684083993
0.33529691122620264	0.41721738425994803	0.11943623368512657	0.9577479594183921	0.4079732225603474
0.0488072139935144	0.26076583089866456	0.2993434611014403	0.8302512997627991	0.6427905099985787
0.9575720577076448	0.6475399174802803	0.571418048845718	0.193916555582216	0.44009497450205337
0.3434041532974451	0.5980603012325436	0.11275782934138656	0.7862949191284379	0.3937594470617437
0.8667776212553809	0.025106876859211424	0.8453519269354831	0.9654523630724688	0.7534608980084768
0.9803685126612268	0.9901216488416803	0.40408195712048345	0.8434819774966577	0.8965049002992751
0.9748812738789765	0.5790676048921533	0.6147847357191631	0.9947458796453507	0.04290519423990158
0.7873778964970384	0.3949168868840712	0.48603771417869945	0.21501051005337435	0.11698346970189577
0.4818956421444899	0.039349835979328174	0.5594759977874979	0.31588475981761166	0.12609084640836954
0.5960515927870972	0.7929425491786446	0.43468064570709297	0.4099146284085472	0.8428080858422148
0.03837833655734968	0.8878294143884783	0.9981208722266373	0.9223594051699001	0.09157909170876277
0.6821735624329965	0.5976525179841448	0.9327893511957863	0.9873252141440383	0.09089660172797243
0.632195099752343	0.6784707402336846	0.5565371586979235	0.3525318643579939	0.3610704689437222
0.43197805201670536	0.5925256986987514	0.30405579818167483	0.4396413621973724	0.7388839937623154
0.8676342033052215	0.4967623576843617	0.6652683443643855	0.11240384328578201	0.6541965279648388
0.556229960102866	0.5754311268410984	0.910075777670409	0.38889093125645036	0.48928454381196806
0.7807393420586274	0.10280048616034032	0.37513038286608014	0.42861260850470395	0.5982657971398894
0.1618374384897553	0.6875736314746999	0.6046775964194453	0.6226298120923645	0.9873778111825834
0.9626525752558259	0.5534114294955479	0.055042455781439625	0.14765484510370563	0.7585098695074641
	0.9657469645309319	0.1530497074623175	0.09514893943648728	0.2006117551283303
0.546630211162962	0.1803838601284058	0.4934549597784208	0.2720714331351749	0.4755962702643004
0.9526444300157301	0.9127566331727477	0.7495378325304088	0.1836781685380945	0.8049126290598374
0.04277469590995542	0.7073263148566789	0.17878488644834678	0.948179711774877	0.4142628072228557
0.8787524738049208	0.47572706705527146	0.5485073951841082	0.2918530629880691	0.9440022635559077
0.5893973689636948	0.22972806088881137	0.3636179290160835	0.45875629026303033	0.1643162014582219
0.9931981813104952	0.33860831762617516	0.32033741759792045	0.6295725316674137	0.7871800988937958
0.13315671329427015	0.415413856871636	0.6094449706857125	0.2895365978583617	0.35417035074326275
0.2096905613953407	0.4177733422239742	0.5495968299283898	0.34130981825803197	0.9406378247411661
0.6246578325901451	0.5959666382544911	0.021419735819543928	0.8191205344086914	0.1032779332862831
0.12229657084157919	0.5224940725365023	0.7682320702319632	0.2936023751900786	0.004381794253023319
0.6590035244966492	0.3481084961496129	0.9713308160903604	0.41435863400215633	0.8228664640653091
0.02525158485083323	0.2213378230391091	0.21927265247493433	0.011482475590241625	0.189319482405908
0.6309061308280727	0.16266204861138123	0.01593770722185983	0.9302903759013482	0.6175918441405003
0.39516806402749916	0.9835538841302424	0.48407499966787926	0.8483096908439828	0.5078662823186826
0.3521725028827979	0.5481904145908636	0.6782757639440071	0.5539748862838181	0.7758440834095627
0.7886030408577956	0.6253381408298325	0.06044952433035211	0.6451320928603543	0.5516671347333226
0.7675843597621614	0.9205855684872768	0.756449768788172	0.6821442679350742	0.0546397260117133
0.5741833871128282	0.2109493016525148	0.4158600999182014	0.042339346336243255	0.8503756002719265
0.8487289991053273	0.7626351294479857	0.003549246670613071	0.5395980599244881	0.7138931057153917
0.42763820532615027	0.19071242749041017	0.9272215867953314	0.2146355566722108	0.5038170803528342
0.5597772741363537	0.705982067283354	0.01976822148961488	0.2965294475802501	0.42375645326829003
0.9731565509268746	0.7340984087333671	0.7856998491031572	0.5745168691893903	0.9530744074452265
0.756079224776961	0.6369032326690346	0.0006852691122056775	0.11195086321385839	0.13209426177756056
0.7430720367228709	0.5872096944399501	0.1039442322555294	0.14179338774452555	0.4097628710761727
0.8118632699658546	0.4870677675444427	0.1759995128713575	0.6860520367413704	0.6841350994812172
0.40047606975859096	0.9294095344840275	0.9478064863773901	0.7130633860180935	0.2814928990943256
0.3833787449967757	0.3655993280115768	0.18096407184928875	0.8673844328614032	0.9877012375194737
0.09174792591744263	0.07661836937102118	0.8782095421963628	0.8401039096328209	0.08053495282914891
0.015398088522969755	0.09760248025085783	0.4643167625324416	0.6981294241708652	0.9524987532724797
0.04199920606167895	0.26275194389338996	0.01754660267396424	0.46431323056218765	0.4831178691888015
0.35316432977410983	0.7116107755953776	0.8534498687984167	0.04436402993534694	0.1521976979502334
0.5636546366958649	0.793010068593663	0.4166327422752516	0.45592408697846754	0.5068363365835291
0.2948413925201516	0.99148480579708	0.14128647259285987	0.3175309265185019	0.7020988193301378
0.7795835842143087	0.2507796615077833	0.7005329985492597	0.8709404083260309	0.8643502049528035
0.9001695696357036	0.0789466203801985	0.04187172375861348	0.2735458489695648	0.704301640435614
0.2062099779287121	0.6183936428965353	0.915133833113245	0.1004090694915113	0.42791909687430285
	0.9099147563521446	0.5440309022283287	0.10631965010525823	0.7099771772333949
0.30396815036557967	0.41343802258261786	0.013533354269457898	0.5365332662544814	0.6144096338154006
0.3728268711915871	0.25411111983431156	0.9783483254036168	0.31484848419428824	0.14955014220710694
0.919002447755688	0.029630127398852735	0.9657082215531072	0.0833758988231933	0.5854492627478681
0.2578037017550031	0.5582563234000129	0.6098396320383184	0.42570493927468145	0.1681668263707614
0.9092547189516438	0.40700320334043705	0.24647482043237567	0.3404738654788678	0.8872959395048575
0.07893684063833162	0.9079118139510604	0.8382381740554943	0.20550429848910146	0.4195760248959547
0.8789486710156758	0.5420420924565321	0.897180615015284	0.5626226836278152	0.5271455629350208
0.36161858686883686	0.4443040945553146	0.25941324968539425	0.9126157513431364	0.8930536593009715
0.08268150591852963	0.38074420315597024	0.9109813912819854	0.9107100311995797	0.8951265311203159
0.9439459668065006	0.4369359899884864	0.4439540527108913	0.7337187349401902	0.5773340810490175
0.19710623504622038	0.5013882773974557	0.7315843041055727	0.5134506473112628	0.6961517187984274
0.35935990479104374	0.8803246935179536	0.8607697507657953	0.11918628338364634	0.14089513695559752
0.22222932655082606	0.13578418179573404	0.4885322236463928	0.2455572273301294	0.6668848813733044
0.8845793598987068	0.0790343110534959	0.10579867360917838	0.10205985930295469	0.7791751269219388
0.5298175970945053	0.2785205466657692	0.16997614667080096	0.17736413137762153	0.24751284925319972
0.26256234901629827	0.02664177910102672	0.9659016281121571	0.0876003196242845	0.4604055116410185
0.3858406009807488	0.035321817904690356	0.013117184166969387	0.6853211135027456	0.4745656147771514
0.25880510213675867	0.4878462837169528	0.8400362053629974	0.3738286226928591	0.5943892358939661
0.430651802837681	0.8790566317991085	0.27780048021661796	0.662942968512921	0.8470487189184875
0.13336746243537512	0.9441623239684194	0.0718513391881832	0.18366561538782677	0.11816580617445238
0.03994222976577244	0.8415778138139453	0.5519626415017951	0.7881639398679589	0.5212688143518448
0.1481675837950358	0.7949940485048841	0.7193431979661246	0.2675681943235664	0.5576682273204793
0.14881461374005645	0.9735644061681092	0.9987869233039854	0.7430905603960356	0.7537151121961266
0.8493438895932505	0.4409826445909947	0.1488800864974673	0.1280891545311078	0.5383268590556373
0.8053580185302064	0.7978219366946971	0.6298415986648122	0.5994916270058216	0.47291077426740424
0.17361875732860765	0.2527489652832331	0.7826234203412505	0.1708778586223394	0.47878653714738506
0.9346593737350771	0.05596931656269277	0.27051306234398464	0.3377943101730635	0.009072087653267391
0.014274337479490029	0.2321363290762848	0.39902139377394863	0.1680205383895298	0.9198642919597881
0.9674481264100496	0.7801110469655624	0.6456921251940115	0.5116314418422132	0.49787184991415934
0.8936369207718194	0.21050550707951077	0.768674653570345	0.3899312054809886	0.9448339408847072
0.36770655010327513	0.8887652171585498	0.25880946863751564	0.1639132776651414	0.6976199404062634
0.3081609674841935	0.16922265532899672	0.1287156564772054	0.10792200221027504	0.7455851073573353
0.9459071928506012	0.1513091256773793	0.10506793109203927	0.912372069139088	0.1350952919778391
0.49201585464988884	0.6965872265581479	0.17960604859932294	0.013164142348265906	0.5635351278110841
0.8530788160939431	0.21535412664779163	0.14224635783974882	0.5838745515676476	0.8576634225381348
0.03499754126046839	0.653171899445697	0.5081407931158071	0.2256597218717461	0.6687228896046461
0.4486709184288512	0.7459455194283048	0.018785044285785202	0.259055871830181	0.17967984860615105
0.5450979505034521	0.4555682430787751	0.7280584596514328	0.7958626667401348	0.25882142251120177
0.2828675979846663	0.05361793157688577	0.13933103264791125	0.19596594774255027	0.7650809780304006
0.8833123268305798	0.7597276062838962	0.6674005938974529	0.30477538467505605	0.4793065763349095
0.90907592937281	0.4538954015880535	0.8351541150555922	0.8146252326106572	0.9439468045747859
0.539385578579253	0.573928439954745	0.8180699406275456	0.6251615370727794	0.8699323645504843
0.4106281367074316	0.13272146801360063	0.5700635281749025	0.009663246044585017	0.9415660015838815
0.3218131725510197	0.4115173344141292	0.14153086391429215	0.3914163655349401	0.5796475636565133
0.68326454931961	0.38069465986024054	0.13616268812582732	0.8670214321570157	0.06540931118220217
0.7588996972093184	0.7954286475715103	0.6503367346971488	0.7553743692981391	0.4670412042821225
0.26661351975116654	0.1557232797213366	0.9354023689864814	0.9266305710295799	0.3213494584149612
0.14483347773580046	0.9003178775406508	0.43302043957037173	0.9296253852843974	0.9245787398339761
0.48315954121443694	0.2084481134612446	0.45344066046615383	0.491790036642613	0.05716463781498282
0.5819762297264122	0.04332116486383053	0.5010082719800348	0.3240650732047182	0.045156937684120324
0.25328637054138337	0.4116221922192411	0.682460086318568	0.5531894543354036	0.5772240654711943
0.2908834593154104	0.4375888742613324	0.2590770943093257	0.9037816668524251	0.8537973694194266
0.8910888442937911	0.9521757788052826	0.8553319223252078	0.6298196388645201	0.6702600253707389
0.3560542818884225	0.26944284904568583	0.1247417768092417	0.9935508764541872	0.8983117237953397
0.025238316366123392	0.935871759068894	0.07736774772888533	0.05985587633650802	0.1653182529948094
0.14562507638943056	0.8727969693028098	0.08061567138327563	0.7681542632920183	0.07873418578447189
0.042704915158954804	0.8978930583741506	0.4815519947733802	0.8372446654242863	0.5563066040535889
0.5434658727726854	0.4375079472162945	0.7923738793284775	0.31165911952450964	0.17847329378140742
0.2906074222645222	0.5680922366609455	0.9579422327760037	0.17852088186544313	0.858823741810651
0.41189033224264915	0.909789585533644	0.8272183069780593	0.43959306188162695	0.3005293580729079
0.6375677644770212	0.5246879572694713	0.851828341586634	0.6364017154841524	0.13356286841284903
0.7731775275871113	0.7353403033163719	0.7806209839558812	0.16590633105730923	0.9277786314642312
0.28855921229153536	0.4467904106863615	0.6266156250374879	0.25706290090140016	0.33243696552720814
0.17725050232116124	0.2605936867188675	0.47879966496789006	0.2637479656499716	0.649681472097339
0.6315123674734063	0.3624600639215102	0.9470410694127408	0.3986208110894952	0.4717144417452179
0.5483851408552385	0.4781827273209486	0.394429042123262	0.702427575542453	0.2946706012302295
0.7968905610182734	0.3534755025115418	0.5516637439816234	0.3027207997399832	0.7099581523911008
0.022167145690692003	0.48014842300727634	0.09538746748890625	0.7349955757073551	0.09039376586969705
0.18406417011701015	0.3666725573707772	0.7299348777427633	0.6806210688469784	0.8386096152587678
0.646388752612998	0.14241374746755908	0.2758068405220273	0.7955887282395778	0.9599357279105436
0.4606470266981577	0.3715857233236167	0.3896932481173291	0.32878267774378755	0.8240615298432065
0.932370980782874	0.4075654569829623	0.47620762651322757	0.15110285851171856	0.9558334916098616
0.5642138740489671	0.06497773442916344	0.7665550634539745	0.9271479850177184	0.219361392561218
0.057580211910043144	0.8500151609230737	0.5596152313872502	0.00809008418943602	0.18112272477548952
0.7726659678167179	0.717559604945505	0.07905236401095439	0.7201173376948387	0.09146023825795824
0.7177173105344994	0.6561112753561693	0.4102885085496343	0.4890286332046454	0.9709067192346782
0.04357946428953896	0.4199638182866726	0.5706082652043551	0.5270692269757709	0.4547665464510344
0.4964273635496531	0.37388011120978215	0.4489688920563504	0.6052839784688718	0.2792026951516523
	0.5399543002793423	0.4107572344062759	0.5092340414510873	0.18981668153346443
0.23079632597761768	0.04146282334456741	0.9650890030197897	0.7308266906955847	0.611851127043314
0.8908761007533346	0.592857119344094	0.6533613433867428	0.2539952719843107	0.2498286658820239
0.12938964310509726	0.28167843968434747	0.8286800026193586	0.8785368281679499	0.3833897826497882
0.8304742312275495	0.725981175912657	0.9980764957802142	0.04300091741364531	0.0960709269622867
0.04741020647758998	0.5322445640478153	0.7872527657362656	0.5160688162782695	0.016984402481660665
0.917613416813841	0.12726107652344243	0.8641435364842015	0.9852037226190038	0.9261267749026485
0.45958226215245057	0.6933184422768145	0.564921552888357	0.9001478727259684	0.2946833442110003
0.514475819168746	0.9699630122200723	0.14516977111521168	0.45549351819946926	0.8178231869142347
0.10888024814740327	0.3571875897378711	0.29274695100324266	0.92491789133829	0.9887105652812415
0.24360470830812242	0.9734235206710135	0.9643830506370529	0.4281554062969172	0.6948801710676555
0.23520016762910467	0.30882620990374976	0.13917057622247475	0.4367258367290364	0.4485102344331531
0.862965815194411	0.6057207304877469	0.7566596471287275	0.15781306601087597	0.9332600122774333
0.9627464153978972	0.5002000405141944	0.7363944332924167	0.8964613754951394	0.5188022830374986
0.3281403392309923	0.8771689736955363	0.919612320458223	0.9909482082934835	0.34741863241970794
0.5297156303893489	0.8372446054121366	0.9255689593085719	0.0628549348969385	0.25022100156572735
0.4748057172448661	0.45992185771398586	0.45582532264730025	0.37607035659948396	0.38794078656126463
0.8521235900714187	0.236515025560321	0.29935076467147115	0.9104380645019455	0.8829336435793315
0.4134953479770931	0.829974505923208	0.794221175703847	0.7259102211517345	0.640890427338709
0.6413452261070154	0.8808255759742835	0.5114756408844081	0.2682478109471924	0.06225730341702873
0.05516321544737479	0.4345934236331902	0.7675182331642234	0.9357802457268238	0.10450059785507493
0.7312192589793313	0.7111223255167198	0.38081998645577686	0.30448751953032027	0.2854049905469145
0.6963568054838635	0.20196839250781673	0.27090448806107637	0.15351694811066507	0.644375465466582
0.08183565521295899	0.5224187886370061	0.6682097135231442	0.8652753217133092	0.8561204642588829
0.4614878158960447	0.27096805030812265	0.14437111724963203	0.9854263427782397	0.6937332421321359
0.6752871329428808	0.08785623129969566	0.09148386147862153	0.2887604552231924	0.31912222459226613
	0.4044445709310356	0.4539341142174088	0.1326583844901752	0.3461308303700662
0.24355923405339341	0.8724549458470487	0.9444967189387228	0.2156814618624312	0.049737257146810765
0.3507096355619438	0.634165365977241	0.7909740348079434	0.2450396841141227	0.9241381582569939
0.8675728321919924	0.8301575338392053	0.9890202692694288	0.7035847708221611	0.1524222440958144
0.9174776097328563	0.037390341507223646	0.5533834424274112	0.8921590423580731	0.7516428245276577
0.22437673505198508	0.09001094694770695	0.6607967001564982	0.3696662480409658	0.4031511841593507
0.4102769950903281	0.4453891551276641	0.5926692357218313	0.8246173938041225	0.30901017043637546
0.7749196949043299	0.5841373002310637	0.35237349884371294	0.8843235683680626	0.1891708894185946
0.033861050591896924	0.7977064857671856	0.775724349654416	0.8340310131653571	0.05838173694790061
0.3334041447555205	0.6066324717090215	0.3217514690305907	0.14333856595729122	0.09701870052141215
0.7662864095221809	0.44510309763317646	0.3067747592338548	0.25893685352874674	0.019096780380602918
0.897151872659962	0.9635918437856448	0.23078596259018025	0.1901978546019324	0.8208798143134024
0.3487065092461539	0.19103863476935667	0.3744670800758224	0.7652007443565442	0.23404595658714455
	0.14199900353783268	0.6459081058537828	0.8276154440861929	0.3412349762018072
0.10502329203686855	0.6241132113505475	0.6901240955703427	0.2592097264419143	0.8471503433947473
0.49099837319772976	0.23119499660177822	0.44562132889861483	0.272397357803413	0.941501607149778
0.9448923262609938	0.6217819231909777	0.5916406975232246	0.6158182085394373	0.6136201986917397
0.8048324216649678	0.5912828298845642	0.5553905595510212	0.7002634934132878	0.3735499350898538
0.9684846940389203	0.965937467240896	0.520319009911775	0.3426843549072419	0.2788773256852357
0.23737118055344542	0.16148283464595636	0.8474996177922736	0.5147028873328602	0.8734614994321438
0.5328420085641329	0.21888324660593972	0.9876518440301385	0.2918486997952716	0.4519306706188895
0.31805160510026464	0.5330424450476771	0.5128627902452236	0.8260962019968512	0.9525296510301821
0.39997684918100984	0.2535539026145285	0.8850966555306609	0.5967999390322679	0.5650435441394288
0.7614519988756246	0.8043851344553309	0.7345526019604178	0.9492140483837118	0.7460005290914759
0.9869424276876426	0.20462984317282007	0.5662610502095731	0.7861425652853512	0.27719238596086127
0.5856187547936154	0.2850542772860293	0.13815081305946741	0.4330456187856435	0.5472001257865096
0.3959575090298836	0.40090556457717297	0.41476109934248884	0.15302181991598518	0.24960867526802744
0.7603378559473271	0.7841324900533606	0.1794542671072199	0.59934557300629	0.7222336374952759
0.1644436501438742	0.6524630653131559	0.052011555174518054	0.8549937914581742	0.9144789853358226
0.12284753625557776	0.182248089795505	0.9235579090296151	0.5174464270748592	0.2493071830304744
0.209806524517824	0.37159974466605905	0.9220190199996288	0.15243941309076614	0.5583846467747813
0.8255570314739075	0.0082455611459481	0.6330285394066865	0.12914511322115685	0.6771064310393227
0.303795026594349	0.26718637853810945	0.6790173430022557	0.41547979700872717	0.21618590869199317
0.6880807799798967	0.19253182891937948	0.4615336744871643	0.5535727335454697	0.08446883181614262
0.061543811107679036	0.9633406516530858	0.42901219157942627	0.2600820773731808	0.9463227313705697
0.27749899935966604	0.020832095902693748	0.6967776963506624	0.24004422212344823	0.3458090793981057
0.92099151916084	0.8858326098992673	0.06709912160476672	0.9196960558968342	0.32470582330358955
0.5809550131430177	0.9713990796386813	0.9425243470531971	0.8740212390283648	0.4610969074030268
0.15924662368965448	0.8537076097869036	0.11367100756985904	0.26714020656569515	0.3489244357797311
	0.9290587193860275	0.13356206606356635	0.15675305363803527	0.14502893125845195
0.5783646815364217	0.9652873359530192	0.7821132718799898	0.5347051689481191	0.3315832822275566
	0.3707698293123769	0.26884192772520366	0.3919833554325468	0.6098679210479813
0.354680505407417	0.3342093483273867	0.990872876322232	0.6444563754540905	0.33406713034525237
0.9836391916059138	0.006829155631720929	0.4898944533047105	0.2799593683261501	0.14667441953143545
0.4878969968266149	0.23795420427005276	0.5273120740201745	0.9769095083824554	0.8876036341799359
0.38945669603009125	0.1693313651732773	0.7644287660540746	0.4609931376365347	0.36633078192971846
0.08478568503389428	0.010418228844392141	0.2177254096512553	0.2519798737244108	0.7829378721070691
0.6429266261153614	0.6920749029786163	0.43167013258206244	0.8976192681430133	0.10838836009936703
0.01822181252993671	0.3807568353445483	0.7474868079995404	0.6130357482543235	0.9036950459279064
0.4115541863778682	0.7766784664948271	0.999323038715107	0.7636839166607413	0.9521912332624958
0.5275686001547873	0.768376137104081	0.11105667325452717	0.42123590273644784	0.642843025234196
0.788952250270281	0.34710648847789993	0.02448378198409451	0.3041374614430471	0.7526909525126574
0.447787397951254	0.8779161669262385	0.685369719075648	0.9408503944085451	0.2806021192445599
0.2025874417572956	0.681328354833618	0.33507994333300983	0.3528661684291978	0.2549997059215646
0.7390567891775288	0.828848187849602	0.7960938816691374	0.524131584104124	0.40080621673393146
0.039704954393006364	0.5640701927844984	0.7162535727761519	0.8926487634404208	0.6690584397921677
0.9446236505584508	0.08971499000517802	0.24046440487017118	0.6544608964878704	0.8951931681802868
0.8981662038729579	0.17866412649826713	0.9132850232272663	0.8008241872149033	0.8664124620964411
0.5072855457715558	0.294029079952443	0.5158365149493431	0.20569493271478356	0.34885002452963254
0.6692996051454456	0.19239159837162678	0.15999462417327104	0.40135952368634487	0.9592375062127023
0.257250350092883	0.726692736296756	0.7889730674962239	0.2257910362473361	0.24666558573868458
0.9066405744080585	0.9500691133410044	0.21677518091871462	0.5715565710513246	0.3895615856098896
0.6339399582493	0.14668948441224894	0.5018652225081255	0.7458009902912728	0.33201407417449247
0.789593826476941	0.5113444803708599	0.3971088437756626	0.9208061973215109	0.8519146509552513
0.29035863861341615	0.28912905993669125	0.7436173827163651	0.22433197342704436	0.4588414741858716
0.9646047702971247	0.9861308473174467	0.20322876887501806	0.0357447479947387	0.009291695196556704
0.10677701654685223	0.531841448386209	0.8657563957624532	0.22076374485601136	0.5791668301472773
0.43577723687779135	0.5754630993256697	0.645711263635268	0.34436125029925246	0.7945776095419109
0.06285655118623401	0.3218397053512435	0.37958753664907285	0.03300932448170202	0.2200821183224716
0.06363904834956213	0.47916281213447653	0.9678449239825784	0.8241558393885953	0.4276890100074304
0.05828619298119486	0.2991502976063575	0.5466350283120915	0.3181437014216606	0.4080230976111453
0.22441508149979927	0.34927818654342013	0.581891523986454	0.489703655155301	0.9614767921171717
0.5345901112603322	0.030559632357812228	0.32466039925368495	0.31928208054754637	0.13364253038363205
0.6073766476731098	0.2198810926134025	0.7524587037417334	0.011229228628260146	0.2786001236056732
0.09907448234370386	0.6586183498081414	0.8272078237663867	0.7325425442808328	0.9366731730344771
0.6330015885224389	0.027729623269629466	0.8823427102492327	0.9998096662961306	0.0645285549639425
0.1431933503532945	0.05036557646696305	0.2776193220368829	0.7702376031125449	0.28057993090174627
0.09196889303880629	0.36842809385338504	0.6019769380556655	0.871340601005927	0.9230630691365412
0.7237176668842561	0.5875370725554439	0.7891557179622206	0.9757768541649315	0.5414197397944455
0.4612670257898204	0.5895659372013371	0.8536122589957771	0.48518580211759677	0.5835716726507425
0.06474898490602354	0.15578328269283293	0.9078209629328226	0.15391747656456556	0.3157761709171075
0.9549717723511085	0.49695952932683696	0.7991944943065807	0.4605461825455732	0.5887306170892335
0.17441498928280896	0.9394683698592995	0.6095078613913657	0.48413477789820547	0.9060056342013254
0.1663540547024882	0.3275383369333774	0.882386245674815	0.08071866305166842	0.49187842570934637
0.6614705161422023	0.7714441308339148	0.9714913482563288	0.887907474644887	0.6315873255714912
0.05454854759535965	0.7223422308244487	0.8778691543075131	0.824427423788955	0.2363020604297491
0.5332133084247095	0.6567086987704006	0.03739682434311575	0.9787812584955597	0.2529251140605917
0.431948337030716	0.7303652518777412	0.11860436523184104	0.7119515194839389	0.576297534312303
0.4134650479339341	0.2942621095584239	0.8905104201282585	0.3473386412951629	0.182428060251136
0.884074128091658	0.13580019130318588	0.9512802405007609	0.3805177025336287	0.613109213349863
0.04315463806881448	0.8701197782063377	0.6898179791982995	0.009050498681459795	0.7122552247808773
0.54759384455895	0.023576166176884628	0.7061062355573369	0.7379248868204672	0.13113198951308025
0.7309835323781425	0.48031921288647783	0.14525769880364414	0.22924717630767688	0.7478652849552773
0.5957656233402087	0.1731362046318493	0.6131040103621008	0.7976774763519408	0.529382618751453
0.25450203456271503	0.021075855725104398	0.11938544982378085	0.1444935737663604	0.02901765430116099
0.1246165203023415	0.6859069249906646	0.3427354951384576	0.9330391227118825	0.5973740893217653
	0.9836414121331344	0.8646251063520962	0.10965507408690278	0.15875305798041806
0.5499151347961276	0.005087361467066787	0.4792552335506204	0.31217895841074184	0.9532716944253754
0.6719942871815356	0.45256874318397644	0.9762191053919512	0.7131166652149317	0.15319067160716915
0.1861467072906141	0.4647584164876021	0.6194684883825969	0.08700010861141283	0.7845734809583336
0.8085796794544393	0.7359458544709759	0.16194349239416905	0.2606130858611151	0.2281641471943202
0.5299066623896234	0.7551559661480826	0.6765628028902466	0.1516763765527609	0.406156256118847
0.27357949773394463	0.15326925487876863	0.6482247650805719	0.22606414336360592	0.410439169975659
0.6132470328193116	0.17918584633997192	0.5098924420591754	0.2982821644752014	0.16293614025618508
0.7254002317423206	0.33122268845617153	0.8483026904594444	0.732348178180117	0.09316003148698837
0.35971468793172146	0.6304004363527937	0.9204492926476016	0.3065037720648136	0.5246228731737163
0.561929235354158	0.7561531426197411	0.7714491971249332	0.4239563420888711	0.9545941863950959
0.92769520006998	0.20143351441825452	0.8651217567504031	0.9319623643407131	0.010044323498610508
0.3174478928005052	0.8974549657844277	0.9712768558381046	0.06280773848395038	0.16023812290551542
0.8522863939790215	0.46987926142237557	0.4152947756740626	0.9580016689321289	0.2211349560822975
0.3252206280336748	0.9294636615054209	0.139222799877188	0.10843712322610699	0.6883444095708744
0.7011372519803213	0.2682391608914977	0.1444637316348346	0.9277301488133715	0.7143817033070555
0.07791874843138635	0.37390302024096866	0.375924355823575	0.666459211895362	0.8209156792777919
0.6699378545305051	0.6473481552684051	0.6243758480214268	0.5249873795364354	0.3708666507265691
	0.6416581214015832	0.9389915628819443	0.7757812345355629	0.8392587125708476
0.4881030960779692	0.5520999392438969	0.1974825648615105	0.5042690614892773	0.9348226687826346
0.9212672565704114	0.5919960864898947	0.14118338974327527	0.6922799293537303	0.08234328531956792
0.7629666214923223	0.8405743058227106	0.3272476711849792	0.005178377613962559	0.27016677093480723
0.3339335260737698	0.33280798577397464	0.42323393065369397	0.5982974907745049	0.5211778651981375
0.36881238176155795	0.6825343834108845	0.20763194803135	0.4119442010160379	0.9363735012473051
0.4923798677414917	0.07324493546077093	0.9986842179446052	0.7688093995896353	0.9642550572886098
0.9268695372146307	0.7339390615097706	0.39296829201007244	0.6796606666437097	0.8474862172407126
0.717696978327442	0.4479900738883458	0.763511056336413	0.8142848999010864	0.9650384711642358
0.31752266881586066	0.10633055391017199	0.07230257373759907	0.30897930377258864	0.7706177038388837
0.777527219582553	0.5315891699168014	0.5342802872355793	0.8600025065589241	0.19881621273693273
0.5258714105812503	0.4829443702053726	0.09001367410845684	0.0249983346247995	0.8052069809055238
0.2185594018902841	0.6041742916181562	0.9153370757374741	0.91024731436478	0.6607373473294371
0.04900950547920779	0.38751086472551055	0.19874140550646013	0.8610363806336129	0.8445384231525701
0.30221537326982273	0.564595454406697	0.3765333362598552	0.1275753469154821	0.189453333826755
0.6660771527532482	0.9127360155190282	0.24453075314544392	0.9123295892070766	0.5822561591385574
0.955532527568812	0.044001645562950054	0.5835085230150935	0.34429306225133516	0.09668157654563425
	0.9013727103364708	0.0010853176418395005	0.9152751414699482	0.6421701098117802
0.5843097327303453	0.5192605664319787	0.32926249690637976	0.09592175308918616	0.8842730822176392
0.4137485284477148	0.9566817185769594	0.23905992551650712	0.8983750861861516	0.15309793278364459
0.04471426726950767	0.6552053101945621	0.6456081915461535	0.42482765925818555	0.7417421506326713
0.3095458921305829	0.029531467255097366	0.5552355234633599	0.28468297678642795	0.2868681078148505
0.04658048123350311	0.8972815279822112	0.4496659638060997	0.7861868819533389	0.25798105611213185
0.11810034084512755	0.9894319717697106	0.46397521743078496	0.6548221076052703	0.9818718100917464
0.052179444968309174	0.24894216093696986	0.5982147871149444	0.9037106158906857	0.04066208503950097
0.3849367190029822	0.5300512129160635	0.11429875213778162	0.9882843731343196	0.9551872526093411
0.48340815110821256	0.08858196690806275	0.14527201376579035	0.22902156262385687	0.7567451598758229
0.23029331331875746	0.4278946880366602	0.3463388350193207	0.9215204007479438	0.8203535099955931
0.04124305727286792	0.17364385774447932	0.47339369425923905	0.9945792795800782	0.03793996400048205
0.2579691269772868	0.068339399973664	0.4158402837658405	0.7515442990825987	0.11848539100121247
0.42001827560181393	0.4361925470547846	0.663791489895719	0.9020297442249033	0.14504802197703914
0.5568094871687014	0.23375424675831635	0.03897914010764991	0.3423218889743376	0.7121073702076977
0.6374902241633453	0.6526159836894447	0.45987200275185336	0.7855802666103682	0.7383364621992905
0.6010530931264203	0.7833457726075811	0.8086053909068969	0.8901636379349326	0.4019684049254749
0.5858038024359291	0.04974220502518112	0.5485302220485346	0.05437941414703795	0.727133729510632
0.054235254906198294	0.8166950550116994	0.2391994712224883	0.5230538662019124	0.1317173934706668
0.991696061110634	0.22956726323667986	0.08988107639087317	0.8702216215082839	0.08523379606373294
0.8817057286389708	0.4383221322119518	0.9738584700332324	0.3841290284962189	0.8019112177288009
0.1839763737200063	0.17582452861514708	0.9670749602018295	0.9351289018972858	0.48792269963954216
0.7761671676151574	0.5982479736948301	0.4034658927692121	0.8331880608052665	0.35470948490792464
0.37782716746582357	0.635076627740815	0.6325919787573735	0.5570315614591586	0.6188168243399522
0.2628614083356694	0.6204606497092233	0.423419714972327	0.5825726733388301	0.6130439869415406
0.4307126737945113	0.09120404127118908	0.3557643659528428	0.9130695203266109	0.5379758836061593
0.5538819702494596	0.02028191312306138	0.08214862666866041	0.31794916412675145	0.45445338011334657
0.047533368989277625	0.9111356129653346	0.0414105906962019	0.49073397746559544	0.33748641301411897
0.09807958378249548	0.6591888239828051	0.7112798944040268	0.6159065386402642	0.3819536200764545
0.9279562103483767	0.25178699162278584	0.3738553427196267	0.6995864678279607	0.9203891564562509
0.1388212802139248	0.9091564586161905	0.09853473897001919	0.06905879867334264	0.5433282897328212
0.16719756202151626	0.7255537215068838	0.7666069521597018	0.38322416136278625	0.0769873315143822
0.02806139285123066	0.07135586941224892	0.8821470550689225	0.03869757933524831	0.8480612736386044
0.3055473799677245	0.40847359951221063	0.9840767365327062	0.15225606557817373	0.45558650582397486
0.9701216466377625	0.9695008718413066	0.9813627506470305	0.15929878583201917	0.5373701304787822
0.01908160787659341	0.6097099705001133	0.48634166603223317	0.46812595178277083	0.6440734786386939
0.38386438171889425	0.9544352036681084	0.5427964793834017	0.9115649697827444	0.07178184643255825
0.5497111286205268	0.735093041072019	0.9270514528765629	0.25661890769136586	0.8858523569473798
0.29834179343418976	0.5134270622433038	0.885227171921221	0.6831491520287201	0.5757674153977442
0.33673790781827495	0.7530480067296195	0.498767538489565	0.19423667167292202	0.205684904201616
0.5346871226661057	0.8194210547515772	0.2754330074616448	0.7036542675430352	0.6704708352938498
0.564905980613711	0.8673824841206041	0.8966385943693974	0.16702231162437509	0.4242926672610392
0.9786192571218546	0.49961765688893633	0.17375245072681433	0.0054950421029427154	0.22403802272115259
0.18929200242894617	0.682067792889764	0.7324466337465878	0.6957360373627574	0.2691861432318823
0.43653515083993644	0.6832907145457141	0.5419119798436763	0.16359867212329648	0.18693246884524384
0.572786149731494	0.7873778974724517	0.5482456902335224	0.2718896351323373	0.5656651101702888
0.6456877056673327	0.9912108821715729	0.4844019777307741	0.2646042819536234	0.8743128644894607
0.07034987608636112	0.8126374432436066	0.9342063495647528	0.11723574559248773	0.02435530293943311
0.8985200188692322	0.6987381361478854	0.5028888624906414	0.7685298309976764	0.684504333077846
0.08278855643206406	0.9332033495656026	0.26056916917130835	0.5448766478319234	0.5548524732421044
0.8047370604156574	0.01953106405168714	0.6284520833953311	0.6242959877577214	0.051708075555659705
0.6019652490751779	0.7242260826041251	0.917564850473604	0.6174603015390787	0.71500055815216
0.14309143642483124	0.27715833143930746	0.03707028865725137	0.628690913778513	0.9158386879139324
0.8535185004748801	0.2529208112835045	0.27291373480161896	0.6852678587763819	0.2753308127535632
0.15502106559493423	0.3141117633508228	0.9863540675564835	0.3533480378313997	0.4698087278140799
0.3886574503478304	0.06293750770545103	0.7466680245981596	0.8972336170057936	0.06679510453894455
0.30633010677975736	0.5643381209167164	0.3712761038685308	0.5788362714513817	0.25209187091783536
0.3173909370479596	0.3759114679585269	0.6544888630519791	0.4213420309333913	0.03796782904345741
0.8558034456322142	0.38954291062793023	0.44664309663573776	0.2741042159112256	0.20525365124648876
0.6093160999860372	0.35741790976804466	0.2394915596326771	0.4113122644953008	0.5975981303679985
0.9517652573546355	0.7298791210641333	0.7995884594724124	0.9737940409388909	0.34284734253711646
0.15075668049188218	0.8609748858235728	0.7208989916473704	0.23199606982144583	0.02148663297897302
0.14739249980469893	0.6860734676647372	0.8552077361947469	0.07462924346645083	0.14492701160222143
0.9716075613261268	0.4474412758233144	0.473147755397184	0.6276143830371601	0.6796842714711422
0.866034060131102	0.07349946848129718	0.6478764106920021	0.16877487124253077	0.05295315480247842
0.7108696258527818	0.18564178852356428	0.10334737451580811	0.09017139250908335	0.9661979634933872
0.5323911396678899	0.37226363179904143	0.14120074228012247	0.9403530602595469	0.03255168269179787
0.06048251311100061	0.3402460845425439	0.16358143098510458	0.7803270598172345	0.10284742703678329
0.09778337105652746	0.2970522639689229	0.44698719452477653	0.21393004383132108	0.8477266067671904
0.3218599735929816	0.9902579782106832	0.37340453846789057	0.5864315591312126	0.5624583301047746
0.11873950984542292	0.36499371305793105	0.7772786676535438	0.9709790462294707	0.6313580163729984
0.9278257670100998	0.750008518533924	0.19161215023337708	0.3241370208073925	0.49199784774433586
0.022575634456658444	0.9746430548988263	0.13116243351226942	0.16135425533909897	0.8687788687368347
0.7651351673306404	0.4768712990668392	0.3814718298262406	0.8654460915382247	0.2877866512594095
0.2960976471869937	0.5438924906002026	0.6170800797335257	0.31196494999854574	0.735163241379945
0.37104514600619154	0.5227222307365087	0.3010720835061279	0.8318376852352608	0.9018588087716004
0.6784419988062139	0.9076736473337614	0.9433233391803834	0.16887842409905807	0.9786284307502076
0.9839361551204228	0.054147823027374864	0.2466436681145593	0.6152229166047224	0.4250167467997822
0.5710047975550784	0.9399181907010107	0.5984598551069527	0.9530998059893294	0.6242694226956583
0.737842720806222	0.4676814473104307	0.3402604139725679	0.425795270165512	0.021283774393181187
0.3248931112328841	0.9500695524607383	0.8378479422275228	0.43901097968257197	0.66611071856849
0.9817924888700199	0.2910296182947578	0.2555023224517231	0.05078627388876766	0.6876094321263434
0.1569120053141344	0.9715803741589822	0.06175865802010705	0.31683140785883745	0.5547320085641828
	0.6116285932426222	0.5971227630664552	0.30763141184942666	0.9887174427200703
0.09747701870858405	0.6225890112089806	0.8545648816179511	0.4709400455608628	0.6840347953094778
0.5288058942385772	0.6873872813510993	0.41253499247258196	0.9269372349752171	0.565484837790916
0.2434688085684562	0.2076829224861204	0.07561997284982602	0.9865915134661188	0.904017159350094
0.08791910705961159	0.3058921444457613	0.02997375035425076	0.08036780878601868	0.7997396663044808
0.9760675397172187	0.8625770560641753	0.3004552880764766	0.05611120927088786	0.606949495247633
0.48618094405482515	0.22734070255607786	0.6528109993390468	0.3270089586397208	0.40485927784600606
0.8688765056137837	0.17790728215647522	0.6994170085817139	0.8899451218234532	0.25824716629781796
0.3306476231941917	0.2566598952630069	0.9616576506905539	0.10366898118142198	0.3148905189523996
0.9928193059290105	0.15684324697862162	0.6574329561435642	0.8217588142235595	0.23884701565194566
0.9197604457041169	0.5353425850083185	0.43092526300394884	0.3310237851560378	0.13073659540781002
0.11386067132916156	0.5981835870696625	0.16059170850164395	0.16958791596656386	0.24124848626945772
0.02088912984749902	0.24440799555754655	0.02320685524015287	0.997064372183779	0.006826801699427065
0.02008164209416552	0.34271535744482384	0.5996364893313525	0.36197705563720906	0.909257558804361
0.5870793971769952	0.2145692292770076	0.9825153206339099	0.03354809151515914	0.449606688294515
0.2371850001491269	0.44209905289477613	0.46180090926599027	0.5707016169619105	0.6712531069586908
0.2766642996717039	0.7064806881440149	0.7070941823858685	0.28871346371556683	0.4516695846449619
0.5385991771653367	0.082278526025517	0.10904387908972546	0.7871597253873904	0.3249132720297344
0.4519935100045682	0.03403739013149998	0.4553179605832721	0.9422624584899568	0.7401284013602545
0.28765795893926216	0.9701009839340287	0.6088986568821196	0.4498812245612367	0.45076280296140714
0.3114877147356726	0.32809434334225385	0.24254880312707938	0.9379778708662507	0.513033389371067
0.9674192210887823	0.2876646914905113	0.9390338560543904	0.342191466267619	0.7490783943251152
0.8435189522765872	0.46622062814162735	0.19616638267982145	0.955249441551327	0.6283911510386169
0.8535960698322553	0.25933876342584583	0.6783483940198176	0.7560649913686137	0.03284438757022845
0.9979075172506652	0.3680637495218302	0.5441580555280209	0.23537479808636164	0.7761801927669045
0.5591149577638285	0.25265844736989373	0.5082652275075596	0.9550784272054254	0.9556209604834511
0.8413770585315281	0.6104223720867306	0.1429442553129946	0.12219013931923739	0.7279750395221798
0.964711870590229	0.812547263608282	0.5165987692437778	0.3705049476938227	0.7869032365173894
0.7160157534768218	0.6182391206638055	0.40078621138689396	0.9101483975345702	0.43669691174148817
0.5982986087988458	0.9170714282186121	0.43907743156360335	0.15610044817694713	0.4209499048705265
0.42027160095342775	0.10287327209903485	0.8132449267659257	0.2833040585107326	0.15580186333466062
0.6192569436736304	0.7541040013355805	0.42968221672103457	0.6186369601983522	0.9723385912838676
0.4761074677199568	0.5817476408209623	0.08445521387906174	0.18900008035843596	0.692571951550087
0.6350503963149321	0.9153016110640498	0.08839014285370972	0.2628245021979152	0.7660507432663174
0.4500836623702781	0.9741877567462993	0.7995978667463187	0.7527576522890632	0.11851102958004878
0.49707066484389895	0.819114225931042	0.9514512015204571	0.1409438786346643	0.813110528204887
0.16990292240300364	0.08286575512401506	0.47446552901638706	0.8355797924320939	0.7569646665775688
0.3048207763865054	0.45401739836457344	0.4851342939279738	0.7113720223396093	0.9848988863998808
0.916969839225654	0.20636252639023278	0.5389698858193969	0.9105496637638998	0.026656395985588444
0.7248622563342626	0.5804865869276065	0.3734761348942244	0.595507439410682	0.11094398213636725
0.03628724836545816	0.6819011843557028	0.8484263269042108	0.635173668938422	0.3405862132175955
0.8004059112057035	0.4189211735701933	0.1865009958853523	0.7179494336468996	0.6054727739425949
0.6590407152295336	0.25757224670463874	0.24531827718305388	0.6559246408794668	0.08601795116012034
0.4047506634860367	0.2584732460534005	0.4322024409995112	0.3414246517956817	0.987175197357235
0.8624915802067328	0.8787384814567495	0.7303262875674461	0.06864650959343976	0.620048198805531
0.21275788520941263	0.43499012270277293	0.4715260775648017	0.677153532899381	0.200103931179045
0.9339101135788752	0.8245655337610447	0.6306795791815701	0.048068951731941256	0.9261754144118448
0.12769168228707095	0.2068442556705703	0.0031797590353517258	0.2957865551959925	0.26623738649969064
0.9083936982799116	0.389846629270184	0.24902763146692564	0.3298525566235303	0.9364769546739985
0.6301713209930127	0.8125614321570305	0.9175067163681845	0.3989225309962545	0.6992596493915745
0.5826239130283237	0.8632460254413222	0.9303909085213724	0.7029111641933727	0.13524826502933718
0.14047041409546046	0.49663124382804125	0.7599103815479905	0.12246107289553032	0.5811439885379663
0.36168752905826707	0.6281938140441027	0.5674982767214488	0.26856121222221363	0.2257289752919922
0.0901961816339878	0.22456494482609268	0.3530702905828105	0.7499639299117499	0.40262361262732227
0.3892299758868111	0.9012822510290583	0.44726858575075645	0.3051838148228032	0.10214434557838403
0.38102649673776834	0.9470230374073009	0.18788518481132177	0.23703810792959767	0.21985596449906353
0.7295574314770733	0.43342335813979016	0.9410210158766498	0.4215633084847118	0.014750962472635742
0.5931581047707485	0.3830436790248988	0.21069843820567635	0.9006779892055985	0.8184126973664192
0.7227377282244353	0.29807474319490335	0.2238902997951856	0.9189492272376627	0.3047619901533377
0.8067136878609554	0.7305760374608434	0.7331958346331129	0.7184936858779192	0.5504112353037034
0.9111902466587831	0.9148659582460594	0.8664000507657021	0.6065350105081967	0.464164189469934
0.23347594494707935	0.9254099350246139	0.9074370066709697	0.26321473175879184	0.19055125661111705
0.426892675901955	0.6198162853043958	0.24979738176168753	0.050554696702593604	0.9679244029955582
0.43679317841422594	0.7233987991191763	0.07818588780525904	0.6821946152068105	0.2318069429982259
0.7224383905444973	0.3424448411285974	0.4728240700447298	0.26072683789718376	0.5590944719370466
0.44332581920375713	0.004160693896785306	0.126817640520429	0.1744506298110554	0.1702450857409188
0.3181781381556348	0.2936648098261748	0.9166568008820457	0.04075366055839014	0.21670809765582255
0.5773348265643024	0.9526779398590309	0.6409533962532287	0.6559540547706383	0.18903675461219394
0.8508487374288365	0.9668072076824064	0.7640477526089238	0.47954069980066494	0.9249824247918488
	0.9587039174863689	0.22442723893790373	0.7048465199453401	0.5477019587434432
0.6425527751220873	0.6546263557828528	0.9877953561812223	0.2657153652605767	0.49107550893828267
0.41009772780335885	0.8557290889580363	0.7904576115374093	0.9156734290662009	0.3773882789013341
0.4165839680765546	0.8497708570138167	0.19099937377591225	0.8304627024332629	0.10914212778394061
0.9029655124770333	0.8984185236749451	0.8890850304073268	0.6729701937341797	0.42414848498699353
0.9426234387964119	0.34030439135810375	0.2979232009610475	0.27988039358286254	0.18290372939219424
	0.918828683700876	0.9205380236528233	0.35975095217516495	0.8650104890839543
0.732656084830975	0.20262093101345136	0.25334545133196595	0.4345554662575071	0.9200331010018928
0.9299591908872137	0.4773336065519883	0.9702913547471429	0.743396117037848	0.03906740852711388
	0.3968040358142041	0.40929081938399015	0.7965239227267286	0.48378646772047307
0.786246942015717	0.6831130380812702	0.3456711089444007	0.9875223190474904	0.0024031109648307014
0.7681645781871085	0.40944746414747546	0.4145140836288239	0.36832235372976385	0.8108251291696278
0.43187893168161506	0.32052767857554454	0.8453627092664661	0.09439570552943555	0.317879602943294
0.9733518439475377	0.800228338128401	0.9823904143864157	0.28284982305411055	0.9431718206484359
0.6578957075064283	0.02678979030688111	0.16775899926457805	0.6122232386287533	0.1315581794157924
0.015621918769840426	0.007924155475871886	0.1776303249759874	0.6195069870980772	0.5879471511173696
0.3533388208605539	0.6715107740685421	0.9254857887612886	0.3955640180637543	0.8382307977092083
0.27033231346179376	0.5351055897115494	0.5027603501370066	0.09121656143063528	0.07729000693784194
0.40040951284747917	0.6386330084765083	0.7298895618700343	0.4164570232488135	0.28926700638388225
0.9363974764297025	0.2012236855222258	0.8948991437288722	0.816761658740794	0.33057537315364693
0.19652230484647792	0.2197541881576407	0.2426504432355524	0.5676811157708784	0.22081698921606585
0.9066684052280782	0.31339526143553254	0.7049131234722922	0.7452318700357771	0.4612693102001645
0.8625316224078824	0.0960470866645462	0.37503899702594723	0.7913944550791941	0.5689096822269959
0.9500880191312046	0.8412039320410404	0.22538120502457248	0.6747864062237781	0.6890885238426866
0.34616460946884386	0.6559154793089128	0.22643440279315563	0.9384991444348606	0.6352663188718796
0.7592633418871041	0.7878594499712498	0.866004001565373	0.2591028395914916	0.619608544154172
	0.24075552783448195	0.5713892297478573	0.7248685132066102	0.31773011636366255
0.41122577809922234	0.06313872556435152	0.9276177217500087	0.885019344536436	0.0833462908509538
	0.9132532925611192	0.471287719646468	0.19984342052191684	0.637962847963362
	0.5855074066771567	0.9088768390171735	0.10804251329458137	0.2811678643633392
0.3349103111402931	0.032020912255493306	0.6694063572845974	0.8210340575325633	0.8683290143489463
0.24934971786123872	0.7051716263329516	0.47886682437630745	0.0625607712269266	0.07386993402658293
0.8468589722094296	0.7901456838423728	0.9101284753357606	0.5355378536613997	0.5989651148536131
0.8862856854201141	0.2724205966585558	0.8281938193179871	0.22569297887553896	0.7204802397921579
0.038534328028207	0.5229949358296899	0.175283806894304	0.5564647506746807	0.7814754975744
0.756519402081357	0.829309765312776	0.9231001659921456	0.9162705381248288	0.1876833068569136
0.16907891496754357	0.8134926804962015	0.7851105101189001	0.6892297858896977	0.8067900713649472
0.7273030412322115	0.7220323881131583	0.048260592044525596	0.6742104148935266	0.44075107597280583
0.18804379543191263	0.272012977385392	0.8036314893300772	0.14295489446825815	0.6532025528177642
0.1856360259469435	0.861394455732656	0.7664795682364143	0.719032316158454	0.04230879394259923
0.412646512725271	0.9375577700408765	0.43883644736376026	0.529690031380509	0.031229896902524756
0.7699415230986689	0.2880529221892463	0.0513700287344383	0.2496761722741302	0.509745116307447
0.1838603452227302	0.15419734045042222	0.9374955790435802	0.808188087098536	0.301169806672138
0.8674691239158316	0.645662313341493	0.8529307263375223	0.8609005430728943	0.7726824355645625
0.3720006206793679	0.7627508401236229	0.7062428922647893	0.4743521517598307	0.2083493572627888
0.20105693965205917	0.255200260960738	0.6501166371346752	0.3849293457276075	0.7720691282483108
0.5599157320027325	0.46115782836002284	0.572369716129567	0.13932910398058462	0.285519423257693
0.8380467319678901	0.2620113160276668	0.6028249615379688	0.9541635551711963	0.4525418811057452
0.12197298833510573	0.8072933120502966	0.2904122471832611	0.9345037635696051	0.2615332775749539
0.9253144724866176	0.9764138446894256	0.6653560935584716	0.44399563913459805	0.4347497967619922
0.2459371778801429	0.896575516392442	0.9005240209130647	0.9623034297236412	0.37992703248878945
0.8918655476402719	0.5848605821850318	0.254799468766705	0.9290406501218473	0.08671937021512477
0.9105728780175281	0.42797736919028284	0.7237311953990021	0.6729647792023427	0.6237072937473797
0.5953590501247945	0.3796919346807711	0.5545168376252242	0.993824712463403	0.1204051412239896
0.9441854095136338	0.9157386259665683	0.5739338639704197	0.5369762356657924	0.07430612935394587
0.7959829096414265	0.6361324734176599	0.13412328647702831	0.35233710672252794	0.9942268893694981
0.7505033182276984	0.2347841887878428	0.26796341911241106	0.8537120776896606	0.8025232979051199
