X0	X1	X2	X3	X4
0.3469359239511864	0.33548288724835185	0.572025509366422	0.4328502607895043	0.5786887068114904
0.34885879664165426	0.7955496629781964	0.27979792864406094	0.4040022112527968	0.531779335480895
0.46126765323214297	0.5787917745361035	0.7540804474123186	0.5295243700325125	0.767470973771875
0.21962859244758148	0.32600000317541417	0.42878719116077235	0.3705132545193698	0.4369681366119673
0.7766175437874651	0.7643597327504589	0.6660040970866434	0.6530832882591596	0.5990187836120625
0.6766828468840873	0.39651866774043737	0.7329787966991473	0.43647311959982765	0.5077594054348353
0.5768543868999982	0.363912659522708	0.3755123204637554	0.6209472619671754	0.48024985255095326
0.35427181535785646	0.7379372515149683	0.4941448781819987	0.25293960711638697	0.659873163059506
0.5382964569826791	0.36008255947282425	0.1735934047239729	0.5224167994930503	0.40304557500815497
0.3911409931750101	0.4434062820852829	0.4751556694620394	0.7555589478243956	0.14441130407950992
0.6310641964682353	0.4078278499956637	0.37945570562873504	0.3587328616493	0.7078963909559811
0.15785119062912623	0.5231017457444214	0.37089446717875674	0.33984496379570317	0.538918038811012
0.42162253066465466	0.24831255018962275	0.392400101058554	0.29866888103789285	0.7167267493043831
0.39517300692757545	0.3835429486266971	0.6235078225517419	0.6140247633496935	0.5996121267088415
0.13800985493122644	0.4588692660432934	0.5640811335774665	0.41772804487748544	0.3884189821206589
0.25742837820325376	0.7800386505833965	0.5087598818797302	0.44159083292907164	0.7110718054778482
0.36765897656572677	0.4911453034429058	0.6865288605586521	0.34678109775518334	0.47995331641717887
0.5858129008055108	0.34870805007907746	0.5564976265377921	0.6214785200149048	0.42001609983012
0.5256023699232307	0.2899521435815469	0.4014074425665843	0.5568780638711066	0.33901983975521743
0.4176900481181924	0.3434222629438587	0.4161340819795123	0.23074756272826638	0.45511402105051163
0.5645856592189153	0.73967356845021	0.7026059423584204	0.4619231722434899	0.5287263014871437
0.6064890550102102	0.46990872693279284	0.394520787110739	0.7218859350169928	0.668405190932739
0.43316029046071086	0.5898703593723714	0.7198200109426881	0.27782227257879083	0.6599660832090144
0.7193527113834808	0.5032106486426419	0.5355135685217299	0.8519410756127019	0.5277257602285277
0.6629268682421104	0.4888565309634893	0.2602404092082427	0.5425349093851051	0.5539554245136262
0.6084014583252073	0.5534729709718172	0.4376677299680333	0.47216479472577694	0.6626647068105291
	0.786760383958077	0.1110825102157676	0.7946009178234898	0.43203849236208575
0.35114356437858585	0.3423178228758305	0.5589424577962682	0.47729576556214925	0.6512796494941606
0.47330223414196865	0.4441220796265928	0.6519738847009791	0.30345537509770304	0.6305643195661671
0.5433675545394929	0.45984172068690765	0.39785513039664955	0.41773430036980713	0.43623364767392225
0.32541108559038445	0.3496066026346186	0.38861201350826735	0.4099805034592901	0.4649352834309634
0.3729584668744042	0.4930063586355203	0.46365390367006243	0.5394590182388053	0.7573943404252431
0.20826343936217273	0.3678056941486262	0.7867871259888994	0.4543373821032045	0.5639867184969752
0.46112694194819975	0.6717873564023753	0.48377682143141476	0.4366285795234664	0.10443865931978696
0.5660843917281783	0.5614947454109108	0.3055891398180592	0.23026775649960946	0.7683514293055917
0.1786575011771141	0.45881323668224455	0.6892055927527758	0.25778798560309363	0.42250387267553813
0.4548627110677655	0.6336964837094167	0.590741360430634	0.6255712166491734	0.5166946825389711
0.38474194253435245	0.5453879811086062	0.5061246527320379	0.5695334064309074	0.3655263975892535
0.43003998435115875	0.47533247577752846	0.3275659691663919	0.34094893711551777	0.49796214711701114
0.41781347390160245	0.7125197660320888	0.41511180414141985	0.7278945712183051	0.64822963949852
	0.49420989870432436	0.4816238992707766	0.2886772494140118	0.33199119864147525
0.6662215396800201	0.5552766676492383	0.4249691508318524	0.2257866651896553	0.6030109814356537
0.5255690803747627	0.6363843605227691	0.5939058614561319	0.46530671852814537	0.5431395496337049
0.5890916971598281	0.5087403066569084	0.8200299052117115	0.3552797646801556	0.4991431381668422
0.6800060446272053	0.3745820748237101	0.7607133772029666	0.4264015610398362	0.8303570338662355
0.4617018631822208	0.26222129502554375	0.7200634591127495	0.45690882247157855	0.7414197021962433
0.375718312117635	0.4375245426440766	0.2797168710045379	0.33414429677168583	0.3806839259125343
0.5478540369669306	0.4999220778675495	0.3384496531651272	0.4200716441744939	0.4390190482006482
0.5535469687807683	0.49405986706766836	0.6749079466997623	0.602506184509679	0.5990068948164589
0.5788813078360591	0.3194810709658721	0.6049795025682084	0.3140771272226577	0.32050228771500056
0.5388530033955854	0.5465109690375347	0.2845311271792223	0.5445061877903064	0.4879270260730635
0.4754407074876182	0.5141590936179369	0.5106353395381232	0.6111495485739159	0.27269791251855174
0.38622402036439146	0.5794410147592322	0.5449081299084206	0.5992969004384333	0.42490008224054576
0.3924787950603531	0.6448677239391484	0.34063217308139615	0.48716235090230064	0.48019538080853724
0.5501732120694824	0.5803672941630644	0.46916600992605983	0.6833143542678545	0.569369482213826
0.38852959894455186	0.1386423753704459	0.48874114624950227	0.4839290100982946	0.3205004448832151
0.5568696209273015	0.4326064492265266	0.5328030687828021	0.4647315182484669	0.35592772090562835
0.8682266407815582	0.4502764679044268	0.734304739250474	0.44354943060298196	0.5600756232825501
0.3588732888809069	0.6831818022051482	0.5262987386494737	0.47700890889718667	0.32113475230625993
0.373446396153485	0.8583259723133153	0.49635718463795736	0.5868703210153454	0.5883767505098028
0.3037929212763817	0.37772411136490586	0.2504072826979026	0.4969485948652485	0.4274324031950562
0.6817519987914352	0.4483842193669611	0.5720284029056942	0.5061456656725439	0.26954596036544815
0.4108343718602834	0.4912714920601616	0.5346046921302979	0.5299184943232057	0.4843757348989857
0.6041410902040034	0.6306278155537218	0.46269924237462734	0.32104366927568034	0.2575186642046267
0.5388505267123659	0.438394878025039	0.4117176192028318	0.3669165632436975	0.3251321510629676
	0.7448069102142534	0.48287771867373064	0.4059302518169263	0.3547627963106303
0.5021067439183199	0.3224526382877008	0.5252063381258673	0.572914917868083	0.5680045711930045
0.5274725607366882	0.4906801060730161	0.3325661490161065	0.45783976607198695	0.4178272625965133
0.412944788587488	0.6286884485795636	0.5069564615681356	0.5714407134913462	0.5717712331371039
0.33696490430445414	0.39052760022115274	0.6491583185484423	0.5869501498381091	0.038774575598240886
0.5962393298489295	0.6645175469532152	0.6821187346647952	0.7930665424470885	0.3872626928639094
0.44355471328089746	0.462407323157325	0.3548604811324852	0.2150833222732515	0.7596491135914321
0.31943502092038356	0.4423574141032806	0.5043039727010331	0.6320840970895408	0.5447690603428328
0.4330978337988687	0.5655293104723175	0.482136685198145	0.7215949020231351	0.4667638042598753
	0.3707070733366681	0.43680904820669625	0.3271921023284038	0.6398140094556602
0.44744222807288975	0.4508280009709497	0.8988849047069772	0.4564612068731209	0.28433474974512324
0.6153460954386534	0.5380911506821296	0.556645560735024	0.6785058717422356	0.32094894058788553
0.5903480648654944	0.6583114943662949	0.4664681477188922	0.37708959760999766	0.4704101995844751
0.6537492630183127	0.7525675736515057	0.5795611422215255	0.7370930395496192	0.4486582160091414
0.36106568865189625	0.4562607398346567	0.2674945011777708	0.5485545261164957	0.5451640380383515
0.6141017014227621	0.2197905415233424	0.38243327670977756	0.7577188097614699	0.2700607495490969
0.4813147990857472	0.1843851349823023	0.6064137330985669	0.6840440300547397	0.58828366118815
0.5226959441087716	0.5778027776814272	0.4582939393919806	0.3111815520271035	0.5220279721721753
0.36504307849590567	0.5889797438661317	0.40498801154965647	0.6293717849881478	0.4264221156123635
0.5869696491150889	0.4359407763951648	0.7339278775401017	0.6148574202453684	0.529085171605987
0.3427874786162074	0.4433922037276448	0.3019736955248176	0.4735965967582224	0.46281000702281516
0.6300261279744586	0.440100348516985	0.3737487932411162	0.38477842759964886	0.41103109032387
0.5899678952349585	0.4390838870829911	0.36516624615755056	0.38954532757268817	0.5872899322032797
0.5508927813991543	0.3374165951076812	0.6667556087237684	0.5275541162137862	0.7546623006403654
0.5341145790632253	0.5951614953888736	0.3339933024630356	0.5158510425821098	0.3263691250112458
0.5564831973457497	0.5920758135313395	0.3493938373282184	0.1890213947918529	0.36723357297284215
0.45940438623393404	0.35949577171767433	0.5486341294162284	0.8983727433644261	0.5536903649902569
0.5301867408636629	0.43027333136998563	0.582458892201115	0.5566313685887769	0.516303415185374
0.6940231801676396	0.3965536945092259	0.5213532016603551	0.48554973792339357	0.3243254599173246
	0.5238859773764055	0.42611426468615726	0.4838894854682092	0.6049995896392671
	0.6330646817947313	0.22443795750449022	0.4107486498500605	0.511050108556968
0.42614585558469126	0.6465343159493179	0.36386232648911665	0.4094667650815452	0.3688204829021761
0.49281847996542216	0.5426119917948569	0.6102210243544064	0.5981460521419697	0.2597286440964783
0.584710523692237	0.5988437824508387	0.28496563423501753	0.6611930510776348	0.23183485140116705
0.3523305496310233	0.6512016261136296	0.40703801102581333	0.5143988787960436	0.6633778794476106
0.5174647513544511	0.2145389304730757	0.3502648517272844	0.37207454333264245	0.6643253854997216
0.26401448982333386	0.5596046430818146	0.5930739374903843	0.5642349874538006	0.604857376964696
0.6665178490837094	0.15123789735201945	0.7716017765607295	0.6464073395971721	0.4348005511531013
0.6986374195853597	0.4292281848210296	0.33426353831869554	0.2534119890940799	0.23124543765141714
0.3107040764494257	0.699157298126916	0.2952131116977408	0.5871637419311291	0.6056722498544116
0.597336018419896	0.2814454525135328	0.5665725785395859	0.25262306427582515	0.5042520536445826
0.5342149660070287	0.30743253168106166	0.6311630149990686	0.4276241773052719	0.4156792911463692
0.5333156669395904	0.4074724393805515	0.3807166145375877	0.6694926550585821	0.44907061052180947
0.5628347432505718	0.44779835502098725	0.3382929506404994	0.5772593402752284	0.32740257757516206
0.5853269281224822	0.46256472643679186	0.650939193825037	0.5230176809320116	0.4019516863538084
	0.37691504743955573	0.47862072084052953	0.2679998410761909	0.6549707593819913
0.6933790221499254	0.4939558076481954	0.7309404445016389	0.36165310823608116	0.2627805977388833
0.3333052933912965	0.17972209829751074	0.5307537318916757	0.22475497519400095	0.5701938772233374
0.5650749199059975	0.4731308975727625	0.12950393233020377	0.6958711002035964	0.4709241373745887
0.47132772286795505	0.6902131019266275	0.35083681801867755	0.7010715826188266	0.4688297816123803
0.6517273886345472	0.43230457377247755	0.4512788034214029	0.528762346742268	0.0
0.3313726264328311	0.5299879480999096	0.31757879255822546	0.5583789098647179	0.3869816645358117
0.4739403699228317	0.5651019428180737	0.3875133632742456	0.48727667107441563	0.27353936209330126
0.5004032844590015	0.6440543617975676	0.47556061885170076	0.63470126849943	0.21415626409362737
0.6695677760120077	0.5357269405413304	0.49563658496420054	0.5528374807224341	0.45672611256374845
0.5687143618352648	0.4411039300131597	0.5350030561516198	0.6715537806083368	0.577465592420338
0.4389018886160262	0.5574771810232372	0.4142001600502949	0.24910013174700296	0.722973006271889
0.7177600300558226	0.6499544710437679	0.5711409392032868	0.40768599904410696	0.5798731731298069
0.6192214024563623	0.5243279205732332	0.5115685063923066	0.6499969262621023	0.5354731954536537
0.7509030266153377	0.25526679813876696	0.23213664603113587	0.48745602545118694	0.3716404389699204
0.5963509878082739	0.4884243831162476	0.4941494692827879	0.43905917804372924	0.5626158350919247
	0.4128547946967295	0.5359100259479115	0.5211566617657756	0.5929217848701995
0.4606460254855662	0.8366144419291501	0.42695589146918966	0.48246431704171655	0.47576954173991465
0.41777874437552115	0.3843291635360263	0.42064853510278744	0.4805396877951228	0.45138367851065936
0.46631261312865796	0.8135297233267437	0.3308546985656548	0.4891102632976711	0.7410927565328628
0.6250603465684156	0.5603128710117365	0.4421583694607346	0.2498884224920162	0.40670787385736873
0.7314415673230668	0.5391905030912728	0.5241106062358739	0.5513191895435625	0.4357477439308535
0.5437271351166008	0.6538348217281602	0.4032384181507126	0.4561826546789725	0.33707715496707874
0.33974399504314223	0.6515467144493595	0.6513852995108178	0.49760706087442136	0.36258465395933226
0.4185091659916351	0.3408033424893056	0.726845451608013	0.5676728577775697	0.4747699718228684
0.5593712638359852	0.471593776097484	0.2961692779676273	0.47711205025186615	0.6814712025501813
0.4379065733510272	0.24379608664392502	0.5606005082134152	0.24316890591178142	0.2846876357270696
0.5115850973185843	0.34317837783312866	0.4988416122753756	0.4239988731065989	0.40011151035084686
0.4316793759149788	0.4424283854553517	0.5319322305843548	0.6974859770583112	0.61093228724687
0.3491341037319305	0.42973894200297025	0.5599990448553985	0.5002193248345559	0.29947762875838546
	0.6369810156521939	0.8695506393862878	0.45311184570641855	0.6114176214450431
0.3588673538012461	0.5687343323474181	0.4148422627177251	0.8280054679809049	0.364608979488469
0.38804654466231997	0.7825911229503468	0.2992961775685693	0.4697983380526005	0.7112507107679493
0.31795926758689985	0.6120906074709861	0.594322421337453	0.6067681807120975	0.2550319419179996
0.5253128754451827	0.4165162910290008	0.5382537655027557	0.5103086326459686	0.47928805134332736
0.4541298054073412	0.5319937908280279	0.2661978099657153	0.5578624409642366	0.49730474643052697
0.5770762203198533	0.5781143069689872	0.5102648252965131	0.6273185638107199	0.6179270691832798
0.44184397334292713	0.6074719709041033	0.49456010373506415	0.4181785701254195	0.46927701824029694
	0.7790453534235152	0.692497448507093	0.5799573507729191	0.7094317887959677
0.5509743576688976	0.5379573403864014	0.6180371518899956	0.21010626581019895	0.3037730303289313
0.39864572993960373	0.5655951108808024	0.439396831542831	0.5590421286076899	0.33681478555235156
0.6956543885583393	0.8422211323336766	0.5291959982445444	0.3628646659366659	0.562280928243896
0.5680838979647347	0.10636616023415392	0.6638476234293745	0.7753529681403375	0.5743719255128925
0.29799933396076367	0.49688246004940834	0.39336514647176984	0.35443912494185587	0.3802647294444149
0.5977296105880978	0.6662884846090668	0.6668952037701542	0.6284223039495944	0.3093910289431208
0.6649778007340948	0.46110139195132166	0.2443319148021393	0.512751962624179	0.4365847054848752
0.3728081471134793	1.0	0.642184235983283	0.6835634401119781	0.42543234865251045
0.4262139347727848	0.6572032726032809	0.6414900964345233	0.3671229559252215	0.29644398804846783
0.40717002218567844	0.5972281532660643	0.6781504119690951	0.5326878006369247	0.5342908362258877
0.6859050576987615	0.5802720197491329	0.2862157348121644	0.41455416137748635	0.4358100156663555
0.656357075640675	0.5202497710755727	0.49850342846915585	0.5888633194103796	0.5112737809892449
0.4352715548846835	0.41115321021637596	0.5495617168077336	0.6386232356753169	0.8492050659768899
0.31516356475967255	0.41652305665605377	0.5177630824193556	0.6384421549253466	0.4378961092153667
0.7576328023644362	0.629555669060604	0.25960889881827875	0.5381107178763455	0.7310886465831747
	0.4475131228503798	0.28902524813114	0.6167647259567519	0.3738328803489862
0.44562424038474674	0.611591427116055	0.5641082763206674	0.5294919960985992	0.2678692907054244
0.45043729062787013	0.5152825819824124	0.2884012932017251	0.3377370874658222	0.6384324149133882
0.49206252081208296	0.49682590658547116	0.7303320594477871	0.32532557630677167	0.40293216973438795
0.6493700356434383	0.48402110166825724	0.5625650010523474	0.4869957545214448	0.6231212146001777
0.5199414594153882	0.3248206110492564	0.4827578153248831	0.49510123828221575	0.26616683922074624
0.5460674034154471	0.5499030466879311	0.7635603367024211	0.30670568364272804	0.3691585704055578
0.6225001842850885	0.7014006653821739	0.6381032827227328	0.5983486573760141	0.6314886480016314
0.40625738193781935	0.4945914800881439	0.5533880218720512	0.5822038576333759	0.3955648171314701
	0.3327104827697049	0.39972316920293827	0.47965262138909537	0.3590750319476931
0.4141679196119564	0.71871341521842	0.6290453399804051	0.4288625147042654	0.36581931203813983
0.028558821472204895	0.35912871738463725	0.4169210688695954	0.4273564138810238	0.48214185932010767
0.7064509222852356	0.6809039622511653	0.4985553883951701	0.5561494927211166	0.3516752689591304
0.699307692711983	0.28572282274169114	0.735240282453083	0.5933389578885816	0.5821692767255022
	0.24785839609113994	0.5176835907147426	0.6637912503239098	0.5282156070874932
0.4164028064265548	0.5610537688141523	0.4064610252047869	0.3646485979101374	0.7081832859806124
0.5599690090420754	0.5283577598437605	0.5035192653960768	0.6822571722576838	0.4274499084032938
0.22431165989316804	0.3290516901610259	0.3727918417036115	0.3267855793969089	0.5121875548585101
0.464280235075238	0.7898886179245673	0.33833554920313724	0.13464756526500307	0.7487052433767855
0.27445990449979574	0.6463421804265242	0.4540260300870229	0.36775109802860617	0.5282628644049696
0.7177614559316214	0.8343273996228914	0.2957428852734053	0.35002387676775826	0.649444275831806
0.3427763363395016	0.37796063371001243	0.617181662822146	0.4220174054818854	0.4395432672417561
0.4852340751680366	0.5870070265041992	0.5131716473772133	0.6481200363173778	0.5679973713497942
0.449992229866709	0.45531818756086184	0.38640156306687556	0.47809709939702844	0.4025375867409213
0.6025273414857598	0.3382138835927858	0.6710503573884385	0.6304608550704486	0.5076295789358849
0.6524403278091654	0.4910037664070889	0.46221156266474805	0.3423296498098713	0.4461494484930095
0.5807272832780217	0.5888718058351868	0.48271062584663516	0.3184534810452992	0.33842281291910464
	0.4604595526423718	0.43072716172769315	0.3804906067870008	0.5094147034031442
0.48163541155274386	0.6423241286216023	0.21021571494300173	0.4357483869615821	0.40743707485518665
0.3298480830749096	0.4379134923950715	0.32598318962368306	0.47339021871081954	0.45190420396657155
0.6112035838177752	0.5002851698710307	0.4689279084705602	0.37326462948008876	0.2991825335479644
0.47578054358956867	0.5938051101095623	0.3539354036402122	0.45271286571355057	0.17240441761381947
0.3588537594472161	0.42830636858830406	0.6962984109616912	0.5019686436097317	0.5531039127105304
0.5810561376965746	0.6277000020369697	0.4259319705866496	0.6075834864039226	0.6413872111738648
0.6029930277081146	0.4390383033222508	0.14046397168689514	0.6071158352223839	0.2757986834878719
0.5265149550716978	0.745679730461832	0.2946970981957778	0.560459198447544	0.5547824913585994
0.34329777274664386	0.5481548726213655	0.3351831366864083	0.581801348553406	0.35552144712061184
0.32120547943047945	0.5221042848431218	0.4098442908632747	0.2864536675445331	0.5674489611757588
0.5994399395570914	0.41144739891964166	0.3611827217512376	0.5763183733457204	0.7048726615917308
0.22899179221488095	0.2711006242375256	0.39056319198700823	0.6265919784160369	0.6545356810925926
0.4855586970236931	0.3657629814061088	0.5342179138082759	0.6922274492158043	0.42580095598385254
0.3150436381801852	0.744976132411266	0.4355287423714373	0.5415346472774969	0.2760457914501153
0.41561827734197876	0.603937328704218	0.5587094828854776	0.6046829152873274	0.724602679861683
0.25954027330058227	0.3233867398777852	0.1718219616610665	0.5553996162595239	0.5987752808908267
0.5222881959797522	0.5063868903099022	0.5428649261872578	0.35809564815287653	0.5974735883077883
0.4736425407729469	0.3967685505770773	0.4757792843026837	0.3469773627162304	0.49608595917142495
0.4646530061078428	0.5024239318052824	0.7450387824062499	0.3614350081665359	0.6067772992728057
0.46721470730735737	0.41012498531387126	0.4024605635716512	0.27366564878458743	0.4568755109683284
0.47685713123790135	0.6357491383757237	0.2669217881899859	0.5868403132384205	0.4256141649787246
0.339011483441959	0.5668663009111333	0.4088518312986889	0.23915955056154853	0.5006619729049896
0.5260787240771649	0.3076996531619599	0.6080607153131496	0.32157462668367753	0.4293864544211326
0.686604016463201	0.5742001641502976	0.49169897127570983	0.27008236667026303	0.15608383600998704
0.3283201288272836	0.19242486554238425	0.5633385189932675	0.7255794819710345	0.5407758292114582
0.4821301863879415	0.11595551901014464	0.6562181341375404	0.6229630856707759	0.6053524493536059
0.917369825692619	0.352224762233721	0.3557911290710085	0.6000513959126667	0.412094298993774
	0.7534670555420595	0.6744227419186632	0.41196378068345535	0.38980899041115014
0.667400832729574	0.6403659151839793	0.5454232351279917	0.6510213991995512	0.5804224051370027
0.5097524407681905	0.3175833115688466	0.2110771588198203	0.338316866759849	0.7990173476643526
0.44399398144767666	0.7942804361081273	0.5792672200319043	0.4790582716980693	0.6703319064711013
0.2305341381082516	0.25626945221577674	0.2903961547635086	0.38760376999743	0.4004417315847731
0.6713689053725505	0.5700342872337225	0.506938054068378	0.3799624094256132	0.4026011659815641
0.5147431300072646	0.2390597579333958	0.5631103077484649	0.36365974468856177	0.5745130029070915
0.7128328632594793	0.4138671238327669	0.43762224118992854	0.4777259890938634	0.398186801452017
0.3151933705571865	0.32452490366342085	0.4070059562188684	0.4787889644216957	0.45701238425148794
0.6117215734433235	0.4737449333778248	0.5552851840692592	0.6038109862969631	0.7638690017581192
0.6447984976701238	0.27239794686889435	0.4766445817022178	0.5334600425885478	0.4730057168108756
0.6124742452730217	0.49620656829854265	0.6363491216234696	0.47454100061320575	0.36079217916571327
0.38388453609701123	0.4952832089318371	0.4908127698188171	0.5064310857354717	0.7421940885780437
0.7911340199508693	0.31495726688716547	0.6113436081556592	0.3651572345787341	0.7585797446774335
0.5673629401253487	0.5641426468605323	0.57771190979257	0.6075176736291524	0.5066837671921569
0.5452637682256659	0.3942974523162975	0.5701175849161058	0.4804716392029915	0.6507977893489925
0.4499349969392666	0.4320722487761902	0.5761127139210047	0.6538921440444937	0.7593031401496828
0.48434258446343503	0.5054833036009833	0.6494950892805907	0.28897956808104924	0.6738085199382081
0.4187791001088236	0.2974026741242557	0.6396033071784785	0.5781097071008189	0.6440596382451018
0.5664918405931477	0.39567493561220335	0.42788203377543094	0.45445376146214594	0.2094994525809399
0.6536111913979702	0.5227118281805674	0.27645538098277905	0.17746396920736773	0.33739175239066715
0.5575304948008525	0.38355019603835006	0.5995519446975143	0.6113480918353534	0.25019335783190244
0.582452994434225	0.2905276035373817	0.4765505005776935	0.3935988332117987	0.29809376702057705
0.4057669882462406	0.2703589518787317	0.4651419089347363	0.42413088270318056	0.2045026185146501
0.6370402098479665	0.3195579324298813	0.5898648549441295	0.5060144853637921	0.538047621873957
0.6246229828718065	0.5480701431042668	0.6723352038104043	0.5058249921451641	0.6282974018708847
0.20615544420746423	0.9119454508287358	0.38788215823503824	0.5767508984523254	0.24189811521552662
0.5192725823877582	0.4145115760777225	0.505190443726689	0.2464000542675281	0.5275349701451044
0.33396993806878855	0.6293690172051337	0.2351808209574397	0.49258944541853494	0.417672951084527
0.6167329873560112	0.8765762408179161	0.585857373949829	0.67417961697402	0.28152817762085103
	0.5131588581811541	0.535030485226503	0.4962627136931711	0.5177775786650548
0.4514471111305642	0.37883262231638865	0.6246295948436397	0.6278530216424341	0.5855367993170731
0.44038487568997076	0.4569157115098391	0.2911883530473388	0.29310978445391	0.1130854712991903
0.2866610914687233	0.25924062246873975	0.5656831065348157	0.284851935622874	0.7082878946757991
0.38909755074507696	0.5729105195088079	0.5351316321542018	0.3897897142703765	0.5929621698514891
	0.5359122886909544	0.5147930893938343	0.6273511385344648	0.4438154831372272
0.6387177829114864	0.4062118747698095	0.2928721560936777	0.3233260740532408	0.5311829306949418
0.40356713312146064	0.568293492760121	0.534948035586545	0.6985774800821755	0.48480698193595334
0.2836213454383929	0.6220123516618423	0.2967815451910169	0.4534654731691156	0.5176187863616218
0.23090984714360246	0.7020150224832359	0.5699888250102475	0.45504729602058974	0.5746939883870288
0.41998161255786126	0.7163832622975009	0.587295694207787	0.23962790121752958	0.6160435732207761
0.3990731583209858	0.7148794611758351	0.765271846056117	0.41648522967716967	0.7608207979099706
0.6997812178513438	0.47567704366548313	0.5248360971304831	0.5575414554883998	0.4988998797604217
0.4863733041283532	0.32832457346914906	0.4169200111480378	0.5245271064409135	0.317813312762216
0.6257304334761051	0.2480230363735906	0.3813894023473061	0.3815698344576915	0.7187581896807816
0.43582545689006624	0.6313779721463527	0.45305478111879616	0.38992583677749404	0.37977741804762366
0.6628816527295435	0.8026092073245603	0.3708252053874843	0.6044830307610539	0.25877852136409357
0.7824360403797809	0.5125398190922065	0.5262567119699503	0.547014522881251	0.4669713440617614
0.3311899185131676	0.4887420405383991	0.7131659824562477	0.24918296212990676	0.6191002473814184
0.4277718209391101	0.5579585317489396	0.3328828273005127	0.38681088676919456	0.47940239565771303
0.3388073335078173	0.6620543459753558	0.5630356253289317	0.5186032741666453	0.5975934813456283
0.8697395034005146	0.3553124215225197	0.300892350141875	0.48646604415020644	0.34600009753637834
0.531270037758379	0.15470092586640327	0.49574098204641615	0.47383151388447386	0.479281930610798
0.4681396839794158	0.29665768310951357	0.6459733564246141	0.34863385374516687	0.5091037817833358
0.3393200846830341	0.5670065697975806	0.5907722577097655	0.7575894534819678	0.6406876656137606
0.5455556122728348	0.2908911213459901	0.7323568707011927	0.33843734709898143	0.41779241635621756
0.9053818813135073	0.7379479253608866	0.8307593959107347	0.3191422546092035	0.4976200485770908
0.3645624046511241	0.30363421003493307	0.7161379683908919	0.4670315420336002	0.373651689727063
0.4368224144848363	0.43817062390168415	0.40130119795102953	0.5572592542852974	0.5488534482484114
0.5275405363385666	0.5577088590039847	0.4857924268238082	0.543403725162177	0.6727129412758058
0.1790034986136131	0.5509372001688967	0.40875518799390737	0.36363472760896687	0.5271277955309592
0.489929983991866	0.6047104799353022	0.2566040410771922	0.31082899099951955	0.4137033688723606
0.4606613013354346	0.713218203092215	0.5555498854773587	0.36974557100444	0.4494328988785116
0.45132907353338014	0.4773723870160168	0.7899215345825421	0.47441386836965166	0.3625347864143893
0.5532831125486007	0.6564675544390816	0.4325426539011195	0.6384996951224259	0.6269850815291714
0.33640076562948784	0.4737888600458767	0.5870114038038083	0.30882656468063513	0.3588692186860781
0.6432448931179098	0.4735064923150776	0.7119148972133486	0.6903180759374223	0.5795052302620588
0.6544502527191322	0.3880789296597079	0.5522710246401775	0.5646296788371924	0.3532958401536714
0.5766073762537021	0.30898494913817326	0.5535506797747928	0.5483971754704292	0.4626521325339937
	0.5839205295424135	0.524823630304148	0.32913725857490306	0.5835237500798365
0.6550417243699913	0.2944820314270333	0.45663570320389685	0.5654653367466733	0.6660165810599101
0.5799629244889076	0.3771448293514374	0.6852046474193978	0.3627844095423888	0.7680782259018114
0.4420484661090064	0.5978275850072237	0.3847797157175121	0.26896593781919903	0.7184411617069559
	0.5491537166168667	0.4007831165829915	0.6445995104174763	0.3242319767197458
0.44447755534311717	0.5999688222892111	0.45082468093749645	0.5416037386349499	0.47197736897266224
0.530210806542899	0.37210474304818764	0.7166454543194417	0.27397419234321313	0.4698535619896378
0.421267509750102	0.3480561376000595	0.38422577791990775	0.7397897833707504	0.544422909387392
0.567049058699347	0.25628465684633267	0.5246621223285647	0.22903800082326742	0.2693267543092996
0.46524791863625337	0.4764312760448729	0.5568621337511338	0.25600916795303175	0.37814326510804397
0.6739853603408203	0.43433282976484494	0.39353593893406036	0.33682032962419556	0.3623922548493104
0.394080277311064	0.34136352014080623	0.6347874117532428	0.7736473627659255	0.45541032203430465
0.7800092431442779	0.5528350542273874	0.48395269625403486	0.5570474961926047	0.31736526117610675
0.2881171415563613	0.4990658734366654	0.5689014570344215	0.5850112247993025	0.48180551715820336
0.8113307892585744	0.3203523557976225	0.47493231314405254	0.47642757765300703	0.4388949413644211
0.6392998678320696	0.5459069223739278	0.5705901177284296	0.5620133316008562	0.49423086658326626
0.572868025417758	0.47970364465963994	0.5045400242618188	0.43066864006453415	0.5786028865419991
0.6698798860836868	0.35716143227194114	0.5824650325800558	0.46904135262070445	0.4994246443233462
0.5480896343988402	0.4473984372256253	0.5399928688495398	0.7002155009075675	0.6531644889254353
	0.7925660425233897	0.5327024552751367	0.46126035286140454	0.3909477729996697
0.48822367832263946	0.600388162994755	0.2042606721818335	0.5652725116249305	0.6265670721152417
0.7654510477651645	0.28419432480383366	0.6639516852039518	0.5850028062993822	0.5245790429520124
0.581027410435872	0.5001419183425205	0.5074930235943128	0.7239645364954758	0.4061390178096436
0.3212464465889012	0.4510290898420845	0.5809184627534061	0.5531327987305605	0.42876913189288074
0.46950051419172517	0.2677256413640453	0.7234335369677657	0.3032202767382893	0.5138747420465218
0.5474810892495489	0.6331771967940536	0.46727798885572724	0.6627011311545831	0.5431330914212998
0.657624253383951	0.6894438769171302	0.733107209589281	0.6042224698284969	0.22474368911343082
0.5353589508300103	0.5503129965687785	0.584045667543167	0.3514042885989616	0.5586814064023408
0.7865002180138878	0.6145841668646769	0.30680937551095006	0.6657892697043343	0.5173304758212709
0.4415455556098718	0.8815147832237898	0.6484111040400125	0.527019580994685	0.5079826135314409
0.6377096329951678	0.6116257783738952	0.5366070837021705	0.21456635088827908	0.4521128277648987
0.38886833627727213	0.5526817845549651	0.4227634066010085	0.31161879743218784	0.43311896424332674
0.4200754641663784	0.4114715619829527	0.753091489897809	0.3566969223678966	0.7439020936299489
0.22011665623908697	0.2951020992269792	0.47358503667975316	0.5461321518257019	0.5476411749467706
0.3240869080060713	0.43896550427629	0.48603344949214194	0.4255171499142791	0.5593827992188939
0.5103372049939768	0.4059247512320853	0.41236233240772824	0.40730581687786965	0.4430947248133982
0.4067509993854829	0.3553612350966096	0.5757074151212488	0.5376939904774752	0.10443654127814582
0.34614931785981395	0.44589521432503326	0.37170793884958875	0.5678046691750102	0.46009032569480013
0.7049632092232441	0.517852428372361	0.5633180375605563	0.3610740061329208	0.42688227190064276
0.28654946494476563	0.6569095289620046	0.37168093554216386	0.659699790707121	0.6717424039969487
0.4833255352353252	0.5506426899543592	0.7236632077353428	0.2701483864645406	0.2902610834045315
0.41405484645776736	0.5594975381593301	0.7067220039299326	0.3835224445151562	0.1989582727153688
0.4967540195831466	0.5365506046189565	0.6087609105287717	0.5830224467477007	0.5514306770452854
0.4927300817982052	0.36724177305811223	0.2659799926514598	0.48948721483920365	0.7231227093216109
0.6495924098976061	0.6177525051950803	0.7490806269360379	0.6943906572673169	0.34032157702760957
0.4304850093630538	0.577806987999212	0.5901013964886456	0.4664078676260542	0.514978986364823
0.5843270520179837	0.7290040642327617	0.48570107099647725	0.5448120627008396	0.648939910537796
0.5160719151627102	0.32120807935206813	0.28023640502849284	0.6614516524436919	0.37626394011889247
0.551398240460731	0.4914137073370922	0.34396779399227706	0.6164961565775074	0.3360119504145274
	0.40768634923103936	0.39499513138521014	0.9133195099073405	0.47766558450939717
0.4432616699474737	0.6510303559377711	0.19823056605717573	0.5560367578172583	0.51734390121094
0.2118933564060374	0.41706428785354255	0.3356880695303281	0.16994541967984603	0.2808541732491698
0.5272153453386547	0.7330755579689628	0.3401385100700168	0.6023943161195224	0.37574812923464074
0.18439361116249284	0.24276617673750028	0.27598856544766287	0.42722705472318007	0.3137692682595804
0.25027262766049596	0.46699869801759675	0.7544130333309399	0.899023189158237	0.46802988191128153
0.39518276538121594	0.6429671129396557	0.3399617407795345	0.523271273119281	0.6055178310273963
0.6918755491596232	0.4696651329363411	0.4415372720046126	0.44313024317597893	0.1403339430034817
0.3317198989017927	0.7329654624561259	0.5961348820124157	0.4500775211709261	0.9391629407155344
0.6994915571274585	0.6891221972609546	0.6716457414265732	0.6821349932663144	0.3209657500292006
0.2520125219026964	0.6271744455476745	0.5997753705598108	0.6594361329014914	0.34239698410167535
0.4123772019448888	0.6457235739922407	0.4150513514831858	0.6010679710806276	0.5112919674292137
0.5426634643750406	0.5779970264881891	0.5699735731177401	0.3479322046119116	0.6551041715374925
0.7517111398905245	0.4876170913470232	0.8002098843724074	0.505330921877083	0.49274183133465044
0.4539227205465576	0.53742497212284	0.39340444855074996	0.3960031812271752	0.48591378695551135
0.5073439610243715	0.47216649108728476	0.5801624449470788	0.5446549149787965	0.37119400769461613
	0.5246703976204611	0.4233793806000025	0.48714994944617335	0.4519557738111055
0.5632316260654626	0.6050953148983476	0.6680425697592072	0.7529874268500032	0.6001152957469059
	0.4632082151671251	0.41945964270701075	0.24521830251074028	0.5399274064715425
0.5008336070791893	0.27058015355238374	0.33554477925280196	0.5846691695462911	0.4903980042542441
0.7228406875987025	0.3614278930181607	0.6219856755479971	0.4803091925455573	0.6089963231904744
0.5203033866803108	0.6131735660786133	0.25851127280701003	0.4079555176522043	0.40454644160224257
0.4673267361787463	0.5339401372773358	0.48242260595861924	0.19147819055958903	0.384219659561976
0.4298894433792772	0.46900642365534384	0.511288899334713	0.6032402372138959	0.44959904332893624
0.7231513750246392	0.4060839901248951	0.43822070244097094	0.5494206430206012	0.33150808847127117
0.37022349511735153	0.42790562319902903	0.39755689679788164	0.26321649732473384	0.49096267144401734
0.4633977853555798	0.7879586623020383	0.7715297668008728	0.564124389501954	0.3305701169920427
0.2889386802527835	0.4767973854703378	0.6792933232562748	0.41703089308829805	0.27485529028200545
0.7036311179805557	0.8872795909135721	0.5489168083462028	0.3993170318056077	0.41530744012829557
	0.3758367851371475	0.49333811733065125	0.4632738482311752	0.4849468199340153
0.3856184064469675	0.5326053726294996	0.3148043611915153	0.5794222222953405	0.7052982621957586
0.5604617703551502	0.32449434083941187	0.737894243495569	0.2629874229633611	0.2728862456757845
0.5554294534859622	0.5316554474920425	0.3704633246479963	0.33713610833883134	0.44210333915657724
0.5346842097090267	0.5599569753718656	0.3525072014765131	0.3334219279550916	0.6766783410640858
0.35797058705096	0.4123869719745911	0.7501099661286474	0.5206130437965949	0.5031144267915637
0.8617470042050411	0.4895930083098346	0.4569459983607284	0.47703886632209386	0.33655426329394256
0.4124882645813723	0.6500847807731948	0.33974370565798717	0.39397756238995507	0.47825162263289706
0.3271411168188584	0.53162910477989	0.6229150931925853	1.0	0.6927994127991038
0.8001895082809498	0.6022326938299397	0.4915129180968464	0.4113650397781561	0.6142134705269706
0.5458383111632278	0.4286487996017178	0.4223454769607902	0.44204563944845915	0.5891938563710285
0.3661829970950798	0.6702290930568429	0.6538104918004671	0.49092036200643246	0.5216254688310223
0.3271686614848665	0.6176241106353989	0.33725606864275925	0.4374664547726765	0.286472041883276
0.27832779083070136	0.5607891694336916	0.3658884413737113	0.4946795318901437	0.7488055043030244
0.5367912555179205	0.6268173592625581	0.5472213104163274	0.4338230477993466	0.6140466971424131
0.41171892086584566	0.534765946080434	0.6559314792480845	0.4337301595182376	0.6485560927330046
0.6396331442044979	0.5144409303160509	0.8312085285801879	0.5465795396258684	0.5090912847271084
	0.4456948719683625	0.380500673820321	0.3895234344050167	0.42033978606839895
0.644119542525157	0.5253407301514089	0.45395242187115037	0.25016738538327493	0.42000383250673784
0.3726780678548717	0.3801648041043889	0.5190226209306358	0.4145128960659423	0.5394870602929126
0.4313062044737253	0.16069940961072068	0.7022874720335978	0.7120771256473443	0.5696538644373804
0.48460580221086125	0.6423872902244077	0.6949717643129548	0.6240224276562496	0.6138439928374855
0.5826450292421007	0.6213851606253238	0.6033816672613742	0.868866686300617	0.48652405070753696
0.6369540011678034	0.6663959651539284	0.610029849632908	0.7445497758010837	0.26204827842768835
0.6159784979151568	0.5738847918027071	0.29533207721150667	0.4643358319006513	0.5055314165567008
0.4740530381943478	0.42286126722650974	0.4248095264480561	0.6777042290451124	0.4337774140129808
0.765671275296817	0.4189587678205738	0.43647295542836345	0.5803946410572401	0.46775557080676905
0.567401695658646	0.5095462029258309	0.7423754095337952	0.442570509100367	0.739575264449606
0.588754630178776	0.465030196263647	0.4737555720575094	0.6554083178972663	0.6485471727082786
0.3723570570790917	0.3321925315788352	0.5617629681296672	0.4867393811280829	0.23765786672265252
0.3583045295512597	0.5054977340506289	0.4905584782173598	0.1766036954819016	0.7381902171367594
0.4678412289274542	0.44512109528146476	0.30013500886772754	0.280949475907464	0.5282886933480686
0.37420631042533026	0.5977782716565136	0.5573555617395041	0.5273124709841248	0.46246325808391214
	0.6258071626321532	0.6692025153785628	0.4245078042337009	0.46017389213950827
0.5250100470227812	0.3401877242829787	0.6140328561979697	0.5666498299689398	0.2616698816698386
0.28938430630767126	0.36914528593604595	0.44362309981644693	0.28175832394659894	0.4564708942242374
	0.5196213020085295	0.45624036327318956	0.6502856672047899	0.42091283630137255
	0.5460468197769555	0.3518933744274124	0.12239223356892279	0.36703946804625875
0.1994878595027666	0.4559230885722948	0.45541502944483286	0.37849808027990517	0.7418978126225665
0.6670338714173889	0.5332749120483506	0.4557035934487859	0.5360052038114634	0.310999376498237
0.4947837993694387	0.48535056428395934	0.28198652705450117	0.49163904069688796	0.29625350303564146
0.2872955997031957	0.551866207526833	0.6785119752458264	0.34838627730114397	0.6024900954107408
0.42027480501115405	0.5198404453891201	0.2754501481578036	0.4635664380431299	0.2007080854648384
0.7455744548214995	0.45991056392591584	0.5362589798446172	0.2682087428031904	0.5705968682631237
0.8222156704960016	0.3611253068891751	0.5516003008959641	0.2909859217404939	0.22420577886034757
0.6091207751301756	0.5387083164889402	0.36762091414758824	0.6159525603824072	0.6415839504471698
0.2575770904177347	0.6127762888589849	0.4236300371076813	0.7112041251124048	0.5536949017635272
0.5017044423863483	0.41089701340314816	0.5317665332966437	0.7712187520769405	0.7037183599461558
0.4956499286044692	0.5236792929534203	0.5559039895349321	0.534588551586349	0.8435439801298343
0.6627589660661266	0.4528004309122278	0.8629694482008239	0.7025933489022763	0.5119181835605526
0.4966292411202918	0.4438475148973485	0.4500016327791393	0.4635210195066363	0.6945459379898152
0.6652109761516549	0.5610541467472181	0.45870356544352864	0.5602351136087925	0.5774473161396297
0.6506768877215577	0.13190962714404653	0.5129354859626168	0.416604625314943	0.5862828636957333
0.6018090177236429	0.5516202688298919	0.5525736645804845	0.4473379561910744	0.5188459524752631
0.3742416911864916	0.7555994600488112	0.7261525909678945	0.6802082742317235	0.3972773566967949
0.34262998236149056	0.5693314101996364	0.6196897260832586	0.3222689547385532	0.5195118832976147
	0.49618214343834033	0.5417623018965649	0.4388005140216524	0.7110903462890539
0.20841861017453997	0.4457887538012813	0.49032732869691964	0.3968782212831718	0.6894212217352477
0.6072785452141384	0.6501408203437388	0.5250455620757178	0.42216686337753173	0.45423201155208937
0.6770892776862405	0.3432917554781521	0.513814203526629	0.41790837321362045	0.5969700848967565
0.465189875227128	0.43299529634092243	0.38144614721567227	0.6317604854528439	0.5187501824199814
0.5058557366661667	0.5455277988666436	0.6530857161154849	0.11609894730324763	0.43871089163906013
0.583470391217717	0.2876175587606373	0.4997307538052901	0.7387573058220196	0.6780827216077594
0.5892632378974144	0.2539175493185521	0.4295911479126332	0.7480015049942604	0.6728294567627536
0.3508302665253793	0.33084657898759395	0.660651505143375	0.6452049507866975	0.7071336137142633
	0.5078055814574292	0.657717085613436	0.5205977525489227	0.3072421662958474
0.4528078303779006	0.7393596751821717	0.3541600452747155	0.25283209767629417	0.18324394268312738
0.38831865598278614	0.24022471426087924	0.8879899667622685	0.7285689493337121	0.6803173021269179
0.568656997172437	0.41875783178092335	0.2525329701897297	0.4254999404386952	0.1848515637230266
0.45885922961682013	0.5562028440025433	0.4167199403640481	0.6455485542843883	0.41645403853396357
0.5336217223388109	0.5340089992271861	0.367778234787771	0.5502116244264221	0.3289502614647894
	0.46723803936147934	0.6245324560355502	0.3891254983743571	0.6209512468868329
0.5409334176329434	0.6275589222220161	0.5315497985363067	0.4728905546469877	0.3514369046845359
0.41775559328952966	0.7468235010054342	0.5571371068870928	0.5096690399484068	0.5453758518850061
0.37005657686070165	0.26369502133005357	0.4778765661451096	0.384892620317457	0.5030451013181426
0.4442891830112472	0.3220638970917305	0.5938196196306733	0.40835023619343963	0.5264691391564044
0.5588748695790504	0.5859087079629614	0.22579714467809625	0.5234215143479636	0.29355935847727144
0.6532203184456455	0.49327731873422165	0.4703584310320463	0.47754885059756275	0.40884678398600893
0.5328303848063163	0.7161577703568833	0.831707446467538	0.4649969161420635	0.637049341278666
0.4396338968192023	0.48794869990509837	0.567291470402998	0.37878844745031504	0.4343667341189537
0.4555571708252702	0.3829581799854954	0.6330481916390546	0.1349216628694082	0.564289463941059
0.1755321664616595	0.462756424266054	0.3401902343471802	0.4167066117529989	0.5919888971822416
0.6032553393841943	0.3749196592942228	0.3531219671536189	0.47635615070615295	0.4614205607616241
0.5917182346823912	0.3401783789051317	0.6112720236205759	0.5274156951027793	0.5465424231383925
0.550392120103854	0.07205990447265015	0.42596004200930004	0.4673665787390288	0.6886836478311138
	0.6518697284507281	0.20656182567201062	0.630166611798213	0.460117217095865
0.62968204798016	0.6574667269943376	0.3405591283363229	0.4762628625701669	0.20972526427964394
0.493819988209941	0.7743427326097718	0.5206194133079697	0.4062572767047958	0.5491883334472852
0.4348536977840479	0.3391267859624125	0.460350908153544	0.5049147588079287	0.4895124517839907
0.6530638153629152	0.5145529658991206	0.5689777392995216	0.6555052901624769	0.5841786524714538
0.4490759591782289	0.47332819909433355	0.7185998958401169	0.4806371360839438	0.5688242536046192
0.6599943589873665	0.37493673869454497	0.5709475512741687	0.7182708363473271	0.2781438059676125
	0.4305599108193037	0.5213644363121867	0.41287420415758774	0.8193708017821983
0.20224483177280123	0.5715252402861403	0.6965521385229035	0.6871545072760379	0.5526962004277801
0.6755231869353719	0.5400617030719078	0.45778845748499636	0.5241014510226577	0.4371819259316568
0.50696908926057	0.6572261709208299	0.2763399634130371	0.6239119953917224	0.513177161814985
0.5736562119105227	0.4540663210896056	0.6167642142644124	0.48623220818974583	0.4472306785204421
0.6910885509450312	0.6596535033984227	0.7454380269365449	0.7714809325009543	0.29055351701730836
0.6878937206683567	0.5313836167445558	0.6173005468290955	0.5984342184419351	0.873668345433911
0.35572125379623665	0.4661676531143745	0.37677435625846284	0.5544224208195151	0.6248582325739769
	0.5160577137092108	0.519774407154195	0.6201401756275887	0.192133603146793
0.23974528303077888	0.5607306818594405	0.4185599431379146	0.2531029542258176	0.4904273072442747
0.41942365130238113	0.6551379102437958	0.4194654165386223	0.4592752920401595	0.4289686123617928
0.5413688470822121	0.5591173606141372	0.8089730945250951	0.34401791141738985	0.5825666924459728
0.5663679697118883	0.46694075264502516	0.33604344110391327	0.577311953278857	0.2511501326848964
0.4788112861251444	0.35213067655113905	0.7036058742294923	0.15400170322213913	0.331042772616407
0.6563271789781687	0.37743586898775955	0.37750072745316177	0.6162030395917654	0.2702714742191327
0.6510938428836783	0.7712779954002967	0.5496686691677133	0.38820833509858127	0.42217546115484345
0.2823384146940893	0.569487898696839	0.3039914995639697	0.7372537812970344	0.6977821857574655
0.3965102526115619	0.4420171864969489	0.4384701751277614	0.6182496739298723	0.5068659170885667
0.3215777768771517	0.3345990255681389	0.5101617247078477	0.2981446118208406	0.6743284749191147
0.3294159212974299	0.6862614814276392	0.4729420762318828	0.6694693680691997	0.5790563896191497
	0.3871788305358009	0.6191425968520624	0.41640325591533484	0.5312823191272037
0.4667874239189651	0.540795177787011	0.5094537552072842	0.48213483535734164	0.5986443520541126
0.25170988645166037	0.4615854664475799	0.5993990871673668	0.3476569535505983	0.5504231409414692
0.36528440351561464	0.42836434923815797	0.5260152971393404	0.8188540000132088	0.3745417003172093
0.7278951773204473	0.20071002329213405	0.3788444023604597	0.6656658937325198	0.8783899655407001
0.5432441460226974	0.43002952682117856	0.6107150315242981	0.4270800468281141	0.3675812674151096
0.34373304301960783	0.27460855895306835	0.47540114429423314	0.46539252692008626	0.49020302306745356
0.4156861544139431	0.4634510160348478	0.5386272769553733	0.4393871685714728	0.4446828012104888
0.33112628411421074	0.507083098872789	0.3595114161401205	0.5692029630203433	0.630566324445921
0.7100305362663881	0.44984679540177624	0.4397307305542151	0.6929213940751896	0.5818190908030781
0.47753042062815276	0.36371872820335527	0.5085174134458134	0.41527044934221474	0.5878644888368295
0.3800886595912042	0.512935969226394	0.7547404750075758	0.5344109731604015	0.45140553921814935
0.5068209296641031	0.4397125075886064	0.5998090924692091	0.4986811758136788	0.452577247841646
0.6402284838192919	0.6106418278049603	0.3101917384985498	0.28604351158271224	0.6905981220937962
0.5092087538138912	0.4630472718448887	0.6121400464437764	0.3864816388445223	0.6796846076464392
0.6650731228934148	0.3205608052694666	0.7551786589510328	0.39145038121897413	0.46235655616124455
0.6331562304788003	0.5648235488101206	0.6037521684616907	0.4630386846978276	0.6848705999344732
0.45738722414885413	0.6173946055869957	0.3219175324924821	0.34485631434386604	0.606000039253166
0.4342675860591376	0.5918831883871962	0.5485110508336928	0.6535541005892435	0.3998308447442374
0.3832886296871494	0.5305492769988176	0.608339082986297	0.4494916015135039	0.5291044795938278
0.28028793690811005	0.6429601839725907	0.47859919540281465	0.2972751373554924	0.4368323011837966
	0.513277464496366	0.407094252083196	0.4717605774736039	0.39642847352891974
0.6240300285463852	0.23493368834303963	0.25040630311866724	0.49279063365256437	0.28794119469703133
0.4976294816613274	0.5021973384428254	0.5452054129913411	0.70566968996662	0.3342400143728132
0.4730551496412103	0.4614728567599349	0.48690656474626526	0.2967009930317563	0.4395785223154839
0.4170603983847784	0.5391045648140194	0.5847432375546703	0.5244593821657518	0.40247708362941303
0.31612606784589387	0.5340107820367581	0.41621941622834274	0.5356809443425614	0.7713618121080482
	0.37574316688524223	0.5842326540558715	0.48935987599636455	0.7282791835514362
0.4279783364053603	0.4811521313998188	0.6229924111564173	0.4547914501913886	0.6546444970349239
0.3083650055743447	0.27851076308143485	0.2614446228874985	0.6416623201405621	0.5372208942607458
0.6966643944582691	0.31249944243462846	0.4199730119343689	0.44994107501674696	0.5099398410040469
0.2828294572507741	0.5514216084685897	0.1685831555743533	0.3528335050932374	0.749538375979222
0.5190773517228894	0.27319696398263726	0.6123340869180428	0.8797062512442657	0.3655133711890293
0.3728694629614944	0.32762071826282874	0.4459372333825156	0.6860690596232472	0.6221666035611526
0.6112447951932475	0.6038095720986455	0.4181260502693875	0.505319248521914	0.5731010374388429
	0.6426505262628461	0.30090629096380445	0.5499771464911533	0.4473361962989395
0.5852119788595563	0.5007356755901865	0.586954255868962	0.4897220616893134	0.5316518634390731
0.526961761792987	0.5082645226873849	0.6154508225508036	0.5525046480174726	0.4463320505208406
0.5917355116950379	0.41380395329898745	0.6812565026549245	0.38408420850417	0.6115344245519164
0.6924761843612455	0.5216859427927196	0.49083415227399396	0.5037448447254239	0.4559356270282037
0.5219721251403784	0.6270086437772662	0.5356809591865334	0.11859549027390323	0.47798845730648765
0.40585832426266943	0.43255986934578805	0.5357682331121489	0.7800894855479555	0.5921520716354027
0.49341904792370095	0.588226643077814	0.407970851056758	0.8054648862521593	0.7082103037032244
0.43184452594793415	0.48853787163414464	0.6047216829005887	0.12269360797355845	0.47709891170453494
0.47236128154751894	0.526506428647819	0.5906100894818234	0.48485852349284153	0.5412701467629217
0.5023785521637094	0.5777033946482787	0.4446115722901763	0.793562174258566	0.6348432067378337
0.5472661417417181	0.5772595927761152	0.17395848884667334	0.6075727904941666	0.29420387334448217
0.6511387699762968	0.5391672154195222	0.6557008151590313	0.5546335678501723	0.6657704276031923
0.571338938446318	0.7126587325880875	0.48791494976451255	0.5894825590692139	0.528310384689295
0.7467087043107091	0.5962750334885026	0.5236306587929798	0.45010484736023254	0.5937486748395262
0.7979311113553419	0.2778499347906842	0.6404270414453092	0.5406164160580266	0.40597912908415507
0.5622506151710867	0.3706033749235209	0.4641220849396623	0.49853537340228776	0.9405199732236602
0.23818948158843795	0.6696965669290212	0.1880896004907282	0.46053622900262603	0.5105158065992811
0.4718654771710312	0.4434587741322026	0.4352731290918119	0.5431265834093043	0.395892686905798
0.6231456371210166	0.35222870822431035	0.39540328673520675	0.24605244598765322	0.7223393013847335
0.47891327660842825	0.5812779018163577	0.3253437903727352	0.5468851839112715	0.5979399071262554
0.616440145026423	0.4344338467836485	0.7911461939368227	0.5876812048227976	0.5389305073827474
0.49541298139630163	0.5051051194113507	0.42979758097378856	0.566792117206807	0.20757838106678853
0.6618198058942676	0.541883116419732	0.2723173369508816	0.5317854693554908	0.3478254839219566
0.5351555247707159	0.3904676375777577	0.1931796231878562	0.552853600750917	0.7260895380655559
1.0	0.6466763013418725	0.5308472599815218	0.6873344305233993	0.6331483281069109
0.6008350049465203	0.560269982973064	0.37497226003751766	0.5538277452639356	0.43122721442331213
0.4083870737153279	0.5794312611302899	0.4133162632501843	0.6812348878136556	0.6908852600821608
0.5618693714133118	0.5063791638013789	0.5385333876160635	0.47546842401577455	0.5849825525985215
0.38590591141157393	0.21129602025294647	0.3954451337798182	0.7890710621416168	0.6005040433154821
0.5213763310584627	0.5386664172051725	0.6060768373349208	0.4829408329030773	0.7939098901513563
0.3385027706043449	0.4036723473451792	0.5920858661322863	0.4578342379944218	0.5749035111900893
0.49690904148999804	0.7347815049611806	0.6196357402818407	0.5874820015576413	0.5099021397052589
0.491577355370877	0.821756544875244	0.3857345203515191	0.40763080100438814	0.6667930068610973
0.4510335442183017	0.4479213698420348	0.5346438886575393	0.5656572161877362	0.6825600008839509
0.7300091416783243	0.21873472470565042	0.4686291198722787	0.5953328822614117	0.4448709968667911
0.5633019125969785	0.658624628985127	0.6364077449282823	0.6311762921012002	0.5641821847116357
0.42818985301982126	0.3426234158390493	0.5953571049307652	0.7810187437148177	0.3201327342649012
0.4289199722277411	0.29280973778065544	0.48953371916107824	0.7820856039998844	0.5467844969597927
0.4721824735107424	0.316475164639521	0.7111907763418124	0.6605209592480212	0.49350716168787245
0.2543702233800814	0.5865346448232973	0.5938805009640149	0.5466565611456616	0.5652893873456787
0.4393524375033206	0.6812094439248837	0.15352828271213004	0.8251504917033982	0.7304969305679692
0.5201180511062948	0.41239095097546347	0.5298002014029516	0.48618738386887017	0.6054852457373844
0.7855763717740525	0.47544621323871733	0.564609365279274	0.3995064331433622	0.3761906357156473
0.42081981799164825	0.26508712878209567	0.6883624813127147	0.6122736054618798	0.45644123335186343
0.5798918184630678	0.4216853798914582	0.6299308246964993	0.43928062283759817	0.24609157312634128
0.297024182545818	0.37261731337394016	0.3646631772368016	0.5763015409840329	0.5669016419586792
0.02801302585544711	0.46954517183645744	0.5271656864414878	0.7920681899922052	0.49392505511722795
0.7519215690180361	0.36591652164380317	0.5123635681761238	0.554280065580447	0.6475484849021212
0.6237568885546968	0.7938612661302397	0.5619807903194892	0.4372188570012833	0.548632469677979
0.28740529653389846	0.43888921341296044	0.25519852727633136	0.42519313261011776	0.3214323665298682
0.4782522538489419	0.35768047541190334	0.34975563006283744	0.4120769414818457	0.6686936634847596
0.3846140689672278	0.5508586504802137	0.5889234199681601	0.5673101388475567	0.5683250769692898
0.33264200145635614	0.4968101718944602	0.5024648353421163	0.49536797154177875	0.48755960717262253
	0.1651661723366036	0.47630283132792356	0.2867302824918422	0.487364113793211
0.45227154960226507	0.44804615953060695	0.6663555445751445	0.5082677104206095	0.5129363485040003
0.5986672346235872	0.7905070635847129	0.28761294987867747	0.6818648910322066	0.40806506635088463
0.3893022160343268	0.4914407340423972	0.5615473781132463	0.6409279819865707	0.6511858131549291
0.7935190479622835	0.5132538778757582	0.5946242953562682	0.42905807217805636	0.5302407919290779
	0.5474449423630001	0.5389306149315031	0.5490700268597662	0.5434071789582062
0.4390491539271384	0.6111404016129761	0.2894477949330422	0.571715223649332	0.3998187484272218
0.6562199858467823	0.3225024753341364	0.5357683289518992	0.5545717403620148	0.7886999316186658
0.6880365253698095	0.4934370441715022	0.6306657976127796	0.5359182666945631	0.4585027863949415
0.42788122847872023	0.4689668044159619	0.5191605312707722	0.46347410404411776	0.5234771813787994
0.5185817035173957	0.3995865999742142	0.554743060258007	0.7463517898066307	0.958267233767707
	0.49450788912083926	0.7752961984556779	0.6117057911806026	0.5767294401409936
0.5812940954533187	0.5433873249618053	0.41536174218765626	0.5646084723900101	0.4234653987309915
0.4483915049814214	0.4149863182394958	0.46959842080914754	0.6992609954078278	0.5174723016601074
0.5664688939622683	0.49264678364427084	0.5685960543713555	0.3901934850511647	0.4427872427536023
0.5488559268524191	0.7435947242150939	0.32154653713167297	0.461485713897074	0.7172911029020084
0.3751253007356123	0.6324718668758982	0.360481056827398	0.2896786264787349	0.39396798004484856
0.8173696350990347	0.5815207586885263	0.6460738224985789	0.5100386700342114	0.675433026222517
0.552804054300034	0.546391645495942	0.8080816855527965	0.6333848224773059	0.3823872923764633
0.48840413241917635	0.7163265905454592	0.589624019164526	0.6740651554257222	0.3962402738007876
0.2856585026655828	0.6075123630105905	0.7166877770903065	0.39111052572945093	0.5286969604171143
0.2931729498711838	0.5256906393872587	0.3543610021706813	0.5198719586104592	0.44565372801226105
0.634985503886602	0.3935168939423955	0.5630320049250382	0.5556018632658543	0.38835418291961826
0.5686545871339951	0.6410219283042857	0.49093048722656085	0.563567550949058	0.5285094988802824
0.5101098360577601	0.5019052393005081	0.47906367145970363	0.49330524894429423	0.1974045032538005
0.2856604251174854	0.5130635459808884	0.523987607811382	0.44620582478810233	0.3961331897112761
0.4389287813980833	0.5084912007481307	0.251028458252648	0.6057297960101898	0.4946944293293342
0.4092881249202092	0.5471145003912965	0.6332637517513141	0.3876461907573646	0.40353958078359725
0.6790909118455609	0.33535722272967494	0.6185898105946208	0.5567858622703358	0.328830068468772
0.39390891187479304	0.6139721603286203	0.7244465702989045	0.46840144414059015	0.5370614861036098
0.4092701515832279	0.6007739046596287	0.32593527541795675	0.8600272694562119	0.24299868178263065
0.580980738517249	0.7695520529720522	0.48088426803234946	0.6823342211741568	0.46810855535667373
	0.26197550323805135	0.32825697344948657	0.6254755879294179	0.43931070158509855
	0.5713559982905435	0.4485753435630161	0.25918612528919643	0.4466470182658982
0.6472404722365096	0.47572782667108826	0.5805719638178787	0.39148530570440976	0.43349305638043
0.5485901346287257	0.4681375868771005	0.36175275985353295	0.3724802421755219	0.6824731243522766
0.6239673236078126	0.5853241577012269	0.46020038597651797	0.46828819672981115	0.5372483942127456
0.530590539790325	0.38277268470933656	0.4252422838193041	0.31634933744787136	0.3324386343950964
0.7028104918438165	0.2434616400973731	0.568308742048237	0.5418094521219695	0.6520551734737449
0.5611712428650875	0.6218138070249365	0.614722275207398	0.5254115713907764	0.37532933239083605
0.5628624052458312	0.4311257065645398	0.5374919625022628	0.5316012924062926	0.4793103497928986
0.46004038063327674	0.3901193731346856	0.4714876400815817	0.513005018861006	0.4468808047784685
0.46367446756454145	0.6685028071890401	0.3824945928529373	0.4197406872819414	0.4865407604665228
0.4308238392028915	0.3794931746048504	0.41476682786190755	0.44035173040737063	0.7544754832039406
0.36533463402192	0.47772625142980096	0.7048294504212339	0.40992738159911035	0.44573226906042474
0.5721215373426382	0.7353510273073287	0.30124663869272683	0.36895837424884304	0.4899256591152698
0.3209433145485417	0.7769341682626385	0.8264520763073977	0.649359169711053	0.46083082726307784
0.4463203280402231	0.5250392430320853	0.3977911813328181	0.4873889985184722	0.320026409255867
0.5911278741855286	0.4769130305750759	0.9104935093141766	0.4095276284839425	0.44166613402039645
0.6741613888778132	0.10025541105535939	0.6161747311765843	0.42844819231736114	0.3179788870966205
0.6073386947529816	0.5115494100943948	0.7880675847285048	0.18011601209528702	0.6609055869540095
0.7364899309059207	0.6899364376249729	0.5863351213011299	0.6001115869018755	0.6078146902846717
0.725673536286377	0.4405326236495801	0.9063952280740963	0.777686456763932	0.5940280543607885
0.5850606306661461	0.3842304763273929	0.42056385854566936	0.42481551730214306	0.42850268445455847
0.316325002565699	0.1463822959604596	0.6193560882487447	0.5257196292491487	0.7098017968200253
0.31132170984057184	0.4947674965773249	0.23176853999082356	0.5522671780920136	0.6937693689755688
0.5526073916113957	0.4167616581625211	0.5731925843699892	0.3188080052299882	0.6161310172340445
0.5009028710789809	0.38743458934975755	0.4819877509106167	0.4469768252986653	0.5202746330607798
0.4195625654366165	0.5809981997807891	0.6045923159061241	0.6614698391536115	0.49775905513269736
0.7268258081249196	0.7090307549852523	0.59297120589588	0.7484993491072034	0.427657542303926
0.5170468948708935	0.4130343077804061	0.5634525214036619	0.4962724525640279	0.3710109667392046
0.5540062604359516	0.43135851649254675	0.4025696005565278	0.4984088901420314	0.505829146902016
0.766826927208132	0.5691710630865716	0.730491318912337	0.5042989857404485	0.5138334754546917
0.5704112447883048	0.3539714566722187	0.4778753191438716	0.4703866841432456	0.6506061480961838
0.6825019197501209	0.8085413318543812	0.607696931748892	0.5095176539346501	0.7553691834441235
0.7580563959916867	0.38884246435450776	0.3746211401773778	0.450648187398513	0.3748082238409857
0.5407348476426057	0.4831011928220618	0.6514704324644589	0.3090339278465018	0.4080576100719432
0.3360906635894842	0.4738467293035715	0.5835090513731368	0.5367201079015217	0.5563249471061973
0.6579136881593796	0.6867597267408356	0.6365729533835981	0.3104238738659925	0.7547538890829295
0.5751644760878938	0.6689051768757318	0.6538025627661125	0.6587234430260066	0.6127756244203668
0.47143641132744046	0.5267075727545252	0.7475668521263773	0.48287122877008987	0.44274855109928574
0.41557254043675224	0.4671250991379809	0.34841819561223586	0.5104345075935899	0.6900633595171229
0.6626609290497022	0.43471053607559595	0.4370713038920485	0.6179893867874288	0.632685349565606
0.4979104847907252	0.6226622020327419	0.579194151065475	0.37158466021791464	0.672418022498938
0.6145040296269275	0.5397080903330077	0.577157240086659	0.3209908875029859	0.7421707624275645
0.4792409487034874	0.47573992907491774	0.41340421266640914	0.5382676166949537	0.3180122742967171
0.2322179720303341	0.34319744819643205	0.31500108588195425	0.35677949359236305	0.326012585915297
0.4836474624441999	0.5281058244925602	0.6453429054125508	0.3994701426037949	0.362619665436684
0.41441619950201297	0.3215998673867392	0.6342465250970819	0.5993809431367549	0.3999555924513589
0.5992653547764994	0.38611893798017854	0.3131143498108151	0.559311720610519	0.5658938199079798
	0.6313609883308239	0.6094070587082675	0.6591174643710351	0.6276372358758893
0.5117005372662691	0.6353453806262138	0.3371877815296958	0.7678935291313221	0.4458077124241918
0.6137474962800218	0.6445744278812843	0.5172938277958489	0.5475587938054259	0.20699382504020553
0.2617142624073286	0.3785190066633872	0.7675438084093305	0.39675493931596856	0.5188097717752505
0.7577248941975766	0.6905246154909227	0.21299592217216282	0.4630230790295729	0.5534054052332322
0.5444808582807807	0.6755504766271181	0.522563762183182	0.798401780669201	0.43009565883809653
0.5063186694499315	0.7075751233327824	0.537675880920172	0.660624149663461	0.7167967052579327
	0.6222440759618426	0.4213953952107193	0.6260854553336898	0.40935270453991784
0.48564218477651094	0.3843710279180436	0.6367125610587011	0.46563065040602	0.7628796480441465
0.6663753952534969	0.6157656364393861	0.3346639369394957	0.24582781083260113	0.36643120462835904
0.6553805262813946	0.35885219028256005	0.37529637056759074	0.6053511851581974	0.30111084238482644
0.5278839365607689	0.36904090027246245	0.6362178527082193	0.678319460582811	0.5301490957760652
0.76062738939849	0.6660965052907063	0.42602643477026236	0.5381465232010593	0.8234658660479881
0.6145317959488908	0.5486714887275763	0.4453375356603572	0.1507363501749095	0.7190083850063616
0.3747881328009155	0.4178227129949446	0.6473381283088221	0.38887707220414497	0.6559090396195537
0.2645374946347481	0.6031773052337146	0.4960427317413624	0.4740846124298957	0.4603085780588479
0.4287908782638475	0.49144151749339926	0.5587033940618555	0.2993494035296762	0.5004422785974106
0.44177784539523834	0.536554221161968	0.5500024449096493	0.6383299299799261	0.6180400330645329
0.6271472986091203	0.6507910819806146	0.42244559314204333	0.2276306813464836	0.6901593609736538
0.3696159252623987	0.2841604989598618	0.48177812603300874	0.33259103550816366	0.5104172288420206
	0.3465375139944717	0.5565967327818955	0.561982837406479	0.5227546760703383
0.48669380463231154	0.6131000668979647	0.6763442843230344	0.8923713399060078	0.2896456020143887
0.5186275232993754	0.7242302546567823	0.3887111680837077	0.18906808510208883	0.36927607839039644
0.7516565097899561	0.5273493025004329	0.45319643230526435	0.5735186148379441	0.24959170184868057
0.39813630557229107	0.48809076070243973	0.6718552590741909	0.4727263417062894	0.8203217516530348
0.8001720453598041	0.47272036140925505	0.1474484248525775	0.5841209812129768	0.5611800527714297
0.43919330815808877	0.3674740977969473	0.4351773236342186	0.2899936234525489	0.6535802341771513
0.4804269931737296	0.813353743377698	0.49526520959297404	0.5750511623153406	0.7289358889600441
0.6019003935989594	0.4730383226330597	0.5146936122939881	0.6570337354069259	0.5673275194119693
0.2693312391136553	0.586342269134771	0.3932258733381876	0.694283061442689	0.2809878798876454
0.5822499232307677	0.35868172957860917	0.8089983474548439	0.5415210735559024	0.4671598433266348
0.741832160860288	0.38078148718103927	0.5827914118779692	0.5260089971037083	0.5522801173256392
0.7692330336939688	0.44959634592432685	0.34009022327938176	0.8063862104639464	0.7907398815871828
	0.5063309819132679	0.7890095748624202	0.8503414529320527	0.7090007375286692
0.383260265061986	0.4671123824303591	0.6307910411244086	0.5432245241500694	0.563022634861364
0.4418906145962192	0.4859631987262255	0.6287421752042881	0.7715701125902823	0.32709421348378853
0.8476708494135502	0.46809436384270164	0.6245492938728145	0.2905410322799201	0.4550020026124963
0.7939454708259047	0.6098456344049853	0.5308689285395982	0.57288320206618	0.4786483214197783
0.37900823757251956	0.6897475715866541	0.29300772460032826	0.6838503345468053	0.6439191097517485
	0.31175556237459645	0.1848710777030596	0.5219396149185517	0.5644890481795486
0.5055891541615976	0.7560827508857172	0.38872111620516686	0.26403323870326484	0.6378551446929455
0.29828260670821777	0.6925066842606965	0.6076519119404329	0.4730860726758297	0.7118732320681826
0.7113842582844085	0.5477508183252761	0.7144399586883503	0.3688592372282813	0.38188493890249425
0.29623645622738415	0.5759255700395157	0.2745453931410398	0.5697456784535044	0.1946854075033273
0.4682009042497856	0.3691723034335201	0.3414535959707892	1.0	0.3070851869936919
0.3049403344486832	0.4890432170169009	0.6195805423506627	0.3490066287522355	0.5371785593120529
0.6326970460316105	0.6548976798502539	0.5182502814191468	0.6155970513369874	0.372788888731727
0.3418725295925035	0.6221617246054442	0.5861239574509696	0.7337662987333597	0.5941075530043094
0.4441608627316869	0.357847747144085	0.46742125771231896	0.638980493193603	0.6096166986181621
0.5081577452607823	0.6636402850627671	0.584399740392158	0.6747857094856862	0.6067313202115465
0.6643362469113335	0.5200204345689251	0.5493526699171356	0.2712750773690306	0.5636879503594167
0.4981769827112382	0.4503947158776846	0.3962921693364854	0.5436529566566135	0.26623225917010207
0.7539897949888137	0.7767803711071022	0.35363428647015016	0.4390955993918004	0.9087148785821567
0.47400005866477857	0.19315827411965072	0.536857819344627	0.5494563695935915	0.6177558703425149
0.43149161408349035	0.5510644009285373	0.5514366712250516	0.36358279679982447	0.6377910134764929
0.6936264161598089	0.48850967105065124	0.6391863130499891	0.26766375943058435	0.6151418828565947
0.6268901395918217	0.23301608412250388	0.5125666697041247	0.17646585433391032	0.6812262333062897
0.5483435654937873	0.4631261479851309	0.4223247703415467	0.6181484365451697	0.40722117497499377
0.5651312360138097	0.3473819771279426	0.7114715164917262	0.3804499265768054	0.5169229346209319
0.4450305614397211	0.532321466719119	0.5925897584121029	0.6445815572185432	0.37249326546436906
0.7193691800591324	0.29540568877067946	0.5104887050898947	0.5326170974630613	0.5481510865217668
0.6253546063590188	0.4815234526177799	0.517896945841241	0.36007521096002454	0.19864216459679843
0.41289809135898714	0.6130153790979914	0.4718638056801783	0.613994169545834	0.2619628886295052
0.4707771877961252	0.5147494459176198	0.613668449855641	0.6939818076368011	0.5772646716252976
0.42653213657263145	0.5486179456620566	0.8304030781676179	0.5481339571455324	0.20429345825419132
0.1836303842915651	0.5338398544736184	0.4761204220171568	0.36344672302059633	0.4186153359409884
0.7266491613849627	0.7940126613235237	0.4838967230750934	0.3986338069570098	0.6827542259460423
0.5248779095206897	0.45950655917368066	0.50603810321311	0.3644913679379988	0.19776707432848928
0.3491468396849497	0.2585891368413019	0.5571278660472552	0.5035767681647964	0.5499922067847174
	0.30819716464227426	0.6411707962367671	0.433383548492147	0.24433716547886222
0.40095038965555946	0.2541378956975195	0.5288659839517308	0.4439408549387921	0.47485096487026035
0.498870073627555	0.3969810362320945	0.4414804190285497	0.41259683891493515	0.4969323011681223
0.5195933167175921	0.6114639781838016	0.635928785285023	0.29414961336486445	0.1297470244013115
0.7431640987949195	0.533128032533899	0.4212415536693767	0.8788181772781576	0.7836247918071758
0.18109213947803676	0.6413421123327742	0.2960044782174456	0.5929384321264926	0.7358498853295931
0.2881960139299751	0.5344725205132026	0.3352431229544867	0.3612946534679137	0.6066977546107247
0.23433765902799686	0.4401631998426459	0.5672546797164036	0.5824248173691963	0.5922354290827055
0.6097325297029135	0.05724508054456713	0.4156019710706939	0.666080190513971	0.4948123896178014
0.7204241680922614	0.5448184113701674	0.5889714742526097	0.25096332967094886	0.3868811294517712
0.41086133735872116	0.624453742599395	0.7803264137273478	0.5150673634519471	0.35947685433010124
0.5400697022218824	0.1369552379447998	0.4376420744536843	0.5715801865577709	0.27708758612079015
0.5836146515414162	0.4734476914417559	0.4489155858925508	0.3942219576173461	0.46860541595956823
0.6196666561918451	0.5389641719662789	0.3903209711572741	0.54855102398969	0.5014326869653075
0.7869703390669738	0.4727315725448483	0.35678741464895275	0.8276245912183632	0.2821024220137837
0.598247636447691	0.4696097569224099	0.5927281324714614	0.5859501544287166	0.37596446314061366
0.40335851386797855	0.28513943008884296	0.5465434305713467	0.3740076281703023	0.6148097081688435
0.4468005880711444	0.5141628540598061	0.5967291233787031	0.5548362015071524	0.3414405502104828
0.4037513534429297	0.3489749910195654	0.5309193170271267	0.5402616937115681	0.3821832815896814
0.16254656052892524	0.3111767056379996	0.09774562305139599	0.46707435214678034	0.6174431487277049
0.2802250845738004	0.407391767838998	0.47048997488511957	0.4486537588113851	0.5227189226648504
0.608530309072773	0.4705539504213997	0.46402430620875196	0.3808482675207766	0.8340205239618639
0.44847444201955144	0.6076482375016494	0.23041514482086678	0.4619597957556837	0.2335444314528334
0.5383323745805988	0.3849035848870503	0.6274863484074099	0.4632876899846623	0.4763652014915879
0.7348657659998928	0.6220355781569284	0.2689463777077998	0.5280800767638306	0.390963307679359
0.3566438667706865	0.4154126422947321	0.34021617816571303	0.46047990563546026	0.5725242116328079
0.3131156702966977	0.353128730663571	0.6502132998742484	0.4950964756801904	0.4092900423087468
0.6613767711190217	0.40201003746473085	0.38069099599888934	0.46399189765044035	0.7562511538361174
0.43847247429315406	0.4028304275970519	0.3226853562829106	0.39957098977072136	0.30996595392989984
0.25656922727794934	0.44924440436082747	0.4906933536061114	0.4033253380345595	0.5042082433154509
0.6211934196464245	0.6195029733351413	0.7211950198035488	0.6387679076507751	0.5357728639509973
0.4814025568437698	0.5767244068244957	0.6265376648520202	0.41618779797155614	0.5443041444867132
0.6200107756423159	0.39762961855850654	0.5979082884580624	0.8556364968335944	0.5464279500598641
0.3012884120700519	0.3383393320169852	0.7475380855716858	0.4358865347285828	0.4932564793522146
0.6843109967225355	0.7518816053688774	0.47572846416564757	0.5813568867898944	0.5490608176054125
0.5180312248862636	0.3806731109458703	0.5625625029021678	0.5799700447066679	0.5602214648521816
0.22609928707643415	0.3102757934394755	0.017702843193414215	0.45486950390890585	0.577549150811012
0.6356673792606345	0.5605160357898253	0.46728386121182597	0.44304297452480523	0.33989505309392687
0.5519369004013368	0.2190090668474488	0.5405446714142361	0.6604333019734191	0.2644974318872893
0.428719412094651	0.5215353753358906	0.5656012046698681	0.36580528504406357	0.4415290094903191
0.6099722263639367	0.5873479568663172	0.5601202671009055	0.45435284161597816	0.5721644698210688
0.6077729694687146	0.3658035528753695	0.708683656952608	0.4494449840631558	0.4745044211326766
0.5690985004271275	0.4386277874687048	0.4176368503691411	0.4105476342028509	0.31865035008425135
0.3576876649939677	0.508654611238919	0.5172966233499243	0.32622718955674124	0.690310713584548
0.47643582236489335	0.6063904882434709	0.540573741685823	0.5898677842142415	0.2959529719297786
0.44333853811316615	0.45358992764182426	0.7012917461940662	0.42778583536597503	0.3233929831475657
0.6792456342019394	0.7146457801011445	0.13755946511420744	0.6500262637823788	0.6160171630033483
0.4761429392008225	0.4911780989224942	0.5969128776988637	0.4141318104133458	0.6064561082956386
0.41818180545921424	0.5232217918855889	0.756499441454543	0.42341818149896326	0.6571277274262114
0.49285040195588414	0.4419355536850694	0.5390682263997244	0.37977744313591827	0.4898697492496362
0.28096130829931537	0.4641348426595978	0.5620207423323493	0.6851687347619269	0.429143916703036
0.5119755166097385	0.49929745488983496	0.688320200519502	0.5300727403152544	0.6525405217010526
0.5677301269511891	0.5051226708948292	0.49353313223320694	0.33272889223823104	0.4925453932443558
	0.6291755092349974	0.520994884617186	0.6557536096779929	0.6896871740791298
0.3540393838614381	0.6955810822155625	0.20441717358141784	0.34520411950737084	0.42810147801654297
0.6295716752705314	0.7199818693265964	0.6850565428851848	0.4464712220602971	0.42984890607510245
0.4708741679783257	0.5701121802160375	0.4595547218566852	0.5807496123708806	0.505667534379621
0.40219648369506916	0.7899445631482991	0.549513479174448	0.5985360715611298	0.27112638306768677
0.4434853733776896	0.5183535958773352	0.713784518543041	0.44924019100136037	0.7472014739799733
0.6808144119556111	0.4597422058103219	0.5654758709484077	0.33539162761693736	0.37172711425042865
0.5530417832545808	0.3560782524222525	0.38977955209950893	0.7730140703383943	0.5394305957151482
0.24557873781235082	0.49471634081429233	0.5151646077125304	0.4446330742288892	0.513380881532494
0.35357250103932153	0.4452066939988533	0.45797875389371756	0.6055209438482816	0.44188603449354963
0.44911027093209555	0.6451300477841828	0.4106865155797386	0.6437312992985197	0.6322493908456314
	0.6271349892361764	0.532834451253379	0.5219851728707807	0.4982622126899616
	0.48001832695289515	0.8114961996692082	0.25128457286499384	0.6295105980722479
0.6141970271076251	0.40072603980104315	0.35911243996523096	0.41809094227008725	0.5277842686325409
0.24674385773266694	0.30078874301250036	0.6353619014502855	0.6529999530985456	0.5184631354561301
0.40367639528746313	0.4707486617687923	0.64485376529786	0.3974919616734384	0.6585458753865936
0.5745942786095448	0.5243415642276125	0.2669485743372107	0.43742790719817115	0.7134703013646809
0.6393929727209576	0.4332327027600508	0.7793887363089314	0.23467339317152058	0.30299682652108895
0.518341843339733	0.6141856940719964	0.46638655425612424	0.2006051219302934	0.6141562174363959
0.5609300042490537	0.5093414546090028	0.12209980039779131	0.6588489357267001	0.47571859225241053
0.6110621222216854	0.4655750517892593	0.5208744911178996	0.6157417236457386	0.5599108639044355
0.6808394501250965	0.5988549953345349	0.2836197898026176	0.7937516355183024	0.35217666146964566
0.4119309832148373	0.6460597964118702	0.624937730374297	0.5606551598803281	0.7005550957993895
0.3806519040048233	0.4130811715697407	0.588851734172739	0.5914318702314767	0.528120118449269
0.2672723858975837	0.3504856146634394	0.19113352385995355	0.6047317132997942	0.6149868431990815
0.5309283981146383	0.36443080041229803	0.576991622655807	0.34980537726867705	0.6971792052446096
0.6598300323568246	0.3551161910227464	0.3826201645210768	0.5534762814317861	0.5019014561309448
0.4465688191502747	0.4168497580596854	0.4947697873446079	0.4759609532298992	0.5706217192949746
	0.5335232648115148	0.6999370209241118	0.7870245826993795	0.6004403368299196
0.7219534638216915	0.5379275719203828	0.32989263570380206	0.5987162651566843	0.6512108343774461
0.5497702248289406	0.549247899597791	0.4805496057548962	0.1519970303982301	0.444776747877706
0.502964203342861	0.47479526488360896	0.5299935848686846	0.5928383267774495	0.42120909671559037
0.4267187584480394	0.32777534454726737	0.6061401442725053	0.5657276280004934	0.4207398628849906
0.580113779173231	0.4865778630601428	0.2918416377512755	0.2647527047174868	0.5040123627001457
0.6393678309645968	0.21660957242267734	0.7401988116485424	0.5498028585435886	0.5363293397442943
0.20588075851018195	0.45599484519044303	0.34663276161673295	0.5777389864395528	0.26374312265598393
0.3792692353527767	0.4920082891393998	0.6392598657916914	0.6829730754361951	0.5339944630006679
0.6447454182506432	0.4198331212791025	0.4066277440832187	0.27341331279870645	0.6272223428430713
0.33451638143078377	0.40288982428586617	0.4321548931259637	0.5801874935330918	0.43730064770521526
0.6296086446795013	0.5028912533353288	0.33751881038170845	0.6112366842538824	0.6436969386640033
0.6063424389420653	0.4111458887832817	0.6406026548593845	0.4736520954480263	0.44352809860833303
0.4564134701831699	0.81037971186278	0.6277941286045275	0.30276302502621133	0.6547392742812979
0.493141545381831	0.5541695820781247	0.4609607680495625	0.6615565662667747	0.5280178586836958
0.37848808473877577	0.5846701219990572	0.5537166520570678	0.5967247472409757	0.11052523324647484
0.5163332162956152	0.649978308053924	0.32433041937911783	0.4300927823948292	0.40873266195462976
0.3201215780176808	0.5822118267536318	0.5381664757316105	0.5341522215603733	0.3905234743637535
0.7702666607762723	0.3361844485706288	0.5146780017823199	0.551563907483731	0.4079840174248818
	0.5473792684880747	0.4384350564813739	0.3319720804462549	0.4250047938596567
0.57270266929011	0.5676144289039903	0.46023907460778274	0.6409373645869988	0.4692122086890707
0.44531851391955724	0.38200591851808935	0.6136395095688632	0.31629915285799903	0.46940313182705673
0.5524003712987199	0.39136472666097716	0.4811417179369593	0.2793015253106179	0.5241981915030918
0.5748484985737968	0.45979953121562095	0.5946426351409995	0.44819942098532556	0.5018348381208038
0.37059547187475606	0.4720686314525801	0.659866413633908	0.5965656778534609	0.3468300399187113
0.3767761260538873	0.7301944778499578	0.416457930067683	0.5376554046715994	0.5241328854274027
0.2793752604513166	0.5409031253521192	0.6189020148181785	0.19546310684054988	0.24713035199157007
0.30747235132102463	0.6018934108124024	0.5393433251888063	0.4303368440710507	0.3909042298872933
0.4224546419412798	0.3964103853787106	0.5863439627714188	0.6182479545602428	0.3396116492486706
	0.5247461125243833	0.38543286280680705	0.8152285164239876	0.6621216364993008
0.6065766544202916	0.5193663869955505	0.4440194370244214	0.505050122107149	0.8411658686820719
0.3172947359642766	0.5058377454784023	0.4027993097800475	0.7043760734163782	0.5365350588320418
0.5854391172135344	0.628262604611453	0.571848403299474	0.36364416654802034	0.4824079773154983
0.17957189615793367	0.3612771144997684	0.7497351913481581	0.4484837393132203	0.37860908603327664
0.6511689294196598	0.7310430524946733	0.5175441365185958	0.3683299067124353	0.4157262206619152
0.6060821865669858	0.5082086587001412	0.6814609097460084	0.39406773535783085	0.5365515164606284
0.2351184149937458	0.5074516258877552	0.23947514065639847	0.45485840534895977	0.6036734502934413
0.42096023018035433	0.2776326307723897	0.40502507199233956	0.7314714260001234	0.47998159475445745
0.41549093817137334	0.3183103401923174	0.5588631114720998	0.8058419691732593	0.20755069699852954
0.41418080842750277	0.63993200059548	0.31700134050461465	0.48503857502672576	0.7506100070019893
0.6319736482527406	0.4058953700673074	0.6254526018550723	0.5587954221304157	0.5682253631233813
0.4307421433621435	0.5091706757597345	0.37161421812322454	0.3006575968317213	0.6924935991959893
0.541632168580859	0.27995245750623027	0.3384480427598041	0.5973131039427402	0.2932666098870641
0.4212694421423055	0.2644167564743871	0.6190246636126819	0.8131559178936546	0.28733416992307287
0.7227680646975257	0.22789223303752804	0.41199769672988834	0.576852583675724	0.5584925158731481
0.5284357291934018	0.4194523839013193	0.3257002165417651	0.2924208059517933	0.4855355890605053
0.5330690122637353	0.3633344724241924	0.46858856383327435	0.682666519498941	0.36370224595571976
0.29184748586283016	0.6546225894932137	0.3298254785895069	0.5235819480314766	0.21833526072891013
0.6012826574977548	0.25097047492778535	0.23459914603327647	0.2392739835632407	0.5147432283950157
0.5669587466838826	0.2744836010772285	0.6009289841099065	0.3986437122091561	0.4176111591202862
0.3661488857429931	0.5748975726350386	0.5995021552001567	0.6661339490554448	0.46296244953105986
0.49921282047789495	0.1402420713172815	0.7629504632154002	0.3369860802482749	0.5577157246292128
0.4693459253901975	0.48683910203628933	0.3729339242140454	0.7012874453564284	0.48123126185444814
0.28175960748685247	0.7364491357420958	0.4906041961387521	0.6094957925720791	0.6699882245833937
0.6577075761759534	0.494944792826083	0.6449378758434691	0.6037039585287355	0.03826780041561248
0.6293729847463506	0.49625726349944427	0.3583346159748674	0.37296560904012804	0.49548630506799657
0.5078713598977584	0.45637435585238195	0.8582163502889131	0.4373010109579385	0.5031797752042898
	0.6723005114202089	0.6741310547659604	0.5769563177929089	0.4962961650454187
0.4911116683863174	0.7182978416667194	0.37342790111271745	0.6242277093143347	0.25499629876717633
0.39387360693051815	0.3715361724456022	0.5081341011507721	0.3313639133408617	0.4251060444860437
0.4068461255602338	0.6578431006152415	0.6438228693709434	0.5837270478567823	0.3100886034785514
0.4625815604161224	0.5408161675026733	0.5757846789914897	0.5261034165878183	0.5196960877995895
0.46295447504275933	0.4013653070898235	0.6040353065852186	0.8168521456020642	0.5602773776027737
0.5924716414297286	0.49841737678396897	0.5242078880291509	0.4169106078867728	0.285364319231911
	0.7735019339912403	0.3280113025167745	0.35217756985036774	0.4955576368616911
0.6383459751058899	0.5211172865885736	0.5171859903453493	0.5024069441622879	0.594026391565332
0.572715988052573	0.5862853576712388	0.46766785156715385	0.819247694693673	0.38004473223738544
0.6269359361688392	0.4737523547398861	0.6885403509006678	0.36609480451498855	0.40568020103112884
0.48683143622664005	0.4987379747291321	0.47612209332685285	0.5453278223803283	0.6257816700788973
0.6948670474950492	0.7528401001001427	0.7185760090179504	0.4178551456194384	0.681386718252816
0.5711651168210538	0.40242642750586133	0.5042699176532552	0.47104749224787323	0.5786490165841186
0.5294200839688366	0.5009572226086859	0.32075159005967424	0.530940480143812	0.7031621408119589
0.22324233972896745	0.5807387400458611	0.37455256899526196	0.5466921641960197	0.42112738536916844
0.5776751040847836	0.2908797722493157	0.37061098858624136	0.6416439435058897	0.38577175097930705
	0.3627975906033597	0.3669402708007661	0.6378136864378247	0.7051121573778157
0.3409873443063528	0.5238456011610557	0.79266470148718	0.3830703480156625	0.3712681280400986
0.7177548945460901	0.4173776972078519	0.42129188555939273	0.4389305213057753	0.4838236462843437
0.2805941383355515	0.4096148975626146	0.6237705805392402	0.5164344285449887	0.4321750234988606
0.6200516074874032	0.5758905521873847	0.5090152491136614	0.45394724414043136	0.23963299505440513
0.4755142874347566	0.5861444909073341	0.5719737530792175	0.6165471007976802	0.5291152176313146
0.43227602740462534	0.5374432250318845	0.4740318132956264	0.21149704746750464	0.23384867554820132
0.31739812413117957	0.9322066566575924	0.45729728290625643	0.4159589289883758	0.43267444618992745
0.5701355242385863	0.29002350625975853	0.7088997282416666	0.38171942916081	0.538317821881584
0.30137109718163607	0.534246899345398	0.49197056898741764	0.6509151676081593	0.6559000861647489
0.5298788513234098	0.4531068021523124	0.44216603388940073	0.49226983738277535	0.35357341305130574
0.8218673821221784	0.352807632008126	0.4975781534354037	0.41077507078356	0.6959711153052108
0.7793448123520116	0.32273218847498086	0.6023889505072318	0.4301789464397474	0.3979195845106556
0.33111698542734624	0.6391743860487554	0.4705152381913061	0.5738511673725151	0.7033507825256143
0.509145978523721	0.4147087797331897	0.34667090513324855	0.5646248857451135	0.577898609172244
0.47785402139945526	0.3699897262617355	0.3096717437698471	0.5199185333722794	0.5127056525752002
0.5600650457207418	0.46583225886435103	0.572862163850268	0.5236977550711244	0.17867139734846976
0.404796820415387	0.4775703271842831	0.35066898221665704	0.743006248869033	0.5410640713721548
0.6046534295007021	0.7409009417259318	0.528206432866698	0.6727783068411831	0.2967135366042598
0.5568104606221275	0.2036095648274423	0.6545171106206525	0.43083562161619254	0.43435621840815264
0.37331975802327716	0.640237077321618	0.3617590952987898	0.5876827570591995	0.6381920740855147
0.33140198307166596	0.43252411982758754	0.5769454220455809	0.4179512833858346	0.44202402298058285
0.6277164763879095	0.4523770708991405	0.6742902519618028	0.4741120446114061	0.17526743825289814
0.5405112110793698	0.4124589820402703	0.6288982949936345	0.642193135805834	0.11558746426932728
0.6080322553551801	0.40962511797147877	0.2679382920934941	0.3615674423976945	0.5316337536787135
0.4452623872834323	0.45719357471757643	0.5314295134188364	0.4933263270341583	0.426881055433046
0.3880641123358873	0.61242946860878	0.46049815061958754	0.5742221675373872	0.6354967884264004
0.5097568739870225	0.5121227640022585	0.5506795987621362	0.49388623088980155	0.8346748300044972
0.5877057042685767	0.3600115012009797	0.48241492092043214	0.43301912079380384	0.37735958114607493
0.3204364187434023	0.4980741157418885	0.3781891566162786	0.780162649236262	0.5367439411924433
0.1817054638192368	0.2788782428069156	0.5388310368797757	0.5414002560921263	0.5315677196676895
0.5034154144651217	0.522767041987758	0.5911275164354137	0.4330685784234166	0.4519908181751827
0.8453888559418878	0.48190365231024274	0.5821263548288533	0.43609916377314134	0.4389422481677291
0.6597044220772218	0.5228453397689182	0.6051349080406908	0.6366064221300796	0.6783791768926479
0.42040214586252	0.4831135713601037	0.5439193872863045	0.38382002046789004	0.2760010193875712
	0.37065371708759315	0.4019606066494522	0.5936511199588592	0.5233536976375623
0.47496054474821103	0.4338387252444333	0.44497175472427697	0.5033557286475506	0.5720672948802935
0.38491331349933433	0.6198332705751305	0.5436835381626939	0.5887152716290713	0.47334777807020767
0.4861969959975784	0.4956004436739468	0.36844561028119016	0.16259092801783984	0.5029396437956835
0.41656782615205434	0.2843054113730094	0.42710857437767163	0.5061583680576431	0.35712343871857394
0.295768299953901	0.5897141782225865	0.16540724977651508	0.4874436992450544	0.6019829416780565
0.23988092062533026	0.3812179238683511	0.6101813929261378	0.44382963911233053	0.7437335199087303
0.5498348657618797	0.5967707743306789	0.3875892359446888	0.4929003654877151	0.5511491113711697
0.35141706948297396	0.5316292049137237	0.4274704004727707	0.28321230734366365	0.7338895773298352
0.5795095567204329	0.36347010507283634	0.6166101140527613	0.6980535263974511	0.3876896643843301
0.4054932864148372	0.4830479641071925	0.25577417391138485	0.6696356551113589	0.4907857318665092
0.39589898400310564	0.5703153287669933	0.5586205750183898	0.532248421259988	0.49207406334046844
0.6544120868481847	0.669776121247421	0.5183722894787923	0.6211159986948518	0.6660773982384385
0.35487018524195624	0.3376997689145267	0.5966128101372761	0.677868643923669	0.6638165053375511
0.4004068253308504	0.7142353587633218	0.44826719060872416	0.3671150955902295	0.6125574569656187
0.5946231724990572	0.5650285367552655	0.5343295141650767	0.37707506728275675	0.4006328223291178
0.6085275989204967	0.5078572897203965	0.6476347976510317	0.603503883065517	0.3283107628774606
0.6405617386783896	0.4090620297492101	0.3456182307520347	0.5124648877640678	0.3540848287511707
0.6855356888884169	0.6011102844767697	0.43606852368653637	0.470988631332131	0.7029588531679551
0.5803307498692691	0.5230550855404089	0.7484228359893182	0.5474211109120384	0.49758998325970855
0.614214566392652	0.3253601279264603	0.22489745839520095	0.5064964444274046	0.6892261549065546
0.44792758698365126	0.2888737799867368	0.7754436923432061	0.35371789208964666	0.5350090692127588
0.4771415794607168	0.676514264408984	0.9519913374086768	0.45193066735860465	0.6515025993124663
0.5274014131836593	0.7212654905197496	0.23968248742098863	0.6454209314474832	0.5667396870915106
0.6341301657023394	0.5041163320483086	0.5467087734742737	0.52950176896215	0.5346969862510739
0.4986893429150956	0.3511552362696921	0.6291677829320316	0.40170676273512407	0.7195574661081106
0.4883098587209684	0.567214862658933	0.4444157490923375	0.3591791766965162	0.33904725172258315
0.5398946982201241	0.39901112743202954	0.42363750379539145	0.5331443927138192	0.45403890287938503
	0.4455998866307251	0.6064029627693474	0.31694037680707804	0.5397825044876602
0.5373384924426715	0.6365502252149569	0.3910142349644903	0.49729303997513075	0.43678426915597535
0.5568260337888945	0.3691971787232769	0.49157674789454	0.43466973150595756	0.502641682756953
0.5586007951657219	0.45195765492558676	0.7989044067549963	0.32589323912763596	0.4255043254889624
0.3489828140207758	0.42714352595181454	0.6472928979855094	0.5543390799624004	0.4324675888568188
0.41894550816813786	0.7168973563466461	0.6953169749963496	0.5269916567527342	0.6156435713167283
0.5594429884928921	0.6197601152696544	0.4118274628089516	0.37841296561699267	0.5341956408002753
	0.5753469304249824	0.3622887265643723	0.5450479431844556	0.41283988623010326
0.6567276699457144	0.23597499498237903	0.08572564532215589	0.4927984585657771	0.468021235895205
0.5659911655246869	0.5587969498004569	0.26944553014965283	0.39689255255235956	0.2793698608425983
0.4185933468656192	0.3911689280508203	0.3947268928724536	0.5493733519743211	0.4162752308674301
0.7185788779003458	0.43383570874572475	0.5711562254918354	0.6283315953127397	0.4743338811878274
0.1936731426876818	0.4588525726383049	0.1512812107176719	0.42544171571711686	0.7976960146187158
0.5763607872022319	0.5007970165398508	0.4800542413958103	0.6791907567177499	0.4200044994956937
	0.3097609297292115	0.27903658442411683	0.3380869835090253	0.47631503352031396
0.4334696751040804	0.504355543675503	0.7909853277058523	0.48046145451118777	0.34684042642883467
0.6967696527810397	0.2971040904112473	0.34848137304108495	0.38522066413254535	0.2974788993618132
0.5725316985969108	0.8985360670859197	0.43633863516399896	0.5855098878930127	0.15802343715061462
0.4497396193819307	0.21555935142523713	0.6191079895475788	0.7121831917804788	0.4943286533942283
0.6302250272995111	0.5030636074819278	0.3051160744960092	0.4335962644692639	0.3244634391764014
	0.42433155295613956	0.43927081341936175	0.7363468197497403	0.38831989770939307
0.5326920848055062	0.591812033624122	0.48864776764533846	0.4900078739985499	0.6066624258019008
0.7440462569029623	0.32667771575377647	0.7411111241599171	0.3001568590820849	0.5875081298762278
0.3137936755160758	0.4670551509599376	0.2445914575810484	0.6865517116621908	0.042791225857503785
0.7038537098050469	0.4933201500026339	0.5076948546030979	0.6229611674320986	0.8194194242655737
	0.19930051459209736	0.6500686685019625	0.7025174675910734	0.7204019766565847
0.383378422293014	0.6883140534588704	0.40065293995656537	0.5174543438682452	0.29116093196690485
0.5475349950780298	0.5194137715635796	0.7787370655067848	0.49488313422661817	0.2710874203271274
0.4644759658170465	0.380719269775627	0.31976715339463974	0.5891141415753186	0.5524623902607592
	0.48652929388080424	0.44495135573373307	0.579293853072437	0.5195215935541788
	0.5652663996665869	0.5639051084821245	0.6393522360159082	0.5758422370154734
0.6877941099372564	0.2509265005708143	0.4797300535255119	0.14940086041442469	0.4630295737321527
0.8709228986220662	0.513352368988196	0.8115744928984655	0.8037910732000596	0.515168098045655
0.4534338515221623	0.4335015347413804	0.5792718140767961	0.3294604627348046	0.7657715476355201
0.7151001768394998	0.6172989234042658	0.6741447083925401	0.3044940225173806	0.10491842424446311
0.34588388916085944	0.5424687203566788	0.5826261604999796	0.5487965165697669	0.3074320028165504
0.31294883920575006	0.5579818493601542	0.4969553522726973	0.35666944508443765	0.6020925250675034
	0.17044253900973153	0.146290269009811	0.4082443161218361	0.6576035099985789
0.3817031004759951	0.7281680775486548	0.5832927072122487	0.3340457528126552	0.4482714319010215
0.529502599370443	0.5129869282431287	0.2686314024133803	0.8013749967926115	0.3351588743765868
0.3073536039803242	0.5686497123670271	0.6815866767128942	0.4113446916393097	0.3957252000423229
0.6598941379606975	0.8545403101227742	0.34947304026854115	0.4431555484796235	0.5159185803511033
0.4753599850569626	0.5617460886302529	0.2849569653396482	0.4204071695761032	0.40190904161605345
0.6806044063839374	0.52159331322982	0.538207165996563	0.44209964868706914	0.46522752734061024
0.7042856077171651	0.4616703068041658	0.24767740398778032	0.6393685926414614	0.6170346465555416
0.7990043922114383	0.28228406015474444	0.38122602047310283	0.4550533768991178	0.6740972930970147
0.6108185096513635	0.6268935848253011	0.41681798954049715	0.67398104725991	0.385831134202119
0.6355366135706558	0.4381212037400713	0.9424826622027402	0.40592099611327404	0.4986912463423863
0.7659707842472547	0.3872113278405373	0.3849863550377613	0.7162846344678332	0.45198948352850926
0.44943689413908605	0.42175629948388077	0.7391339828017016	0.44953646086457716	0.4370732448150437
0.450716699275043	0.5049724955872579	0.2755066578768557	0.5025054580150332	0.5892585754374388
0.5489954379057946	0.6753266161537146	0.5189774902820125	0.3138054798859281	0.38999350098969787
0.5502434594467931	0.5311805156111317	0.6806473227266907	0.5406854219599239	0.5252635098466019
0.6729370829224381	0.6179310235811271	0.6834930220746738	0.3662322681333052	0.29710797568400527
0.5891879369631802	0.4837144672993073	0.5036360555670089	0.6647693259989211	0.5882087423815372
	0.4523791093093405	0.5882085851513073	0.22108980743765352	0.4961530920712288
0.5560724179573309	0.5775188382588532	0.5689840735065133	0.5429329707001995	0.3736180452583955
0.571997930182643	0.4293631172680822	0.4425499283953032	0.4128700755290241	0.33050775258843607
0.34620143954201676	0.5413977097748799	0.7025168581595194	0.4454258910126461	0.5041651843077095
0.6952114414266835	0.42263356453204476	0.571064749341358	0.5138803340746894	0.3282974355570566
0.8593844289633351	0.5693307300169819	0.6155389092212301	0.5658381554406051	0.46973042488211625
0.5254261819813173	0.5582158929330254	0.5796919589695719	0.4874973451483551	0.6817867517694711
0.4280509359823287	0.32607948792598557	0.6918521494646592	0.5531409729846871	0.6582526418105668
0.22564309772236893	0.6263489150467901	0.5654419820310216	0.41594929437651934	0.49230548603486207
0.653637449862809	0.5582873786524273	0.8063273295429269	0.32607842755476535	0.47226809435091444
0.1949347505470046	0.7429839447479659	0.5328228968037277	0.6941017696304356	0.5480025798823877
