X0	X1	X2	X3	X4
0.28100933322433586	0.16519614580381403	0.3215766303314572	0.25453454381633717	0.15003468170774398
0.3896651931559085	0.5835039604493926	0.3726975487569255	0.2813262507840757	0.30211151292694105
0.1644002123879597	0.6113835810067738	0.18729638907961974	0.3261177500792772	0.5507842021203725
0.5697513393180661	0.1777632040494825	0.28866378888866295	0.18250459338800107	0.21143289375722335
0.054105205696389574	0.10903268316074197	0.1906518902832315	0.16607097762130715	0.25350031983410687
0.14424067630279447	0.2953433249455943	0.23493200535622707	0.29363524552607834	0.23605401481287577
0.16934533257765258	0.2340210590487723	0.1055348976601213	0.2172345862312899	0.3682202475990152
0.3323922089209771	0.18130736635890585	0.6320566176887547	0.04506042112821773	0.2489769205148239
0.26548260317898614	0.24055043966957865	0.2577514819319882	0.34294988296268875	0.09963978099226864
0.04128498712695845	0.2942649485605228	0.5881229836859072	0.21558473373067905	0.2071663893039277
0.16490164361579834	0.23032378633606157	0.1561884582931106	0.24864132085277565	0.4485237778758074
0.4723291340464077	0.535707651452214	0.31651195834865153	0.19279192468099443	0.09176804117675523
0.3679555693527282	0.14485348684763671	0.3508410179815106	0.11175833534218838	0.2805660886357646
0.21142055925084902	0.5315418105887895	0.1307136142233576	0.3012141496689193	0.20656948913947712
0.231467118317715	0.1251146619130714	0.46236614285548383	0.18152282291956662	0.07511601924103944
0.5090572556803666	0.3186122225488539	0.10574455936516278	0.138123484560056	0.09804087137020573
0.06671607158732511	0.4910981988570274	0.16661862216189383	0.05820400511158744	0.4825752365627312
0.17577315717586273	0.12248376179914457	0.2807652908026826	0.5309611039199249	0.14845277818934283
0.2780334515950533	0.19744944049354943	0.527354079981422	0.3970035578181976	0.18470255279214667
0.40341332725394446	0.26808175671981793	0.060515376921712355	0.2037965265742598	0.357715968891296
0.052902342334617186	0.1286040249969687	0.5644912921167471	0.31911155132522306	0.34523620376014047
0.532670393515981	0.3933719509435781	0.11788124839065202	0.7441298953570071	0.3657257090734331
0.23638749554122296	0.33185262807708266	0.266266576281421	0.1600869680083886	0.18232162895087875
0.5830450397510419	0.14634294252094424	0.13660488007879606	0.18415828847361831	0.05286679887267396
0.16717630399841538	0.22441759940330225	0.2996312598764197	0.4844034192239225	0.04522238145409829
0.13331314195078733	0.2526975062371849	0.1280678529093492	0.7046599886544511	0.1778247841593513
0.3085522396923854	0.1630670213865655	0.4833882668677118	0.12198730927721944	0.1145524944975519
0.1331258121128862	0.3155374249647656	0.21639249536545394	0.4224191454962457	0.22223451772273664
0.27873323806736383	0.05689705064295575	0.052864418943954467	0.25430198562493245	0.11538435599633554
0.35974318690492757	0.4397414283114227	0.6784660023615705	0.23936620708981393	0.2435877047273565
0.14117662735835537	0.47309332346040944	0.21571661271314016	0.6093218521970537	0.4059674164425178
0.3757007141295668	0.3351236818138865	0.2503725009444001	0.2972654631786277	0.04957126352015127
0.3909833097523286	0.4620635811954847	0.11398284555438536	0.5925810433919263	0.31300211185313015
0.19468549971751936	0.2020577319539463	0.4646880441364703	0.3649014431578754	0.3881743754113632
0.49250213037463253	0.38403785179058303	0.3692312851274709	0.4174139954256159	0.29045993749014976
0.5597442794840174	0.06487158133980227	0.2769749235346449	0.09256993518905093	0.24865769715148145
0.07836882662581929	0.20064681545992852	0.14798901849642757	0.1759393782438395	0.34252111841480715
0.02474551377260537	0.1989440470478507	0.403174012988565	0.25720281925925853	0.3822349652182381
0.5785769770185725	0.14727181327282135	0.030122191698800403	0.22938649301551153	0.07095987632730062
0.2533888357952251	0.2421595525193592	0.4714688921868495	0.2916443550992886	0.10766284463779101
0.29037541617978135	0.5947524522120334	0.19179428872661375	0.3251787080189642	0.09251406005621154
0.07480719546921381	0.13725446636109093	0.189035433569967	0.2623502789389316	0.2886411505552908
0.1251174843228827	0.45411254458911465	0.22001210475965707	0.3050233114373178	0.19071400404149716
0.21692420553785388	0.509793053911093	0.03535602490579595	0.5118676733354395	0.08518812887252823
0.14446801705014015	0.36283404766889	0.722672242941529	0.4951925655744647	0.32252856648210787
0.22850527331488377	0.22846728646834277	0.07099627419447184	0.25194924773582633	0.2828251330373617
	0.037846030795190444	0.38803004863532814	0.3123639063373588	0.1637845005247068
0.21265049782044135	0.3162214223886928	0.44543772660753567	0.4270914664258396	0.10877226107212024
0.40775000537390804	0.2277267575682743	0.35669540873091266	0.3279879440454834	0.7745858381738449
0.22501757933446873	0.373231657789494	0.26558799258695504	0.11295154104432038	0.5210573147091804
0.2528914480241174	0.4584036493715294	0.12433817605106617	0.40094212109233895	0.47626782706230875
0.1583080077127649	0.18740607573004173	0.1402027636561866	0.08993039183186412	0.5456778968317196
0.27243105565689113	0.2336423690749867	0.5375213935410253	0.3740080968752201	0.27369550339553506
0.430714696213955	0.4275709744423719	0.6958189678037514	0.4361486214046297	0.2663711090687124
0.15023367509790028	0.44364557091425616	0.4625688552959286	0.21372421470386832	0.4743011400672921
0.4728302394161084	0.2251797577106263	0.23015660260832319	0.30728668429819045	0.09944733618105306
0.34011795275474116	0.4038577823479071	0.21484202609351036	0.21711170978562697	0.24662667449452172
0.12344977213818778	0.3040063426042645	0.49509234777841243	0.32644461999995034	0.1902965166378872
0.22656864820895864	0.5517521651270955	0.16320163022454004	0.2530938774364071	0.3758431657404942
0.14142010423135934	0.25669893022019213	0.13733708848315831	0.16756594109469353	0.3516054940696468
0.2766542882849553	0.5601949125229677	0.16584098630927321	0.14910983493997146	0.17822082500916772
0.07064449191054557	0.1423214525966569	0.33734768455462943	0.26792744188651396	0.09904785257688596
0.03012547287724361	0.07607586511092185	0.11427340951338094	0.4965001023379671	0.47866898515208584
0.056419397595591156	0.08645557448441676	0.5359966962018281	0.3375363727930173	0.11508628364604404
0.11378274791308012	0.24084832304294296	0.1570867474625501	0.43911585466430164	0.27355592545429375
0.30828203378558955	0.2710746161798784	0.10585525821481757	0.14811776720981468	0.2780165907333325
0.04595603823254374	0.4410875672175575	0.09925931684768653	0.5892235652390526	0.21022600580030174
0.21599378038025488	0.3242446522962345	0.6348782728032029	0.29410326102392087	0.18083083822837642
0.5505529153177738	0.0667083049974206	0.6923263153093783	0.5104665007176968	0.02451279147007138
0.28374500479015163	0.691421860472813	0.0586159321946624	0.318083695052854	0.180825798166266
0.25295254328812344	0.09044695740587991	0.6635381505123957	0.3660490560694892	0.16088837596754083
	0.37926620699124386	0.153113924386215	0.15321340388247498	0.28731632101442844
0.374397925153925	0.16029966497141443	0.3150507837331743	0.1793803791338705	0.16507813350609957
0.378586089360328	0.2076121138232149	0.2288277458165911	0.30483273424839763	0.3744512914654842
0.20432425470622576	0.11826376007483116	0.2577026571635497	0.37009052841052087	0.33930793109218443
0.04011906808758931	0.5207183162200052	0.30361873165067116	0.21216903123616182	0.25608352104604815
0.12455793312975331	0.2899562663132235	0.14801484094251752	0.0705500086478847	0.21013106790706412
0.13607743072233025	0.1830708917447339	0.16118479135000924	0.09921412822788099	0.031162739048977366
0.1212480157250645	0.09381445869259965	0.27217494783518725	0.7358573833437625	0.2919092511739727
0.4117598884713982	0.1822635242099782	0.46464598868538526	0.34691585043080236	0.07268868520566034
0.20708144081742794	0.2508134843223793	0.07733897545674201	0.03223062258478022	0.10450805789499405
0.12494263733051916	0.5902272062148157	0.2221551988631975	0.4803715542938857	0.5243169575074142
0.3024228744380585	0.08592216074305406	0.44311230796529844	0.2834464143692077	0.3997159897148802
0.49116305392238385	0.6267044292141009	0.3508173631621298	0.36323309010882865	0.20797041324778698
0.3457517882432656	0.01253259983726557	0.42170555534782433	0.335104436025265	0.33761538189335755
0.5670381195814373	0.13276752022551455	0.30086810464924807	0.2008644616055095	0.22571293363971928
0.08087246736048302	0.12639522351796667	0.32025573712367106	0.29739149042054364	0.10916100539806192
0.2089319967583238	0.36316109972900357	0.09101134353245578	0.10549535482561384	0.5337927745733009
0.09938568374959739	0.20036513740037712	0.09580251085829017	0.11141030090540552	0.14394022484063296
0.5136521795719153	0.31077468430104016	0.23944212072031895	0.22728885510099783	0.10198240413821615
0.42802790843855976	0.42452729131433364	0.1851599884925699	0.34599052999208924	0.719479001215695
0.10398717873335392	0.04976962908718196	0.26123976365190316	0.35629092196894563	0.5759248422050067
0.31700926792890566	0.37080191497927384	0.21992225913462904	0.22285386755190087	0.31362137006589585
	0.2162153871357657	0.15710550832628978	0.4310603161127802	0.05818743148572757
0.2552452138584458	0.4984583388473311	0.23357479983048537	0.15381179147470553	0.30826312244840587
0.21743355510601858	0.27726787063487857	0.420501622176122	0.4383299043799156	0.19485851752470296
0.3837411950738082	0.2476981482426706	0.10822673680490927	0.12423100732893375	0.18351375860541522
0.18332107773667344	0.09871372533681748	0.5925889845366827	0.3036515698026303	0.483772011596481
0.048576687781769635	0.3568574620490646	0.11262926499580762	0.3892540083799731	0.5206531348409823
0.2121171060332538	0.04557448297533963	0.41371950709112937	0.10261013763881785	0.25608367541824195
	0.11160033620942349	0.16460674315153978	0.06840912464070001	0.5591981134217413
0.5580719453781258	0.25001306760853953	0.1722869499262516	0.4604452887588042	0.3569519504600838
0.25778772259463256	0.2937333948350597	0.14252392861175317	0.3150734416220437	0.45829591440193795
0.4164233268572786	0.40493932641562924	0.5423666986591951	0.6271867132917943	0.2297064276240693
0.3471251662471629	0.28679211912310476	0.14508637388703371	0.393750176635431	0.2444168845814454
0.047161038308637174	0.3626146898862047	0.35359984709444053	0.1727878115880042	0.10326017788097083
0.08689533080792566	0.23296997691466603	0.3470168920803052	0.1428392867779892	0.17197270987855745
0.09698399253376291	0.3267324398799736	0.07844034388870229	0.16865891964950697	0.1755063746567976
0.26644938923331124	0.07097530483990722	0.4756420716201049	0.2211068486480212	0.2140277380030692
0.11038814754134073	0.463341888642525	0.5738416263531921	0.5358676474571472	0.40196806303541815
0.10242101926238979	0.35472933134790025	0.26986808282645364	0.035410560452597176	0.29815901061867933
0.4101217183242961	0.13249587316032216	0.13954839538137181	0.27350458635602	0.09950499887668748
0.12720087492229532	0.11927588181376622	0.5087700891618594	0.42225360021038116	0.2054219621243569
0.08478955133794909	0.2652116155725664	0.041984000948256175	0.07732258133976541	0.20101634153047074
0.043811772876938285	0.1039904662149914	0.3161910865994914	0.13437052585072207	0.3205528072120559
0.47626533808608185	0.0788758663313008	0.15117677848711525	0.022237539634951547	0.4241181068778355
0.18370507041849168	0.022439755529038406	0.3399783906020816	0.4244175554089723	0.06238792548278061
	0.2075637812310781	0.44464490322654904	0.10661946177639654	0.31490916024606724
0.44118205716401726	0.5106944402034511	0.6853960037826703	0.2700866218479926	0.4313086898238089
	0.19394383953684174	0.32323283403104536	0.21488213297119127	0.38784175147589894
0.32823522586880016	0.4135735802342781	0.3558171652127452	0.19231695956724162	0.4607010461569825
0.1730552908992537	0.21541122504951235	0.08927458764241494	0.34457041062726185	0.13145361789613405
0.19976147003804448	0.4712396564529061	0.10134306760014866	0.3784646367137856	0.3324365332915455
0.13395972919529425	0.9163131425656845	0.18329021997018582	0.2506336450207554	0.2549257109739149
	0.09480214986810104	0.34547352245581164	0.09281026489965728	0.34022055519411126
0.15829761330091527	0.10375052244172532	0.5756602675159677	0.048724497457965324	0.22570090372776272
	0.3283530887889951	0.08809322856031633	0.12311723202231696	0.4081351842023138
0.37516815369632145	0.31226367794798676	0.24146607066337697	0.03813178566411178	0.3815567632077495
0.24654893528851943	0.2992205272759098	0.36113381611371154	0.3317934833309818	0.1381653664328332
0.2849102304180045	0.5670300236567267	0.20302223662784835	0.5278635411466945	0.15035692519169033
0.2684261547276104	0.3917258498024681	0.20909153346428477	0.19084499918626208	0.24834588909941135
	0.1643073080036823	0.6140686659273178	0.36113020478318736	0.23675200627350798
0.049840024967770964	0.20602739279983223	0.1276792847304483	0.043397547324612824	0.26402522021461006
0.4121317105618077	0.34698079415011013	0.19528370807752554	0.2660246851856241	0.5237387794359871
0.44413217759862794	0.1419628048971797	0.3783908908736899	0.05308623300927484	0.3157476857337778
	0.28116185207838756	0.30990149497836933	0.5450066653727613	0.43251638172584583
0.4085523434122229	0.25003313332734345	0.36728177140286056	0.13634785827319296	0.5055606010667583
0.26577756026255195	0.3672114695509524	0.551178242519601	0.2806678481914595	0.36165524808875077
0.4401083647678043	0.3389506260859491	0.2878867513916008	0.12436930542578196	0.166856741091178
0.3343759169212594	0.09834816280451948	0.07252994636162861	0.5281896367542949	0.10846878891569756
0.18898344603676193	0.21474266705097222	0.2000106903154115	0.044315563647190574	0.2589414193761264
0.17023322254229153	0.030147799323691216	0.2829715496099552	0.22565405010855752	0.10703720083428159
0.2568869879884132	0.3108846180101106	0.11950890095746983	0.30457109009932903	0.32159099307368966
0.4006302225651881	0.3712133605337034	0.2952133699096438	0.2215203043454827	0.45410820630177584
0.46530768871594214	0.40282156269370195	0.1724638546706888	0.6375270437600161	0.33878024186899286
0.3660419094497664	0.06564764016791196	0.09476555848130327	0.200711586823257	0.12016770878994362
0.2859581246072428	0.08250062281001878	0.16332398159105266	0.2511479294078521	0.28427181195478407
0.37553999898096185	0.4622512238052357	0.20334789674209092	0.32572580487999	0.05447010026293788
0.536897311326127	0.311268676892829	0.08880429395490781	0.05431909720399262	0.3303197671908736
0.4967210665078268	0.27913861734977763	0.05769025073155853	0.36550596270533237	0.1794969564874901
0.032628759454360716	0.09302502344292671	0.1052243559670976	0.07018975241381574	0.3378703590201573
0.10525069382034978	0.4138930504803253	0.4054908248072932	0.382154755492971	0.1266136208005621
0.4174242683554224	0.21932266703071268	0.21104965988344374	0.423452914549707	0.05111402135564843
0.17290235968525036	0.15869841612353264	0.08711895217301892	0.32338437290981853	0.19548415920077694
0.5733441277795257	0.23930868587065746	0.41836794715354675	0.2225679844885182	0.1636313426645623
0.08249361259881385	0.04342772598083468	0.12853397935116323	0.4357251711227677	0.19163881699534355
0.04558881207489158	0.3086072720966065	0.7245145830092825	0.16146067262904226	0.2626272647019897
	0.27317115736970093	0.0886666373186786	0.21980061719306151	0.20307208707503702
0.2139517560191523	0.285308503999293	0.5404397111617896	0.36531494071296244	0.3153356585946516
0.1294317085002191	0.5665881235066095	0.357339982311198	0.09555656943199624	0.3433027064757099
0.18192462667957	0.1419074309952365	0.3545578967196896	0.1637627771106414	0.2288744665334209
0.2353560152567922	0.11390518043406753	0.329844411466409	0.17834578252280858	0.1507869673437503
0.5161357312819225	0.2841450876142567	0.06815487030032748	0.1669298484000193	0.2854993090067829
0.29842581802641893	0.23293007542822022	0.25241415306635795	0.21230871728874395	0.2770197657220518
0.0610965491438133	0.3168381386239657	0.17065162929473718	0.4672432466479114	0.029448232966352343
0.07884759184663169	0.5265278726917322	0.20034913915593863	0.3698509614551032	0.648900483341531
0.29329996011536946	0.18106396121952512	0.26245295652677814	0.13137636003574393	0.3212138893280276
0.0462059234361077	0.39094899130392596	0.4671226988667026	0.16464202550566706	0.6435967538476105
0.2835405037223429	0.15460985156932036	0.2972875462922328	0.1005277698563375	0.11849155056692362
0.213172087931922	0.4305918613299921	0.45044322575318635	0.4381972587369933	0.6587761624960059
0.16549583202640972	0.45818018610369937	0.49731595977030085	0.2285880370089067	0.24767434846130007
0.2402919572773099	0.5825149359746443	0.10815679717865041	0.19191034124697098	0.2896034838893549
0.30062667239092594	0.3794129723377954	0.17050350625123795	0.04622032665122835	0.40563086757151695
0.2492862237322578	0.32280953884088276	0.2641269237055676	0.21603324872695964	0.21296839432750952
0.3059212903739094	0.3902731438353573	0.13652993659130128	0.0853049658831554	0.09599103585342009
0.4881459144860021	0.22111467309883276	0.40084646180714567	0.42822885617726825	0.2418699045859336
0.2850603886174649	0.2118236578076925	0.20224681039914993	0.40753027251525337	0.41262788953842955
	0.26597141565298754	0.3263824660580105	0.1781971553652753	0.4273957646252889
0.3420043261430693	0.22812232239475544	0.18351594737929738	0.08396823168197648	0.5535402952589459
0.420836865712863	0.1523751288353067	0.36615649880684653	0.3932513806841891	0.48731584227137353
0.3090157129738978	0.21082031117715924	0.17595768218485747	0.12470391147798278	0.38903868557393656
0.08180342361200744	0.13014125620359365	0.5102207995248543	0.6108928882142061	0.30922683342910934
0.18021897572283604	0.40727061471913684	0.10199406831348093	0.06390627215376943	0.26049204349436667
0.22231409088187037	0.14904356642821967	0.6290631221350564	0.05453145392571135	0.28880002275675537
0.16408145255625925	0.45786674879152245	0.20062846566360498	0.631193164849022	0.2893995581665332
0.31645741874013	0.1678327069645219	0.32728600109837985	0.08504871709539327	0.13139454920056673
0.3267739873790774	0.3924620950959374	0.5073513422735135	0.25730651775657987	0.20211934688050984
0.17700016726719464	0.4053876398875293	0.26911495321575535	0.12096667117968879	0.297709189940408
0.27781202679595335	0.2974356944218081	0.4634484023572813	0.16247002356797394	0.19722874482936603
0.18923807289023462	0.39672684166167704	0.2768720311046133	0.08061117779128749	0.3510198759722316
0.20519723443298957	0.5311035970659069	0.6838417714016589	0.323543502900104	0.07847193593690154
0.5045546476070892	0.3652700975891328	0.37036797673820226	0.055855181003543065	0.204638635655688
0.14480445597104383	0.2820454596849747	0.3084702632945384	0.1684292911299181	0.3630849335423155
0.27662509761167986	0.027737751280776123	0.21088372698914745	0.10467638424795131	0.46585968474074824
0.348132545873533	0.12680530287271205	0.3377079597054548	0.3512089825461	0.10379046704026333
0.051688265754270483	0.40384237914213195	0.3507799039859539	0.43812751778175973	0.12577229092853992
0.16305822927508948	0.3410362940674438	0.13221996240002007	0.35768398228121334	0.4225249491282682
0.055915977988896096	0.5337363179352274	0.3521121087040343	0.5704999415938632	0.30494799908095277
0.44526864122572635	0.5339763504955026	0.33503287614868277	0.25973974158270874	0.14684871184222567
0.03843648475947538	0.08247643148296557	0.12176344864519886	0.1548726932454082	0.2193460207570872
0.1495919381168264	0.43348847573510113	0.4161136229285561	0.40599936969209105	0.1813850174163448
0.2722931793006492	0.5269741115580255	0.3452207609671672	0.46340784396538615	0.15146069077268887
0.46203917728760935	0.48222751380445766	0.4677433811843675	0.24007966893550833	0.04822459732500711
0.34645243128437986	0.07312580665677826	0.40514251301346893	0.49251520711540137	0.4586977745057455
0.25689519278734885	0.38172577270014296	0.4515393433198452	0.5306853279860969	0.4983402936775405
0.2580932922502566	0.45649533507911483	0.06082679917542776	0.05117244949891909	0.35008086061801696
0.27155051953376536	0.23185011783211557	0.2791629643364311	0.3791484778240574	0.042538469961234955
0.3229964074988027	0.17400948355201398	0.28123382095603894	0.27157372790371864	0.18451757523289594
0.18968270487530137	0.38516514668946006	0.07112295874865177	0.2668765444727592	0.7282380410555532
0.1793534239299386	0.394715062266476	0.3374733345854263	0.2856628569636923	0.30228368858396576
0.17087709596464062	0.0617213478125484	0.26057652704077383	0.2630273380819704	0.3666737931869322
0.014271417959289554	0.16532971844134714	0.16315333690556869	0.15280250685007046	0.2901308127749383
0.32201090332084015	0.14556222916941491	0.3881906008539978	0.14808197719228133	0.08371420735055018
0.19579518025615517	0.1501721370584878	0.5650622269167527	0.4177713579061327	0.49301136990067423
0.5487859889467871	0.09729547947944067	0.269502460975053	0.47556387720966947	0.23652501312395616
0.23861249553584218	0.34098958894003534	0.3858635118594227	0.48130700142533434	0.3194300887946017
0.17795081427205553	0.4203288952957994	0.3646402836463689	0.1906320795302407	0.3759964782872061
0.17399096540642447	0.0908543587596387	0.3691246471848877	0.2581710433202471	0.13572100343836122
0.34527002483385333	0.10359411318508652	0.01964669506581745	0.7107833924677476	0.3648678625265426
0.12271086257075389	0.2374585559249274	0.5443394673783777	0.538406218252363	0.204315755102813
0.16178178072898922	0.27685292373071096	0.3863156496152462	0.19118527184842246	0.16629941174285803
0.3669429076849534	0.3607107458655819	0.468450973556937	0.18518126791792175	0.2450158462792582
0.11843467499165108	0.5244730084195329	0.4280844007641055	0.22973695936180427	0.33874956452286575
0.47313844947079253	0.31882283423115854	0.14946757126893817	0.2723622827843723	0.11601338750406012
0.32913710092590365	0.13897021648939165	0.20986310388775195	0.12513296607764254	0.11634043852612819
0.4481314507260294	0.10963741078552183	0.3643076774276522	0.14238576258981828	0.49506003024615514
0.3236733697086998	0.24319336875577047	0.4623668712432724	0.23500483337832193	0.4868646354817074
0.23843531612787602	0.048686099987756845	0.23978967019682307	0.130483271944339	0.35319547600245044
0.5327164128206585	0.26654006155985577	0.061862861405565905	0.3540055643036028	0.5595401002591127
0.19498352156331789	0.26690813470355484	0.33716952615107854	0.5144248824961725	0.21496102351085722
0.3545045129800262	0.6909660616003028	0.49236585967252117	0.1778348137156275	0.22755225624440262
0.12042366074102512	0.1133214087822173	0.10801876449209788	0.23963843218149086	0.3625707535508624
0.358438295683368	0.3903948722474099	0.22463884513825397	0.22678129202344116	0.5122580778634213
0.46733822042705586	0.06774672558393591	0.551257488738959	0.5117473058112632	0.3680004993197623
0.23321523471335498	0.7328986940387578	0.06495650164515945	0.5764881479918136	0.19541291670179872
0.3134580630004895	0.1714891934619239	0.11010523681131758	0.24231865660511562	0.46322995767784114
0.3982169945334533	0.4299762795975557	0.06031365282919149	0.40865929012963637	0.1836688055628072
0.209958039174733	0.24749328730699274	0.5653714467880333	0.6524327532204861	0.4882566309890235
0.12705964506480208	0.4015879968880013	0.041203717562303926	0.353048328044973	0.14748510260177553
0.1775397496482164	0.4045543821059962	0.4631771145792317	0.1786468808485754	0.4634978308714528
0.04489122951935802	0.2434912692540905	0.2764485688254751	0.218557888173197	0.49792568319955305
0.22053783864435994	0.1183565899024831	0.4004880395356293	0.161833931573091	0.5034617582830145
0.06387940392163181	0.7135911748535673	0.28523134075517054	0.47450694549524874	0.30230564699046053
0.13052530910336232	0.44446683275571125	0.3665470771152314	0.3503975330681734	0.6445233172872649
0.23227211417374596	0.11736721045481749	0.25476526553124507	0.03667556458541675	0.19800809537927855
0.2075079022192086	0.11881472414626486	0.1665606613500642	0.21483230024396419	0.09846458891913051
0.31796391127629026	0.3897650882282312	0.40966297618557285	0.25398205615538244	0.17009835816663738
0.3413924117013707	0.3519267407857554	0.28048553553199623	0.22042850403258657	0.13394976160829378
0.3811348087885239	0.3491435932772663	0.08760911315804469	0.3002605994531474	0.2154791234322201
0.402049213826921	0.28157672233663256	0.11313574203997227	0.32992818226263865	0.2996540324758721
0.2868496209028456	0.19983020954600247	0.33517918092443294	0.33610561698584557	0.3669513158609447
0.021171544355926396	0.5504062055343834	0.23004866229411045	0.39956162550808816	0.7609538052205417
0.33354069891759597	0.19443380759431775	0.09792233043469563	0.2892598332679153	0.4592762616818666
0.31238290951385017	0.31162704881523196	0.05397907228233708	0.19898156348103457	0.11905065651930702
0.3462995522776966	0.12068257391757095	0.09310506613532052	0.4809118396854287	0.4337050874682282
0.008156483646614934	0.32174520521584155	0.1551790478584012	0.26256978475349896	0.568699582234594
0.3149701480047029	0.027528269833701827	0.42125779021632315	0.3900907021586344	0.08734085022220943
0.41206130961116183	0.3203486520443981	0.26205574830776096	0.22740838118331008	0.37379728970242004
0.04437840443132874	0.4861304864321625	0.16024046516050464	0.31257687173990417	0.3329131124832093
0.29649268965152614	0.3164214690819879	0.2621989599812816	0.2620095276992522	0.7904208301452408
0.38830686320186836	0.17131748064551597	0.4411073167960699	0.5479259079350015	0.16880915929414347
0.21135681236940287	0.2737506505451097	0.07621788415810524	0.3678742801545694	0.5532091107392798
0.3987363928891888	0.18292350228171206	0.4454972802995435	0.3217750796879428	0.13541187324256518
0.49635541683472184	0.25012906118213313	0.08623711165769925	0.324358334491178	0.6851513581823425
0.3927548937666187	0.09920803282839792	0.3101639845309987	0.17268643586258747	0.22193824984678967
0.3224203803613719	0.18326204273299235	0.20100400140190544	0.14296879314032176	0.09946205023856132
	0.34368786050227795	0.4346697365161111	0.19864448568234205	0.6792765560071499
0.2636148272930235	0.17167310117535817	0.529058002698679	0.2689241960126697	0.27534080689863755
0.29992255922839767	0.07994181054709035	0.6496775365637367	0.49810119213126935	0.4128028018431591
0.0172692182724648	0.13074057138561573	0.109096682495027	0.5449991117390689	0.5046838143989707
0.08552879089428315	0.29780257983200215	0.29583516313399705	0.24655603249866767	0.49569014268721096
0.2910160248235531	0.27068713943328093	0.2798575241864337	0.24137488659496698	0.29683261878974876
0.3016146040343378	0.6315017470127949	0.40196350790822194	0.36663336120103707	0.4456390635955274
0.32128108545999806	0.5756246223643251	0.31398458657549866	0.19948922579296605	0.6768168262834259
0.5173589130803425	0.2094834103060732	0.3468805243410429	0.5415484373133367	0.4250181766120477
0.17568863695492212	0.2172623409694828	0.04733069720821046	0.2548168151350972	0.5140069528462208
0.11148463559673515	0.21035977912016435	0.2121593476310423	0.3142638349745579	0.1310775483645435
0.3225229603262863	0.19157744697476392	0.42749456182199214	0.6807166161294532	0.43739858954842026
0.08765470686404479	0.05336288476860548	0.27709359546678797	0.142782258092461	0.16397049032285618
0.36282207997932603	0.034352054637383146	0.8494179162027189	0.4398799565306193	0.61054155264232
0.30395346624311215	0.12768002246045237	0.4814079394741335	0.4445484130193727	0.06251256888682408
0.2666893629770973	0.12781306980728008	0.3665814357363551	0.04659759522487546	0.24150921475252854
0.4859629993675637	0.47032809123485814	0.13525795571933988	0.07001827715532997	0.441024997198846
0.24058167992584795	0.04652205714099878	0.14208499891870083	0.31376138158598094	0.2804569416850247
0.22060390176204464	0.18134945507112107	0.2425685843667586	0.1230785112780435	0.19698331276797953
0.227840616336871	0.2066846638256795	0.04695821319502595	0.20561253516368064	0.14981996857954005
0.17886381377842078	0.46244627637711516	0.1747698993858201	0.044394746738552336	0.3044006072452663
0.3824208006249682	0.17831611756965718	0.5442966127174994	0.3425011045387001	0.31958257015545466
0.2937567527064339	0.23790306455573013	0.37773063429364445	0.36143312424904156	0.11449167927636211
0.2815308146196049	0.13576889651968824	0.0986059878031506	0.21521577803368472	0.1500069742454724
0.38674507816261117	0.4869128542792821	0.6410839729713639	0.25284922174307317	0.12472522963688468
0.2586859386393519	0.3210158692347229	0.17894618333996526	0.2814597315254395	0.1710592831442047
0.2718005589500862	0.029726302241159477	0.5825796036701519	0.38902984057428647	0.17519195345948696
0.40077565542950366	0.5089925002571409	0.07985099342975355	0.07460695484826764	0.3128135287832589
0.37434411594732886	0.3022820862280331	0.5307156383288686	0.23568655346855727	0.2942394222019979
0.2842074665192006	0.1437514158960136	0.5487862432594386	0.27885526146121803	0.34144262749729415
	0.19290204476029982	0.1664000105838077	0.052328389769399464	0.5276198547725521
0.2115147028847756	0.30287343339227374	0.27881985928485015	0.38173486868276085	0.09192511527287067
0.1817336632574233	0.36964716686040083	0.2891195369001265	0.36679991951707547	0.5788460224113693
0.003945028809864133	0.17136482905561787	0.2506177055273163	0.3184962688507641	0.29628921008805537
0.3352922243330585	0.4581058773888084	0.207983255556124	0.09393970375385766	0.42368060486728354
0.47580147649219984	0.29312316443021347	0.35752519858945514	0.1682259211367844	0.11009342880079977
0.1782383209780358	0.016170396937382807	0.39716092234082545	0.49350562707404855	0.279221375218525
0.240227829730561	0.27167957572965434	0.17395253907996258	0.3955956560664954	0.32481884912243075
0.1320865041419706	0.23346166279384245	0.08068672303523974	0.21805974534280279	0.7213916463350231
0.5895693312395774	0.14471615758481823	0.19503003225894763	0.25886587975089526	0.24682415458673607
0.12127557403150832	0.169428264715078	0.10886067961793053	0.18733946682497618	0.2949398605622475
0.5799721194325683	0.22268424905470421	0.4246097416839097	0.3083212960639267	0.11487050015034016
0.5584488614151254	0.13143271138066426	0.03000903733954898	0.27117719716252653	0.38248196084938973
0.4048622902560408	0.10416259667852096	0.666291087896219	0.26019696732263525	0.4067050785429731
0.24785776225663736	0.0664061023334402	0.29213607175980755	0.028057794052738314	0.09268254545824138
0.44214146243339236	0.29989903969954457	0.10291799681997159	0.15662688247029025	0.20621273690279648
0.4333182696960826	0.22208888153203915	0.11136701236839489	0.1561391051317974	0.4546505032970054
0.42745147563435926	0.18941531384074145	0.3989306881421341	0.39544372278204676	0.4619664637053833
0.39072014083176165	0.36189256957385785	0.5974105284395327	0.08553118058602358	0.33110949587750893
0.5855426702693262	0.27757393956773985	0.2856977018939712	0.36848191850567874	0.24683576858966894
0.2359131176023541	0.37678612933435407	0.18369539909774912	0.13132461420790345	0.2654859493972693
0.24695225651971975	0.2574158529460909	0.13249706146888834	0.2771431661172609	0.12251618302442216
0.40810755072509464	0.5038942276481068	0.2311992660805774	0.38453600393220827	0.5300323608628038
0.23167389350939846	0.14906436013848953	0.11858333261933396	0.4766733235384345	0.4473409240791067
0.5777938302471756	0.12063180418238095	0.1811015859062762	0.03967081449909857	0.17751238706045186
0.16980543179528973	0.2696042610879272	0.20642021962155813	0.3199727832617274	0.17818489385600236
0.4444955640541897	0.2347969564083881	0.1928133384988822	0.3207598652821694	0.3256380296559733
0.08542944029706923	0.33808479409577025	0.40870416792969716	0.5077129405823281	0.25179588104267064
0.35826873389353736	0.13085378658148028	0.1154525341461506	0.09498271069236829	0.24134572816509695
0.2326049303423422	0.016249041659924038	0.3479504759367251	0.11633568650064821	0.12883721472402412
	0.25390001289499825	0.1889977727411743	0.821601361591129	0.3680107371302774
0.15083127183753123	0.41992110329362364	0.48139767227842006	0.2772014638310296	0.3403832477758583
0.3246588599679314	0.2340320883276346	0.141898900743645	0.17668869569303097	0.24677129520032834
0.20501637236839249	0.4175368532252915	0.5663414774393705	0.07703821147458223	0.07536173617260705
0.44276746444612836	0.04634799146457208	0.06943015719042545	0.4759259554419242	0.10206811133852316
0.5421939408991608	0.05398141163341612	0.1684617651613501	0.1232931187165625	0.38399112996351614
0.017249899673464398	0.35473074303373936	0.21556569530826003	0.2725472709225552	0.33501041966050277
0.28716098297806897	0.19713510483232793	0.20471523159749927	0.29377718816070086	0.339929815643121
0.37432200288560225	0.49889944723301616	0.2473440628466516	0.057772273831411015	0.17779421152240604
0.40218442360813267	0.22312181091471053	0.3038358230885757	0.30003375293431966	0.32459285815987604
0.10820194920806146	0.023098645173582535	0.16153931013665102	0.3310921814996588	0.1613558668296151
0.4384453891522972	0.5384243644236116	0.5710435593366746	0.07063770358686709	0.0754015891085911
0.17530763234196947	0.4872697362778302	0.416173011245959	0.2790864900736187	0.1795668563773068
0.19301678884581575	0.21580049552883177	0.06192916951922003	0.1924697789610757	0.11831239867316097
0.06812789671956906	0.17348845164695578	0.20808985100718158	0.057082132982911	0.14556791354971743
0.33964645540850136	0.22124597722282555	0.3593569459656974	0.41837570643012756	0.21034382194643358
0.06849696541081349	0.3984757584599937	0.3737909067954639	0.1624442466624452	0.10414745147910455
0.3992996765548056	0.42328612999570886	0.12779454073210397	0.12467631453569554	0.20300841320313975
0.2987315091626772	0.039683660369761474	0.21560152723713302	0.3988714921595642	0.16532575312840944
0.47518509728149283	0.038633057932805574	0.3417100666071386	0.24906409034617416	0.13519677240242514
0.34540420957147283	0.19330444298288335	0.25861097829070484	0.3804382409478006	0.3238567751507817
0.4097005448114389	0.23904669285411156	0.28095334490934065	0.43847381187239665	0.05925674794886437
0.15796181918920293	0.523035259805595	0.19930540506093986	0.38684642226217253	0.474587029402855
0.2332599843751377	0.1977450594626065	0.23723427291102406	0.1444557147591444	0.26315308971998314
0.11255106292698955	0.4427328602661295	0.3179953608294301	0.18213450745958154	0.28949122859939164
0.24567174755289894	0.7016572425122349	0.1454111975827701	0.3734146330837942	0.28680022387470494
0.300770110401264	0.3180367419866353	0.0830560787617278	0.5626534262380716	0.24542322229216096
0.29019048821589566	0.528833400960833	0.428383647474947	0.16692420317045387	0.5768676767146875
0.3856004091787794	0.13292570078594332	0.43102187932898	0.12645752445404246	0.3312424149814373
0.302555190137213	0.31165134870790717	0.2343312779025498	0.44849969327979333	0.1550633634700711
0.10406467449353239	0.2507172414052374	0.057869056680513425	0.2649795902230501	0.0453662419010862
0.45411697638597504	0.45463639001015266	0.015477873988648742	0.45637170710853925	0.39327821069982605
0.04702782872307255	0.5079367210960514	0.5016234145527597	0.32785468720642336	0.10963454016256467
0.3717482518798457	0.543063238242027	0.521447853026392	0.257620630346189	0.08067054950962953
0.25711493976037547	0.30104556055202664	0.29477923810075496	0.35241852490031517	0.5383025270170521
0.17058817590378128	0.3987428073273847	0.28290634265422315	0.08684677139463004	0.2485775384593066
0.3151290137182555	0.1459182832090615	0.2676570743919379	0.0790375670164696	0.3307225259784372
0.3122310736826798	0.08926303613314673	0.21923364165318415	0.35635627832277095	0.349552273224502
	0.2039099475660379	0.33459229210107677	0.5789597656463576	0.22625724441899775
0.1567415143115815	0.47077181309804533	0.40939375492119295	0.29632819791108617	0.277007128866637
0.5429451303909282	0.1419702742024328	0.225652268014358	0.4979422335973901	0.09865925012265146
0.10179116253114788	0.13336917743560173	0.4456492324092306	0.324084024064789	0.3857577536177727
0.18044003701873282	0.38554392447896396	0.38932101196144786	0.320663656718158	0.20728991091204058
0.04930461135385433	0.5664865943336437	0.3774579923051195	0.23885913498597153	0.3414196899633234
0.38227760606025124	0.11911575256770415	0.23916648543313657	0.39668376593795696	0.242789846776649
0.17731984651540486	0.4071286788786227	0.18337168475212887	0.20148869128941102	0.13950952696146943
0.32105477394295645	0.5171068817162386	0.21470883254501755	0.6327006255766241	0.0925583158981498
0.37647186102360464	0.2603452755510805	0.6162373851955018	0.2659943370006388	0.08901123039290261
0.34890537570605984	0.20101320066140266	0.3075842362401046	0.35035672983368643	0.1472141693846399
0.4431582668587595	0.48984359312601156	0.3226371581574243	0.26021714822981895	0.46321141914287883
0.5219672863855352	0.07322831386408042	0.1384341532941919	0.24015089760882002	0.17944274385504624
0.4471527399864597	0.2283472737121265	0.18559232713683427	0.539238747404509	0.3493888481411685
0.30770804582891353	0.08820584316203367	0.36199297595464863	0.22614560115531285	0.21181640516374628
0.2677569170343139	0.11607269779668906	0.15541188906731157	0.3031961332457854	0.08600748585035634
0.38588788720496875	0.2142910323362305	0.1317136836828331	0.4529200981034826	0.5942057355652124
0.4584185796496624	0.2764087360162963	0.1903743311527364	0.39762943928071215	0.2030059912199764
0.21537043245977203	0.2602938405488836	0.21718831722642634	0.32253664108157204	0.4933838319048843
	0.13511864563126455	0.6185924474842769	0.4558748431200842	0.27647364149352066
0.325657045714462	0.21574858104257214	0.49360514016094964	0.42911597644580163	0.04391459534294137
0.17649922361759326	0.21722672272090568	0.2959886252437976	0.22721116632565144	0.027154381560183804
0.1808630510770204	0.2107744350821175	0.13563888718609085	0.2445507060715762	0.17903019981217372
	0.14342987865359327	0.44884581303621957	0.16062222436806659	0.4116835026361018
0.1925329064178235	0.2650649560479479	0.20670308281795288	0.33916580027102405	0.7074103502594523
0.2855141552631755	0.13920227222622505	0.31811854578485516	0.15355769464795138	0.32057858673398987
0.21163458449361486	0.19233131561749256	0.26234003897703057	0.12097181289902043	0.5023160482682404
0.30506694264793965	0.3325539114712591	0.15460169454469636	0.07931122786499134	0.5085090642524301
0.10090641506039008	0.28249612623202874	0.2519277670924456	0.6187847159253365	0.16842239588870203
0.4464519511111132	0.2383956452824838	0.6064627361284716	0.290606830872713	0.48586571415267366
0.10530375490732213	0.5863886649898772	0.23172698161908456	0.25139454127284333	0.7919325139145573
0.30004019797758313	0.35561302278342044	0.3770376990663573	0.05845917835781253	0.33967303051817066
0.04597485557440913	0.5628669844951409	0.3284962481685529	0.2404487632863037	0.21329237739424936
0.11870698313705258	0.32153634735870495	0.12868201035785906	0.5049914705603727	0.24350670051231446
0.4987293395193192	0.6197977168430945	0.40296522264348306	0.6992970107722605	0.5609907112601276
	0.239931252767129	0.2246901682705536	0.48328624990400026	0.5305887611592424
0.2533180922673797	0.5671657083804625	0.3840048188490797	0.14708500671897082	0.10058438279509982
0.21359778892324985	0.503981076828984	0.2163309913987234	0.12483519654704525	0.07888875951420861
0.42922131865994234	0.47826139212345403	0.3722377147541527	0.6115734578597755	0.05218017227388349
0.24224209675381692	0.4764312068234129	0.37548940475691156	0.28552688430026063	0.21624737304517613
0.24518174934335135	0.45284087216921703	0.30646450981690154	0.19709573595582075	0.3600270766087724
0.08042364219773032	0.4367515426713501	0.5475298418442753	0.3774859244152001	0.30635563394280607
0.26616566679032366	0.3685105757073688	0.5061225621650419	0.04994003024107569	0.1616289851431369
0.32123443007385666	0.12172035790394328	0.3743351335155284	0.5186447997063677	0.474810261698391
0.05229856195044472	0.20957696177910118	0.5883865081926326	0.10673237182437106	0.0644935032933906
0.16139981021876726	0.5018898771864427	0.109243837829677	0.09256509032561602	0.15154565793233635
0.10406085800565638	0.46356203305285776	0.47194811107298934	0.4939475691517469	0.49946018901702427
0.44614497846415174	0.28534407419233737	0.13542424686579269	0.32753451310605913	0.45271087703866486
0.3838996530833423	0.576750502944183	0.2938417774057808	0.27757843690403516	0.1613161979022914
	0.1505694510230039	0.087819148739536	0.1643433038486594	0.2824826659377098
0.10117451315353276	0.07662982441655779	0.34270549328788186	0.046809701648211716	0.4082442551584407
0.3686742919766397	0.24220978616055494	0.15636130702858067	0.6543943264795974	0.4582319310939271
0.5693715737240306	0.2371251261253819	0.1405770839870925	0.28469782379490843	0.38118322113720166
0.33306846155210634	0.36942134206175226	0.09548761727830286	0.20887126302204284	0.2488596554095354
0.22567831299511137	0.06348135683963169	0.5954380227455729	0.06574365647573531	0.48455508537558994
0.5856632317635002	0.38712759673738856	0.36208256388290955	0.21886643614628026	0.25492757051015136
0.30442372569989407	0.22393267198556824	0.6639267434333835	0.16039437330674358	0.2667426860688512
0.29694211224330463	0.1031789513342702	0.32816732605025406	0.3307276433259564	0.5143994842083508
0.30423950910692743	0.10153108991362489	0.28519460859941226	0.08434608497776346	0.5201422837483953
0.28196814811148735	0.29978372931124025	0.4701820023898442	0.2233768307715064	0.41483450433242247
0.4244601513910672	0.3593358097945349	0.2623788909047493	0.35195808308082593	0.06580226777363168
0.44342427945324353	0.1843549296964936	0.47139333076344647	0.2654007605217219	0.16256104855584785
0.5173233139605447	0.3343665054081814	0.1512818011217868	0.17106431831831423	0.19304974496692223
0.5479221653466906	0.33341126744072874	0.3490911645180309	0.673655659135551	0.25499903257868317
0.2997013140510198	0.31546332893289886	0.5874005911408603	0.1816045905558073	0.3002774455759426
0.5998186094640959	0.13250618276724932	0.3938770627501664	0.060518806841258904	0.5466379920168511
0.26323998215069644	0.4421079130212242	0.25590503100278655	0.07698040987391822	0.1487500235992549
0.09569822958497522	0.24303672826863987	0.648773381128687	0.06862405960144628	0.09234295035343501
0.2873855344569466	0.18055606269822633	0.1952178986399263	0.5820799690059831	0.6762648147074701
0.16841718127283428	0.17104896753722537	0.3238261265454058	0.2150416441926017	0.12272724191626509
0.34077006456801856	0.7083410601699481	0.17966740469693152	0.5674791917666389	0.26120967433800085
0.5319983206228366	0.16176744307014557	0.26237364311373734	0.21657024576509906	0.28837367887730236
0.5901444627080984	0.3166225625704875	0.3412725110025694	0.34419821544080803	0.3581763040548377
0.15113160247992302	0.48323860030368265	0.6753302385654747	0.4811375150089025	0.45388435824702916
	0.50895185470889	0.19122704649289426	0.8500327899474934	0.35958642275456026
0.23391637598858134	0.2885133793387769	0.50434662756578	0.09811884082978675	0.22813637376627638
0.24210155012259182	0.38552269610157397	0.33397148340336724	0.4271463312319333	0.17143225021023656
0.26107318072803404	0.23862412014432802	0.1555176811557349	0.19444434391016344	0.39581067461350816
0.2925022389771908	0.33111007712745133	0.20584849444042594	0.16378342822678343	0.36427548989614045
0.5682428968118075	0.17076603887040115	0.37498783896328086	0.18452806000379335	0.42060174474824735
0.2813275640100208	0.11662685141252235	0.28205511405430433	0.10538573640640342	0.13631652388875048
0.20934821841608459	0.2669387385929104	0.04260487932754362	0.15881828832698397	0.37358145893305306
0.326937738046448	0.3480417560846586	0.05443411333813051	0.42629579033684917	0.022361800749089552
0.38131767004942096	0.19951211905922572	0.3585507898999316	0.6550975837794814	0.23485215336826637
0.4976520452344348	0.5101101949448462	0.16046067918332185	0.2860776948536666	0.5296571975509798
0.20316811527104317	0.2723144151802128	0.03717741840649854	0.5422119931006207	0.25486741292097626
0.2980523843126469	0.47057041387800314	0.29808106955539304	0.4018092679170757	0.4733111170157108
0.3054304855185353	0.19782182719209992	0.2106696323403659	0.35548727344715675	0.3630616019527909
0.4933638821172696	0.07092586023179095	0.16666885208708668	0.5210957604735488	0.4840248552259298
0.34288848870875654	0.3467105710905849	0.18235387005546522	0.09607280936139273	0.3878819262429923
0.15064894624966185	0.7087554135469339	0.6211933967203783	0.20147205093550366	0.1247418399571353
0.2696128516234369	0.07663107898888369	0.24831161883880423	0.5017522967536964	0.4196436327530665
0.14379479013554927	0.01870391378534698	0.1678520909820124	0.46025828283423326	0.5743690926065235
0.17926785860582564	0.5150930230471378	0.1642721444107612	0.3850699247704667	0.3421068176534356
0.35500695650438713	0.3537308128310092	0.4242328185746842	0.09487248952209369	0.3361684206572993
0.19564625438188654	0.47482129276294194	0.30040414675543453	0.12201363075265337	0.11484646455901319
0.20708155706799755	0.3456087904859891	0.16583257349851505	0.17946666395144045	0.3077795792639026
0.4838991555630207	0.5041456208928805	0.13685242396592556	0.4455865013213576	0.1469235833185486
0.546909048414269	0.6758482181562647	0.2529012229147421	0.28674000997329085	0.057190909305600876
0.18009048124864205	0.4068740637293352	0.2047400052224206	0.09743108907871226	0.31782778075912493
0.25759857808257	0.27324349035290607	0.16226744769213497	0.18522942454925911	0.19062146685679696
0.5920263222850436	0.16041349080677808	0.30468304164283927	0.2347406904752139	0.11410513894687982
0.16522963863141837	0.2473159253559882	0.4111219904755225	0.2179669884620097	0.32559991056092813
0.25984054084515884	0.07130827467226891	0.009410479483784028	0.2048713567921042	0.48842001246833877
0.3665643784874574	0.41760949380524043	0.18453402888240214	0.22490683018369387	0.036533077477305075
0.5539915457982374	0.07946986491221326	0.44170843141940097	0.43882973957299337	0.09794849722228648
0.3914216721662415	0.3253568135039785	0.08661587909757716	0.14745320536576645	0.22188328830323528
0.44729107273910973	0.06397889373192726	0.06884477155022566	0.4944551921565938	0.15019659130821103
0.48413181707634717	0.07193056232018258	0.34851139261342423	0.5677811900952855	0.17228887471831297
0.14206910798908734	0.19328332680990923	0.21799107829923722	0.37872451253445305	0.3347707584494774
0.4124792931399533	0.3229594417130297	0.572158611090493	0.5135865158906313	0.0815390570580204
0.13533229747022785	0.13291321376746906	0.5618365478197486	0.24442839303590724	0.27693824813976325
0.3635805253754878	0.06932957272822131	0.46290995067042917	0.15009863389788633	0.4340385426271422
0.09079012190735986	0.40682788810142373	0.4343984624423984	0.19756767969215103	0.34536967032734456
0.09362360662286885	0.2357527884139583	0.26484488417959023	0.6942437529495888	0.4386983816423979
0.27789029921365793	0.5588526137755391	0.110472100367008	0.2898885506218864	0.34050115889640775
0.31609274180188873	0.27126466934060217	0.11102619490509398	0.2354123032291035	0.21307294263547683
0.4744851316187897	0.17013632523405914	0.68311240466854	0.28238608961383815	0.12246692040162835
0.14734278283462268	0.11363652806050313	0.35351992079351635	0.48607841773115446	0.3498878307060469
0.4756975144437736	0.22828954653629585	0.2478398345831016	0.4044488749589659	0.5265380616686899
0.24498862193710874	0.36889843537724915	0.2876698124810206	0.22281057993866266	0.2644070704590803
0.15462800139614194	0.03945085033434354	0.16711588976205063	0.2031964721910602	0.3044731928295183
0.37103278615533614	0.09536774128557836	0.1053625983449789	0.2828534982003688	0.2633612803713346
0.10249608865514731	0.32738424095417884	0.11142547229608386	0.40343294898055687	0.502470092858639
0.3861478824064509	0.3304377455284835	0.42781543886910056	0.3564757389373171	0.29884148750929784
0.44982744405846914	0.4798958875742254	0.12071360581198474	0.565826024393452	0.4305496923101804
	0.30843865224249256	0.22110981847815947	0.23623853088539282	0.21814002276743635
0.19132177469097733	0.21502687748580857	0.49133951371420265	0.808885944687598	0.10551239833327114
	0.37139845194025545	0.2660221843745616	0.19028652654000192	0.26226203033643597
0.49918382364175995	0.21331122002451586	0.14426882791002088	0.3086076717774029	0.31116965521494955
0.31809098005867714	0.26543177883527863	0.0797632595644954	0.5786171019633626	0.16595158279572222
0.2528842859795475	0.4323606781927953	0.39029220494622124	0.07775798137863055	0.25440826994926585
0.37872107033263486	0.43361682464250845	0.16258886051799318	0.20888052012786068	0.3918427590986589
0.13097324261571053	0.34626173696049317	0.14356924832695425	0.07954386991596803	0.20709645628006146
0.15100267232922138	0.16430821781647106	0.35559442747398784	0.08743840630748725	0.12529158783650438
0.5769838818504591	0.42551427854618595	0.3461749659020017	0.3772709487991154	0.27755028058973835
0.1897321157362587	0.0727471433713124	0.10977501186030658	0.19141874622901509	0.19811420211141328
0.11265933208975398	0.17418636812266225	0.17494101220092606	0.26661463851856937	0.0321935132621396
0.4204043701377561	0.3942342890701373	0.08703765749646794	0.18565616530213971	0.42763684780101185
0.19537665071115806	0.10060070216977494	0.40222405648168824	0.22568416385073803	0.39535254825727845
0.19895211563143303	0.3601893862983745	0.11426866471968941	0.2390766393190984	0.43511004287406596
0.0619170793147829	0.3118046972806294	0.12363833554288002	0.21237399766969917	0.0797507436445268
0.15233305274382816	0.11199711615162658	0.13773554743996733	0.0897135681469702	0.15235246890126353
0.14543145980759747	0.3611891331350977	0.23931710472570006	0.3477079336021105	0.29083482062646365
0.22085886978096814	0.4278424861728981	0.2660855869362318	0.2687852751630673	0.4244815690943707
0.22916512917582413	0.5650395587671038	0.2274018021339789	0.09483258781013902	0.3680784928339403
0.3519802394843403	0.15628160341811623	0.4465082517663967	0.02327972000689335	0.18321072473859068
0.17811513222943853	0.014444541925119035	0.05808772009147298	0.41841722298108786	0.17354761631744348
0.5526582505113021	0.40467824200647873	0.2874639187750937	0.16369199226575706	0.35252313012667336
0.14744817259488902	0.06524805023411613	0.40436873588712846	0.4715851541123955	0.06780263536391977
0.3715690041168391	0.39985031829797074	0.3440065151778714	0.24190840463547386	0.13317957706391617
0.3322187734677215	0.2445833717959565	0.48986866524889167	0.2534150644670845	0.28489680194589
0.34929793237686435	0.5881976891525894	0.35476194908478903	0.058228102588219345	0.12478143262057964
0.2422060141703169	0.7566736124862443	0.5032975245225741	0.09104427398555749	0.2932249766767973
0.3447277116990516	0.4002931687373885	0.293102964964381	0.2717892876054083	0.2045905811227437
0.28723494701663044	0.5937384114850905	0.45576718432548097	0.5511092463511894	0.10686463753668689
0.3187562568309929	0.4864932404848267	0.5903644283975322	0.1833192082940149	0.3080144018615569
0.17997065768047257	0.4909095541483214	0.3040092317991217	0.2906585291870438	0.16968232432801514
0.038079277959323185	0.11302878662689957	0.1512342069968594	0.07482185034877178	0.2919271027940371
0.39904119526884946	0.3468191181133438	0.2334048767474469	0.20941376107150644	0.15933858275584978
0.1688506876286651	0.21855941817948157	0.26348243199363997	0.287024442479223	0.3750806727068844
0.360573241936219	0.290280001562825	0.4220972925771048	0.1179553209400949	0.132676159469093
0.47393674863380136	0.35677916168066637	0.19958293308103023	0.13763856878910372	0.20700328268509013
0.5031326661977708	0.3976188643793538	0.3804806986054503	0.49897171599803	0.5142481639635559
0.1421306881713501	0.42028827332657476	0.46069079102673566	0.16192037278316543	0.4221264354660015
0.13642642439503325	0.04611852768051676	0.14236823152177336	0.3487509088272231	0.3592043459623802
0.12879133104544313	0.43465439768556213	0.579389536924959	0.14762464203856476	0.2537210423787857
0.15155804118852437	0.5690102267678498	0.09728126478572705	0.01940908160862069	0.3068069175035419
0.33826307842990666	0.34214358801818234	0.01586531564881609	0.3179958899084206	0.5163532771382333
0.4180112574752411	0.45580025207570435	0.2458071736978305	0.19996631661297684	0.1526584035295614
0.5132121503012456	0.19585101974389277	0.27071664778201465	0.3265941579707464	0.4838379745653348
0.13767398577984938	0.16932432084965265	0.11057661414042388	0.237865936962655	0.5354612108255236
0.30523106048898413	0.324455783189545	0.05953311558619391	0.4056442163594011	0.21876789690985002
	0.10067376338284213	0.36720238838084673	0.08977794160305486	0.33858050298358805
0.32592919741669824	0.4729647398791025	0.5280995104842364	0.27865719514895104	0.10171834718416516
0.47520485712880806	0.3259160384902031	0.26925182709835727	0.22736478177948521	0.2625117921705471
0.07278208439393799	0.33335019928097315	0.4164414301316986	0.4025907733361346	0.24066861583564467
0.14277999501959668	0.24368459639932236	0.1049456158686685	0.2827997314930365	0.4119216005980329
0.2739697644009589	0.1701092384389364	0.33506659394113325	0.20109431105637346	0.23318753994466734
0.2751713749194326	0.08046157238821824	0.5090475878163333	0.4596731346858323	0.5372709314608936
0.20234169894127982	0.6427172562748706	0.37625348903172984	0.04625090437325851	0.3298100307956299
0.4416769748221102	0.5529782871914668	0.404604143222393	0.2420170338308948	0.2985245108537651
0.40210061036844763	0.22984727789999232	0.6821583464810206	0.20707787866209323	0.20233796022854958
0.5742337725867983	0.34653420553493125	0.1177631840672236	0.30142916731531455	0.16615291834798018
0.05884365830227508	0.01758871848232427	0.3370203943238446	0.31356898335586547	0.1651620400559088
0.19616070382208264	0.06641302862248771	0.14765249178648762	0.3636672888092978	0.3053910208152423
0.2981932680084192	0.29584357142424206	0.2810996889950019	0.1351663118944043	0.24541648252272352
	0.25829834851104116	0.4554376984767507	0.41294360298992777	0.03241939788829997
0.16845452807303898	0.3759350714392414	0.4318788413084091	0.07460849075516086	0.4640500051954363
0.1074250841341549	0.5784664520348721	0.7219440913943862	0.2633134288959141	0.05964180355010298
0.023739841100009	0.3225960158390701	0.4480382428369221	0.28012218317646465	0.446794860493209
0.2228855649666219	0.3652959932578503	0.25369896214501486	0.3681963107559471	0.387199458996741
0.3117107290808091	0.09599165570195173	0.22251496367497775	0.10140401843141261	0.06914364414297074
0.3527520757504364	0.25988031664148953	0.4428404155784164	0.22014629771222946	0.4223583875319446
0.4130104320969264	0.23947977985799426	0.3277942026814922	0.40293935582886925	0.5144969111118813
0.23678185916321834	0.1633798369590103	0.16946492201998048	0.36871901908773075	0.11544340084197698
0.25889327409896196	0.2793845861574864	0.32896440554036366	0.2705825267729562	0.7123954871742622
0.5256713615179534	0.11707179869481964	0.037437883927886	0.40410295488496395	0.21080935282437857
0.22760767670962212	0.40569736677765433	0.010500732188330747	0.13882104295236997	0.3950439720673035
0.32111850813278736	0.19417230502531568	0.3258627322297647	0.15065267944896582	0.4692112133395489
0.48155915658224013	0.5001775888704797	0.3092826871998228	0.10481862690719572	0.35039741971803984
0.37139755044322836	0.2257145827286318	0.16043190857639514	0.6574347828444368	0.13265246762279143
0.5003772299632403	0.4208555763020211	0.2468019014362447	0.18267409168886017	0.03624924677515939
0.5916769417003555	0.6471195109441206	0.24067134227522138	0.13451246023501665	0.6238374383900435
0.05672282034311551	0.23890566525168017	0.531482851445067	0.4212074967491487	0.10581677277084447
0.19402304716945773	0.25730070838805325	0.12147740829770283	0.5380908857758722	0.18283548483879056
0.20056510385977974	0.12511406108435086	0.11599163493295359	0.37980994475288105	0.4766357129706144
0.2127153598065351	0.47754257369615954	0.6213380886492026	0.04341923802847774	0.39860553943061017
0.23779226687839697	0.14002326346900318	0.1835760759092138	0.39470658570573264	0.41288223226742554
0.29677126016744537	0.09030893728048915	0.3840500726074453	0.052933503526547646	0.4244218705873861
	0.28951358533796256	0.3878477687281025	0.36543260775501857	0.11960956175448183
0.2537192469374563	0.6063553401174125	0.3833820297672652	0.39467298388439537	0.5001493282533115
0.24646358216974698	0.05236849580690707	0.3918598414613433	0.4238976316761577	0.23150248827907374
0.2657356765929189	0.43670195445498217	0.13271701775631436	0.20144451648637704	0.24388148492870884
0.43849938418659856	0.294883754629303	0.30040179845642007	0.12484575918599408	0.3706070455465674
0.17658139348717447	0.4697373490072983	0.5142112073037973	0.23993873263571602	0.28015711162682555
0.3279553853495807	0.15501256528909244	0.040250718422902	0.16026411858379697	0.08228604135338279
0.07131600268185359	0.602657576942182	0.3943168851734065	0.2668930505004284	0.3184411786158329
0.18879457601687766	0.5263699464818938	0.18128980936685243	0.2271527365310532	0.08283838028341521
0.1231115531835682	0.25660223031812424	0.43386016801207616	0.10055659852005006	0.13316604529641546
0.16192820020675192	0.3366776213604	0.2178295732697647	0.25140512931771036	0.5177311471690055
0.12730884082194655	0.7825261304802799	0.42380142136168464	0.20491093097913077	0.23549726446008779
0.23297463266970903	0.34524889894559674	0.24099021135430157	0.4802809626451581	0.0903600036152812
0.47608931836150487	0.1859922485501079	0.18365504030691784	0.6861513972355263	0.3930192217995617
0.24055894358082486	0.10962664295895275	0.18473143993748767	0.21962036549086222	0.31916668727616804
0.09560701422726235	0.06420385972039218	0.40213441224389773	0.45847219651022986	0.18061584094288052
0.22179405502101687	0.29399003027012516	0.23630261785752144	0.2401141301340659	0.6012490142184398
0.4023259167178987	0.16215938790494508	0.07928674602468531	0.453948538592857	0.13366778468807575
0.3558609333553054	0.19541962428043075	0.22925130452698655	0.34241424496166845	0.1892910953366414
0.37076545809254846	0.6652179246165172	0.4636636104759921	0.27043340081984685	0.5367522868751721
0.07158086671197678	0.057532089896112436	0.23744687726060462	0.6242190410718618	0.15833646281620206
0.10537088029372768	0.16893322111454248	0.0829614853640477	0.12403068990472241	0.14310537198803894
0.521324973842963	0.4275653329014873	0.23890543294359212	0.4112931160847618	0.3247250913090606
0.21622875646222792	0.5587847520245027	0.4363706221764245	0.20228951302410447	0.34924565609537317
0.43969200917204404	0.18470966070381747	0.5209830210534739	0.2963001213667176	0.13047869849985255
0.30534589643154997	0.17736524753701327	0.252034673803164	0.28941319654930003	0.08275216276629063
0.2384449377842765	0.21462040264752086	0.5764768408047377	0.2558006546458116	0.2294881451506494
0.1934154929976362	0.317905432910333	0.24033378145941792	0.13708256452893064	0.3716116486379582
	0.20168561821262174	0.02401952345006938	0.4809064087885388	0.23066557267346716
0.28348145356832394	0.29123798363441433	0.08234637868610607	0.2971557226655214	0.28681968762691973
0.37907722123121884	0.6119802027897627	0.02842152883106131	0.3677524013851681	0.15716040630702127
0.26902531100021543	0.2859227296728863	0.29960716069957555	0.3722473920096084	0.42705362110890727
0.2431200770933895	0.25175854474011294	0.23904666276807204	0.08162217848366699	0.19021529824871733
0.31315528164682954	0.23667833139326247	0.04240446679069906	0.4120501563883892	0.43794925461114237
0.3412029495901739	0.303511977630172	0.44092887273885895	0.29174124679189306	0.3660026727291427
0.1341994918934722	0.15114347480024132	0.23504776271407662	0.39296548303829826	0.21842402247678688
0.12295786142739414	0.31893481889878555	0.4212881146299696	0.7028009049251942	0.21022314642112816
0.42903200760469123	0.2988642077106955	0.32465762650495106	0.4371243349854824	0.21333668479993204
0.30684626877696086	0.3322071147372715	0.13376849078551098	0.23413111274770904	0.2701080327892469
0.06304873294616008	0.131642231929002	0.42664852696213534	0.13564491937264508	0.015338854148174399
0.3741346178013833	0.23365888383846883	0.0950017698418442	0.41390218489398334	0.06931636221164224
0.19991554633580458	0.3217099592295324	0.20158646668074343	0.3424435640364408	0.06648781751068164
	0.16437532860416376	0.08941177505958137	0.3549035594747439	0.05289072854727349
0.4844974395581726	0.6151172535136793	0.5060763530840549	0.09509178405539687	0.15377120703865904
0.2913820167656721	0.16288712589064092	0.2231726895470432	0.7908323643335514	0.2828321134281872
0.2120800129203792	0.20154067373274642	0.07623144607545411	0.4472931952415663	0.18716711451750445
0.24536285075499872	0.39798053453751836	0.13167446303252844	0.11184706711437543	0.18625377947974742
0.3270355374878642	0.41659931985119053	0.1784801931141038	0.5824131570348409	0.5193493727181905
0.23041595568263834	0.1921789697645662	0.38514236345813746	0.6665543672888221	0.19693444962892037
0.3587486602275515	0.059589852291995433	0.2570511532016841	0.1520627158739587	0.2705192249356881
0.2300891497615117	0.13148321394871543	0.0102467287728028	0.6150061882731931	0.5710387334780591
0.17178176114332058	0.20912143536541772	0.37465115117921277	0.4145702191078112	0.38995429248220576
0.16729856125791054	0.3803110303304463	0.10986849496577705	0.279125340214797	0.48237812074340114
0.12122641636538128	0.14738546062909294	0.4120869974568452	0.4593100535037544	0.312400639231362
0.29822656711507695	0.35458906210308405	0.24189530856427818	0.3183801207258106	0.3974662466014679
0.43469588070565823	0.37189001267537325	0.4728991829657605	0.20783947454551374	0.20996637836171028
0.375630222881538	0.2607174580315078	0.28897740634892877	0.45327785398695475	0.5530759749742274
0.31286836593408157	0.28106562669168567	0.261833099949912	0.11995704227040802	0.2855145000971838
0.3364240917653487	0.13881649017018802	0.43657000442351607	0.30029313517854817	0.18448551500726734
0.4202850231314416	0.2532969419929869	0.17652686018442895	0.4377751588140142	0.26180591369986067
0.3752379836583727	0.35580065996181676	0.2998313162266145	0.26663722306922233	0.5821144380713676
0.05323736617232678	0.4337138769132671	0.3739716982642044	0.3060562567321549	0.13459399103375594
0.45385158265873493	0.24932261592653876	0.23645054329802281	0.20064745164278536	0.4440752099119783
0.11270613496750163	0.32855168954236397	0.43042735539886157	0.1140028064430502	0.2750464542447443
0.1700807624627965	0.4145987606731107	0.25353830067610983	0.26391308322121787	0.4335245690969318
0.4002518058687947	0.1984456436151902	0.21404338311792687	0.3861754027240194	0.17160320115318622
0.32668229341421773	0.10948924781669837	0.29197280415454585	0.1255872008479736	0.2589414433369202
0.4460527604574351	0.32612893036570023	0.21276576722750923	0.37739095862451805	0.24161441848394585
0.3823547497102791	0.27924714312282145	0.38364294769810353	0.3222871198304912	0.37988406492547167
0.10894450077646589	0.1442081636522202	0.590678155044606	0.39995168538960413	0.3415999455448961
0.2953672994451512	0.13555460501932923	0.15721952078171172	0.5095394644059067	0.1921479431316717
0.16599091612317138	0.17865726519808034	0.12982205070088684	0.06599992553402191	0.2185222780643638
0.15647087814161964	0.0862974833985215	0.0645932594995333	0.16409844463969947	0.10996704675296544
0.06753438058141525	0.6508028470824344	0.6741400533578776	0.1927848100075553	0.10260057123589295
0.10119179461896484	0.48998156643897245	0.35033370681869425	0.29357279984594686	0.10675115735469735
0.24324568262581286	0.3532337695755362	0.6021305931442078	0.33436778623314095	0.18822368725042402
0.33331868779586743	0.1187246379952933	0.3567411669667137	0.2543349313335852	0.3674217901803717
0.44675288586255923	0.4325468344462585	0.34591715083717245	0.1156847065942975	0.07584047887302324
0.19759168766447097	0.5499587669782561	0.28079932522303336	0.17064156806422293	0.5188899192613271
	0.1861709651704145	0.6500849694558017	0.33988557810098724	0.5494400447341187
0.346162220668007	0.006498925563005013	0.3893255966852872	0.4755039293759015	0.2092417303932672
0.47017374397671113	0.03242514200989906	0.17219982970713893	0.4459769721509425	0.34315901230160484
0.185292304115237	0.5372569758531484	0.25500176118157225	0.40065577550724557	0.31211286807656413
0.11569871312144824	0.1667233915397461	0.25471836250536767	0.07793863258598752	0.23645425747604798
0.17991992133495896	0.4048460106566599	0.3150865682934	0.16713470682296497	0.34066335151797306
0.2629262214201425	0.19537203281637808	0.3732885747402871	0.5573050255360584	0.1755907523479082
0.22298846061752964	0.20408016519870015	0.07987554099907662	0.26771385273746834	0.33221888488398965
0.5549631195989656	0.38432690204420755	0.4824257138884288	0.32048962881875875	0.2528436282866305
0.24562794738760801	0.0720409437561455	0.40348276663016835	0.37964612174087026	0.5041984679699222
0.4277235308454353	0.17249726361721254	0.21415205510514226	0.08797629879745263	0.12938327310287281
0.3006131636398409	0.1585116222739033	0.3070279730317131	0.038306121132618304	0.43748420242806574
0.2062015692870031	0.3031696659827487	0.4941780850709567	0.32980473596820264	0.34508982480762074
0.2181132193055401	0.5197683216821142	0.06376287465696914	0.16377453675133136	0.19676557383636487
0.06503063614164929	0.5561256991212259	0.11171617739813078	0.28998408608294846	0.1008091270453033
0.25968991980784295	0.3280469753839705	0.22317136545068178	0.28740153221217335	0.35282309685236707
0.4935323019147742	0.3216407101656458	0.19633891095098507	0.19386641839309723	0.18842645429058508
0.3090496239314053	0.30965747859549875	0.11695742029367696	0.42169250798571606	0.23216185391433486
0.24471459380739696	0.08431709540873206	0.3291674412454935	0.41015583898438784	0.27333689102734976
0.23465919746967742	0.4324792448630007	0.47568947392074445	0.7872122707735222	0.2833267907947021
0.17583059104428841	0.46425012286639167	0.29488629103249325	0.1644916125926738	0.14706992950209244
0.10914274319781746	0.12998659855824454	0.6038470061170366	0.12745350785053117	0.12566370668624915
0.3454219063615589	0.28002779755015195	0.42148433505636673	0.26819098886207093	0.5997014867355855
0.15234408075963887	0.1665113787929605	0.2973847561198799	0.26668708028908417	0.3123364245749953
0.3908327805865974	0.3155744040856743	0.14522398636822514	0.2150599459465895	0.14909920345992692
0.3916600625474225	0.26493492467179147	0.3612683445466917	0.22844341361184436	0.44440730985840626
0.19653712630727432	0.23439885632345717	0.4629748755849647	0.2874896942473133	0.28102948004128603
0.3755010193631182	0.5053147189383398	0.27547059913642774	0.02677572592647528	0.27169688137937364
0.23928445638776477	0.1442704329678232	0.5871866686314479	0.13962572208537202	0.43901727951737196
0.3476153357034344	0.4694902506395791	0.17146657837047752	0.2527351392821724	0.22317476695817617
0.2607126011458614	0.13211494762946344	0.07823613460715402	0.104181321036273	0.3115692409399225
0.3240242143053994	0.10810153271183708	0.2904757578542439	0.1723817265800103	0.08666738144716168
0.2877188075942191	0.17090615556207234	0.3667915699541402	0.4163432064522591	0.11514727540534561
0.08054296178008089	0.41533151695810794	0.2616994739682741	0.3195406448992043	0.3626354974111601
0.5759508975465997	0.30244972223690086	0.20532017692840063	0.313331283764825	0.5288260810744296
0.400656836514691	0.15380015582645376	0.16175308540522143	0.5463907376390729	0.3972211797836627
0.1384709771740964	0.3140728218067175	0.01010017546914013	0.6627717495998379	0.5429886421868484
0.35060862143859095	0.4435439489069702	0.24362283315619412	0.2436435188543972	0.328897839338425
	0.23760835371536151	0.207688750055948	0.2704753095915933	0.09200338724506016
0.24213890642431057	0.2045807962798072	0.4336595488760722	0.25533211390435107	0.2936997089351825
0.21249602573435314	0.1740147576196526	0.20056852871453248	0.08772759573499417	0.23316515517522157
0.18983397828996834	0.11136501806748439	0.46112497280737313	0.39939727244835505	0.176547545993517
0.4211834381130131	0.4021101592486997	0.20241374528659029	0.26328421315853034	0.22866933597534078
0.25192160527300017	0.2400573851879672	0.19906824505866413	0.21852761113545652	0.3628237284442665
0.47388360616270125	0.34527575824500156	0.24444009873804	0.2191746336704447	0.2933610676492943
0.26389023250501514	0.5616991556992628	0.125925559962052	0.28756103991998894	0.35500860019641545
0.11260461969099207	0.06305894732247377	0.3399427040129429	0.14779103679690833	0.44035233520513983
0.5233245052371935	0.10685567684196533	0.5204350419215827	0.3412256631555133	0.4193634110190797
0.03800846614843678	0.1932428394093172	0.3847296115788335	0.22572325508509164	0.0854191077356165
0.2204684895252696	0.18368187860570384	0.42484950227962115	0.21374983372002745	0.2648416269325976
0.16291370724299514	0.006865731568392144	0.3200025666167553	0.22454364925333956	0.31558032963922145
0.23791064636506914	0.22956481974113743	0.2044876175826316	0.3629429545887607	0.10813631832505041
0.4312003883263596	0.35253228050868624	0.3072314112986137	0.23439616862721135	0.5179780049193613
0.39420122682693876	0.3623727284684126	0.17969733102685828	0.13750963575749164	0.2395243618465183
0.5163207157169907	0.25743933038887223	0.06852199055532016	0.0479908139115173	0.06369887548169839
0.36087452917277923	0.3189621953903053	0.4057628648086651	0.12125176132620645	0.6397576474914175
0.31601086290699376	0.3268520774206333	0.10265612481758293	0.2462605218286968	0.31086064287818105
0.33377956374197065	0.2839407832007346	0.5962711645914225	0.2810967239449294	0.2862290148056928
0.11702951606768712	0.10443352145897546	0.42271839542801243	0.29863087113590897	0.293736449864012
0.054483743844403	0.22300634618862078	0.4418527012041084	0.4836706307251133	0.08571621237124599
0.15875888853690215	0.3222398931305797	0.24627132885340078	0.026745006785333647	0.39369728150517014
0.12179715019959422	0.3371731876602896	0.17228746369398348	0.2525326211520269	0.11108738879386082
0.33818813259123764	0.30587424555774834	0.19209147579690963	0.14785146689615689	0.07155821520751955
0.3522418275882355	0.3280608939729029	0.2942337744897576	0.28368576927842776	0.25655698609289196
0.2447738882083797	0.12663757722511537	0.2222866471659268	0.5542459718592987	0.5231597626437681
0.47113278586998886	0.02383800818143914	0.3293546831634044	0.5473108936331986	0.13997697213643187
0.3405619755493053	0.4343734183903539	0.15288025755336243	0.061311532181236444	0.12380406277496914
0.2777535129632602	0.35405268779522736	0.6759577788368127	0.13982199134800194	0.3428695957138796
0.17223920667811088	0.1354389247762038	0.1583553575596394	0.10307654777620047	0.21577024619801188
0.044512200378969496	0.3042609537174186	0.42703861177741037	0.17712912464224356	0.2711317099813755
0.1517195151632164	0.4527535762737779	0.2107998748097361	0.2129231760119176	0.08065024679482515
0.2411762948470275	0.4881477354415268	0.17558793336286535	0.22468307718349664	0.25848781650579883
0.3327201368899642	0.2695936859124033	0.22692228943334125	0.08950864981306506	0.4913465839521883
0.21734228945861633	0.254305173466212	0.14268635876078128	0.2397790702328972	0.22985618477134365
0.15180460898528794	0.23548448978160919	0.029573675697631165	0.32670559518845116	0.16302623630670118
0.5891211349831367	0.32959841037663945	0.18752683215952337	0.42956763755598326	0.3696043592876363
0.37322045538913334	0.21488710401022007	0.1848782194219721	0.2502504134109178	0.11676512659575772
0.4344866239493603	0.44927269368934636	0.23826415558819455	0.5659197203027422	0.45642192965262135
0.23531789162702144	0.22553070857419524	0.16735624575447983	0.36019413246351106	0.14633855842852905
0.3143731332372024	0.2895255681089846	0.5273900660526336	0.31730335178734015	0.24914491606046865
0.06368571142787222	0.1823987111189555	0.03917808414646986	0.23033065039156123	0.07122957562304268
0.22849765646444342	0.5594532790580973	0.2558047407906222	0.31861607380539336	0.16926223067278026
0.21694553228358784	0.22178315815026325	0.33761012569095705	0.2568244239436706	0.06674333242404461
0.23777933906467869	0.19595140508724543	0.14564325354417354	0.6255647239134807	0.35655037361120234
0.5019315572812553	0.19568258786180628	0.23089872302899064	0.11466819924909605	0.47298507345149854
0.14028426736191715	0.31398249928619537	0.35727239629134455	0.47858011039904474	0.20691093131565189
0.1561506370896917	0.35320590672965996	0.3247095936036893	0.41456493942956746	0.33757770392010683
0.3437049279610572	0.4552027396118534	0.306803196338221	0.031083564794884132	0.1230839611588419
0.16606342672102586	0.25176875496736917	0.21752703242582253	0.07302960375766453	0.4524129336239056
0.4971248396902559	0.3009667978395799	0.2598031673267775	0.18045929112124764	0.3789425889124627
0.03741642579573177	0.5923824588260062	0.26561542085976314	0.2515938014216944	0.10226855998482325
0.3707237180195221	0.08021570207719138	0.1304684166297986	0.22243834728948125	0.25954426587238033
0.15111321697866575	0.5256911898387489	0.4360650721098182	0.5634265972677085	0.37848196821906205
0.26987339529361165	0.14866551656396057	0.34168441143753275	0.09617067599696828	0.4590385464692051
0.4269830555808448	0.220440880154073	0.3996977311006737	0.1794546329574639	0.27029891526438515
0.12237311156538361	0.5391043947273202	0.2989409426468067	0.28747853099943493	0.5246231639062244
0.08838943447396069	0.20293390862233837	0.5421142517317067	0.36793191811213133	0.2667652487569582
0.3658682658946971	0.04315189880134755	0.45894790907061017	0.25105747756907265	0.13297601337967413
0.152801971514269	0.25709136406897404	0.23737318588594108	0.07726719896962149	0.08432296729909655
0.07937781277306455	0.15655251424132363	0.3519388463283633	0.385546934911498	0.30422393091660477
0.06543884058010456	0.3419698913061012	0.1697469319948345	0.5063881022532921	0.25107278514367387
	0.12483736404510327	0.344038094693069	0.3349741464221444	0.7463887944548561
	0.7550763202414499	0.5225234284790177	0.2761440062549886	0.1924868494927955
0.5517072415989605	0.5721450350815523	0.10162158008935783	0.27027093850393974	0.28815235219726154
0.06196085526488047	0.6642230448087202	0.07963439125204297	0.19625376256350488	0.05035721518874585
0.3086055404708314	0.15985639214373065	0.1541472726006134	0.12442291535178832	0.3929077702817482
0.26338949043593096	0.14812230040327723	0.32592684428551366	0.1720009550669865	0.5416446158230092
0.31838960013539697	0.24123485575768996	0.30143565771269437	0.26240488995001215	0.3763486383041284
0.27846064237176105	0.16146484445912448	0.5050680787712347	0.5605658770924884	0.3029016064800631
0.057596273704683176	0.3303781078247205	0.2996309163664291	0.4507652986299038	0.7431269879013457
0.19793160201310742	0.21848631365546245	0.40944240976490837	0.23631942117308263	0.31743448174214034
0.13585450350009087	0.18874192746970866	0.3486679375662039	0.26764595064823454	0.2570314235786866
0.23887207960974582	0.8148072697444277	0.14542988287582778	0.09820734338746986	0.06841892531293745
0.07639994498429273	0.10450748323059961	0.30196415118413167	0.5697859261359569	0.1324132324317157
0.19569399164966422	0.1193778316918574	0.17912507968841682	0.4944123480401202	0.2998189107687121
0.07220462855344434	0.3008453516676523	0.2293766089413285	0.18114294020072072	0.037733776764933134
0.38896351088800996	0.3329148725072256	0.5196589924397682	0.16615454942134003	0.47636301999143504
0.39733428740257665	0.13404589448889712	0.44670703898490544	0.21312024806007293	0.1719887156553659
0.47291459207455866	0.2793257934825254	0.37397862363335227	0.5284005923781204	0.14560148232737388
0.23399031426670477	0.08572323789260626	0.22075263447095575	0.23550480939010984	0.3399635458282713
0.15278744147485163	0.38344615753283573	0.2245023612403697	0.3375430983224431	0.10956688359634348
0.5546215460109927	0.12341193453567237	0.3486534693217961	0.11586538333335672	0.30472716221715257
0.2022907480749588	0.4228831542548001	0.21742799450058692	0.2047117781786212	0.256081423850983
0.3370099283121172	0.18432682004049963	0.23900661321487254	0.20562245132388438	0.10897781583251089
0.10851749013660338	0.3491245448910526	0.10461856675751267	0.21786117369597646	0.3302962467021742
0.09809500258572995	0.3540851768796042	0.34624262856338206	0.11650035102537805	0.187979683018591
0.5902962636246889	0.28592744300383743	0.12247027614684353	0.43648784517153866	0.43640963650530384
0.093711460366732	0.4666959639268717	0.18795054443123901	0.3218851981650135	0.2726916122991363
0.4928831649727208	0.21152607825262343	0.2431601117071694	0.36538955787627025	0.16917576451737643
0.11578583710256185	0.36907291288950766	0.40741553278532033	0.3415725252869613	0.1608027524492181
0.02224997077458365	0.12119087238476624	0.386828890994054	0.3616678684370057	0.39204274583167287
0.5522809886460562	0.5300097707190329	0.35781463079113135	0.19671251690528602	0.48616535497170904
	0.3638262601102423	0.10939339154606433	0.10075626147175865	0.26502319956867154
0.02653808289328305	0.14774666969506073	0.4498620877129079	0.30112851215892456	0.2806207856485946
0.47692693527958324	0.16640654458784082	0.07003293972810914	0.12615971150466535	0.16369824088435891
0.36295234309810653	0.48801303333663015	0.15126386567354336	0.5767622650568301	0.3570224138309996
0.14063440681243497	0.48769274166590876	0.398643744261677	0.24347238861417453	0.3190121922966661
0.27644429934388	0.33128909038995985	0.30939049452650347	0.20423936386858327	0.3455557079078854
0.48828131315156753	0.13980395121039155	0.4949570847945931	0.17200891667296342	0.39375819378009297
0.5099897498867217	0.08472604632302408	0.22467528771968362	0.27084205821828033	0.13887394117756346
0.533300013283791	0.44939271179130946	0.07119082658735483	0.2129657120262183	0.07224308945680974
0.2885692683697247	0.3089330109914966	0.23675216426577256	0.07310112717101314	0.3376518198110902
0.4124063754688734	0.13601873334807565	0.552551905024713	0.5337505107825675	0.0775904803461602
0.34998833947388164	0.3801772640328067	0.08735064141904521	0.2020448880435535	0.19045402905696443
0.12031997620067303	0.1776907222507377	0.16298410043496003	0.39842532781882267	0.11611736272375535
0.2733900147923287	0.1040504670461516	0.6295274870741562	0.15213148115288042	0.3372337778254608
0.07342182294939396	0.36732738169628115	0.24692470469094555	0.23165658762269112	0.3100461630376167
0.379159076726245	0.5600125120981011	0.06727951638918177	0.3282189356434225	0.19674914383638706
0.1679968303850304	0.5636486787485678	0.21680016889475284	0.1580546857919106	0.39545712476404593
0.08413343829289341	0.17707274421128819	0.3740317886025855	0.07154704499465404	0.36208377121230934
0.16497732733700893	0.19700559464756387	0.5488932911815072	0.22474696376560518	0.1584279686276432
0.24299640185565022	0.13070088152152498	0.6274820100533858	0.1839796407848584	0.2899789275306458
0.3419206594498788	0.5625286617057752	0.48200047394662604	0.2546154984267847	0.16167300157393233
0.5603934563433989	0.22124743411711156	0.44438693166634735	0.19684989082687837	0.3271647246833589
0.2783256977102228	0.2068871490699277	0.12617822082150953	0.06770580718448367	0.19635771484392242
0.2663785867665559	0.06723397618286694	0.048889603715968386	0.2075958129378207	0.20265255739468385
0.35043720398751627	0.07699717071145985	0.6085788426569483	0.31716371133310756	0.3047683374515235
0.5575113658647749	0.09874703958709184	0.18795346222424256	0.3532947713426385	0.5075975981621663
0.5062589233957995	0.17936571641150703	0.6471175041266558	0.5601347250998305	0.11603237996236931
0.10921449025849195	0.08688329715027725	0.3146944678481526	0.49735108292092955	0.33305320964471613
0.20304329424423007	0.3232712123442935	0.18281585143257367	0.09405683939153331	0.14943709260447546
0.20203818998080972	0.16056035413221326	0.07814770174982855	0.6043638485154316	0.030358100594634757
0.4058927427906384	0.5313794063186634	0.33591821959333684	0.0678971871229124	0.4839585855354429
0.2502503246545328	0.5002410011213243	0.13217356241786493	0.3060441094425287	0.09414975907507331
0.2410711751848592	0.1469481969383605	0.19208771999946497	0.1766128173061226	0.2502709094025196
0.181921605148657	0.028489384661410773	0.315090818321366	0.17332380087981578	0.2863635656495494
0.4643604768763044	0.5616905106145944	0.3208412481455815	0.4489114166509909	0.2438284657175172
0.2969329969642741	0.0916348613400353	0.21153763965932149	0.18159803357551363	0.2029036931781712
0.039841258866230876	0.20417359892465795	0.08126705520475122	0.21716368769083072	0.5720590364756384
0.44781630275779966	0.29307777142712926	0.19948660914957758	0.19231475884310825	0.04226871446759186
0.34726542171670305	0.11676423667957378	0.5849956774476459	0.2943725211979533	0.32511267267115795
0.36805223793089775	0.4427986126649914	0.24328089189139993	0.1678514489480011	0.47874243043079295
0.35313759207539275	0.6085565187920919	0.2229965279440691	0.15156601079862236	0.19925206129059025
0.15729838085020018	0.48164713719667396	0.11625833596924584	0.2272359794729418	0.3104829030051527
0.4258438258613093	0.26807125711376006	0.665964819486524	0.17648524289023004	0.3290587088908982
0.14337969430596703	0.10234322450060854	0.1974712750471652	0.3178628731012855	0.18072170031859522
0.12296200418764144	0.25595936036751976	0.5502811038550587	0.2665769941158344	0.0944872777089898
0.2999014202757615	0.2836946035260449	0.5181379867747069	0.5208354916167612	0.07420872222376973
0.17206973459696207	0.33081433831787266	0.2588414651505417	0.31540561343268103	0.1164185832423956
0.0473107445662381	0.19035076464153874	0.6334232439061489	0.0889340141179313	0.11466030247315682
0.5209523899259723	0.11244829160526973	0.23780421740045585	0.1485476391473782	0.3648615900996588
0.5684350826344237	0.2739837915262268	0.48489714186473787	0.0930397197219527	0.5830370695529485
0.1642470635716446	0.37139315991649735	0.26127357148912655	0.4216826667211402	0.32658278182226513
0.16914815913099193	0.06058008399931204	0.3967403371067681	0.23156043177601965	0.25478772302963665
0.19747939438380951	0.40909847140465555	0.2351752442536868	0.40464843675126977	0.42259863380035906
0.3298160661541654	0.07365419516057577	0.2872437495537942	0.4023806108914821	0.2652354173349798
0.04207311210281798	0.4348765744078889	0.0598259493302697	0.5505548930814367	0.40968863599380967
0.08591276055222902	0.19519116506078066	0.27480057317685636	0.3160280366098269	0.2605961388440516
0.3515722023434327	0.44587624852880575	0.288321643242427	0.09527640361921602	0.1575610398987857
0.33295188181227825	0.14235860456830962	0.49549256104157413	0.3046229400812976	0.30672736979529985
0.33803927894318475	0.5672198169423776	0.4439456467928135	0.1418804854197758	0.09608916210754877
0.2526687991400157	0.34690412603451326	0.3678527189176635	0.2146051696257118	0.7719559299997348
0.17826713380231252	0.37096873625499804	0.12297381469412479	0.06519318197634029	0.2721471085116399
0.3095176042564996	0.2564045847495405	0.41583413953098836	0.3605215136822093	0.30515672485554957
0.20660866942381498	0.4263253791135123	0.18796726359420685	0.45409427250462897	0.2692129433399047
0.09300498162804688	0.5335095125931913	0.6045551826199063	0.29953416392899945	0.3470599964045326
0.20107513390992598	0.5379905626267156	0.2848188430076385	0.12880887654449502	0.1046515821942262
0.08475105047732712	0.27358250081803626	0.6168084332893176	0.40282857829718505	0.15815971530703202
0.12307556132228098	0.4384752241191486	0.026869415404536186	0.21018143998727204	0.243186892605007
0.2708341131348101	0.21364206742944486	0.5004301583025836	0.253537758809971	0.46888883646364066
0.1272524436379043	0.12206579172548399	0.5917631625634443	0.3155946446516571	0.4366827894671159
0.14640247964562184	0.19634028711337823	0.3256667155957239	0.7054484418775065	0.4804944213506793
0.3319557850835554	0.13502866316227968	0.19896907489026522	0.46021440911982336	0.5165090259624532
0.23824794275720532	0.3591308663514495	0.04032871834127349	0.2500287447023146	0.33276540199060145
0.4431118951546703	0.50298343781517	0.21030703283577884	0.5010024110057937	0.5254595312855668
	0.21058280102069954	0.622372018859019	0.3067516566175458	0.11583985343392753
0.5040436508218281	0.18139272212391264	0.4206782877841755	0.36950840975845894	0.22854317651203646
0.47162951920872836	0.4368660661908835	0.21663075142180563	0.4094752810819325	0.0881786666556712
0.1855363080052521	0.2513888699779062	0.23339643096205723	0.45748769817975504	0.10883733167978449
0.13841098693538156	0.3739782053345737	0.4080055184212813	0.396968403773703	0.32131946677335055
0.24482762462823202	0.2584060710391443	0.21667434590707346	0.11199911971265172	0.27157991259119946
0.21365926477644298	0.6974612409852677	0.16218687488132888	0.32587620823151836	0.3653196520843149
0.19378538641124257	0.21369554451496947	0.06405246648551761	0.3064258585552153	0.3911140329227494
0.11581514055007579	0.4078430330764787	0.368831628535497	0.2829833418716192	0.22939518926148764
0.11281309409620877	0.3252931105174555	0.4769847200914529	0.2814262204361235	0.4085274936928001
0.15154556637942854	0.27125783596536135	0.19458006489955798	0.5511340447980972	0.39691888142081105
0.3744763695940546	0.18255332873683644	0.3958509901120158	0.18722751082245603	0.20408788665369437
0.18454959364888826	0.16600218428521535	0.33033431718921064	0.21489948376558707	0.4517586730504027
0.4662441464018885	0.14687442653569108	0.6115599817148228	0.23166391581076826	0.48616267208869846
0.3755879801782994	0.505492071438867	0.3498702617547239	0.0590628392978505	0.4113160887868427
0.20996617437511003	0.04126308706733962	0.17598594096019943	0.6735870153391312	0.20993630798652235
0.4429472682573475	0.20208769497467483	0.20072419598644736	0.4836139117444109	0.479973154742053
0.4715162033960592	0.22584364641047286	0.07750886986581959	0.1541017708060917	0.05267778646973353
0.2836282779599198	0.4950242778236211	0.07162902083030441	0.025853019307713315	0.22901491382246017
0.38193539367123785	0.16879363170192735	0.40176140891148426	0.4815570958794079	0.1130454547140336
0.43363000418381087	0.24639731100743673	0.33123622809887276	0.2628779845155643	0.22515757674040385
0.16793443057113186	0.22999294356003352	0.20940697885024076	0.1871769614185225	0.29453029795754454
0.06422468937916412	0.4166345785299656	0.3752306601810817	0.12207369214657823	0.32267526301971594
0.4164230256392918	0.4627606833268799	0.1419033196764379	0.1820391178556033	0.6588912685368794
0.39879063165109957	0.462910206916008	0.4293670955947394	0.06636466484961456	0.5544807534733134
	0.28603517109366866	0.08841338116208812	0.23440682614353858	0.370501842025868
0.22085517459810727	0.07471828735671071	0.5848249904001005	0.6502063797735989	0.6041753631875776
0.14049293362394677	0.16376708018423725	0.19870310633443675	0.49242380558655025	0.550475980358447
0.4188730376639633	0.34218116528040693	0.17086888742523	0.1417430607040028	0.24091599085329202
0.2918524400529289	0.4827398783938131	0.22827138767477725	0.4134262807965225	0.3018184973429078
0.06294912188023376	0.3336363643176934	0.345556048501642	0.3375477837138853	0.12949607526850299
0.0084759469046148	0.20526280499175134	0.3970801101616271	0.38266874559178843	0.2139877199523846
0.28145853993769565	0.2455776088829137	0.22484700682051287	0.07085349926189888	0.28798320439241226
0.33414127652081355	0.1016211224353851	0.23857415712142258	0.39042074452348463	0.14924708922388263
0.31195361315521986	0.2822655006607563	0.7071931574634138	0.1825386471768995	0.40830642581480275
0.15310302904750478	0.5632416931966624	0.5216549905217577	0.114238685708499	0.3230793892135722
0.4292737358521557	0.36600120021736915	0.5000510949747923	0.6407969303695549	0.34928183535601337
0.26306619715789303	0.7159645041284859	0.4200986744542694	0.4565058359225524	0.5770883023900766
0.11492314587148109	0.6180855845196221	0.0741792486118552	0.1353274887261411	0.33230481673173956
0.2006345250110736	0.1968639419841649	0.3147067604780828	0.5099281948702674	0.2818771043508652
0.08840006145788468	0.2403432814416195	0.18879555928031216	0.16822930423831767	0.1865159092038662
0.3429395698289965	0.24025770012539224	0.33349441301819704	0.08497336713333657	0.20776581527491175
0.0412039989802484	0.36044679766957066	0.05852858115074451	0.06932282305732025	0.528039405397979
0.35524673946084895	0.20297495311522085	0.257533757112662	0.0673671968372268	0.1888527506069529
0.3068374322808242	0.24397855831183465	0.35776368127725583	0.38748604972509687	0.8496480240642142
0.29576121846149944	0.4453746033190114	0.12484915053253284	0.08459683111285396	0.06223034055044014
0.3284927127411762	0.19514086114179308	0.3161143060600948	0.20056442103026015	0.0859767858161684
0.0495796104487923	0.05335430723622427	0.26789651327808983	0.36829862645547407	0.07236512937278154
0.1333482375843818	0.3205778522643854	0.34856724029954916	0.14317520188964655	0.2779484726883591
	0.1269977066504933	0.1398608954768526	0.30896272700826616	0.2241190318616687
0.24592338320020132	0.17788149371484205	0.1943029425643209	0.018773683794478274	0.7300556406250663
0.34770088294127066	0.30445501703258987	0.13412910718807453	0.2169013675141462	0.2897245981289492
0.3505277130888165	0.5551526698213719	0.30676718433520567	0.3390140866557969	0.5296097524786154
0.34849803160840576	0.2447223979494988	0.4140657222939923	0.12236318604981418	0.10370777420695755
0.09914582113471668	0.13031217634309425	0.2088111537953408	0.25999238493012555	0.17069440089632953
0.290619347399748	0.43425170710318817	0.5863933433882991	0.4224363898635711	0.46883737572760664
0.13747379863344605	0.17023145216466543	0.0780604471349321	0.6635533996876208	0.16293935929308165
0.3787051389735887	0.2989644072704886	0.19796426556556074	0.0259174867486228	0.05271853899274015
	0.22475711611967564	0.44577109926762704	0.10211461206938251	0.07004791052431251
0.26185644769184235	0.4298335498959374	0.1392561983043662	0.09343267524655074	0.35249736700548223
0.5356885690108618	0.24799909261186004	0.1919744813902599	0.40511308893386516	0.45843626083842837
0.5252400666722229	0.13235722883064452	0.2762741812278901	0.1684754396606748	0.3361296005058985
0.2771608925890281	0.23240657193005715	0.2784489174186671	0.2679215494931475	0.1752773358157298
0.10559793829702323	0.5772506484858584	0.13306866661043462	0.48822553447609	0.3749864443029627
0.5456705334882176	0.26410818359427196	0.5637295823130721	0.16607289504090145	0.3945531288487743
0.03525518236675514	0.16105533472532174	0.4626045469701818	0.4897203207955951	0.2023090691260174
0.12099508838580408	0.6645663749669045	0.1012629200188823	0.2579190199170374	0.4220585957650643
0.05192217592092038	0.23438497279116494	0.2860401835572786	0.5894490217393122	0.3555829159299106
0.17668552844577406	0.35799793751621056	0.2823431354264023	0.30881611926346303	0.45991618094235004
0.15054331690670505	0.43425483129184783	0.35595266067254017	0.06877364927611834	0.24742138986617837
0.39090165247939046	0.37852512536847926	0.1174521517630511	0.12868917116993378	0.3586557267354941
0.522020553862758	0.4852395177572213	0.43132916440797875	0.24661917272248554	0.1437953203724018
0.4511600097934445	0.6075743035664324	0.1804370155486826	0.3370259293537966	0.13948257311391615
0.3874658043894991	0.3683873298769401	0.39486464943588584	0.14885605939720878	0.3042884645950506
0.17266843490201195	0.08681155972223643	0.08883643459024744	0.43386274304500855	0.42692735982177155
0.4567120575703263	0.23029810270278475	0.07099346721014406	0.38926554979437233	0.27205797888251
0.35474274373987796	0.4471712503458184	0.13913967140377723	0.17776372721603168	0.36921702362743575
0.1751296439904331	0.15939857701331303	0.10347312085980753	0.1548460042239226	0.23834724962886486
0.5686117444598211	0.18081350105223945	0.47088209206159	0.3177441677636687	0.26852201672462506
0.49596012631830244	0.3687020395613001	0.20989072651528629	0.29243383218521335	0.604779151191455
0.2947703497807008	0.2749506162162146	0.6664818766900876	0.4140868452229678	0.320229870398756
0.15865456946008408	0.3761322770281678	0.03326893862536592	0.08619564915579725	0.36197415815681094
0.026473238104434086	0.4463413935313632	0.21551016070500795	0.10126602376184345	0.31921402225976625
0.17822507925920578	0.3118283264193383	0.15415400694661388	0.2975824818094617	0.17741042496269355
0.10419102698785442	0.504570283158435	0.1211456365597146	0.4396123382840232	0.7077081461914685
0.25482766942425644	0.1455906640977551	0.12250277367516339	0.16122322018676333	0.7899668235463357
0.5764502772873994	0.28785230444588744	0.2942006241448581	0.06231143807411906	0.27599888114484067
	0.39982276289431434	0.498941264658532	0.3096998706592231	0.46778559414124427
0.3255659617375178	0.11607337038324554	0.19975153618802466	0.08678941344915629	0.14134269412931175
0.161238300025021	0.31011380366575336	0.2553099819507045	0.48509444839371085	0.25389836571158253
0.027642551416036318	0.37480625496100045	0.12274974792485538	0.4837507895952716	0.32615070132809787
0.406601952494452	0.35397046375962743	0.2802198135939914	0.051552377999461274	0.14517914433781448
0.248467848458499	0.10312106986567976	0.20650763931397606	0.369380306711011	0.11493542321000128
0.08834566301214293	0.275900433928205	0.31380002428193327	0.1715316535692986	0.17195783313599938
0.12129807235924647	0.23837747541002152	0.10976692317899647	0.5047774851859527	0.2538183127841354
0.32851249179823977	0.4052114529458826	0.218649770094649	0.5036204518736765	0.20889542501704877
0.24112172814679714	0.43463553971115626	0.44702420490366396	0.41395556128135863	0.434898591014783
0.33331982882061384	0.43589046333747744	0.24954686116720587	0.18331412968936225	0.16354241028810687
0.4115269460418752	0.4474219554567154	0.3710056968613759	0.19250695206704702	0.3757188657013269
0.3967961377077225	0.6533353491031196	0.16986593832053615	0.02379625614229669	0.5453558874541793
0.3870401447898885	0.3400174334717752	0.3539527669226018	0.1020849210526961	0.4710724911557899
0.1016938517984283	0.30677803087670136	0.19768061840307563	0.45932225816575145	0.39356257917443227
0.5549040303557793	0.5824267561774912	0.3047196468415404	0.4234232478465002	0.42561268673056324
0.14635361530492363	0.2411401688388413	0.2131813634417147	0.31621559766090873	0.09628706996614878
0.5706006480451412	0.24510294433913	0.4708680503397438	0.20925353617604034	0.3162327141488778
0.34666174461196625	0.062445465742884766	0.03663988315044921	0.12800852689633757	0.11655893519227185
0.13535512207567604	0.4880059571595468	0.13695474854397188	0.3803931439135948	0.09405079948561287
0.42500023303402545	0.32462738019823156	0.18605384303377917	0.5706755173117379	0.22456890961776133
0.5316790036884605	0.37994168865106015	0.13763494548138527	0.16975369177747068	0.5448075961281298
0.3655889454656236	0.3889484640691847	0.09847442625620954	0.27437698618693623	0.31447989847061075
0.5542807562342097	0.6430182088700728	0.1873832306527244	0.4453750803425612	0.36556692856661016
0.12536552869140022	0.34589007663742805	0.3392664090550187	0.09973328103171128	0.23665291810246694
0.24561977980439392	0.298551743141069	0.12477311900871983	0.1471172739810931	0.25703761376159806
0.3319945485530902	0.41539395591605893	0.13390887866648443	0.16771667755223313	0.3936012518640158
0.5691071549147494	0.12334255565281314	0.39885675391094805	0.16802177684092626	0.4528084135659726
	0.39674310938932467	0.18168753514284178	0.2221477750785072	0.495864670205679
0.08782675215353615	0.6251398243607653	0.38623910453106824	0.39317047659334153	0.5013845594765404
0.2535771596920485	0.07869705128695836	0.27856706857537544	0.8772619070982152	0.1967169886418025
0.059464225295187016	0.08876919920099297	0.47299678315596	0.24820496305037745	0.118723163673033
0.5427298855016444	0.44898376680981406	0.2674246771935287	0.1346363595065819	0.08145326339889532
0.2783840338669169	0.3845941636570353	0.2414670285980252	0.4966299974604431	0.2924993108892283
0.17958154710333887	0.7987814079130543	0.5030319694418572	0.04950719973854195	0.286177016937923
0.3037918737445524	0.260076134024587	0.09257949856651129	0.4331606072272936	0.33469690766245175
0.3953849320803221	0.6146492175153917	0.10953076451211696	0.3957820769503721	0.3620301582068174
0.28143385296750867	0.36983438524053025	0.27451279786244076	0.2766240327945519	0.06062143094472927
0.3048679552811238	0.22236459421914886	0.15348288877125194	0.42022892984631616	0.6381133628762464
0.39419217043159843	0.5091730407484261	0.06153625303548166	0.2126961354993101	0.38603902179016164
0.1353405312710155	0.40731390819945557	0.23958430907894637	0.3653904533432809	0.43563297004315477
0.47028373345213526	0.284024753657009	0.029162147141943113	0.6468388315608311	0.10620438733564518
0.4607769399582642	0.07543954170093434	0.5895634711865139	0.42304878423102743	0.2762726543551697
0.5553376263814037	0.6767077302559263	0.2479601176733474	0.1401530562989801	0.21423926814962843
0.27973306078213855	0.15173405356744252	0.31210061743226686	0.10161278492660845	0.5697948074716622
0.29618930208161887	0.47098664406995383	0.1127884909173008	0.4514582588529463	0.6180150474620584
0.3555486460737128	0.4087877167351001	0.38570648861851453	0.13629256088770028	0.5482201951401756
0.20670404025320782	0.1776985016925364	0.3788155568336195	0.2878515676271098	0.11207519997953358
0.019790352587285915	0.4229663691083436	0.2948679059061884	0.5879765527525515	0.34368930600341363
0.3056522541946502	0.22186155273418015	0.34387177760100246	0.3170157140935837	0.4021033475987176
	0.2822910543851304	0.27496771151650806	0.32946859680565765	0.2394091964813682
0.35585345902896215	0.4892219300563406	0.47662311432296306	0.17660909820645312	0.18338004976497413
0.10710828404321855	0.7152885488854992	0.21749402010697852	0.5354788247385157	0.18202998947534657
0.4662473521600536	0.08985930986298372	0.37539534335677543	0.34783152383791693	0.34670913716738766
0.2888163302939915	0.3202482491978067	0.31461182235455326	0.3540489615112098	0.261269796751318
