X0	X1	X2	X3	X4
0.01884366534299131	0.22169162953076393	0.6211461562880993	0.7935530321440393	0.37389789755555003
0.7390141146307405	0.703914448980491	0.3085656320107689	0.7622143320446727	0.6652938036681502
0.5570313939211937	0.25387146852858733	0.4772802601600554	0.02100415841326575	0.14832060949347114
0.16825756771807077	0.5856221545562462	0.9194451792493116	0.7843536688851688	0.7712840609373973
0.10801954623164234	0.39009445358597605	0.12772563931445835	0.8878421768765475	0.7428726605885069
0.6344910339301121	0.11614299310318399	0.4299539119671295	0.6920065367841406	0.9597795871506245
0.022216357477569226	0.6270958290940961	0.9630551542767167	0.17654868574219817	0.25548581189727304
0.6860091328579073	0.9297797504239361	0.46892127201907885	0.21558342919835372	0.14063610082572364
0.4165208892282216	0.6923400082495272	0.5686023059581863	0.5166283914498757	0.08937869019402567
0.9048048896782156	0.13026564679719876	0.33462506971424666	0.4870680805715858	0.5152867616018939
0.20144994752388468	0.19704424928267839	0.7159664170287662	0.5149638076390592	0.43865913684289015
0.7258654401273419	0.10103657340325578	0.6001636779081647	0.6369102925343127	0.18885250869682824
0.75343269022263	0.7173116039649721	0.0737551349498401	0.504724523305437	0.6623208651138948
0.021142397969532767	0.8277134217382158	0.036265164762455226	0.8322230438956806	0.08274960900554573
0.7067802591983484	0.47179187311281134	0.5399196796027439	0.3253118600133721	0.17872922952965575
0.25686695056898234	0.14434660091080953	0.5845651137814092	0.10216457593954509	0.08009982076610522
0.5838052148285944	0.688526829865992	0.661571991809613	0.3976160298580914	0.34610134655445557
0.08511528638660237	0.8458228498693352	0.7526094765823943	0.5915677591681223	0.35692528353164943
0.7400749373402405	0.403425540933682	0.873907590806743	0.8818437307412006	0.3621184435882835
0.15742475158565106	0.01386871411762658	0.9678653487041041	0.583684737463546	0.8015237173267509
0.009326281445974138	0.6230729617354459	0.25179841129382574	0.6158040142351279	0.1958117915380272
0.9880801040744615	0.9791715674288601	0.027924141311259643	0.7381121905806537	0.7687802648429499
0.8647768251490928	0.5965958615268269	0.3620964863254169	0.607953146509387	0.46915277351427487
0.4143583498582242	0.34841282417632646	0.42738858874403496	0.6592115134614864	0.7632172331763555
0.1946676865070962	0.35886650875640735	0.6360848302504147	0.9933460351743849	0.5577356315382743
0.49452864833724475	0.3167413629400567	0.591875009337156	0.15077431318565415	0.7762696669022618
0.4160491544051944	0.22697615486091283	0.9141257853848473	0.449897764120472	0.12996445293142023
0.631752972816781	0.5719763769005479	0.26952161568792776	0.2614684770602641	0.7020735836525175
0.6346331583554642	0.8168380687601386	0.2597752861308442	0.5382089336448309	0.9715862040823109
0.6434602617601599	0.9477437582576059	0.5772236247055517	0.48548915984479524	0.434818329397215
	0.9527629093319597	0.08597949977562469	0.6114958652465275	0.011368774044831387
0.19816343728256214	0.9331108676925811	0.05745079491905225	0.2585181261250272	0.5769280929052935
0.8059499082004521	0.7600974826553867	0.4661597767139696	0.02806966758012397	0.2598164598683129
0.9501881227514336	0.021812739651158486	0.7931864283483632	0.11727018477459095	0.6239834155134381
0.5128952313203494	0.3554110712487971	0.7314157870173605	0.8469199717584839	0.989919655566148
0.6470581776299137	0.8110306071591326	0.5952800981251383	0.7181595075046655	0.05441907860392625
0.9895591665037669	0.8313561584535846	0.5085396214612888	0.6680689288944586	0.9935630803694473
0.5191213361343738	0.21794768625934635	0.6813175060464753	0.8368553856154903	0.6990303529074138
0.016796967113535066	0.8990269808465842	0.7407593379697412	0.35912401572399055	0.38503875302851076
0.925774386427416	0.19003449281922857	0.9983315063682022	0.32298425206242665	0.29066374277247764
0.24375740471095209	0.880374765144637	0.9880106502206754	0.17263864387934014	0.8362749791873381
0.10883924477711338	0.39114867817702514	0.6309952369159618	0.7991518935195306	0.9356746991477475
0.5616271707394622	0.16759550127451894	0.06803500194361922	0.9772890273036061	0.15077525151417503
0.4321457057370621	0.6750918680741664	0.43446680914210556	0.3983967552164953	0.4618604547833438
0.03381141860041792	0.43252120853796383	0.5769614653582724	0.8795475894463047	0.6233312019476659
0.7952661988663905	0.537847647508547	0.9775630431925256	0.929612100554959	0.6290786645873263
0.4812983779302097	0.5411825687701529	0.4219402943833208	0.4639424240331558	0.5365878597525591
0.29856237815526954	0.448616407521505	0.06620485740145088	0.6804712371867836	0.4971026252483587
0.7018605419719138	0.6163929877320211	0.7328437355047417	0.9454574644470912	0.7755619976915923
0.05829342313964481	0.049909143341541506	0.03501366393984484	0.4873414186763091	0.32671878452928627
0.8191352584271394	0.5528471491398482	0.024706594514410707	0.8823304712419435	0.381016128518363
0.21305594246406112	0.7815614100889461	0.7456314494218192	0.3472633702231459	0.9682485994737479
0.7706264195379957	0.9682626336543789	0.6235633712320763	0.10427407602163097	0.5950800748227119
0.761619131348791	0.6694050862243784	0.2762806317043328	0.49167142528328645	0.9299235388260546
0.056726863474505396	0.44432799550535396	0.05432048078480889	0.28074382585362645	0.24026659726520527
0.7672383053362549	0.2764507087411465	0.00986495581027258	0.7817471017584396	0.05358393023985153
	0.9096839024912029	0.28611419978600017	0.41813724896659865	0.10820831850117496
0.9684630191432931	0.8501718993545013	0.615895293346983	0.8195703241726505	0.2675772113689171
0.8746513075003896	0.09210353302708707	0.27263339042611157	0.8689128156642265	0.1547664225227946
0.6230528788348002	0.667937099437018	0.34130357405095013	0.12233269911429712	0.8116779576983142
0.3335160828939632	0.8339333954247697	0.2467018498969471	0.6263929593747711	0.48069975599235404
0.7700639369065027	0.3498705023114579	0.7002718028796904	0.21446866188772484	0.8297177117177023
0.2583762660564365	0.2978539709686092	0.7898500438125511	0.02907885976228053	0.49835025642215625
0.8035616204862763	0.8635991086527391	0.914648083135382	0.8431099689175933	0.6828892396349084
0.8041265000039124	0.8419395862425663	0.8468827282176552	0.2551793862128	0.14438218242198664
0.4811589700940173	0.16304141737924038	0.15448621337280843	0.47422489677452295	0.5495651840409284
0.07120298312628304	0.7567709042146642	0.1631057643571976	0.8560299628469394	0.9097859356454473
0.9183834143953609	0.5868879454690985	0.2672009845223624	0.9620492766375579	0.7069956346208569
0.6913464360395539	0.027967052175356666	0.09085043626374112	0.9177833976497487	0.40499074752370334
0.8713315718152411	0.539913981992031	0.24301741240805774	0.20179324344634975	0.7768462340480246
0.26756022980649363	0.9457217468215187	0.9584619466287049	0.4564235704755437	0.4399221481002905
0.5718550378677285	0.3216297803198854	0.48263676090258123	0.2850399722095489	0.06786955040071763
	0.5621594120299647	0.32134857592918153	0.9987102043939278	0.8791301113897321
0.34099717329539037	0.6760522421499713	0.2555929900376104	0.5369669347593258	0.5440935058001087
0.5089831507970959	0.46126444210268924	0.4985145155490549	0.853750389232336	0.6791342408935217
0.529167296338438	0.38530422013178833	0.6044128105415235	0.8006465047958671	0.33932725445139644
0.43658732998442074	0.4447653280216638	0.653368587009	0.48843902361221114	0.43223234036257197
0.14045386601107956	0.668553294548678	0.8781200244644132	0.20580000383156027	0.6064544357218943
0.724609210046769	0.49817288147872507	0.5314698338333473	0.7478913131513655	0.40825925415182107
0.6412298123697973	0.7331403826252674	0.6344599752435278	0.12532516706614183	0.1685046645651742
0.47471971167115357	0.835439497371255	0.2974344540981564	0.17119741682766132	0.6790887531014841
0.5431351211290262	0.8199446076136612	0.15015466582168913	0.7862168296463515	0.6230020170628385
0.06372138816210637	0.2779888675882899	0.1197582618694768	0.27905976001959665	0.2758157806412178
0.30790987934537717	0.41586174447563995	0.584568645140907	0.7547458715845388	0.8609146132259631
0.5898822011579187	0.5961922174296137	0.6719402189529237	0.027081904027338122	0.9007446762448201
0.4992532819217924	0.6038046733685538	0.9334069500465642	0.10764209089473642	0.3008099698427804
0.6925131042329603	0.6757405167501932	0.47516022777576084	0.651415870683336	0.5398696957116556
0.06901305025548998	0.9935979942116531	0.06837996438064009	0.569896548323925	0.554721862070985
	0.17505696212191701	0.24284196866164953	0.2639870265653611	0.933802212257042
0.7329296769671723	0.7570718403722035	0.6885415296845546	0.6823428323540501	0.8194379876881588
0.5593691251437463	0.12316161879097953	0.5196986497802513	0.7347761290602792	0.15653639186008306
0.9886149584347563	0.5860491621507105	0.8411001550340858	0.029155869528560974	0.14017603713834448
0.10452065363463159	0.7837185552941777	0.8260042824390789	0.2712638427516304	0.6772775594220187
0.15520439006985753	0.0526965845062517	0.015763796514594697	0.7334149475470477	0.43718361214195967
0.22162947823139734	0.12398619808468625	0.8661526540047448	0.0672894504142767	0.1948887752659051
0.31374399409599685	0.708463417624007	0.8840470274818811	0.13105722424046384	0.34577027232391966
0.5783391962845262	0.2820509941156125	0.7542135537774214	0.4055168544088449	0.7264907413485707
0.5690218182639217	0.7052221466599651	0.726405693147628	0.1389021158126439	0.3022527037868171
	0.98455352165208	0.6821763523370912	0.6206454589457123	0.23168906434644876
0.9917560962782819	0.09566107330474816	0.681994412749896	0.1724357523176665	0.5077679466875548
0.4423052825707172	0.9677214046398669	0.6827372344457258	0.38880252324720377	0.6984481560664594
0.8185323645379066	0.9713650303475977	0.66126617054121	0.5450181351398764	0.8089629869733969
0.38770163097979227	0.9289979717731165	0.9773872451576959	0.45874354913758275	0.8928100073163415
0.8123571017250301	0.6048608927901973	0.1690656251528474	0.5131446904459406	0.6380965176117828
0.4746707997096119	0.27295267489653385	0.43872776646806166	0.9426658259189719	0.20246482898777662
0.5576263776140511	0.22511464623410316	0.9639683781401884	0.7286977502029955	0.03471208633045886
0.40514429176710476	0.6617360623751685	0.49892189339530146	0.07939898755044483	0.12581155292632962
0.6593493208267432	0.34433747249955304	0.1824840324392646	0.5341274908945932	0.7938177334299844
0.3676648383958532	0.22068191049935248	0.19601699767976033	0.8694054952491447	0.4747411913372105
0.8119607832900407	0.904999954366227	0.9832948454634265	0.7191720584569556	0.09329022510206786
0.47301007568049946	0.6278496631246939	0.7352406094635499	0.6526192997787014	0.3682447539186492
0.3740106695485106	0.780264431870647	0.05932600919815434	0.7615366299188842	0.06465402922920249
0.8912001196702904	0.5265533638224739	0.03803529862931343	0.8617666164674606	0.977107704791667
0.43029059939826564	0.13513688996632423	0.027731463072317997	0.16036467754839745	0.9217798284402278
0.3550535537594909	0.2669339173960754	0.5462241517524808	0.9009853080740465	0.3262088777512544
0.5566265634820099	0.2873218931879927	0.9428092268796187	0.387213868008661	0.03553085617266083
0.409260162832906	0.1676581346202355	0.8480968779848443	0.7457911211843664	0.5471355235931327
0.17367907304356456	0.3026460981301773	0.20677473196316065	0.07404744957847875	0.38701621954370935
0.4563515111066627	0.180374546843027	0.8379054637086847	0.47547222066830974	0.25535598830079587
	0.9901009200964666	0.10774933832505817	0.7894763062204553	0.2728895875666114
0.5583197089937976	0.029323939363005924	0.7344536366532282	0.9713793423369818	0.3134789840878174
0.5636358350611353	0.9327296817209404	0.9690552860913582	0.24392319097944937	0.3383473562074495
	0.32973362124916006	0.13853746478293605	0.10761059585541433	0.22465537297858507
0.5818275308866949	0.944639084415241	0.5214944863852813	0.8255229909192601	0.5327840086000327
0.6163897718008657	0.08622783259072486	0.1473635427742862	0.9335507517662753	0.5645745114011892
0.5720893808310091	0.17753726186677188	0.09806026014528602	0.5046004695505144	0.9557069279219141
0.04745043244845826	0.030625142472349598	0.3070362790573653	0.09598571651706811	0.6936362870125998
0.31646746325473585	0.6646436978475808	0.7323639965429583	0.9018415426826903	0.09709573045419906
0.8974948849826366	0.11501800337250978	0.43772383633107925	0.07335009903376355	0.0713378111179983
0.3008708343558869	0.6926211925699474	0.9645880308983501	0.5995915797616554	0.12134325508538191
0.41669744381368157	0.45666876610870744	0.9590593159132491	0.276310137543881	0.2098768828074481
0.2860927584605151	0.29584007769090326	0.969492058342039	0.1740968816620837	0.9590494938022905
0.5292916233306038	0.731175361247297	0.7281337110002399	0.6682102192680446	0.5261029620547745
0.0965319677483033	0.2822690369688655	0.255208785197765	0.16636555839329126	0.7156198862239135
0.2829199809138401	0.30004633071309783	0.22689411411586147	0.7410813779487293	0.16440322422470255
0.5632213069721139	0.20282980456465427	0.784897459495243	0.6646271640741254	0.007237060561506636
0.9295768637349667	0.31324462877623915	0.7388507577078044	0.894902355337071	0.610717178775087
0.816669009766866	0.20996837972136362	0.988918288909364	0.5112591185013599	0.2886498629915405
0.4883777725510917	0.035498345563437006	0.5920571967656566	0.7636204009102372	0.7035994479948764
	0.4942361525618676	0.42742754332038924	0.8004986933515142	0.11226205445539184
0.7893917844403928	0.4722564342173071	0.8816816081260328	0.5016308356196824	0.6438174669093625
0.14329396277536732	0.05545188113268884	0.2910220005075458	0.5568139151846456	0.5527760035482127
0.439353617761	0.10226416736717081	0.5353724170413375	0.6337275105598953	0.835715580096484
0.8760230809436448	0.6373220551659124	0.17887296602711666	0.5631522911515375	0.8865323661167617
0.05626106119174057	0.8021727399032788	0.4469048233390045	0.4995837190419461	0.9864711466787895
0.009544662920213942	0.8913462925508475	0.6105490605348759	0.28298787954055094	0.03160825957740643
0.9261191973576945	0.6547723560708629	0.1655710948631135	0.20701584924979832	0.338439795326262
0.3395041069090189	0.5335015331784704	0.2860166600010595	0.4372164278566266	0.5048649046033279
	0.8689150909669963	0.3660676269664943	0.20425319340297754	0.7849963487115108
0.2019389697051578	0.7653577637761109	0.6439956088313106	0.0412704441909596	0.024622015104178052
0.26487078024854305	0.33748278968934553	0.352665757958027	0.9938771312727971	0.42632790239418505
0.6709003821267644	0.8537633170586039	0.4211815333624308	0.7633823537021649	0.007897691376403615
	0.3198225768715466	0.9531991654933578	0.07174409917539393	0.9577859763370156
0.1934301207718675	0.24292730675400853	0.38988846224297313	0.3153062406906817	0.2976083159792823
0.15233564731083138	0.9718319687924177	0.816688751371718	0.2388530475814028	0.24718463731144014
0.7166920351335473	0.7161078124773247	0.42562156682956476	0.5294993215024582	0.4108844177260389
0.4436821156375865	0.6217036729992572	0.5796307487923951	0.32943983456151593	0.5478086107756883
0.18409619179103198	0.3839280907774225	0.205492383355094	0.9495270349918834	0.9876574175785047
0.852037083832579	0.26105816495896905	0.31874092415829425	0.4081123557711427	0.03864803997601096
0.759974434759918	0.44663821864292985	0.8850628344896885	0.827573762016101	0.16528221453127556
0.2519889722656973	0.6204918396562967	0.7752868809721534	0.6795772092668059	0.10224185690353149
0.490258970567207	0.5798941540298304	0.2050308420289405	0.16932058461732402	0.41284765821282676
0.4474074391151287	0.8061772004840002	0.3491692649397514	0.5497495817978746	0.9864733126144032
0.29510723901642844	0.39569306059337783	0.8722460113398676	0.8771880835356966	0.6719955427058425
0.2384275702884231	0.7736402509425581	0.8255889959506417	0.21742724187010554	0.26793398649873323
0.04054869423979646	0.2662005180090331	0.19184772252356586	0.20945291129794152	0.548441383999263
0.8878181081868204	0.801029918226526	0.49884057877965393	0.10799800255568981	0.18894937580526594
0.4681192119156319	0.6338604517376838	0.8747261709221226	0.18005768568847724	0.25421470927345513
0.7306350639879433	0.2854657466561423	0.3870638778043096	0.641446873867727	0.6464010825800529
0.7427722826620657	0.05632210220768907	0.2683825513071695	0.18412960003354317	0.9828227411075514
0.5312179369568899	0.04383331107185706	0.4968902954873692	0.11132614625985127	0.018540393737246696
0.7877653971003993	0.2556439865498876	0.7057518600179701	0.17133039951576934	0.15666533937382943
0.5725458505490512	0.7547595192834787	0.8849899917594956	0.6957336351626204	0.05102591518788413
0.18361577563282927	0.9337546305358497	0.6452198617907517	0.023483408281665508	0.9456551722086395
0.19017202547044354	0.8834258549043651	0.2397068570949854	0.29177230889126005	0.20010076838133728
0.9691096038072209	0.24280436858324994	0.6662598369115191	0.8927813952954281	0.6937864815139119
0.73800157160969	0.07991788349968454	0.06496529845157717	0.5773768868323724	0.8417324409760487
0.8448864577439464	0.2930429641154997	0.9851622528764316	0.3002796751184018	0.05509527302297701
0.989740767555194	0.03402405299519695	0.1578444898028285	0.07260216473197367	0.596596199755451
0.45968710621908193	0.5122478782075338	0.6435157023787871	0.8039670448509614	0.22090230528167143
0.6352593443798299	0.27614321464414304	0.5129451850515613	0.9276145294914079	0.39457903272716144
0.7956326054369338	0.23944101710973886	0.3044749002892405	0.809480342417835	0.9587065625596006
0.07907437157131836	0.3858079611129531	0.9431786032663413	0.9150098479452399	0.5092649190284088
0.5153024681171531	0.8590371242609058	0.31146042956972	0.20947061452543547	0.07249299536959264
	0.6016320890934764	0.7531047242098453	0.8933252720097091	0.07045567172200995
0.7182735393785736	0.7861875642998101	0.9589195515481407	0.7406595109333406	0.4955004876917144
	0.47117538426261685	0.3270814516387892	0.8741621915011457	0.7881171172245013
0.285742314571222	0.24662997786232843	0.6303934094136122	0.4489473615431725	0.5062411581569323
0.7696227035506386	0.8345830086778453	0.4180862557947709	0.24383750756458977	0.32616946430751015
0.03009629572229544	0.36643014899681403	0.5497139551245304	0.8013892142156057	0.48766282445944875
0.1438398871511073	0.7828131842690984	0.9264823493408613	0.5170235415829944	0.35745690697618404
0.24540929711060044	0.3093917499450194	0.3009553478529382	0.5201230233374668	0.6339522182493925
0.9792148345564761	0.6660552608379222	0.8482714060416569	0.22162790288563627	0.7792654493241021
0.14721783116898113	0.6721345947036991	0.41252896723657784	0.4540672300460845	0.003768640984840088
0.34394101874045935	0.7959853675657859	0.6388390831765923	0.601956414708464	0.018109642036950757
0.6998008352240711	0.9463021380774241	0.288151514870855	0.5881188445203626	0.07330506453726571
0.04268322923826229	0.20725743187014534	0.7720438574723845	0.14960042953759456	0.3366644935431877
0.3517026946732065	0.6908314827688323	0.045006881363045426	0.8049014776615762	0.591771775186978
0.3483489744127134	0.01669596055809086	0.6894228215381033	0.8538375393752938	0.05179030790641814
0.27366189762624915	0.3569007948439068	0.5289645945861077	0.2317671008346035	0.33122652942813957
0.24614970213247667	0.13531405864972457	0.8401970031290533	0.7989283177949084	0.33460872794137364
0.6142111655975492	0.7940218963642532	0.30372619746550067	0.8668204807217603	0.7487380313575163
0.4891834380949436	0.8789550507916816	0.8121227555848194	0.3937562097612959	0.42106150159330114
0.500031923020126	0.6401847488467723	0.7703577124799336	0.5123013378873698	0.35912039610974955
0.18395838257838704	0.43177809951595947	0.757728444413527	0.8258916621372459	0.6017055897230301
0.42177107220404264	0.22660585832793434	0.19861842074574543	0.4600271894360979	0.4173449282165784
0.7407812749005505	0.2607353826354888	0.7303483307506665	0.1182405827746631	0.19652931359635994
0.11311100111067762	0.12292681706231567	0.9918285173291126	0.19974436603236523	0.3148947715077953
0.883575815310073	0.8009423036973304	0.0633843069125869	0.02242813594560411	0.2251352675632038
0.2868481365326969	0.8112043930062147	0.9318432836121496	0.8009022542813999	0.3501207759960978
0.08447293036036319	0.5832083441863716	0.4912696577853466	0.5070875066182486	0.36982064049928
0.392200921337881	0.3024065685863556	0.3702897154914091	0.6456152290287899	0.5892946453104972
0.16124675426895485	0.31959996438365057	0.45537576450253003	0.19086261425891016	0.6504776461760206
0.37494297883797434	0.5872191691226608	0.9022891386231213	0.599093437965033	0.6564081963911728
0.007926467617470956	0.24523800536492746	0.5948049459833804	0.7344517197961792	0.1734873842906124
0.27734264835224887	0.4802882379788769	0.5186403166372725	0.960989614324539	0.19521607366287275
0.657370151572189	0.12092950958141169	0.29337617143167927	0.03561523734423999	0.0023336400642850474
0.3613659569150699	0.4698230175274932	0.07930399630620888	0.4667652746364459	0.9880183386952168
0.5050260615013151	0.024086349593865464	0.7022793858174516	0.46879570528958436	0.09991451192993861
0.16361838217563174	0.030385570431639253	0.5490075076170631	0.05416786369994042	0.037123244002170375
0.3766762363289139	0.4747562618468756	0.5539237282260309	0.021622437239494974	0.9271015601694497
0.012781896682896643	0.8153073477765743	0.06807704205881548	0.6556418215434029	0.9065291335780473
0.08876912544841742	0.4474709065206288	0.9336442521874078	0.9981328556345975	0.5489081615982292
0.008086533624267811	0.172514106683328	0.5954109175558355	0.06578924899760963	0.8700310082594161
0.3719390156071408	0.11089904223320668	0.11711099322081409	0.4691049021785011	0.042174884904639165
0.7328341741611945	0.6588778759411165	0.5934121953488795	0.07857763633371151	0.060196924470650504
0.8215315204713634	0.3985348798737154	0.5131546831922018	0.36690648297776474	0.1077642531312899
0.2873730883357576	0.19818021936900942	0.21228924269390193	0.8535302969991337	0.7750285554927481
0.3061941538838212	0.6703167424881648	0.7331863685645725	0.0025466677476778665	0.3910858470102919
0.14073022224759668	0.4052164275596235	0.8048957998234747	0.4837847062544415	0.6611851540813057
0.31055119507854023	0.9516561856250282	0.5858770704042814	0.635671783536051	0.4776675870760344
0.57143571096102	0.11680209788104756	0.8635978995362318	0.28176892456156877	0.1658442531924148
0.7985029879018809	0.29099642726089614	0.19420302565835978	0.6082203921665403	0.2647512147908223
	0.6003224684978654	0.3621361462421514	0.16416818855772786	0.5613952991814685
0.22661868435814503	0.4723209541408777	0.7359395446045073	0.5916095213700074	0.017387290727103988
0.03243566277878296	0.5999914247259522	0.2269102264880435	0.8998103997765206	0.6985303834612674
0.40550935286289	0.5279612954021975	0.3829993114777466	0.4824302110575903	0.3630990779458031
0.47784297509369844	0.9355824398414488	0.7220124153053372	0.3988871383853956	0.8788645503917608
0.5301215191240595	0.0008248952110725405	0.1755376771535393	0.500380414455497	0.62451934601898
0.07928550308367543	0.7634701311556427	0.2527024681000183	0.43074650664058434	0.8287404337491923
0.7734726102851559	0.8878841427740847	0.12719298400535894	0.8408788051031242	0.07983803011817314
0.2717347967509621	0.870589735718921	0.1782350280509748	0.6617601395812913	0.8678518808389054
0.5798236364733731	0.481040405245897	0.833340758630169	0.9097480269393081	0.9188537254664896
0.688835165892023	0.6003546432698099	0.008522781571568272	0.38842894051392973	0.5643848188348826
0.6243963228471608	0.20292307666488774	0.05448157331519321	0.16134043847452717	0.39759607281389986
0.35667395168830573	0.7285273372209679	0.21728187442610503	0.26053692469468004	0.36356920699153983
0.7511499540804533	0.030770891461698757	0.27520937059563655	0.48318357289220526	0.37524061744614234
0.3699466044892511	0.47924534341963243	0.30814835025737686	0.1449004271282479	0.8800815037725697
0.1757046308877489	0.6854025580760024	0.675532531217967	0.7160480563203244	0.5079485391760944
0.923005568634291	0.8367902944755229	0.15995316409948634	0.7544573232100343	0.4869435206171503
0.8634670715351859	0.7226790813936934	0.9864069968434367	0.4609427192045964	0.2096287121372008
0.25288264825902784	0.6759573879091741	0.8152557775995908	0.10155984531585038	0.7085355261950133
0.8602568014544716	0.47553888455392945	0.3023809524737856	0.04933262090682122	0.9671878399406676
0.963211520405948	0.25193543826287434	0.9520582330201631	0.08623835397375379	0.2261994801239896
0.10822113764186259	0.8344745867325915	0.09956729657829155	0.5863710184048827	0.4610315144996803
0.06541608186477976	0.32518176615741334	0.31327424796432946	0.11094930378657475	0.36514243599735896
0.7893995792122948	0.8486312488366438	0.8311802360165527	0.8704371943358921	0.8208735937923727
0.8828446677974212	0.4502252893966838	0.5709878986999992	0.23155236320894268	0.6805906905192063
0.5574382982163547	0.2983931223692401	0.1279926929756917	0.6985792693005404	0.6619795961495174
0.8060149446843029	0.06889275266202566	0.719597090799794	0.9330575540496966	0.9316352199800305
	0.20357093078091992	0.8382020193159154	0.9597713696006351	0.24533249314652505
0.6943852240966761	0.4378640162553622	0.3194621067987762	0.4612180395008455	0.47443270532442094
0.38608510665554263	0.016026818093745843	0.5208536159344835	0.5960364891620267	0.847827223171455
0.9820391624105693	0.23132229052563924	0.9849961954558466	0.7714458689086156	0.18342498086845838
0.30890842527749673	0.6776767899130882	0.8240353303124771	0.42556806497399724	0.6262021440413961
0.7292587010886075	0.6064338183537037	0.5475341769964729	0.7770669906389677	0.4494719290985918
0.7063517737690466	0.8215358224457987	0.7274046384177801	0.90691549617658	0.8024660169442428
0.30004441257206116	0.7718135159167312	0.13877563442393692	0.0054076369320542605	0.09561113358279827
0.941850283274329	0.12627910310182777	0.8393753223268039	0.359748581888916	0.8300082125471604
0.010806270880684199	0.8695053229698938	0.7801287806225257	0.5238789247347563	0.2917527721230768
0.8274101453232988	0.024881733004182394	0.36903378871620296	0.9957144341484563	0.7303532120226518
0.5547388634655884	0.6221161434884777	0.4187478963321736	0.8142691740936878	0.8334255736686982
	0.05292311819314921	0.36444985086328174	0.04656838289325338	0.9103448972982591
0.9269679225677128	0.5570829330436967	0.492593903423321	0.5514268600055193	0.908641878659662
0.7724626188574057	0.20114655866570808	0.40797152091456224	0.7990230290626549	0.45155344386781204
0.36532437657322037	0.6958851217944765	0.796068160443933	0.9311519099275386	0.958226534778524
0.04898743518948456	0.28375963659248005	0.7103047816645472	0.5216221378884828	0.788353906270483
0.4755736282886519	0.24151604266167193	0.4858964219547074	0.42024279178750057	0.02838212683638086
0.44245294899819865	0.2368243193221049	0.15221621994713785	0.3454553081282471	0.04328951660164604
0.5397491264385942	0.5946966782937262	0.7265800345057322	0.4020663947019213	0.7898875616574026
0.3453708517495677	0.0626394446863715	0.7060041386960785	0.4699538622663648	0.6332599316249958
0.28649231996543156	0.7320237175541904	0.8051460057529458	0.8910541836631947	0.9859226274966938
0.33298120908452655	0.722016354353477	0.05547147305464062	0.8897437181984271	0.9474792251896537
0.19557718534444268	0.4133702358147273	0.9658238250079466	0.40297944697958465	0.8385096660653135
0.8001934624565645	0.12703453869357828	0.11312324308070021	0.08593673585063444	0.8029841964934687
0.32361252404341234	0.6636102640082854	0.5367195445598192	0.3377670095493537	0.5295863070122291
0.9538513451815299	0.5787472387954112	0.28389808329546584	0.7739621101123051	0.32989721358372537
0.972751727057843	0.7662117596878006	0.36166571609724785	0.5385277733132163	0.7126694218957502
0.9948427885321011	0.31436884560415024	0.3341336335950058	0.0028183551031667475	0.8095084596570714
0.08582760163937253	0.17565984030117332	0.2858352166258279	0.3737452038951177	0.9117998031234547
0.4774977141991008	0.03169286286903983	0.38076898159049166	0.7594813364498687	0.6814324731513671
	0.251460184772643	0.7242012596638532	0.6884364697023596	0.19651030646224465
0.7290062705789225	0.6951250870818004	0.4525342485093373	0.48731902703172103	0.19094567810131569
0.2869352321211447	0.43467804094834905	0.11166601121916786	0.4779113806474543	0.9174270578338228
0.5860079092190322	0.08005030562772053	0.4198364518350981	0.18672041111981652	0.34993785971131897
0.5063280006752067	0.24900828166100997	0.160627371015711	0.05786933253129711	0.5156104265599463
0.8512932349062505	0.7339034183542357	0.4952215592198338	0.23184366408589274	0.6148661982528533
0.7530306461116716	0.698828293691357	0.014476155812240932	0.0074261103070457635	0.21854327838574317
0.5708478570041495	0.24079511543988963	0.6856380258956266	0.32405900373858654	0.13618305310851497
0.1789143009734977	0.03269411106924369	0.0924056609692806	0.8401532921450164	0.6559267795872443
0.9103058926371584	0.6317948039154563	0.2097351562503349	0.8149375169468904	0.04319609465506069
0.9209397858649806	0.23658424513330756	0.04039536625620299	0.4322585097493986	0.19402903060623367
0.42698545555846246	0.2767512192069418	0.2434298078956617	0.6311111102564997	0.9703743949060765
0.6526727475650629	0.04732916298958889	0.522188455848709	0.34387975873831267	0.7171333750700889
0.09220358756662628	0.8851609085806368	0.9276261811325348	0.7491744720125295	0.38158773408543034
0.21098575865829872	0.3289360741831264	0.05807779223470866	0.05175345602835324	0.7728640446696838
0.16638483499134737	0.24708350647275856	0.9268060108868648	0.9477616247499567	0.5043849397077614
0.5612155866192344	0.17164675983384725	0.8588013121054312	0.05238621043741387	0.23654522742085882
0.5969519796834915	0.5496240273962667	0.7887011993789654	0.004259578817531806	0.29987686817926784
0.3920754858512294	0.9504062416682348	0.2208489180249502	0.09176391639625314	0.2521121207106184
0.6540655269206366	0.16139163807174406	0.2423934500868854	0.2706623590225091	0.1610931744481805
0.7992455438801566	0.5984521602414221	0.769836269082374	0.626907110269015	0.604424562289537
0.18189004095153138	0.7100969606963125	0.810037724491925	0.20687556192366974	0.7376813701830414
0.4908248910385087	0.3323763758753182	0.782504122148414	0.19233282367353532	0.1280038514226125
0.7022906150603668	0.5949290903180029	0.9288047776014116	0.6919953527118128	0.15130118686704408
0.3637661074097801	0.13451167992952562	0.9138899467266596	0.06604983244380969	0.4057106815545197
0.26976071346420993	0.1979890104724218	0.4752437806022668	0.24908623077119885	0.7890179894978664
0.9073371412985971	0.9309938193394875	0.8595623186251257	0.2971810775672534	0.18681823366969175
0.195570190857992	0.8694959175694664	0.7674902046706144	0.30425598096471396	0.8825834345342822
0.7149729235235964	0.4834203659453049	0.09809148093458864	0.3674505375860312	0.32369955282390706
0.7152602522283288	0.8903204610014163	0.04110274329619512	0.886810021666493	0.07970371703917345
0.11623922608487769	0.7621120923651764	0.8367615925107736	0.6479503697368157	0.6193652341621848
0.06434416075516391	0.5910219388084663	0.8061554443719617	0.5319907605317451	0.8917429686475036
0.5954119819699052	0.016786802033094794	0.9580713741382113	0.21037244997517723	0.2037262941079231
0.7658144167086938	0.8356056589419365	0.8247540395443059	0.3068801813189499	0.3548710472818424
0.9532377518770627	0.25464272353060236	0.8921402508217129	0.32165124474225026	0.18233743720771234
0.9293946943657876	0.07941373513963657	0.7723365606930371	0.42156849260198903	0.4016173280608908
0.6050485916966576	0.47349809756342454	0.4365906685158949	0.1668917394484961	0.8503134273699497
0.033310757891413245	0.9379917271542186	0.10394270605802125	0.2817383918348608	0.5235979942538214
0.3058343437501193	0.03330960036576025	0.3240939074472763	0.6347243978246769	0.495140474761098
0.6999960660709249	0.45079413379381594	0.7779723579283343	0.6343189730264636	0.3856839388645552
0.8097056099218115	0.15959805820214668	0.16037843828629705	0.3375660692592892	0.68417827406651
0.20432215934562525	0.3862312426973753	0.030860075414910537	0.8555603139856744	0.7666557351194722
0.5084132746762655	0.9361657413409954	0.5317458743227048	0.220615187058676	0.4899706963514693
0.103501708067256	0.6201591571082898	0.30153203428896913	0.9340866375086585	0.4975748665538874
0.05104786424247343	0.9346973379458146	0.051695131932677496	0.6737229174168926	0.4251759882153999
0.8464424469877746	0.19887346046540577	0.27192588427949216	0.6054967960937951	0.30251216709996775
0.2673836308495984	0.9615489189724773	0.01485311170449699	0.771611102635574	0.046664025016768695
0.5106902576976634	0.8641293979902461	0.05057254014125667	0.1873230769991886	0.9697429826255145
0.06449910919026614	0.8352845458087446	0.2412125026041111	0.5413416288246851	0.835231482537745
0.4152680770157716	0.04144009549785399	0.735434399108541	0.6267056717392102	0.5789496057321807
0.7250202506593916	0.30944682328306394	0.9860467004153359	0.056737284431324864	0.6506329236707653
0.16953264717049943	0.026942468994834212	0.941610070291345	0.4546268647722951	0.599420225999623
0.6814703602662432	0.9903187416761939	0.765063358996098	0.3283076083938099	0.6400968565996888
0.3288871928235353	0.9291528143216088	0.8736110480838029	0.9773781641071995	0.3246286511511246
0.9997190812452468	0.07618687233743848	0.8088558781479682	0.9139606759317831	0.8827456298488048
0.15089802530970997	0.6232213058213503	0.662944097674356	0.6276600741576087	0.00819038967627983
0.6385929270802223	0.3468893106206118	0.16786295582487998	0.2341595767065131	0.07690718275767983
0.05484425790737446	0.8098568836064863	0.45529715987297015	0.1461540292246164	0.6859467921561376
0.9598370460336961	0.01671459546225529	0.29546318918245773	0.03516425960885228	0.5410682367628793
0.255400707430268	0.7455046990663219	0.5384231237324324	0.8716984605624156	0.6816004852790667
0.1018850334205752	0.4386432677370564	0.5785629589410088	0.09312129738078156	0.5319667358055832
0.5887517791503774	0.7942490635116026	0.38925243739335225	0.697425899771349	0.9426962262361198
	0.2422719777999337	0.5694226200233492	0.766984947524278	0.09759234731504429
0.5246253771553134	0.704441803994958	0.4674110554683215	0.3816277360844361	0.8027928647852013
0.7113390740778109	0.928298391460343	0.9050657041661394	0.41282290315304515	0.7343666122419045
0.41623858785843204	0.3784890596048752	0.8748461509173349	0.18269548739366348	0.8634695133291781
0.18893228234559745	0.659806218486822	0.9441592165814141	0.8649272441533139	0.12491714041041291
0.7495318724066606	0.8185448271016259	0.13989320669394745	0.8518794647151358	0.9098653385256279
0.6046958540399154	0.8563080593108703	0.39884863216184363	0.1312901232602829	0.6284923260454731
0.19462659868470256	0.21154267784114122	0.5392839625226922	0.33527870839214613	0.8357261641474285
0.07176701382118111	0.7231489333369842	0.6420397172616316	0.08920441093337117	0.9075471246170191
0.5910591030598614	0.0861924248587691	0.3929536330008515	0.9038397810519107	0.7501441720463601
0.7015634069704001	0.08882742241456754	0.7330791323556965	0.9463235533105014	0.2339917328237835
0.6693717427314331	0.05833434784342206	0.0025660632434251207	0.49753392253333584	0.23439287114518403
0.04443579189494096	0.0696900853389344	0.058134773876256984	0.4418165725112817	0.11000474496163126
0.9414037359168436	0.4193601008745427	0.9954018195736655	0.5207234508136492	0.728903905783504
0.9267705910239231	0.06826128423200106	0.6093253672396324	0.5676535455434503	0.97682124423698
0.2178079272610567	0.7871082878803083	0.9009125341363492	0.8404850728836157	0.5902596602782451
0.8225850886876211	0.7410088031426847	0.0371811077682066	0.2463554154064247	0.3516536438768353
0.33065995522460756	0.8137719653461276	0.2595141514826652	0.31016543404979324	0.9955933669920901
0.941714856207736	0.7770543841542789	0.08745443308177525	0.2760856833426163	0.7667577036631508
	0.06894431894148356	0.33485727256784725	0.7665342638897825	0.6866882974165075
0.384932782009474	0.6401830106359867	0.6449045693032677	0.033633773204239104	0.5284351542427728
0.14759282014774	0.0619700626303088	0.8433620916026542	0.9490655170911606	0.07065303184060556
0.602036877024531	0.11699738699563711	0.37649502261943735	0.4049382973007122	0.3445804371404515
0.2537917151304149	0.3412030112333415	0.46418502725824706	0.7177489816400168	0.3739258629962713
0.47238054198610346	0.51713321897545	0.04207242918909859	0.8454531441054202	0.019354535730478406
0.295837653814884	0.992818073306136	0.9528332461756543	0.527096511893509	0.8779292731084958
0.6332410979303473	0.14552307455230462	0.2890563389114006	0.9225553249653203	0.1573905726868159
0.9351034437470621	0.9438594988727452	0.23601996041000117	0.7281280389586485	0.908489060934607
0.2981625763343796	0.32800101247386915	0.4594259803539439	0.599091373461113	0.5776357798656824
0.3431475940837252	0.7837994786865968	0.3501513889957111	0.37483038624220155	0.4440505624301304
0.25665111033374866	0.2892863864464569	0.6011653736397383	0.7918238312748029	0.27688739829990705
0.5620415066396806	0.37281589214010924	0.5896189016635052	0.36282376727032617	0.93447639308645
0.15848921478473488	0.8437476297920885	0.49510361166081807	0.5393493768566966	0.5279578339174669
0.016327284687859822	0.8386661865869486	0.9395358674460297	0.732942388099333	0.556303491270073
0.44217162959530965	0.7590170160951647	0.9093077838045944	0.7830387636692038	0.5113539509662717
0.9910164934295749	0.37836848879199936	0.3899003188349437	0.6315247037459448	0.20410801148961089
0.2787154347314811	0.6264309513447537	0.003264368224827563	0.2696893970190012	0.8055871510632643
0.5326389339538422	0.4373832495588976	0.8452930868144477	0.5055409985103643	0.4053658293829393
0.026649208018762804	0.9494658444914588	0.7976114975588786	0.8093366601622298	0.6378616056710064
0.9399310042516766	0.8083557173972539	0.17995514569066173	0.2887025179946675	0.24291959503163296
0.2922964958204761	0.19821544250738043	0.26401288882643814	0.2369676454231303	0.8192188291265011
0.32120242705052193	0.08959277032444435	0.734536380141925	0.10810597907131625	0.32405399511916033
0.5681696208343173	0.5117893388616191	0.8045722536058006	0.8902432954264676	0.8786509096785023
0.8748908408065268	0.14579642878713117	0.8591350458235861	0.0490055324313724	0.14406004246050563
0.36486791685642417	0.8064841102695092	0.5008456344853224	0.7734617711615925	0.5909033806612382
0.24140332961551025	0.9623426941841934	0.603227350620074	0.12999416630005978	0.5261211489493011
0.8969846848126267	0.586365188831176	0.32804650478146336	0.0988745576765484	0.903658993104071
0.8230928544712549	0.2835585921951488	0.9850807655636574	0.506096487188526	0.6662790308474732
0.8514580221961651	0.4110899246257963	0.5802447517097794	0.387284166676352	0.8727747209822412
0.8448085757257285	0.6333333343467512	0.8340877387218939	0.9415121243765446	0.11559162541627366
0.9554322356521301	0.6475672427606778	0.10123828522323242	0.15840124893906993	0.9108736870276856
0.07232991706863567	0.36444179733233106	0.5736042896079827	0.27304992103018844	0.8362290182117241
0.8187635603137592	0.027141286934205366	0.6431193632186228	0.9817985459682647	0.3566550856145544
	0.37573618517313123	0.09247871059643109	0.7818679830422142	0.5342371329435687
0.39395163181663695	0.6581969552178943	0.8339193120416144	0.3722396518105787	0.22301220409910694
0.7479005915101399	0.22175661493577215	0.0750685122936815	0.4712538836939779	0.74208611092576
0.46227251490317856	0.9026304888795568	0.5025973751675096	0.04112537754126455	0.8117090567736134
0.3250796277876762	0.23758540971105202	0.4576317306716554	0.6270614313680247	0.0190012034520588
0.615745014947401	0.6398605033690372	0.8107633308073542	0.4059149370092907	0.6882873299902281
0.28166845461963863	0.5417805494962671	0.31505320528251823	0.5487140733092424	0.29991126121570133
0.5764831048298903	0.7964554354906462	0.3226049903520424	0.7680152646902048	0.8660474382645281
0.1913465963034926	0.08336557738379535	0.5855295388815743	0.4158374372386269	0.4807478698434997
0.19696363005663686	0.5271970514228435	0.06838210070937023	0.8782527071047067	0.4350120688618495
0.6277847927204852	0.7834236196971563	0.28682410013544657	0.5382472539271842	0.1876171000849497
0.040485984986208035	0.8803825397740244	0.8688368774386268	0.6733160765571029	0.5994705068009264
	0.4768007532407361	0.9178769702607803	0.5966573121636118	0.3846564932194635
0.37004766905873043	0.014687430899292142	0.9639210451645082	0.9372135602650136	0.3766690760260454
0.06118319032815833	0.041042594699009505	0.7035481592007803	0.31058913831200474	0.3366444021828765
0.6421703394032525	0.6381963615328551	0.5670968694487373	0.6082298149894058	0.18095058669663144
0.15493155921304058	0.8663006541163921	0.15259714182008965	0.4408221625173363	0.31743116547254113
0.6824858707787858	0.5489475774749454	0.5464147930375788	0.03989361490674448	0.06547324533069487
0.047022444941986596	0.06780701221528196	0.2712181497747721	0.014595299867342537	0.9842491216129841
0.7451059367081591	0.9261188943094357	0.012138321347586079	0.5163165114038324	0.0404082221688582
0.5769657303808172	0.7569022381419794	0.6164862925478799	0.523817382216689	0.04477797279393125
	0.023694706748019656	0.2515792873309851	0.19058515434323142	0.6950678731275105
0.591365035239557	0.79248030071784	0.38378883355308546	0.6279593761748147	0.9435386227554627
0.9191818115183207	0.9610489256331283	0.9366317728911742	0.9375036677112566	0.540898145105365
0.19909439397379347	0.3772798963196017	0.4336008094386743	0.9312675673672843	0.9860224752982079
0.492650507199913	0.1619794159850031	0.849629928078897	0.943395684250598	0.16761155705307573
0.4085760724033981	0.09523072264503618	0.7111617127275753	0.5211623089268164	0.24671262892595747
0.9555812034775479	0.6789852235899355	0.6303162018326743	0.11346196037560419	0.16630550070936112
0.5602080847401678	0.3045419639944922	0.4935015072131691	0.5323362087260148	0.7559311098693532
0.35537016886545436	0.35783693701078834	0.5426932666629857	0.8018349743423022	0.11180963782386377
0.2186930933563619	0.38783583194140603	0.577500329490303	0.3311877329036437	0.23035954799294245
0.5102408670924214	0.5374393796391043	0.008233696805474588	0.6250106887172738	0.7161701172574193
	0.7837763944980113	0.5847557379440151	0.5458314462579001	0.24565758484855094
0.32321973437840357	0.09819865542250272	0.06850400166255821	0.8799568367436451	0.8380507310237512
0.5123240420076381	0.1598124127114523	0.5552758654261318	0.6311218005582959	0.09408263071599177
0.15976749587235972	0.06793686170346125	0.9293677519689956	0.43474190446556593	0.9024727854199374
0.6565903670434825	0.7968242100087405	0.4255967663735757	0.9844820756324932	0.11411173084763748
0.4160475044309755	0.8682714066748325	0.9117981926430775	0.8827640527905376	0.36778875137582157
0.3763904485435151	0.9382201247434715	0.44740121164661517	0.6522259195619196	0.08094390678281016
0.558588913627672	0.3509128377622913	0.8130950935309604	0.44782158526809246	0.024250844338404853
0.25208694788412944	0.26575546738536404	0.10215159244541272	0.6364390802002972	0.6851531601704156
0.8110389712646727	0.2926744197598249	0.3208807681958983	0.34605904281447064	0.9663909175127058
0.9472444044772415	0.9754864566930382	0.6884278589643323	0.35691403985306613	0.5424767373053371
0.9467342922278468	0.9380466876518746	0.022344000650462603	0.9970313251271601	0.4823267383622124
0.7228514701822831	0.6036027680046234	0.5458530140384279	0.861690728133202	0.11769229976975948
0.3537020622314435	0.9965552252151292	0.585879076479269	0.14466015710011004	0.9435172801838265
0.4665662351312826	0.5279198355465806	0.9295158445641696	0.1955123401561869	0.9075133431593806
0.3770745350466883	0.21360672342942388	0.5169771905859498	0.9832259971338357	0.14100202942664264
0.06710525691665148	0.11120336586564294	0.1297607610743009	0.32585104398338116	0.2322356233719295
0.3042139071958845	0.6513653760079267	0.8767582027952888	0.4533901383382717	0.3030531653566235
0.09384196298148362	0.5752780820711278	0.5838235977935637	0.5171175773682624	0.3068504435461733
0.2390324225139021	0.8082609754470212	0.8901925794622607	0.821436141125698	0.6509682306242365
0.9278173594737901	0.8069440938068964	0.4702961813569324	0.9739371820486111	0.09067587782279862
0.14262619724500558	0.7422125014947597	0.5281731323370825	0.6785360207395559	0.5918326507245464
0.3204936548315397	0.5140470822068487	0.5581964600213676	0.5993629351941452	0.011529750993666155
0.6571235094238321	0.808436517297543	0.3414757202105737	0.3204085368224908	0.6494132524168461
0.8573417644667088	0.6310918136275275	0.18936505873049625	0.24410926106346642	0.17674322709402868
0.29298579448091766	0.8760710403674308	0.2560129556138844	0.2937932346149922	0.11941964395658344
0.21009483263011985	0.2820828735023079	0.22033275020647725	0.055542440659097525	0.297971740182408
0.10955022941522174	0.8004762830200961	0.5871327147034523	0.7325843768235765	0.15814148117724347
0.16614188468821733	0.9598958507704318	0.945302930458241	0.013081445902723532	0.262081915869843
0.751784931438233	0.9400472404980034	0.3418341318730356	0.014660177752016113	0.5485213894211587
0.2677960142994187	0.3146687976908322	0.47247087024994117	0.8758036966423224	0.028355099525972594
0.14030211612989918	0.2485287979002082	0.3507432987214365	0.20679855014312687	0.9229284192590981
0.7259591193916318	0.8541844145814375	0.48666836607082353	0.6304811677727448	0.04605146953207051
0.7521256288028975	0.6092354633657716	0.8049174078935024	0.5962135033704704	0.46807814345743326
0.19577475753564688	0.636452321946552	0.18187962272881586	0.2097263494920899	0.9071852654295844
0.8181924636103252	0.07226322822066056	0.633453920455178	0.9973567455162184	0.7298280752286983
0.3097997215484235	0.6218922298103355	0.7293237214282932	0.3083100268504907	0.8537961410557692
0.8895051684212781	0.87652984263334	0.5765813375251093	0.3921892107680647	0.7086964699623755
0.20165552483840377	0.0861625184047553	0.95166204853047	0.7361171017625148	0.4143857270339716
0.7272220121508356	0.28309048161515116	0.14108360936962427	0.5011831669206002	0.45262032625709636
0.20732870512714385	0.6667029773368351	0.6969507883593477	0.5920084788957666	0.38080228565790974
0.8975129962017785	0.43594622432920527	0.4201390297162185	0.7324736660238835	0.19594413709477276
0.1241453203076005	0.9236218267410273	0.824719951774353	0.19161889564785883	0.3784979085312057
0.03580383392460407	0.8637826328506272	0.28748524842996426	0.38456648083348643	0.32596488096526977
0.7260117445993852	0.17599470883892	0.24787654971031725	0.40348452301573445	0.6347018566900037
0.4151109909993691	0.23039229836319197	0.4840561404534076	0.8401540015043601	0.5016861409236016
0.28667050358301116	0.19660480584714635	0.09579598944765877	0.03201139824032018	0.8063556256575147
0.8895181466356451	0.020403585769707577	0.42210680044653703	0.19447157505742008	0.7443007721410829
0.8021286740147475	0.6577078444366257	0.11600069420453685	0.47372483430998014	0.17574541557441992
0.5937989675365369	0.565437945055591	0.628155609282494	0.23574670772798823	0.771576186764281
0.1964257017273553	0.25520441818705075	0.8277246217517611	0.501258996234507	0.6565200966873842
0.3681389192091309	0.9647949518830395	0.890057328055451	0.7651074006189198	0.164289597525356
0.6565643488248177	0.5752929371345848	0.1958218512374953	0.7164178709758994	0.04978307931811676
0.921187828292136	0.2384446163641537	0.8029711246508504	0.8306242531376711	0.530106651482608
0.06007154704672257	0.34684479047459604	0.9864341397721966	0.5796853901735474	0.388411005059933
0.7897003465594137	0.6303013806514368	0.22172336449205643	0.7799939823174984	0.20359738480341094
0.11339146736362782	0.7463064845667191	0.7225403627891939	0.8170798264686978	0.8575420248034091
0.5695364434620926	0.14117649068134053	0.3424328636780387	0.9705479228794509	0.310656578910523
0.5827600125126681	0.09128045056424716	0.7007005023115361	0.01418256185137301	0.23598636912299298
0.18182324379461112	0.22629326355616752	0.5411019721679489	0.46672442413472726	0.8062367706487849
0.5759641416333412	0.8399385146964397	0.7941344930854574	0.38465112634223664	0.8120502064982259
0.05250826067965009	0.4225968972783172	0.9223853016727956	0.18982833342258376	0.8939480803390877
0.2951852596560808	0.2303248955036492	0.23860777348236095	0.23112688312695595	0.13067699462828608
0.8950068709461283	0.718283724922223	0.2706930800552654	0.8418403781358221	0.05738969580572795
0.17297485731346518	0.3917537915444834	0.6300095877744476	0.58805895375966	0.853584224767252
0.09702575639700217	0.5598945505809713	0.7291211847365097	0.6718943880987022	0.6141234059636312
0.7927582895738918	0.18289015142760534	0.0018005499966794458	0.06839514616345854	0.9161828560539663
0.9578129868947667	0.8418332794791672	0.008735944335341861	0.46874203028293393	0.5586642708012058
0.11904711288683978	0.36228084692065554	0.11465975617778656	0.13671645533150267	0.279164154963239
0.06930968403027093	0.4673577467713578	0.061951377578219224	0.8247374999370024	0.4370676554301566
	0.776372255485929	0.5497233438990138	0.5926865561661869	0.344267608602683
0.44284945673239706	0.4403077673596316	0.9999094861031584	0.682276766526763	0.43946251007117676
0.7795128052717178	0.9880051346849608	0.3785182639199034	0.09495816881470287	0.5361295406025786
0.8525336274010479	0.9134032561247788	0.4454831807158134	0.47135411567769014	0.5476969457282229
0.8868201522968308	0.5552584911696673	0.15057919379803464	0.3117387965608047	0.27598301770097655
0.16409924009253707	0.34570864248511624	0.36541569381164607	0.6628215027423008	0.3750885399835181
0.0799088895583413	0.7834865234739389	0.25281770815845195	0.408558832921294	0.09544368861293828
0.9633794120757688	0.6260006720607261	0.9203663291258858	0.9997498942758698	0.26955555906048545
	0.9191638282580765	0.591775114856207	0.5984308872452422	0.15348794709393
0.9289258571141565	0.6752646570956298	0.030763464723084444	0.5225289614743296	0.6959962684883265
0.9705709236532869	0.8940024351801975	0.3381618527213628	0.6945570064906416	0.18243338025827516
0.2792332023343147	0.16189005768634968	0.6273506468275246	0.5544155246082848	0.10234826339514025
0.2101682385821122	0.8787347506755709	0.6599769148102234	0.39041383054010115	0.9077384510355595
0.2292646510354872	0.7987851220773012	0.14822222145282304	0.10162092761604169	0.2621570362089286
0.19833667357372242	0.672255958321647	0.35464630383706464	0.46108811789435555	0.2258039243197566
0.6874686895966213	0.4336387724690962	0.6465962731588387	0.15631099218827038	0.7434412617981129
0.163369352401181	0.5045671213586059	0.624002545511271	0.061214693492101735	0.718164983200218
0.09977886108101552	0.4437469342389815	0.3585782328103143	0.023324089866046394	0.6552981067600252
0.7002749832980798	0.8982704685441354	0.07995679391353705	0.21839228518245124	0.08626329899388185
0.5681103862237457	0.9972572885463425	0.49413846568675246	0.2586436181966315	0.759163897384214
0.6807029781507119	0.7552400789035131	0.1016184332552662	0.2252979558774214	0.011050668779906125
0.22802100725997276	0.7699768713010937	0.3264126336237888	0.8302679542187686	0.7019867969172527
0.046839022487045745	0.8165314838510105	0.29685198652455036	0.4448167186392493	0.44388160927215325
0.5607816530847973	0.39000487548912377	0.8901007051018428	0.7942526412316231	0.4246164717831824
0.43123490752988214	0.6760300949908459	0.9526951135701199	0.12312151237619484	0.5890784687890829
0.8777124167325199	0.43643465780537416	0.9577811335203088	0.5565062054288914	0.08045223764806197
0.6363055304067854	0.513575916714364	0.9673230364411913	0.970685812304517	0.12519152253149157
0.9174960341739509	0.43762566723728125	0.6253976432319864	0.3607905778877255	0.7823660155365079
0.8300031329050224	0.784996392729304	0.3641794895190279	0.08782488919940956	0.02405139003217094
0.22769632359824665	0.4883679456396244	0.2513640190516816	0.8500771032504025	0.1064229581071332
0.009871240603547715	0.25227103841379683	0.8510794796582377	0.23281281666764297	0.8763306663009826
0.5808263597826423	0.9517456974617224	0.9965992137544241	0.17159291487977457	0.026185818459527832
0.7846093682222448	0.27987531456939163	0.3236436684735625	0.5512628585119783	0.8266993648922685
0.9392982978214203	0.8934152931057343	0.21806164983538778	0.44534549884752184	0.4290512188018575
0.441825398707514	0.3294584861361529	0.23957280757285448	0.13949630939708757	0.9743691954883861
0.8502156540202029	0.15789373720308197	0.045725049286766906	0.7131305876872445	0.5128866685767994
0.7255123578999768	0.24620762283570485	0.26478122077134536	0.33302526649022157	0.49638618984589133
0.01986379294652152	0.1953514836265744	0.4577713855278933	0.3689564046877203	0.2926900536052244
0.8643940610913867	0.052661124705041695	0.7870495509454736	0.2296188776162924	0.7658388609998157
0.5580336076431738	0.5004239164127005	0.7681914668968068	0.6467904334116314	0.4833839450955717
0.8111490889596729	0.7733495603805645	0.28422109688900354	0.571535472757572	0.4561114485540295
0.603877538299853	0.794795077722578	0.6867102604851164	0.20548296423769152	0.5841772629376544
0.27614124619116065	0.3444694066099957	0.29091548466812467	0.9285808782094147	0.8100426661716508
0.1307527094690395	0.13608897486310878	0.927900055558859	0.17137935713217478	0.5477572937906349
	0.6837018316547159	0.011635314823971399	0.12409784037764515	0.3001364939448954
0.49340721697593615	0.8323641340265798	0.07011989658821238	0.5537524208102215	0.37646269465974735
0.23422843565239926	0.12833069580614964	0.33215813207624056	0.6640192281826283	0.3968335101898379
0.3305405855729372	0.877897222347997	0.5732141865105849	0.37791366241428037	0.4226475696252965
0.5275736184886676	0.08956383561607562	0.19277756436763382	0.47595175785257726	0.3572344258324083
0.9327867840132565	0.07671026820755344	0.33483508513888727	0.2339411462510842	0.010949758992077285
0.6732571131794491	0.17257840237270916	0.12781859152405395	0.6055649979251772	0.7151337592973042
0.6441838586267509	0.27616973972856185	0.9308993940590499	0.7610482176518396	0.9902596279738906
0.2744450654135767	0.9552017377059907	0.8924233357554884	0.0005232161071563324	0.9052368974187235
0.9653557539270842	0.30983709430950945	0.511086442901451	0.3251710565427748	0.7843475156998844
0.3109677998748799	0.05561060995477951	0.5868946595278494	0.7363090360574761	0.6480545743278612
0.2150032198172942	0.23781850524222348	0.9744589265780275	0.8261009779141492	0.025227608660507328
0.6508965525310167	0.7893461444700961	0.8052471123734529	0.7233594674266247	0.6006629301204798
0.5924958689415964	0.17660734961471258	0.6549137803373053	0.12401174712761198	0.02240680508365256
0.9768921465814557	0.16743482060773474	0.027288329834071146	0.011900479720952428	0.20083958915827038
	0.3796472665456615	0.6612169088262753	0.7902674124965057	0.1885637936399409
0.14532251435271126	0.27982199520145046	0.3335396119930297	0.8606501384608882	0.5472537701540645
0.23066698472488922	0.4277674235397002	0.2995561910593668	0.22521748047759216	0.14049193087941947
0.8331863782448938	0.11471859396419237	0.5048311604179828	0.015300394998992495	0.4175090057251427
0.8609952741758885	0.33499663852879225	0.8602754313282424	0.729029509217397	0.17215111438327546
0.22260348096769556	0.6135472826471787	0.3537864106462768	0.16650479227878112	0.9526143244835306
0.5465388810734102	0.6182762653694004	0.7001945875702371	0.6687375312551226	0.7849628936696817
0.2465973660843539	0.3627463714935274	0.3417275140205319	0.824532944431967	0.8578533224637939
0.9090813995889424	0.8952119939898566	0.11579242736779949	0.7568354292429056	0.3208049489516869
0.8630425266871672	0.070232236607491	0.7100034287136731	0.5875073471743196	0.723152170589241
0.11277350659959673	0.2962209410928527	0.10448789541477577	0.16518445652937452	0.6939151061146386
0.9264306764077955	0.6704768071079588	0.459113032650579	0.602505028880063	0.1263734829711486
0.2136185777351226	0.9853283465244724	0.9437159183998973	0.5515608058215956	0.5211818797455957
0.19572719899253188	0.53950990493888	0.06057708296409492	0.501087949013165	0.3865487541969963
0.5171963096195094	0.8040115111604708	0.6665476250174833	0.8501393173289272	0.32185508964598464
	0.045745063085936954	0.0637323367844157	0.022205630065239457	0.35252038330985613
0.33388603848972986	0.784509956411946	0.318296401406186	0.8946413565554105	0.24634806971657908
0.32777031551767766	0.4716723974886331	0.4864288208494101	0.32147303767451796	0.6575717886099717
0.8761627492420879	0.049179518127182686	0.9367699875994988	0.050013094650821155	0.6569681791350757
0.08015276768785118	0.23491711757524836	0.24490444437236736	0.12479966305502566	0.013074434740087293
0.5078483612220589	0.19724980074350218	0.49027677990519003	0.7521690542005207	0.199732337791938
0.9784485147172794	0.3006846965978429	0.28989742964004606	0.9779923294631375	0.45837376873106705
0.6578601818860557	0.11093686677770598	0.10248142517228598	0.823815874920572	0.3736549993659519
	0.21918899704743378	0.35162492437003234	0.4139812659514429	0.7952380834114223
0.6119739577049242	0.35141328438938857	0.5242993487179132	0.49450194287558535	0.8421314878478514
0.14500941931110944	0.20925985797724211	0.9463530902494266	0.872642348022029	0.24900681578679917
0.04622025634204496	0.5554342358193978	0.8087602538159498	0.9172650938125207	0.9409983779503375
0.9991350172477608	0.7856673154348258	0.8747367685998925	0.2909431098963867	0.3221576936210997
0.33267267305417325	0.5987969349914073	0.8295818607820341	0.9710639823218538	0.03370629792295954
0.8131829162104162	0.9910492514447466	0.2876561728453604	0.5443668612209717	0.740867274291577
0.4897229564372012	0.6858741712831482	0.294061915700498	0.8195480185839024	0.03513843039531128
0.9000419683126508	0.9219160131689712	0.08553335611708257	0.3576315995074043	0.07068553575842595
0.442027046292078	0.15692140128039755	0.46870207086584614	0.03581635488332591	0.7136897087249094
0.9142565485744719	0.40554894935201247	0.5688942750147786	0.33803147990322446	0.9045481090511932
0.2533249338346436	0.8356097754170515	0.7804177052494923	0.4199344127182886	0.4175384445943985
0.5672235416236594	0.3629551452548978	0.25179820160699695	0.5512798908144412	0.09113235227455718
0.9790016674894549	0.20943754060261066	0.3321399992044758	0.746452878410909	0.21711971773195604
	0.43822290188169255	0.5107469326398391	0.18311812407802053	0.9315043469029967
0.08749410202607266	0.7601428174486243	0.16583755385123855	0.433801412970801	0.7824999405287735
0.7566295286465845	0.23942910677832763	0.7562696727615612	0.4252308771835437	0.972802799157003
0.7779679740770507	0.346471438027106	0.2935210833208445	0.8350463523042202	0.2557833314049306
0.2111371366759821	0.41367528950149324	0.3884278789368034	0.12951323648891033	0.6567143125193314
0.6811258046086883	0.00961422818357971	0.8013962888157338	0.8668390245935402	0.9229671172090091
0.4341981131061001	0.20666235157397606	0.3375301082351687	0.75540630548004	0.0809792432319838
0.5035992608253195	0.5933913427340135	0.8435113805140343	0.3431087868317032	0.08131648454636253
0.7782737893789865	0.3699199382617955	0.9583762771409667	0.39572200166099625	0.8999875274967393
0.5322880802448727	0.6709498588338926	0.36266684501858093	0.6022273802821254	0.16847121748813154
0.777894135475117	0.3871342043167256	0.9047676181602303	0.6752608583778233	0.28420621117930667
0.883268156685856	0.17041624789065035	0.5788916506450732	0.9896553383307428	0.022357963191529717
0.3897610865317992	0.6225059018402884	0.47515147881223474	0.5401625033317672	0.7625478113380221
0.3474757422784396	0.8591209915065712	0.829493722666808	0.2858712677106797	0.32130865486264426
0.06677247976175316	0.3733828640052239	0.9822475462978789	0.2654049706005789	0.6762318053301722
0.01893840848041517	0.9457266523970332	0.9511460739253329	0.07780952142059727	0.9106665672793932
0.6947387237069985	0.8788691561150316	0.8310722528046806	0.5310948032658521	0.12282069900958614
0.7038456997908399	0.8261485098105571	0.39966062276064995	0.7422750016486015	0.2339933803181239
0.816000976489563	0.2819870136360567	0.07160138779419101	0.4265655312564146	0.6390725181550367
0.21809410983813549	0.6612860585415188	0.6396991094848261	0.18091357857653168	0.5650149655399815
0.5056997523465342	0.8418733370072987	0.5738530291049245	0.8298500051551987	0.8377689706987372
0.9680202953642681	0.6455199697446585	0.6509509349357155	0.42723473378580246	0.35906574453067985
0.1953830451631341	0.19267233971291098	0.8549688333788459	0.10389083852059477	0.8061844348002053
	0.40127824094294096	0.07335323565188212	0.16678416407716257	0.5595285319334597
0.8710185060767792	0.3727774177023778	0.029927623735698794	0.15730813797176357	0.47623395343623864
0.4240886539147968	0.49707383119390924	0.8386576176636021	0.2093901707017154	0.9700911269736274
0.4555762602483542	0.17420437441636627	0.3272585523463063	0.13430208141001532	0.44666323246833683
0.3578719627135666	0.17258098322660942	0.9622407931628396	0.14803165565544718	0.7906790759922101
0.35352816550132216	0.9796063056281753	0.2804133360358424	0.2754869529741435	0.8540917041418075
0.5277562852211766	0.5777622808666596	0.11161735692672381	0.4864734228492802	0.10603184993188786
0.17193784339369456	0.04135789161611003	0.7327011091106758	0.08045451763154499	0.7642271710700067
0.4988114582416314	0.6614202722285477	0.23345501571289984	0.214057959449502	0.0016799290607325545
0.07785967305347663	0.48363655242803527	0.5868828519204272	0.43792377705582697	0.7626668787024833
0.6101813167151564	0.7961659538148891	0.9554635294356617	0.44736678226669124	0.38685614629881426
0.26170071312338283	0.30146032781434673	0.7771316791961731	0.8200655763550461	0.35827055729458024
	0.4782651215584304	0.16291668292792838	0.6835405108293257	0.42921386579246146
0.6139074468653802	0.026180296636280742	0.038400105130611206	0.75875949629573	0.7185768781751144
	0.6504107464582043	0.677299632374275	0.5278302968119132	0.08487557787209488
0.9938780189789592	0.04703408393051545	0.1595470326964611	0.5504278087493372	0.7906466728522337
0.9572698808603597	0.3562085513227783	0.4488255469403023	0.057069124263576354	0.38309336683021644
0.1092791746866476	0.37867509923311127	0.13188469931214575	0.8678421408182614	0.48105197777769215
0.025363404752600127	0.24352187057326424	0.9341234343672556	0.4990854081491385	0.6852930547242861
0.9628728581516761	0.463871742350076	0.18452190828216952	0.5523775599148386	0.043814515066198156
0.4153893707549663	0.3947571055036515	0.24911339639229835	0.7087840141425967	0.2739125946492251
0.9456228430417586	0.7790783325298609	0.9961268608555273	0.8088838946749796	0.8391811122362982
0.9506743786858705	0.8286600013142754	0.02976034412458628	0.7493512343018552	0.7110023356457593
0.5351147097387454	0.9818118328526781	0.8629976919369577	0.7764140222318389	0.6337719156262661
0.010192748150243736	0.19809031943591948	0.4119446644927104	0.8759963782804769	0.11355130042912054
0.4887911877237907	0.6366772204557384	0.20017728094051412	0.8838505458114442	0.8078881337480324
0.6539907674218703	0.0455369433820203	0.9207439517613032	0.6843492605529888	0.1386293063399161
0.6932958161464512	0.0648888214889144	0.6476808729583738	0.8350969702447592	0.5702571425813423
0.5301618405804032	0.43953095018461463	0.3742942458163159	0.03987014926973742	0.32262757481694093
	0.17228917293397172	0.6375356525912376	0.8151981057882451	0.2972248801284306
0.4238199168665153	0.14645131574753667	0.04700061744780881	0.2503387062171567	0.4138636309056576
0.39688488980541314	0.3219235661062455	0.904090191695159	0.0945088388964912	0.6861650946015359
0.46777122910267976	0.6514964784644743	0.590330603231942	0.9940400228448689	0.9534512325457424
0.5831089234298382	0.8101829362327895	0.8532595624237715	0.9295712047570124	0.41437512729871495
0.833131701027832	0.18769887620921366	0.7567027965435273	0.04678278954342918	0.3125599497616327
0.28211604739359697	0.8588860503817024	0.017562655278482664	0.8769209853434912	0.5410389759926431
0.637398735195612	0.5630695138460635	0.6621829914795526	0.2786640120778624	0.73446535770619
0.6047573946339814	0.1803416076442066	0.5208681307515691	0.8558818849192404	0.9516873245215316
0.9164019155611639	0.9476325616967872	0.8176203698581274	0.4384814107040328	0.025670769398556503
0.5205567991808464	0.7223006742470696	0.25926739188549175	0.7765389499312558	0.1749315508479936
0.15917208884545553	0.1307707748174518	0.4819818110233164	0.6215565687936991	0.7758758154998544
0.11856253945927298	0.7593390798760218	0.12606895261819617	0.879247622539017	0.9707007938371641
0.801182848992851	0.757010912941643	0.4775962633520391	0.37643854106320274	0.24364991307848272
0.9137159374399295	0.6728787442059768	0.16078551671276853	0.633873040495145	0.23943064881119758
0.7516717732516832	0.5919686874957005	0.042880425661615096	0.2937780737796948	0.8625251139837684
0.7133706285796498	0.8655575610377153	0.6153005311841013	0.614084042677388	0.3721618149718341
	0.8103469866760953	0.046452220381650755	0.691340270639124	0.7130892582864958
0.33101450405607624	0.8166535408210066	0.7209580180826525	0.6362920393524707	0.2519638347736678
0.125293948397323	0.9950458753962834	0.033770957902923615	0.7069261258555075	0.059938919906721955
0.9927134461144874	0.02524895805230787	0.6093327706825303	0.9604435092549422	0.9282673879592671
0.110795727582508	0.6979451174435374	0.9829878659051704	0.6265810620499981	0.8054537059119431
0.9520371930118624	0.9691380034212215	0.256276170450195	0.9940514213214243	0.6760708705722744
0.6626931892493785	0.4311462031781992	0.2749270728259109	0.4953785430821297	0.37457640103071577
0.288387759514691	0.6249628885435012	0.16492135029602073	0.8569512900861773	0.4246259392939158
0.7292138324903779	0.9174498484366881	0.184634281058757	0.045074541340535235	0.21842978008149527
0.4399101099426994	0.3352200774877435	0.9434941564601583	0.24681059930992177	0.23570261844421703
0.4222801179697495	0.48824347271002155	0.12717785738049436	0.222432954667252	0.8698139535227892
0.9348193893746841	0.30478407038168565	0.34549428868524634	0.5491813805251391	0.46201370482448345
0.9340869314370265	0.5797435561023039	0.4233173282550623	0.7988971235178104	0.8954245408678598
0.3484540885191272	0.9676897199560354	0.2690288334490424	0.4825760259745828	0.16752951149099238
0.016597068381834945	0.16137491647509628	0.6058904602261275	0.32923395326084337	0.8831160278340107
0.492666112514177	0.7949736562186481	0.9554974102307836	0.11160725783976544	0.7209314389277796
0.3443702924920673	0.7005228060275116	0.04199789049758751	0.5369178343543362	0.5115335778505894
0.867342585235858	0.7580899223894421	0.9267076721591266	0.8990753790877961	0.4599322901865712
0.19661872280401482	0.5255806530637928	0.566531995845625	0.936790289954641	0.9804750143985099
0.9599730371024496	0.6769957582154696	0.5275471949956944	0.24949500224440135	0.2308671015621503
0.7354064084837649	0.16007588704752984	0.06452470548943856	0.566241663932299	0.20926935627889387
0.7731225996321266	0.9772134671467674	0.9336941250319875	0.8086329568038718	0.46675253699422514
0.2356755282354126	0.6330332055183627	0.29865396566808233	0.8814714113909378	0.9655495468573878
0.9061648789738489	0.712823241391121	0.46683231425307814	0.952291142465286	0.5582041444864051
0.6926211262959524	0.22711892715746096	0.2684446214908529	0.8878869409969639	0.3035486525772999
0.8928342833110603	0.9140927606752318	0.15679141658997708	0.22365508391932953	0.7246301736899925
0.6633802147017144	0.9802350672328484	0.2567657847847258	0.7621320126406266	0.18042723789325332
0.05152223516431631	0.3775178372905936	0.38932037623666593	0.27010514436408795	0.2464169521769648
0.3445190997330526	0.5339844382018032	0.34140116115094077	0.09089462600470222	0.37489081397067336
0.019510642333713357	0.36163343816232496	0.7032951604767484	0.769558198919997	0.09526575282908656
0.1407484986512657	0.7782962093250944	0.7919446433076383	0.28208078073387866	0.34290916886472456
0.8095115740669911	0.12246084572043958	0.38602828697007263	0.04937129123227202	0.4592991155460141
0.8783324087174135	0.28293694041553563	0.33910671844656537	0.483759434088627	0.6942191013560676
0.7822996025180792	0.0887641421033396	0.484118695027554	0.32046444344058733	0.23334836593872121
0.13745310350265594	0.06170174815277174	0.19407765182677883	0.4935866618230802	0.2877657224143009
0.12617660239433848	0.9235009583584465	0.2763118119302842	0.36833532611897424	0.9766292125223635
0.18235017888550065	0.12484407842166645	0.384019534915216	0.7694289931965187	0.2061621836745019
0.5893683023868916	0.3564325920319329	0.03285682680985391	0.7180635149481155	0.49006302196700513
0.555237953792157	0.04820519112966759	0.5772070773957183	0.5187341434288979	0.6576198304005356
	0.5090783991245691	0.5474142938048486	0.803297114808469	0.28906818362316644
	0.9356049525939643	0.06718686300440202	0.5413289719674127	0.9687141082302619
0.7410932865184154	0.8860975952239534	0.3306194313286285	0.6496781179202289	0.8657428456815656
0.08052148247503577	0.28923953012993	0.7156296616560688	0.43837599396997673	0.1539645563105142
0.6641822521499047	0.045372096724139555	0.8714287935923214	0.7697373808172255	0.3543961287809648
0.8654791380488488	0.27432720283751755	0.3061214377911561	0.3075403657497574	0.4585821169110069
0.4417896828310306	0.33078608606063353	0.7331401874304233	0.9518564662303199	0.5194274358145036
0.06595191064996442	0.13600003375824032	0.9058516999839745	0.15438157590090318	0.523652880622868
0.22039227995388688	0.007442843998348159	0.3118748401430642	0.2130839424022417	0.6030845531756799
0.3557319233408309	0.555075199675384	0.25810730606375465	0.5150472234470785	0.04278675870635895
0.6840633729432971	0.27157005871663287	0.27493048826728606	0.526934323190013	0.9891361904623693
0.7942719480729029	0.8244567427705026	0.08692480931344193	0.3822110897372266	0.765312678513762
0.7638604060938184	0.6418316701072968	0.6756899512063768	0.2407926294816487	0.4615066397016375
0.8706956555860383	0.8160273739316773	0.40455527998603824	0.8272074903995926	0.07268377723914277
0.10915061907151968	0.5958326731909303	0.5435518445751742	0.03135179960432255	0.8606744896890823
0.5406242732504757	0.335055451539777	0.0013910825102229074	0.7890657984779198	0.8009509461756952
0.9429635096760788	0.1950142633444596	0.6250740592775946	0.6640548023731577	0.9574734031460876
0.9070940289547968	0.021207723824342883	0.42113375721723045	0.7601565556583518	0.6767846808771036
0.6008765452658815	0.6757167139679625	0.15788074107501793	0.027047491116000466	0.19212889958787815
0.10978158717563147	0.707106836519582	0.3677408374103075	0.18182173789441158	0.4852481153575723
0.8685122736498685	0.07267917457675177	0.16052327610344064	0.898439262933372	0.4009224846355962
0.7876769010327611	0.09847549262641031	0.5142813684391182	0.3306492114370583	0.8296285314571257
0.6331035175694878	0.5431632643590192	0.6084599710202556	0.8193013185659571	0.2306332884736294
0.5482796614095984	0.1332415339992662	0.005971363212499359	0.5161018197415798	0.7385965240664657
0.06703215439966781	0.9022156854750221	0.33820481263510527	0.14512312501355074	0.37316275731909543
0.9270202319735606	0.3888782373694365	0.26114649921492616	0.5435326232606255	0.5658072084395447
0.6981993497019269	0.707756664208134	0.8146682684622705	0.49359688270859636	0.3848263126614261
0.5149647012949796	0.7215034595823231	0.512113475425453	0.9544387506141715	0.7462946385266468
0.28981692229140954	0.18345152417431987	0.9860725439560254	0.4846502918309993	0.6892272801802554
0.9779438555165202	0.9235424226406874	0.6184694404271041	0.7551522596061534	0.602050452954957
0.3369579556649941	0.71629509799449	0.561824985788701	0.3549121201045734	0.9711129757716781
0.5032555751297669	0.7556950795753575	0.6880793312794389	0.11446912682496335	0.5628881335299519
0.3262117418298103	0.3288589259722061	0.6701995574493549	0.6368395802640295	0.9911835408179124
0.4748449547388055	0.5705548423311204	0.37419536725321423	0.523870077841593	0.48131714833574546
0.055956506687997565	0.13312223521457978	0.6894444518226558	0.4497744260686247	0.2259803522710664
0.6661152268992159	0.7532222092162091	0.042615556221632045	0.7438939787673292	0.9970738261413318
0.9403410528502076	0.915859661350096	0.8256399635160762	0.9248787869643895	0.14444283542848335
0.6812390000845046	0.8912548371053067	0.8522848754724325	0.14922128314586147	0.14022223636543352
0.5766656521902085	0.5540252381923875	0.3365630927550326	0.32889732550194006	0.48311011395196957
0.8218039971207639	0.9665316308229152	0.6739872020934089	0.22140598052200855	0.21496291277138757
0.17922669314353068	0.9647177853622408	0.00811891392058639	0.16587687697740605	0.16429499618238608
0.5975622332904479	0.3881177139341563	0.180670084873232	0.9989786158701138	0.704301353779646
0.17644206118207129	0.5942978469064032	0.8169613712106163	0.40772578903708623	0.025842825564165728
0.7061942681863914	0.7455583648917664	0.1264586248522297	0.30504972496823457	0.581708015734285
0.21121637166952822	0.9850204126293518	0.980062584856721	0.914611584108688	0.07101366501670814
0.9915607803361703	0.024225790156214955	0.9538440193091738	0.8507298116887111	0.18030420831006766
	0.09348689222869488	0.9026270692271972	0.7445404895338171	0.4198862806892695
	0.1701188698517927	0.5583715312755813	0.48759035652511373	0.4202021653430251
0.14928844475450687	0.005360397470913214	0.8982079725619636	0.4062443906502179	0.08306408777937457
0.2334656702791379	0.3980713785740245	0.6194598946451129	0.9631667760162819	0.1830079903445625
0.7340482458051442	0.47037475696978104	0.6734084756121749	0.3247798832043094	0.7496407210440204
0.8462771985977612	0.2258938932620742	0.8634874598703196	0.38666010914946514	0.051854589634033
0.01831322326313012	0.5154255350494457	0.5588510412957585	0.15737772355138302	0.725709447444741
0.8271276397428963	0.5050581443089455	0.5628723961729111	0.17765318092066673	0.623769730908557
0.4625083530709819	0.9457539428911215	0.05760155300886294	0.7625533840612996	0.07180808802482841
0.32099015517988416	0.6220151333631789	0.24259250492574347	0.100630915251258	0.36073420430241465
0.9787235070549025	0.7327588096875329	0.6785790050209844	0.706737023570414	0.3697679123048777
0.5357394345584533	0.17025763386119253	0.36743438000865647	0.07825570689931594	0.4677048349810158
0.9814181452061898	0.09788264984444917	0.1452017833351289	0.5988158611861851	0.8467507098536292
0.9470459110116528	0.2599786944354927	0.5098053917611273	0.009930178151638103	0.47827552614704394
0.5418327375410479	0.4494808482996797	0.5226576941723302	0.2557444365475616	0.09575161819706857
0.7972005550806934	0.3589050439737631	0.4010039959703878	0.6802524535779712	0.2997358915237939
0.8711826832593774	0.6357207861595783	0.7965780800063531	0.9652444244656414	0.16676605888770113
0.9784583929970304	0.06143187764366276	0.6850161391544747	0.9146780570725752	0.7341049294278962
0.10128115381133473	0.37714075061265295	0.4334860429808247	0.25674340003340756	0.8025645923949998
0.7039319820000707	0.6933147940664975	0.8228184111138176	0.8530334218956342	0.8386914063144556
0.03362428170512455	0.7934688089385448	0.25099940968705714	0.17926865608548337	0.7939417980861317
0.5113178652568116	0.41735547043880594	0.8850856522502198	0.41773062084175183	0.7553151007090918
0.19034119923864268	0.14282118119187837	0.30125885639659467	0.11624229631637084	0.7676107734692759
0.4405579365581629	0.16309237346581718	0.9468247227629539	0.3641083381247925	0.9889985233684152
	0.08856124539153998	0.40364408800629425	0.5550732890148562	0.5732711533684822
0.42709009290745703	0.7709175648864419	0.23980565100628481	0.030506753675047515	0.6309400609590345
0.8727407461946133	0.40365295773968735	0.0889168688730343	0.32473893740011595	0.18384299730053733
0.25518758797383	0.5995515701496823	0.6515096186062237	0.7571656867274833	0.3244420291060738
0.8858581118768427	0.7053565275014182	0.1150283069128506	0.8367956995674579	0.3570430492136363
0.2300183665198593	0.7474084027625387	0.3643233616800722	0.19042813495392708	0.30169343771769486
	0.28494626991584626	0.4344140377169118	0.8217352016538251	0.28332580124745554
0.47504943465972327	0.31587861930747807	0.8436664115598568	0.8708185923111591	0.047113086182619446
0.09140320092533294	0.36738591631831596	0.7850986243026767	0.5799519701464393	0.7145568292692456
0.4508462198845469	0.16829727476517065	0.9909010312572702	0.9044139496279284	0.26445599572176537
0.6924962161114174	0.2727237097419186	0.5633058722323061	0.3774964016870218	0.7803001869329349
0.7542645965872204	0.18914952423022213	0.24396298945453543	0.61246669424411	0.12464671465296973
0.7399222877739455	0.39241421300326373	0.6804882881476804	0.39218417896306024	0.23244658872020219
0.9459119353014455	0.6836249320993655	0.774909921666809	0.21672057471235084	0.658194942577833
0.6221049258829178	0.3914381875493278	0.7868469148381501	0.6971666925737181	0.7832175002907235
0.35125821819491443	0.28549358659718416	0.6598355066593076	0.9566171511939792	0.22224559628749507
0.2752026224092481	0.9589725715174798	0.7405954555425761	0.9919267078989067	0.17629692005703512
0.815989732743772	0.9513314930257785	0.19509817667079676	0.5517206792680085	0.3209090061997335
0.3675675804612706	0.8429176348169315	0.9606747829200174	0.32243919191229964	0.07542069486989766
0.07417018100232942	0.8038572655446163	0.21788014345620255	0.10774868239985413	0.19379467423461572
0.34661265754916937	0.7017251660527009	0.09163564427804682	0.6574475861492654	0.9487448019920914
0.3023068441372371	0.4776286495772205	0.442246112540883	0.6064146793193839	0.37260548589700504
0.9127485716970607	0.25264060983297776	0.48806163813700565	0.3636009644223006	0.0892235823406149
0.6574726159154312	0.4807783815869576	0.44871528611091127	0.16685264972497427	0.10095415497705396
0.09547120777275653	0.5674511510274782	0.07246306319390039	0.8702009436759219	0.7026887717828048
0.8259434430516623	0.18908445209054658	0.5951912567757265	0.4218711088928868	0.38622619576558626
0.24027676123663055	0.33539812208734754	0.16826357065000697	0.22921667262690892	0.894995115785125
0.5617858961069727	0.879855096896058	0.6818902452390093	0.9206052134607706	0.5663375201195424
0.2704237291760989	0.1408363362908147	0.7754613100745624	0.8933240931039443	0.09195346225587064
0.7674433591229511	0.40224889951516407	0.9589205307385925	0.0798638244843286	0.2604093864598853
0.6554267275009196	0.167585182522349	0.8680691229959129	0.2765997626819693	0.43891059450700043
0.41966069931532357	0.5503891513710804	0.8255886993857733	0.7594757380749504	0.1369648097716576
0.03652969164231934	0.22156495341768645	0.8063588354926261	0.5857800970783826	0.8524785521070923
0.6631483618229924	0.09286325647366322	0.41797335518733436	0.8332659328542769	0.7417203282203119
0.9226129397639656	0.7056890763423656	0.22785996585944324	0.9013743846474881	0.5141503746719135
0.5943234750629147	0.24360361778345796	0.1409906461634377	0.8895552882468745	0.21862488504061406
0.9879373213001666	0.7864448158952182	0.8732518209617447	0.9162508281669376	0.46405197369253737
0.2491218894658781	0.10647303870351121	0.920136567899122	0.5836781075269113	0.7430012369099378
0.7789436141297092	0.2978503605200201	0.09897186559204019	0.39115341503449197	0.24695330812297211
0.3975185392604408	0.2067951225131034	0.3231384856048255	0.8838625680387125	0.5575224105854424
0.6395843083889312	0.31770366536860306	0.2935517562952179	0.21473774954373814	0.9121453645088052
0.616371694985367	0.7486269043000667	0.62835328313312	0.872030138923648	0.3614229270981252
0.8098758462815244	0.5539218152999066	0.37642956058390886	0.9005134448470751	0.4782263431541651
0.23148737778604367	0.7313173064336762	0.6986719515289174	0.07753561466664227	0.4490472529083094
	0.5893043891195227	0.21336411789122223	0.9154822162196102	0.3559893461547913
	0.8706067282325034	0.7257886640474115	0.009368789479069606	0.9369656644629789
0.8921472925880374	0.036595100086160515	0.8577380987471624	0.24006924654585882	0.9805601828713627
0.29721491475615935	0.0895321490477462	0.7451396571417604	0.4864103811347389	0.5924559751378876
0.5373413791536621	0.48891929781692367	0.08164490790993362	0.3133744503385695	0.017959880237585213
0.6575574129845944	0.4288970866177687	0.8992961478492529	0.4549778843101243	0.02023928365559069
0.7644782703946382	0.8481119760814889	0.2926533496196744	0.058501690904915526	0.9707975409539888
	0.227527847504724	0.29832733421593516	0.2046828933279995	0.9614735812862707
0.9651946909385432	0.8747081227644643	0.9710086592664133	0.28654870721498493	0.047219273280802776
0.40367517169418166	0.18506182805180993	0.7019705723760667	0.606948352531038	0.9425097649471138
0.105864256580401	0.31725553324009304	0.9246440154288061	0.03703142016802119	0.304462687458983
0.6066479678161029	0.43667501025514854	0.3269023992716438	0.9881241732928312	0.4857226054658146
0.3068772023471127	0.5599941111630823	0.7523943899698434	0.5784645909414395	0.6616105888741819
0.7340513391462472	0.49249727462071513	0.3943135369068068	0.7565048915238543	0.45233361562904806
0.7096890136348136	0.35555863050311165	0.10961393127862629	0.9396007780402623	0.9125676425050138
0.1400154543129909	0.5705020192579733	0.9733224606450309	0.6308003060296462	0.888074225350079
0.3405743425162502	0.897214794330853	0.346464599033125	0.4630110594802366	0.021509858869936282
0.5222194352482544	0.5397867282254191	0.6288433859681294	0.41134781266899834	0.7311634362370414
0.18034130935816295	0.5309215752159052	0.8075822138626348	0.5219055230908214	0.8610058937797017
0.32654867285329947	0.7111500671435486	0.3994254819606259	0.5795313891779219	0.6034686323419669
0.6131409213397262	0.20941033522155683	0.031041821952973225	0.30664276020435555	0.0791150189700921
0.9727813929695934	0.5639520818136365	0.257644609470161	0.2900756127919011	0.20300834431058556
0.9500563555747211	0.12250085152212709	0.2154527329962188	0.6981481645435499	0.3976597177412129
0.9736348001242192	0.6690527308320117	0.08936860413520731	0.48086965041646734	0.03500224346153591
0.15474282996632993	0.30617800402387363	0.9860362596294108	0.1590302885261714	0.2608122151902946
0.4470181008878493	0.39306938192595076	0.35589678636029487	0.4230517302911967	0.908360678008838
0.9234884486918481	0.4876792412421548	0.7863816263320156	0.5596934631604707	0.7502233683667702
0.24084980084078544	0.9043976024635716	0.22429120540442216	0.15762226136704705	0.23167197107005144
0.6095494493782238	0.7362212905410134	0.7694044512084538	0.09681168000506701	0.09614127523080107
0.06173395327088449	0.07612941157450992	0.6492281172543205	0.26500216644263763	0.09952277948537269
0.014710394377824065	0.3774790935908089	0.5463748683160676	0.4425394546503689	0.6443034301808006
0.7474406741975078	0.5614605978527439	0.21111805183381938	0.966846914048882	0.8202755545445517
0.5509526489718061	0.32260721277391513	0.3943049980190453	0.7136613665116024	0.33111385587628617
0.005419444640318516	0.8483441313932777	0.8540680021076427	0.26412175600989307	0.8870119817839778
0.760625297408191	0.6932446573644551	0.04315367013609095	0.8148678156636115	0.5422217247012241
0.9321501940314983	0.06823412986984778	0.41255674570906564	0.09713413776595226	0.06514625665466289
0.9088392368387536	0.29472347327911663	0.8548182170972574	0.2057741732043028	0.657109018595386
0.0006258171584588856	0.8777595000910504	0.21924768851331933	0.7087938213883579	0.326627274662484
0.11093745613308725	0.7438629536514171	0.5204410991399597	0.18034618759155596	0.36630065955095115
0.8771130249868478	0.7401369281436707	0.7882232492058847	0.6503109995733553	0.9745827790007641
0.41478909146736587	0.3867648754131009	0.43560384536003416	0.7682180420277958	0.08157934103196429
	0.5181589198057429	0.9023819974478099	0.9285819556812337	0.30356283664277717
0.44757739251914597	0.15437223142280576	0.08507414678500291	0.897057766900658	0.45281034101890694
	0.4053389428939159	0.770317331959961	0.36307088003373855	0.4763135218361241
0.007116399843560717	0.3678702909859928	0.6541153404169203	0.2799168643293647	0.4150204169333397
0.659953244397771	0.4990606529724363	0.942100836859079	0.7121625624174783	0.41140570806959076
0.5899239077966811	0.049539842829129155	0.27692655556321544	0.9376767024746914	0.47445187351344087
0.8650673632387734	0.4453262483191778	0.8761065016194982	0.6623803893924931	0.9193261035190904
0.9653826037026502	0.3101317724853634	0.9968130397094532	0.03624244331353521	0.036067701782336425
0.40653422153366614	0.4205968254532578	0.6310883409470645	0.6815494927414224	0.7957603538069041
0.35532095402544195	0.4294483446707993	0.7353523046348959	0.5263111294965701	0.45938567561012766
0.4435846458983028	0.2674348256099657	0.28618114618481694	0.5861747337350685	0.4674636299662681
0.0042922809453807	0.9182457544078345	0.6279046590563511	0.7130735975976394	0.9958144731569814
0.24879011667838835	0.0018737067102108096	0.7919200745518058	0.16188459158267554	0.2555472293660457
0.8898581712630218	0.3323144877366506	0.5516959903051865	0.07527052533267897	0.8528327746735597
0.7851351307036231	0.9258305601684309	0.4770052628974767	0.3452082947800931	0.4643112368651977
0.44451577144187093	0.24886509375126642	0.05539460563260712	0.17076416654666993	0.5180199059005121
0.6684909118868003	0.22314930375109943	0.44719772385330847	0.39588252438619775	0.010940189506914777
0.6638321957753422	0.8342684064860078	0.9851526195882677	0.4508681681470239	0.33545421789408725
0.1865240193714255	0.712096154349606	0.08111659019347306	0.8193481794041698	0.9524684747766623
0.8173891800143794	0.5301271565341834	0.18777333243400263	0.23160508350814835	0.29853522760008844
0.641419144600934	0.16191858942899773	0.9729070251917393	0.8983210739587674	0.8280919794232819
0.08613091320719124	0.2717215705397662	0.1170374676369228	0.25308951911897437	0.7700372540388745
0.44119413855299927	0.5583460048968303	0.9655737335097556	0.9821562275204543	0.28463377794315503
0.559558287372542	0.664912619939964	0.1572129143311487	0.27400003031472153	0.3310479882705134
0.31364587108539055	0.3750022264321471	0.8334724248538844	0.25029171356795554	0.5082396501801599
0.11230969863864193	0.059395610868676174	0.27840351409822084	0.5609307129244469	0.5926195074629536
0.2785023445909879	0.6476412797036781	0.21631386424405286	0.6389250238441875	0.7881204927810167
0.1240571483900842	0.4500397626355871	0.5194471957130068	0.9431378783421136	0.13094531463737902
0.7281668508818263	0.4084998267823493	0.166183613804201	0.7499205678917215	0.9193148470196523
0.7635115093227864	0.9561804919449427	0.2763961176300944	0.21701168461038556	0.2332730751150438
0.6666812776273499	0.17791738114321476	0.3204581477633007	0.2569929861622847	0.10595294491804896
0.031345989518148376	0.3609230773696631	0.10836577430572614	0.8032079381416789	0.9750569496937602
0.3447712450056304	0.6092257523824648	0.1055806512850268	0.793624548969072	0.1111620152587599
0.34008231886126317	0.17596850441461864	0.8986107467816443	0.06482393648571072	0.6641994462064869
0.5014584650003205	0.7677345240307472	0.8970526065731962	0.3233557699220595	0.025611063829209413
0.9174418844019919	0.33505583574834685	0.06667383023278772	0.3384796778880369	0.014042392472238818
0.06261077723979291	0.9620818899259519	0.9041349961953574	0.8979600897895735	0.8639327854792572
0.7212213387940386	0.5702821440947431	0.9927969295403244	0.5349674230888674	0.02683383370499326
0.5924876928943881	0.8130568448699024	0.03126873307738676	0.7121620045991371	0.06576039961912938
0.5052171469643559	0.31934087329502225	0.07415652981465448	0.1996240433961638	0.6036048850062333
0.6301474649575194	0.33041637599891494	0.8129492775219189	0.5510627775830649	0.9895223981386264
0.5272952457304212	0.1955185650872041	0.2549654580507199	0.9498420589298925	0.20875919395485143
0.33589187730705816	0.7525647437986935	0.8834367921026053	0.16658733459737718	0.2619946985001699
0.18248977352504958	0.33968160004044423	0.6276180980899408	0.09703852463133034	0.13876443872714583
0.28952578269770257	0.41171654986251704	0.355819194395376	0.7945804993247835	0.9725637270482143
0.09846661363434484	0.6712539112062372	0.6340261182345693	0.9556568073060228	0.4134676994633131
0.2690659549308084	0.38610526924299604	0.8485023961890162	0.4209791146577282	0.26705741080728695
0.05203372511660265	0.2014964066472824	0.2936972898693174	0.4715752785593451	0.04863782183352239
0.6201743916899317	0.7750466861513037	0.9356799684561452	0.8953821938691752	0.865861135087638
0.794534237597704	0.3584333196831998	0.25404290574714383	0.7947224927079918	0.5467385341044886
0.34075134849753885	0.44013925927181874	0.058190699130223456	0.7221971401099299	0.4440581052057566
0.6040450946769044	0.027332667179018277	0.13797934139446522	0.9774664424106614	0.636683365834775
0.31194966218983233	0.9407602994844564	0.27332519445160053	0.8133930722536815	0.2691251070950045
0.2576128338401473	0.47106848141147906	0.9758080820029108	0.2373899317454261	0.7451863467999658
	0.5011651642519034	0.6767058106895235	0.7666166138455616	0.09078202442137806
0.6647667640654801	0.6608794877918239	0.9675347093605973	0.6621801756995516	0.5312006327467375
	0.9941092624274692	0.7908251381564301	0.9777083060596504	0.3609622203783215
0.4921708741089177	0.31318162922809667	0.9580988846342318	0.46778872506014124	0.9827482283513952
0.043443791973931556	0.9115605418962935	0.5297394153725045	0.36601829376892725	0.75775726929718
0.15057919805551379	0.3440016069723547	0.9194853957526016	0.5496138945159545	0.5620448421208248
0.18170520897862352	0.13080620631324769	0.464157290233133	0.8710013840704196	0.7739777237337336
0.6353876387289565	0.17278745476017132	0.04584642051973076	0.2677259247584368	0.3486916559308578
0.7382580046587863	0.8897166875078842	0.27888562597612865	0.34413649818791714	0.5741032348996177
0.7984589750088272	0.2389957955860631	0.021160245187861748	0.5447456503957944	0.2824003487661124
0.7033200474369015	0.11864269227274316	0.6035687427146424	0.6562648827842583	0.2397219982725758
0.3819769500490431	0.9106498331836197	0.9738749917596862	0.1637827938406895	0.4137932052041664
	0.09643966708596496	0.19127871159325427	0.8400993171654632	0.40132377709482636
0.770482597310101	0.5118123218928297	0.4657810238676924	0.2208590495623055	0.6269861077532776
0.12769332898519448	0.9500387619596261	0.7285628801388302	0.9119023330874301	0.3165916867651951
0.646661458239956	0.14911714220103578	0.3728191649052278	0.2594615293376684	0.243455159500779
0.9654667567645936	0.18693296207863253	0.9924166707182347	0.8979725667903017	0.963377518138653
0.8555073815599885	0.5190020962279237	0.84015272722354	0.144885671964465	0.049781426427220166
0.7459681163684496	0.7334779032868334	0.455950818678146	0.39404420005990193	0.3803015044734275
0.8180069821059938	0.0838543668612336	0.11975520374129445	0.2793606184338385	0.1986756937793297
0.7389083419786358	0.35583849904846276	0.3187041900117793	0.1828782454532476	0.8141898216897002
0.5434994881804487	0.4969754822321655	0.7720117296998402	0.19945075591135275	0.9844844096250749
0.9203780214735631	0.7434761489211463	0.5997135686874616	0.8223577513837886	0.8506858058649511
0.4109106721011486	0.992567808590398	0.495509299920598	0.10572622665950238	0.2890141381014958
0.8942049016491165	0.6991930085598808	0.6143982345242878	0.32076094528507215	0.42091226763091805
0.4210749957857538	0.8391490629531831	0.12926522973554788	0.5941182327158576	0.5396898494218
0.1092524683878211	0.6321307091047987	0.8071637400009382	0.85471243948278	0.2812784860090538
0.5490889732387307	0.36227071826006585	0.32007882862591086	0.9576196339814244	0.11259960413387715
0.46495344907047653	0.16571722466481853	0.4758391898232638	0.7830792930587246	0.07940022201506369
0.7833993978974576	0.5574239333483025	0.03477367639779949	0.44640181482089325	0.7002732479913524
0.5944747698389691	0.3662771190637183	0.863133886367503	0.8391958112838732	0.09011703832612095
0.9054721693147687	0.6313470368038872	0.8283600438919142	0.281740560342299	0.023325537369946248
0.4717207579725925	0.6775188508680253	0.16858831076691894	0.6330677057127112	0.0842544516689171
0.6116003238630032	0.9879443292032284	0.9626891755492744	0.10249934335319055	0.00029647108496788643
0.47430816071335935	0.36768761112963555	0.6198354373798177	0.4943434386738369	0.028347276401533783
0.5844695404344125	0.13078984948084205	0.021022636469995803	0.28141606455582435	0.47523484124545745
0.9862116179947599	0.5892663507404483	0.34975626826439965	0.006905337170367454	0.8089582618152951
0.23079206754070092	0.44741826912442206	0.7283290699045148	0.8709881019200437	0.34283307871769275
0.8460112650585676	0.5061162850288132	0.656732075888158	0.13453788467675964	0.580326166324388
0.30031930391882233	0.05732544251090388	0.07331828033669252	0.09448085465821232	0.267498138747563
0.7486309302896339	0.027373895261770476	0.6617706995255641	0.9293638400559254	0.58708698653458
0.2202850185258559	0.27279787585387716	0.42067059729624967	0.7728820111506223	0.6299595615368497
0.5291777811241021	0.5653158005326896	0.2610588406476745	0.28967399389656834	0.06966995012785493
0.7665448496961457	0.526393633993486	0.5867177062649052	0.6668871562841672	0.8009155165475336
0.637088150352526	0.6729408310530204	0.44516521301475787	0.2372537693342851	0.9690534812966584
0.9325785884137291	0.20444291523779212	0.11870501133023825	0.6515506680104134	0.5637875763423015
0.29792174135557337	0.7208509420166691	0.2698929167187267	0.3804177798094348	0.5864662477788891
0.31647899472805974	0.4721588645458167	0.07744453411355301	0.597591948025384	0.3750971007479015
0.2192448609903267	0.9761169056017481	0.435628118457705	0.2411612927389789	0.00877257648873575
0.3674408968381345	0.9935897342480624	0.7920441301901153	0.5945360852305535	0.9347794114228227
0.5656102938049327	0.8404157139128066	0.6550543005183819	0.7416452984950193	0.921596845241553
0.8088468816690835	0.6925151472327986	0.7104852811771525	0.6905422734223587	0.3365721620310679
0.21496699107146855	0.4267038431168918	0.8526886061255065	0.5180762077282695	0.8268690255056498
0.12235367329690716	0.06345741851081543	0.6140587796791892	0.07271391783475134	0.1315449268931912
0.39440127594011565	0.6616797092930014	0.08636503328844192	0.9912535263808923	0.6172447165605588
0.5081848876735986	0.6491985786810642	0.7914629623896423	0.3527661929076239	0.2428203014455883
0.3787940416921274	0.9997639558483379	0.46739333738299504	0.4587765458695767	0.896357116070628
0.18813516373211336	0.6667788422123906	0.9460521916112518	0.41517577175928055	0.6638576510073987
0.050833096521587295	0.18711966932813462	0.6992678501195884	0.2679822801373204	0.9311118159058567
0.1514126962995862	0.7515635519259892	0.1663445985094787	0.9177262723483935	0.7557168946138196
0.869584136828992	0.35479595674628783	0.07279794922406502	0.9898278604465006	0.6410617129446745
0.3962810153547295	0.33010225573326424	0.6423870616100493	0.25035527535108937	0.21165459841075174
0.1823465251088181	0.9590667687954894	0.8167627921565215	0.07312534651825775	0.7793439163208723
0.21284675590259383	0.00190695175536304	0.7516893312689394	0.1083863488349045	0.6045057893185872
0.736934168332603	0.9598719674616688	0.8134627653247583	0.13793313911401284	0.12675415056147177
0.21176013108226865	0.2296245587009491	0.5564640593784252	0.5291395140359945	0.7857974810975616
0.8526533184211308	0.4503656098094194	0.677912337235236	0.0624172418102662	0.7078082917943169
0.3444903684888544	0.21271016432579992	0.46217754694789426	0.9250388674482559	0.27656527928020114
0.28621812078126696	0.23136304816111852	0.0923597583216349	0.37549599411846724	0.1764958696167852
0.7144765357999119	0.73474826094805	0.47030377413503954	0.9374711768135549	0.37587081392947286
0.6706805904103049	0.48034402516828023	0.5642677827977106	0.7854418970481718	0.976052546840944
0.6746999812266589	0.06786871519190707	0.464733405301045	0.9341538236729997	0.6899990973549881
0.5204909231735085	0.7093929114144238	0.0047824980272599404	0.9396643136341272	0.08197479143772823
0.17215627925683263	0.8613763030985297	0.8695996523516678	0.377534316166796	0.5091904670070293
0.4004640540750326	0.7683000629586948	0.21501365877879708	0.6182048514545339	0.2600071385995617
0.5861245089584617	0.8010033642442532	0.35632174553929163	0.8379870208261603	0.9860341454882661
0.8752008642447636	0.6154075376843852	0.847858476751766	0.9893103937725336	0.3645532367951535
0.9634416558758312	0.32820313849604477	0.16159661103429568	0.18177033012614208	0.7924454867257182
0.5961001942083946	0.5410336977016241	0.5403003039441745	0.9940350293605206	0.0021225546383296656
