X0	X1	X2	X3	X4
0.0502488934416899	0.25266833634462377	2.732845531913725e-05	0.09326925560892689	0.32816053781268373
0.27062568189125513	0.6068642782837568	0.2339927448941217	0.19153076311947792	0.6887308360999235
0.668446922240374	0.4452066441028199	0.24013484699526627	0.2358633344015414	0.2567423900218897
0.5458377247232221	0.16567557777336947	0.4023974942423934	0.30571833481696814	0.39667391364709625
0.024689899028428313	0.026259463421485985	0.6864424532834303	0.058648078262464355	0.4305531589535616
0.09619909482879899	0.2003589951044569	0.4232040641490776	0.1508850941427271	0.2533442065357382
0.7014353370891401	0.12193254748414581	0.16129594554520868	0.12385169838625365	0.7560725453058458
0.1002341402615014	0.5878976480735856	0.1340547804458504	0.22624092086778652	0.07636291494334928
0.2737203970067614	0.5532475756017368	0.31446854641611566	0.06751055413394827	0.3202124477880142
	0.03640307826000218	0.15520273632712547	0.6591091888188287	0.06571355148775063
0.2939349926324076	0.3519100491362977	0.07926539841235483	0.5559267720453775	0.1249402251468745
0.31892372680702574	0.04317085618459563	0.968483900798638	0.194955420797472	0.02207784528797226
0.14844661085952707	1.0	0.09155419726676706	0.612007289507367	0.03199574254570421
0.34000552292623304	0.43058769571270955	0.1686731893059802	0.5319344708092012	0.36703955902132207
0.05878561181283079	0.27272067537238426	0.1814546049084406	0.45505609954440496	0.42456083220969304
0.12149114962125716	0.21970246940278135	0.14324652993053882	0.6561450896254731	0.41473143464694984
0.04570942311141254	0.5019905846395967	0.2851369415750995	0.09124429687404079	0.16255057749901008
0.12754092847240053	0.14731402429921964	0.28700803174982203	0.39139180117624156	0.5059157463855154
0.08866259298924489	0.27829642894373396	0.052287119778603945	0.3814590756055262	0.07724806029394769
0.3290225158779202	0.43753881502336023	0.08701588935390948	0.10456206793616993	0.3380619232739001
	0.8014262188715149	0.33280678332085945	0.09853388408041282	0.3143073806527345
0.6730881694043783	0.09564443095256021	0.18100045094488684	0.5014382729446458	0.02149924603178843
0.19843670583846104	0.7387963920856887	0.16544343011827092	0.3806128410328534	0.034497508103692065
0.1732422792879075	0.6195681929825693	0.009294221452124034	0.264544367177112	0.04180292337431823
	0.02843138188255588	0.022998308457962125	0.2824648590259334	0.5382679172843622
0.25100694410568347	0.11561685083808444	0.03978215651528638	0.06272468489367622	0.3722595763844475
0.16059819667235062	0.10232615616678978	0.1495140394401705	0.5676994178733367	0.019675286787424032
0.6712299411505337	0.10744894165308991	0.11215802616168494	0.3197435009235498	0.16040399733203808
0.3680513271226147	0.11037208818353568	0.10052540998352065	0.009663197632632405	0.19577213768903468
0.011282175916172957	0.1852258515920194	0.10475599981302748	0.04913762199518156	0.19229858073840708
0.24619799641962084	0.6278887405180335	0.07573954116776646	0.42216191578486667	0.2460908662266383
0.33828208082690336	0.20961628579108535	0.5062271359852758	0.3327725316558431	0.48752096889436664
0.373989366531164	0.36428744318183226	0.12050218056033289	0.0387883701637649	0.026597463565883474
0.09577747889730182	0.5979659397580492	0.07998459945294331	0.51052424553015	0.03349138528796015
0.3228095318413067	0.34562671679867546	0.020920145034361393	0.11895777701753896	0.4311751989496587
0.09510367219879413	0.35222444601183733	0.17311992698698098	0.29685918577294235	0.2171555910429754
0.24286411716134723	0.3371239905329609	0.20625211664502557	0.8900397323935577	0.15726853234343166
0.025438787183664647	0.04188217989612784	0.12737401362314185	0.0008475579446783596	0.14348291208078034
0.0732607622605644	0.5724634652133325	0.43790807077901817	0.43054951761163246	0.016124288771322787
0.5120597265037266	0.05523160083748453	0.4456033876743237	0.09638579664704318	0.2865550150946036
0.1821336386585038	0.20416469909639728	0.04733023123342494	0.6466363783983697	0.2950751128628998
0.14764350928195233	0.05128557091479599	0.05125395511641776	0.36322438674413454	0.047775719696081735
0.1357954229532902	0.6469337902310984	0.1398217250361995	0.3718095077986758	0.17410316741235002
0.23049863428609232	0.4994190183456976	0.07008779095790953	0.21665422651546773	0.20162492025414355
0.07774148327776663	0.3314081493810524	0.1228717270288961	0.9380328690190396	0.10489143570281786
0.09227052329292315	0.23376453801443706	0.11027055170881629	0.4208503317935707	0.6720089016469729
0.12599490895438245	0.08654609607928827	0.5489656804043617	0.013526261795772626	0.35900545982817983
0.4669729874379878	1.0	0.12214645373587757	1.0	0.17826188976170126
0.08314973433570581	0.13453952303012548	0.4270942291805205	0.15214466642141636	0.6633492866288474
0.2973227394359589	1.0	0.09737366014082657	1.0	1.0
0.11906014125363817	0.5887057011881396	0.8133565654220644	0.007670991257358409	0.44848796421914366
0.06137544753115425	0.04528744600907715	0.2136361261858441	0.03423098432148839	0.4662647478180161
0.13139242660173137	0.6699474727295865	0.12870614126607224	0.12730974393872868	0.21302995384900134
	0.12160252064746341	0.12844199640274856	0.14758121838715987	0.027955159405459763
0.1671126767868316	0.1118315179673718	0.39976494212004626	0.3491612699138723	0.09852664095299898
0.4871730403340795	0.03230370784846301	0.48958334861847014	0.13846723733453214	0.6370671933772684
0.166927323858405	0.31812800119685647	0.21254762554646303	0.03285532405186625	0.060516454633945164
0.00626139286408386	0.08057344571350379	0.07319436190810184	0.16476075235514442	0.211412439098469
0.3768394366537002	0.929535809935573	0.07786670533894581	0.42917743486458254	0.14634822605779188
0.31640441670660135	0.26324921050812705	0.08623820236007193	0.011780838236486084	0.09261788402762447
0.20543837781942872	0.23395984253472474	0.2700629477933088	0.4418104684017624	0.1886525706966182
0.1657720269273698	0.12272324750532967	0.45936709914251533	0.26627772163094227	0.04146536525830794
0.3009155541910807	0.4960044780769767	0.84614911350979	0.32149890367913375	0.013236953918122409
0.46775090494274263	0.04231789030115494	0.48548084472490083	0.8268231800862729	1.0
0.2581007146387972	0.32762607045512465	0.37045873185734635	0.2978031776904985	0.5210224970975056
0.1168991494103606	0.8247601869379246	0.6598540325011736	0.14282427885410334	0.33540776797952904
0.3930110068838018	0.008726670758669447	0.04397698497219459	0.4751161069983128	0.1055627442814556
0.20465486235206742	0.11211302908370357	0.7219678794657334	0.1104478870042128	0.03441735886640746
	0.1128652439677756	0.3375929578078764	0.15340923134611717	0.30043328454499457
0.03696289028098718	0.39419051574952785	0.6815306101716637	0.08161123047367963	0.45373617121562354
0.4580016863021291	0.5837415332136016	0.29838021740805926	0.1355193485275731	0.26042223637845235
0.0017895694848954601	0.011374062447296553	0.33930355442052823	0.09601443018400899	0.15758823642130174
0.06543301417845344	0.05772439381067238	0.010401671612489005	0.7815841234549336	0.4914137381114182
0.06845324603005706	0.2255577435648103	0.13342226421452286	0.3908767752801516	0.04574409133747364
	0.1992787277316621	0.36575532428405216	0.06438487101552129	0.43727536408946194
0.15507287215617258	0.047960372466529164	0.06532501224695778	0.744712144191983	0.1326750583770455
0.006420935221951947	0.12204143707559281	0.23943329899325774	0.434076580921234	0.2792648354433565
	0.022894333974028545	0.10662808317761258	0.1388342288048211	0.3184296634393277
0.22447143959171892	0.06406898546701914	0.6674574046722067	0.3151008081493228	0.20441073464817658
0.1789341703828294	0.30415289604393486	0.24255520672020542	0.47183042437348055	1.0
0.11321339816150049	0.3424433834550166	0.06563828058001574	0.05579569547279261	0.19898950774474347
0.13970758721291857	0.5351972025478595	0.17154084272820638	0.28301868437518635	0.050404068050644006
0.29358944688284044	0.2779073355337971	0.31566925646367383	0.20416959686309077	0.04286408403668213
0.07061619030340828	0.07499164672294543	0.13211268957508374	0.01607376856935878	0.3195163612321559
	0.3748265172485783	0.039834936270608544	0.019396606938101812	0.048197616493597537
0.14630358859213122	0.7348629377325554	0.16893821666486628	0.9116661684459707	0.4562765011122139
0.15668233502736645	0.031085104786606376	0.5618115697119832	0.2553964086403366	0.3312241993840792
0.10222061959505395	0.19679399352533747	0.6886014661831154	0.010476267957503019	0.8256810179783334
0.32287595691261856	0.2872776804560285	0.6270735638561179	0.1932542038665022	0.03839219552547937
0.32825479194022056	1.0	0.7841233072708922	0.1320781169659466	0.2638149731817473
0.23495564749704978	0.5432962344493081	0.30003776824603734	0.4076724854176379	0.0022537090064799386
0.40555419076427174	0.2223585940864896	0.3097224629917104	0.04560494596451973	0.4467827437690722
0.5586931803072668	0.16976862988865385	0.17034534537650045	0.09975874134677178	0.30379881785608703
0.060622068511125046	0.115692984771853	0.5708824039912044	0.5326108787157727	0.10027222268401233
	0.27450252054292246	0.010207745025031254	0.2506392504063927	0.03846975001836401
0.04484191626305802	0.4969220340272642	0.6935960983773616	0.29149791407579045	0.3794350516613754
0.11807004452212655	0.3876798840769563	0.12747700020445263	0.14784707656761367	0.16921343846117945
0.5189271589305978	1.0	0.2114584716131558	0.6564146883368186	0.4494773451545
0.05002272403612401	0.38805147649021643	0.14605402369206782	0.14280983354581395	0.13152359695269666
0.07837022871478311	1.0	0.2894062911161833	0.6292983265734275	0.2821528041077994
0.0570892647511909	0.004078987163509955	0.0783697369844056	0.33775339059763715	0.01673903558543334
0.05017718789047074	0.1951866359147468	0.055188854775697495	0.22979258248240103	0.06785345066014463
0.44234391756718794	0.5323963811248783	0.7819043641274058	0.5683870404376086	0.39088288772793084
0.20659987808442057	0.02627328987455396	0.14500788738133116	0.2671644179418408	0.6156451988927347
0.026618927806422246	0.07784960584435095	0.08235564812268875	0.09291117321404424	0.4041840088211795
0.37322090273967934	0.08123092434498684	0.10959510476490518	0.279151120818076	0.2898253889242342
0.03978269724638418	0.20846050985838827	0.18480396864825505	0.0739474308523996	0.7120803230840358
0.08699375394657746	0.06335631103680715	0.018879615626766228	0.534969276182948	0.051927601687000904
0.34560085835680504	0.8559226822494223	0.1845020896379305	0.28836866128257055	0.31320367135486366
0.6624065770044428	0.5500195627455723	0.23055865983851087	0.9315579994722438	0.06847491709721934
0.06989193204855682	0.23752719603012395	0.37998432027712575	0.11458693967464706	0.20442330615613144
0.29036826764542667	0.4153753493533091	0.35189439554159563	0.16629294703003233	0.05241241549315563
	0.061434924274946616	0.07448060552806383	0.010959472697738835	1.0
0.09066489914030391	0.5684568050515036	0.2694930017244295	0.3356792036717707	0.5975813156350805
0.47966542064199497	0.15636219510674434	0.04826843563324721	0.6070672286459546	0.5131321785093025
0.17871939834753192	0.2372591619117245	0.6030819093499284	0.04543315385899827	0.05171150520794079
0.03931142038184488	0.05952722176831174	0.05942634273710064	0.05527922934811195	0.6463544352865872
	0.07783071576601523	0.4156834248878074	0.2737338578312925	0.14702086326881364
0.5937491967104809	0.3874202827578865	0.0432198123870888	0.028549596547529102	0.590190486309344
0.18627426912487322	0.7117754870414907	0.6479674467219897	0.2328832361671181	0.3265462375920076
0.05265823877543386	0.38335891484024687	0.20536114939123978	0.46275180640338537	0.4513388133028784
	0.09227669256430808	0.60406424756353	0.5935906319566827	0.534415251961582
	0.1519898074987879	0.26025234280603027	0.16243851290183864	0.49047299691816876
	0.0768886454652133	0.04228253623198906	0.2968263150099994	0.2982620745889473
0.08860596483832484	0.6894128747531572	0.5802130226839666	0.09137226746673165	0.3021468457384069
	0.9932370140222381	0.02517891940558973	0.10742095127158299	0.19265086709678522
0.0752663454810206	0.033117917930746865	0.28934017549465446	0.25616809603463625	0.4486301560530031
0.3147178176864917	0.038244692399865644	0.32113580196122576	0.15337526787947275	0.5559540333505422
0.09112353884809037	0.20947451942518067	0.13825435585658444	0.050293813123015015	0.06447881430260091
	0.13340359993061507	0.09017204431975197	0.7397460110696157	0.6392910287993687
0.27196834442158097	0.20950869387086984	0.23634836213455113	0.09126859092114734	0.10725073035908102
0.051306615558276786	0.5123006009105533	0.011915438265113052	0.20871973527720933	0.013597703722952813
0.42233290545527846	0.05262587936886026	1.0	0.88299074230709	0.032931116881863676
0.2839098587079402	0.9925730700919964	0.346075527681954	0.14054565437533972	0.11894014873687626
0.045661048047242116	0.01307527627980592	0.13490473877982023	0.5064777411959162	0.12943823852658895
0.5003876903772301	0.2947079614312965	0.33796218000890627	0.5183990789866507	0.08723865911819373
0.1262339033288525	0.0679239487719554	0.22398680111936586	0.15342621155181643	0.20758733832038948
	0.6694946235259177	0.7370673129655299	1.0	0.022971582162805565
0.15383662232314885	0.5522179442759806	0.8135849468821071	0.6885055495225811	0.12771196532691595
0.03845214294451713	0.3036055222118228	0.10785150726078191	0.16236545390975257	0.07849676861969211
0.3696043452482462	0.06742236316372766	0.03357666778686819	0.1470419364333373	0.2937099777028917
0.0845353704721961	0.4387115490547629	0.36088814127327823	0.06656593426980544	0.11282240905398777
0.09573611822876597	0.033985600461682836	0.48250182254709517	0.11512184309561642	0.026625461133268743
0.2368311429785967	0.06960852766470357	0.3631028113785311	0.24318687356018798	0.09224612680585653
0.05279164489930571	0.23697786559651118	0.18558270887348177	0.07874691669760049	0.49837108959595483
	0.4232027049872686	0.2803111995722418	0.2843811305711765	0.3171660363628707
0.20376860376144404	0.04365938440308354	0.423148976214699	0.2144335565446102	0.0051970932868267055
0.3390987497130005	0.12310934672291786	0.6556484736048446	0.9203514518630882	0.35347018832152055
0.05329242540580285	0.012425112301670014	0.10152248204213102	0.3711645115103411	0.0982771362079226
0.33608199985154297	0.5351375167847993	0.3620511759186004	1.0	0.3199921366189518
0.0168694319342218	0.11449849484790305	0.1866580794222277	0.07113547828603657	0.007169271697248075
0.17776500010322493	1.0	0.1974101363452171	0.09875761268247643	0.689411013600108
0.04190047073944234	0.24223578390758876	0.10198365459715726	0.21408648649378395	0.09512778815575595
0.04480637212547727	0.17503095775128855	0.22740773863521418	0.34786322656671764	0.14574507846014637
0.3211701423065289	0.5823419341695756	0.26978958391156516	0.04402706242301689	0.20701535850954347
0.4789407158879947	0.046815466181473815	0.15271805516957765	0.21446651939394584	1.0
0.004792696383900305	0.7233894744415044	0.07819457726429101	0.07757507429882324	0.3137716120094036
0.1733607293824365	0.10890312331313903	0.14557202256802962	0.6382147052547232	0.631396287445766
0.6449750490500107	0.4486040848868431	0.280737075808957	0.020972227707515025	0.07717126153944814
0.06891366953884803	0.45411021013142316	0.06540106802735934	0.14689492993649383	0.40108419144319296
0.053380047653373765	0.08529883613419113	0.35376565181908	0.13599176819514128	0.0676164848994697
0.6495604916237906	0.010676562730414731	0.5737238014663647	0.4134353088224884	0.0685528650605352
0.34394130124181305	0.07456116581183099	0.04685729870714364	0.07158160040444597	0.40788646700456405
	0.11334193219569817	0.08381577463028995	0.06713791244949371	0.08920544329008913
0.11512844774093817	0.04600696323075394	0.07089601560032306	0.24320048568251745	0.0909054510981148
	0.4180573211720951	0.38726608483535374	0.07167605116911788	0.42753830315737984
0.3267480272553807	0.14325802765117074	0.23603107697869563	0.07823873687340291	0.18832574205091854
0.024121919019793974	0.1146224752073117	0.02825825474334799	0.14536492986664779	1.0
0.39394999132040265	0.4410390790020025	0.5003972661550812	0.038106592589700866	0.12452389529090394
0.055873394685222184	0.3683364094999481	0.4714476304480894	0.17121443882255263	0.5022433871439792
0.4825455586273335	0.14584040311737914	0.4598831532851507	0.22248181544785658	0.23217888287664382
	0.1338771604429834	0.310280533687691	0.17232228002641922	0.030620209816240498
0.3099266745465456	0.14815562656026132	0.17279502481012196	0.22589027493393152	0.12703251991691614
0.38908510130188034	0.23488193214069034	0.6394890933686876	0.23706730300408643	0.5531772501332393
0.1289561785026611	0.6543771454724633	0.10550992201190253	0.00794782980980356	0.09408688755318036
	0.130634471634051	0.6733312064406796	0.4321445959624946	0.061803505612250655
0.3642458886179335	0.0519418022364174	0.18324687289377706	0.2831365978582417	0.3500272399976744
	0.1789858744601582	0.9510683795165467	0.7158830283890001	0.4909691895082192
0.09049272244423728	0.0035555986408120884	0.16508400687102198	0.01823275953460452	0.43136542505500974
0.1198132962267452	0.09979181216520815	0.09288849677187463	0.019629014083271057	0.022532194942978114
	0.6716591441111609	0.036708786802727975	0.6701122882814845	0.17505590193092893
0.09814700757094043	0.3012120881093594	0.2877436497134761	0.44868859771859027	0.7217376988607377
	1.0	0.045036135187500596	0.10207224723143049	1.0
0.36811002427419764	0.05506880471310941	0.2732641320807917	0.29105552283839603	0.24218377302716057
0.21385328452793878	0.49993878631000416	0.040627949492655815	0.1863936344769911	0.0709141855010602
0.6345867540608717	0.17431999052081815	0.014365089105856862	0.24789484881487045	0.495277574272055
0.47200565664692495	0.1099783576226748	0.08738322847028351	0.14581919583244765	0.005326403106257315
0.29131782317188526	0.2994209200463373	0.06580697483240061	0.0387310180793498	0.0725880461249435
0.37468436774475794	0.061877657982251276	0.11188791427375608	0.5271812591313464	0.37818558466878505
0.2568976622797599	0.03229907918328865	0.1038524191744897	0.0344369375388162	0.6434859043377856
	0.3138467047917595	1.0	0.0008667020677267539	0.030703974241927147
0.2502288333392486	0.1458852627668849	0.5619272560277769	0.056808769634633154	0.5031792889808003
	0.47098582454255905	0.31325170841607886	0.5878711473883507	0.21892833818363278
0.0015144758381857978	0.3672953171682498	0.36146714883206593	0.01662940788808649	0.9754111602099568
0.16347279952898577	0.08168852999280207	0.411501565206477	0.35048666898350245	0.09701244609223063
0.23740168611378212	1.0	0.03475079281511316	0.1697403920496432	0.09627139696630656
0.5404146237867885	0.29594121720015326	0.24545926476315036	0.10358749619466981	0.15291239104722898
0.2779416001697602	0.16302639535483163	0.45618496208695675	0.3744979174950327	0.3014889672688555
0.1780282250937916	0.13924524001419344	0.5284549927725863	0.4342863072944858	0.2649443190889681
0.23278963908514078	0.053057305781186934	0.5992346898830839	0.012094030989488	0.3618698665233523
0.5148833454581536	0.15471067489162857	0.028454840650140388	0.06609087249152347	0.23322572944402037
0.3364100158523979	0.016570493377709827	0.6008291873262399	0.09410787398062838	0.2721268433699248
0.51033440773023	0.6660365085473894	1.0	0.7102854204832988	0.2387628438091522
0.0005552381562484611	0.13786509394625723	0.09476823308482804	0.022578499631447268	0.055712760793734835
0.40361526052006813	0.13365965393821372	0.21039285619253892	0.5163048206625962	0.7337220210139458
0.3041435742231547	0.466436645533987	0.07847380726541736	0.6636478788189903	0.4278874635324336
0.016819299239915174	0.42234076599379783	0.03666975267071214	0.1852189764535496	0.042239822842051085
0.05144028153009052	1.0	0.32377494772050974	0.11569141635247732	0.03507711995152324
0.15455522214140735	0.18653818450019352	0.1828067206164864	0.4690284221567125	0.1843938573175509
0.2720549034496431	0.33141527490427597	0.053036992573448974	0.10605626506459162	0.2505411864393868
0.1765266450400221	0.09304046506971404	0.17339926674492076	0.3879139482521389	0.3205463360966218
0.009911673349466419	0.18601502479121687	0.30103009767452615	0.05824043380984948	0.5081542382310258
0.5321210991932709	0.16413947609159182	0.08911664484837432	0.6292684934746214	0.08142825890509682
0.050420170758506966	1.0	0.7873979024490869	0.03235116283499386	0.1884685790682303
0.36864024822831293	0.26054978659021055	0.6315658478332833	0.53395704458856	1.0
0.26477786390090446	0.35084760645076934	0.348818034529676	0.22215606146207953	0.2622717322224113
0.028574621014601606	0.08083545346860568	0.21709253301508927	0.9940765700838666	0.327050467770635
0.04271638830172845	0.006294396808947168	0.6976312970904367	0.2604725921906071	0.26966211437195275
0.07792488292135899	0.4142519187551089	0.013942716837276771	0.004073986978892246	0.03194710829326247
0.3249671134275373	0.23536802592346423	0.060922208673229415	0.03222267759634605	0.39321767639872474
0.002068094612915885	0.15653221474229592	0.27385043083245025	0.45057915194051296	1.0
0.19310910174352422	0.05579663544164674	1.0	0.5727921498755516	0.8142270523845363
0.025479773943952514	0.2905270278278313	0.17602749647105617	0.12861596145384585	0.17601953448593194
0.08101255365042878	0.1161502682450676	0.669750354914945	0.2445508973175724	0.01787479246138282
0.2279770576979863	0.660330699840429	0.05219453650470586	0.07808612623738523	0.2869405806797651
0.013753297647299694	0.38893503926844825	0.477115422949295	0.043536624924195584	0.4165091579952056
0.07327878595870865	0.4956334172996304	0.5996673662783022	0.020797213210042974	0.11505651326560559
0.35910237113303567	0.24573041907970825	0.40457312052237976	0.28408865624349117	0.9204383808060637
0.0347131352324061	0.11982699471486168	0.06010262268302863	0.079508801011458	0.059562625043813766
	0.21885707471788482	0.2257925279769331	0.05423872297338501	0.17818498969974408
0.2620363037243315	0.4002537824902599	0.039389297260520005	0.4293979483254499	0.816986978967606
0.0995515159192302	0.036926991595944036	1.0	0.03450946523581382	0.2687942635558363
0.4327399187414051	0.0606687312349555	0.09499665840105044	0.03279721162617756	0.007284337643537766
0.10967650131582916	0.11835152134502676	0.9143203261747077	0.08983781682550628	0.028393432439196366
0.7089891475196878	0.744784774327236	0.2881774513498205	0.22836823967180284	0.6218387431525026
0.002736678519741275	0.32223499245361303	0.07816557235239047	0.493965877635854	0.015845693943911967
0.2165949360698621	0.055278592383976706	0.24917201156213709	0.17000212732715683	0.4578904939022619
	0.012684508998444281	0.040992908049974075	0.15389136117846922	0.11677198535653953
0.519808448899375	0.3350172854585712	0.5454481758183195	0.05085653691500774	0.09766944576160867
0.3175118197306956	0.012974053946971688	0.06218385799096231	0.7158921669289707	0.05889450338845082
0.5289602427275224	0.0598076165297805	0.03856195083840141	0.9548104973993217	0.10680015594311573
0.07682090002468063	0.06975827866646489	0.012902904412541417	0.5405284769464138	0.21657513109863372
0.058843128450361964	0.14468515575178317	0.04895173184818557	0.4015139064010869	0.3692584905838854
0.16704982181419953	0.5876918204404228	0.32267184829348566	0.1403719885905804	0.10933060900525411
0.1399619181046636	0.11741657931912498	0.4459300051246437	0.49964570319613233	1.0
0.29223700733960145	0.2216819584381086	0.1913367999787818	0.05490527697228092	0.182946734423427
0.6779945268435484	0.33698373828188993	0.06403646605487398	0.38117125197080964	0.22803539110598642
0.2022034951068865	0.4049008209020521	0.1119219549520497	0.05617294704065289	0.21888427387504716
0.0767763566239545	0.3368133983556702	0.04130217721346492	0.2194860466357608	0.27352606798644064
0.2158995336972775	0.6205995631424317	0.04219631792637151	0.19675826903755014	0.10772813227785054
0.2974150347516227	0.060268037061922144	0.5536424758582591	1.0	0.5315020925194417
	0.625420339222835	0.06276842195738838	0.3541701121024694	0.04943650283620332
0.038744508685273	0.18079906935968046	0.0055786820053338945	0.2371316274985699	0.565283687462386
0.2620550410735927	0.11797788427553632	0.6323269772699938	0.27164641261003375	0.43107461632277366
0.34647026368342704	0.09755966698917017	0.16175023221163293	0.8150815514869866	0.8457688043461774
0.08369873262943486	0.16424416256405452	0.0370065543108639	0.06078968162566094	0.007151567315105222
0.19919458523227418	1.0	0.30977669370863775	0.07880461842573001	0.03784116816120957
0.18471458240740676	0.1378689935823248	0.06434355339339824	0.10879702588080153	0.28597749170961195
0.38116521914997953	0.35528280343201535	0.5979659004786954	0.9927786245557056	0.009285239114623924
0.20679677980527933	0.19513864113612636	0.10377746227438502	0.3444657424478437	0.1455365483273692
0.1431040965430755	0.20726077752178348	0.1791906330306806	0.04603152139987317	0.6162923467842132
0.1718783288480615	0.27811849534697375	0.28954073237453404	0.017505338875743424	0.2563925957709725
0.1060088025740949	0.5294387567254902	0.0690377957394916	0.24373698544233732	0.04623453661885606
0.0494983312897321	0.2706425851533848	0.145064829200161	1.0	0.706001584332094
0.021252053603502675	0.16306556786301807	0.4360644766965555	0.5254157854640423	0.4393874054880234
0.35937792460330026	0.02044578617964158	0.6087627001894081	0.4780737999485657	0.34709046972441854
0.049758455553917356	0.45818255162044735	0.41904661004113797	0.5602801599363425	0.7247404816388725
0.05508667844174877	0.10706078007851363	0.5497973085814883	0.009240336575607211	0.19817426981414157
0.06389164788112157	0.2536432222386097	0.38523456511269927	0.5215867903913638	0.08373715489869323
0.32063484448210094	0.2806736157431127	0.031511916704567995	0.008081734428195288	0.2375748865068726
	0.32544635057787336	0.20526610039876905	0.1267137875931755	0.0699025411729666
0.2782964703953311	0.32178847516066716	1.0	0.8687952797306289	0.2572668705906719
0.09307077816916891	0.4340602113828735	0.08853251665762557	0.0672015606256234	0.21848375568982292
	0.308171186640533	0.3693951068513193	0.09237019098546252	0.30085184772592555
0.3832268178305401	0.5010242320863877	0.7010691851052442	0.32797827462748264	0.20832894913637967
	0.025925784672754144	0.06378316969184163	0.4028545748210847	0.10782647377378375
0.3477737198038318	0.34695839791006483	0.21117130443243579	0.888730420877292	0.20933517363168028
	0.6261612136813275	0.09157522184350783	1.0	1.0
0.6033829667010185	0.6607423059318959	0.3984984788762936	0.15029830511821254	0.5509804382297052
0.08293121272723628	0.01632621267076914	0.21909042671713014	0.047463747564692405	0.1958766890718726
0.39205026245565794	0.2402131747362405	0.20791744457776762	0.8062369168718427	0.02160096335342268
0.03183784314346538	0.1323693064109989	0.08781285145627976	0.1628525036873181	0.8442626636487105
0.004413776648377177	0.18118269718904192	0.13615337268220448	0.2784891987723338	0.19578226356846437
0.6339414966300668	0.5219651408294119	0.10282533618662178	0.013937234212451839	0.04084067394152544
0.06300711332160196	0.9597695338409371	0.10963943809932605	0.011119023669123625	0.34469964110383405
0.4162001164758904	0.21143796138956114	0.5611573554172323	0.08535961365373058	0.06013746576103172
0.003910403676980973	0.308138706124009	0.15127372592909105	0.3093626042260353	0.2304589252306471
	0.046929912890568116	0.24582294405631536	0.14925722156206547	0.17276417562056898
0.10795032728471013	0.04313586330471365	0.8072833675913487	0.19313658852266066	0.2772090767498768
0.16150127567613595	0.042491858664553114	0.48786703476774734	0.03379472150078647	0.06280037463932339
0.1867178257847351	0.2190105838892665	0.27805915196393743	0.1471225845441467	1.0
0.033363251387524356	0.7531292352707134	0.674110235111107	0.23166683849719624	1.0
0.21245976791821536	0.0427447914033856	0.2380767945707102	0.4414348196463209	0.02901647608882761
0.21843588342963274	0.43647928122098506	0.29733814581340057	0.5530618102941274	0.8218256220026693
0.13961027953359112	0.5378769272459996	0.17771470313494628	0.21524892907907658	0.011995839779035719
0.326898951271032	0.31507777359769995	0.31223675903346515	0.006340887161921586	0.023168601671328476
	0.10592377029147575	0.14755285195514548	0.02202253967657865	0.11924339102991524
0.29896875636627657	0.4604353400370039	0.1855814980988408	0.5072684843852798	0.2597846186942078
	0.17580901046800235	0.2254812996177088	0.11467281206860053	0.39278126083247605
0.0539566063242074	0.06936975563475423	0.12136977630776023	0.13095757865585583	0.4523169217395881
0.05936148686750887	0.04972088612856056	0.017296387082602165	0.8589820983776488	0.2831577788137487
0.014976048011515171	0.06256404234075241	0.4186167823947562	0.17679987489199456	0.1301196473561329
0.08125847457616418	0.06926364669700913	0.2707219185711424	0.36219194702973057	0.49725029103264007
0.3000216597357533	0.33052500161668835	0.13170497408201057	0.03646453465033134	0.031036532824837447
0.19253194179351463	0.04580253928938382	0.5915173336875561	0.1519918775865736	0.006700984181453166
	0.2562362764073988	0.6133782043260175	0.037291117451368254	0.09408404786167883
0.5902324251761828	0.2320334982011556	0.20693365383859183	0.16959562583783816	1.0
0.436576263642204	0.36167237937649915	0.5663842351493316	0.8460995846584456	0.752376375796202
0.7058915926019367	0.015490179160699965	0.04266255547038127	0.5592737387649197	0.44516448283771315
	0.2445834580874689	0.37095819921139056	0.42070741145662877	0.41672001099264283
0.07800583140014974	0.04299171524748115	0.5680676556163788	0.26671504086202164	0.2652623934797211
0.26279408636609713	0.6477800741241773	0.0022249199224705462	0.44875829316071847	0.2316212981058795
0.5151876340194277	0.3900498751073365	0.330769716487057	0.07637453597681175	0.0008221306703846787
0.18311119665713516	0.40948219264638086	0.24938459672238647	0.18480489810471537	0.5472097455989537
0.39441241555875856	0.04753517621393339	0.2818050529759148	0.139861731335291	0.11565613219009133
0.1717721725424932	0.04224149130210426	0.3567906582298544	0.5233256217287122	0.06016308039873196
0.21011966434806123	0.2581203957830426	0.04276150624325776	0.15949781756707573	0.3964163131013055
0.10788851096371584	0.5462137618593543	0.6261031721349044	0.5374848513993314	0.5562049039910966
0.06472687314507641	0.08409285687799627	0.015503592453283123	0.10003197562848559	0.003357533410258229
0.044800525574052015	0.012312179682212586	0.6329641956036275	0.0075239331656242504	0.21510627948112762
0.08035771436785784	0.9124464278230592	0.22624315564042458	0.5285542214263111	0.45164518384094854
0.10634208614223285	0.0330168748891095	0.10540307247355442	0.38228984819120776	0.0058011688747470055
0.7094649313379283	0.28164994685059314	0.15339116798413396	0.9946093191914999	0.7953688581357047
0.020809794754708278	0.6172768671257324	0.026187459580582908	0.07076583096139166	0.2460409146057803
0.06187875461316844	0.14533713332772633	1.0	0.14094039207091172	0.15190156659317078
0.5321944185758778	0.5945843087492562	0.12826832324542203	0.042612822818048554	0.029889123983220828
	0.063449486120412	1.0	0.6287320143482847	0.13973787527772905
0.09761647448160807	0.740784910835494	0.14222735277450457	0.4005636578358148	0.03476377899255374
0.013752089211913137	0.26391294296929035	0.017866415245315504	0.5695212654013917	0.035818636690788844
0.34638806200973093	0.10532256915140797	0.36964163388345206	0.6052128658002085	0.04682921287665563
0.11355059987883445	1.0	0.2021597531771337	0.1821505869816416	0.4661539385723146
0.17135124704374527	0.12218269127381914	0.4888407547273708	0.19927807212888818	0.8632550283672432
0.42320386015607464	0.11658302503508408	0.11851742138649929	0.16076729737534542	0.05003188388460059
0.057527534481762774	0.029048914422676715	0.3494695572766127	0.0471917715226046	0.2564561008055206
0.6850512663219049	0.24005003030154826	0.253814906301017	0.1274886387151972	0.27895618225025226
0.013297281285260571	0.20022316666435636	0.6005822335938075	0.5604922219742218	0.178828892506918
0.10416905796158003	0.4809139782972091	0.2219869862994852	0.5799657205288004	0.08212406622762211
0.25403042242874224	0.003976824947925436	0.007354539959630691	0.15392941671747395	0.08625174486541233
	0.104452642511459	0.4774502847145179	0.1289343571672976	0.1643709380639066
0.282165135113789	0.001285133101065259	0.07587350013134896	0.3930119211080699	0.07695924798726977
	0.6930096536683931	0.1279204079463307	0.052074198274510645	0.12531811426124326
0.08937896139371822	0.35512296010441285	0.05316518331505071	0.09272247906543052	0.2899494068784273
0.251610159043894	0.09641961562106793	0.268597224633041	0.12315470625198485	0.19384367158888569
0.42157891037443074	0.2241948749213253	0.476766009002264	0.35684717085513973	0.42283751933747565
0.014601314705816494	0.7209307653123106	1.0	0.12100847868079517	0.16419687274775696
0.14187940116513015	0.6055059735908335	0.5253547305417514	0.534291574325129	0.08777829755872348
0.37743153295529625	0.27753059556182746	0.5115663027932492	0.2800411498993981	0.10987727209763924
0.11375200983205212	0.03966204650241041	0.3001294441214258	0.2579322555488323	0.013623078394350232
0.014254009985171841	0.17819758502841374	0.4153583838576928	1.0	0.6200901241312577
0.37479533728477193	0.30858285624528997	0.605105208923392	0.23904638642584453	0.07721625909740261
0.030061409692683644	0.041051666333127165	0.25258789768539824	0.15877042176123515	0.806426927177617
0.11745101865483423	0.40206340433175486	0.13955841202840838	1.0	0.0021568365813428823
0.25158707774292044	0.7761930526475214	0.01991987173507974	1.0	0.06809893654187076
	0.0429541778450662	0.2980766075137539	0.10833843977675726	0.10470276337889732
0.053089347427937916	1.0	0.200861817178451	0.14145474709118955	1.0
0.35504463442485196	0.5090627727449943	0.09735060546472492	0.1248552769885027	0.17137571444646096
0.4734922498016992	0.2448196752008155	0.6813787100404955	0.07419809698009182	0.23886961207634413
	0.4348618699854297	0.5107785635004259	0.1254500739458831	0.07678069071339973
0.5593891280345755	0.2569666162168146	0.37327635882416166	0.02782171952110738	0.548519634323061
0.6733595461249375	0.1542862957485501	0.3764566769618369	0.5712899830647253	0.12586442346150267
0.2556757446012747	0.22891101263164465	0.30916153246213196	0.07323840939654015	0.17462611960544577
0.004220035782608611	0.19843874619216048	0.6355635685058161	0.4220996090262124	0.06667175894925545
0.3809629972118183	0.13359627060694945	0.47601560655727615	0.9260974985295425	0.05282936619527959
0.012227117646127161	0.1153060361937043	0.046573665623685506	0.3301121666337241	0.7652247656897772
0.32421246560990824	0.1621029312141727	0.44998651323213396	0.557698705499916	0.022838453734734355
	0.32167945650017793	0.0534769241035828	0.02872959161061937	0.32437053623330725
0.2092206448292999	0.3464957841421195	0.014058195496952846	0.06066087804849653	0.09149402669738517
	0.2415192257685519	0.06733908579555616	0.18828608708258965	0.08835329988834961
0.33223034365123333	0.29093661311586133	0.18770695677408683	0.027648428281401564	0.0519285434366712
0.07092142024110991	0.013338818934918702	1.0	0.590628342515495	1.0
0.1565160207017567	0.09409194771309685	0.23896979189915962	0.6966254620974018	0.7157803074388929
0.09034368114164436	0.4285855433836771	0.011291428468971755	0.318881770239145	0.055854887051484774
0.3551677279915257	0.9432736714829904	0.04172357746424646	0.1568451558252694	0.287858660586364
0.3552087798365226	0.7389358320945695	0.028315924880315757	0.07408161638358753	0.0689232214223992
0.16423562616159373	0.6829589208637882	0.3438773740865089	0.3641194221973054	0.2130575517661325
0.2129916376335851	0.3454302491320392	0.14684864314050888	0.8384247884372603	0.7002598392031489
0.020982113187129274	0.24223340050272335	0.4992952104461088	0.18783484402912362	0.07548547549830804
0.2135759811386893	0.33528880955831925	0.27887287621948154	0.4675734694620081	0.3556705084512651
0.19624309234512685	0.21237806513145813	0.3311653972699706	0.29986585023070483	0.053815281786618166
0.28489306121562546	0.5265438870579737	0.01572642739529946	0.055465212487977304	0.46218941945132463
0.03815583029334732	0.3024779717622228	0.02975466065521818	0.27760023615811025	1.0
0.0455555623619398	1.0	0.6233366472879404	0.3230683393586366	0.8942723155657223
0.42416437533587975	0.2524043649889991	0.04185186432818238	0.17185631709203295	0.6827803231081032
	0.3184175611730256	0.2806899063859786	0.14496835926409912	0.9176438425169724
0.3388202178885636	0.12643460333610357	0.23752944318449082	0.6620268342479222	0.40354075349240043
0.07762103432124466	0.09166848663808543	0.12236401432167324	0.3995356961428036	0.04107904062654029
0.1822082085172921	0.4018826910973945	1.0	0.12020016120726366	0.10153163063520582
0.16136541257165762	0.5178728506388443	1.0	0.60859925068382	0.26461346188276064
0.4756779613330192	0.5723439171833007	0.6442296607264008	0.04901422806496671	0.11984851071069362
0.10536636321792237	0.8479684892304216	0.7437724098831058	0.3432268478251908	0.4753381503426727
0.5737699911347531	0.2567246067373247	0.6983660095178484	0.23630072233269303	0.193855221955244
0.17475179353363668	0.17149566231491178	0.646456864199638	0.2683691958383807	0.13878558800400173
0.3649287636766368	0.24686528785724984	0.3416919211246438	0.0359103761426868	0.1300086805184497
0.23935421767081314	0.10161481350250673	0.037376081533036336	0.18281562499794002	0.851642834853867
0.0005932416045285473	0.5102409007419962	0.36414484515846973	0.23951787544858646	0.26730011567595885
0.39659592450595066	0.3771100197329499	0.17484030776099505	0.34841389524901983	0.759339246481271
	0.3592683147639981	0.10166681413847985	0.3179295409979236	0.05108293368700839
0.3810237955525048	0.4003918781878694	0.05115240808974427	0.15636607632308192	0.07887062597567708
0.4008935867398438	0.03905498706399849	0.023304136417502053	0.735538295493862	0.48044424607143926
0.007429992882258842	0.14385642416828456	0.4948081306116542	0.11574889165201507	0.6877614714767136
	0.5676118224499518	0.08925424383554272	0.025095780211736345	0.2693611508009479
0.11401791644871509	1.0	1.0	0.32400454055154115	0.1354875790504614
0.262378353665278	0.5888083552106614	1.0	0.411980449160212	0.9143311322392381
0.08843668557053729	0.6404902355563387	0.09990471013810621	0.04757036808018198	0.5346826340157393
0.2394318610788	0.5410934664563173	0.08541337689688892	0.012941618231070573	0.48207567105745047
0.5841018866190065	0.1496086729357267	0.22140367123228308	0.1709848602365449	0.28696338683552114
0.2532005422690943	0.23541686127855252	0.37544463447588733	0.1724078526865058	0.16448746187563537
0.022804077671076138	0.35606879724990154	0.01632053127051577	0.13459658418735093	0.6715809414153548
0.4184713524110742	0.9022805764711267	0.3173523577872965	0.16377685094127803	0.24588769077883194
0.09857185900627177	0.18364778972875387	0.4765051220268237	0.13463252017297817	0.004032052199262231
0.42907366650732964	0.2772163847933828	0.7268563381713915	0.8414261890858857	0.6069109687903443
0.05483377472873474	0.5086496752054268	0.7052528850572527	0.21585459284266786	0.5335621943855312
0.04245612350881771	0.3390016886146877	1.0	0.03536606875517133	0.32480287674270686
0.09467980861566226	0.42343555203573197	0.04177344693746407	0.1368659640411752	0.550432995050942
0.0561017422838108	0.19809396612350694	0.025054374223180843	1.0	0.1767739618212303
0.3089332973302272	0.5489814479406675	0.10744306873254796	0.4157850778585591	0.0017538136967718604
	0.6386629756909171	0.024124495969220228	0.4439751557030272	0.12405944631796413
0.351806601580681	0.10210124557125287	0.06359662668367569	0.4537815881315095	0.8388202696980299
0.33025518001255544	0.2281153853410306	0.06968388790350961	0.7968571864330214	0.10841777859227945
0.0028398794874250916	0.039784908629561876	0.5587425615475686	0.3291453990399372	0.6106179506662923
0.3890847038031073	0.04912098668090642	0.06907672338461424	0.6429920650556129	1.0
0.05322718563835271	0.052056227101376036	0.22260541426679772	0.2566602915542222	0.2726770226578341
0.34012205664619605	0.9255586439164996	0.24160188360872106	0.033231039230797926	0.09332989416114698
0.37838879424037375	0.27059783988267777	0.1585813922868571	0.2599644523325133	1.0
0.03161148212980148	0.11977577826714089	0.35616665357052146	0.20259071571031936	0.9520343246542431
0.14354789217069416	0.5425113286552785	0.45202654290624456	0.08793379141255243	0.5660595194180738
0.11348531412894322	1.0	0.4306215775320315	0.04260124000861364	0.1165145672449644
0.2510349595626855	0.1402289986629437	0.5333108417680116	0.03228392374317664	0.0379965847519407
0.13495158831301013	0.9288336105595221	0.22607540726815145	0.050549174925249234	0.060097332163336736
	0.13591891407265233	0.35527015447946625	0.4492547364599823	0.08314442645925102
0.6165393385473134	0.08106921164658584	1.0	0.2339690395993072	0.3651505159960539
0.5035987826006341	1.0	0.38848821708358366	0.07186504308535234	0.5689622292244305
0.12618343283401123	0.10730209794760014	1.0	0.7540115232174641	0.06877295413899376
0.5837257515769707	1.0	0.23943481550663412	0.2633945337997716	0.6057826985652599
0.3103700112546056	0.152292616690587	0.01082301459017385	0.020445135437903106	0.18231230903668025
0.1538652756982715	0.4532065876791398	0.5989464952672687	0.006715870712512183	0.2410818101515046
0.2376847972614256	1.0	0.14379264225547692	0.2304798500385747	0.12062079256635984
0.3670513543739566	0.034875286008153414	0.07209015487363601	0.2324390443065003	1.0
0.006068967658686165	8.149787041034854e-05	0.7117265148961996	0.018935737553944506	0.39507872855010745
0.1751124821745454	0.18652065765228493	0.08568171034644222	0.29933664717423086	0.2467659264879378
0.061069333614688914	0.21059376660185272	0.6119428669426318	0.909979527180064	0.27250128810290875
0.2537303448294072	0.05142749541314093	0.012815211355420065	0.19203332386548727	0.39565108646778363
0.029428899780801265	1.0	0.4417559344685037	0.15473586157811522	0.0089080670877327
0.1801983646664367	0.5416643052628585	0.302784709525152	0.10770410333352153	0.32895627826904045
0.528991414263946	0.06613260457582903	0.32312211620954645	0.024224359207538942	1.0
0.008625786338305194	0.12969314993861158	0.0639878134037101	0.037371969200568685	0.03118132969733653
0.030384044657047797	0.04527335738718778	0.43964442176258123	0.2202998245419645	0.3122057244320951
	0.7029405706237634	0.21467747824377953	0.09412122655408096	0.002563520657964376
0.20463486650376697	0.02093837730511708	0.015036615081693003	0.044591344628982635	0.24640032579202936
0.070840796703425	0.8000819272808521	0.08501703181214568	0.00041043576787292254	0.2697119101676574
0.4261801794519545	0.9266774006162203	0.02040407796809719	0.3351719834864043	0.19998396851750014
0.023010943244628015	0.1483326623160254	0.2713148444498093	0.011990867608528114	0.22908831325413764
	0.05237429048651466	0.6251017254381214	0.03389201982656624	0.4428429498438178
0.20458660652618374	0.036742898433101294	0.11718315174961101	0.0017476303820719928	0.32109117319380215
0.16294253127881134	0.04493880590882866	0.06679567698830378	0.1369450537981994	0.5248159968309387
0.009262956421064582	0.1115818435142266	1.0	0.13795025445319337	0.08581498944518974
0.6606437086369823	0.05254877700297884	0.3027464547287198	0.9179483539412754	0.04172794524061209
0.0038174197880779834	0.08043833047640152	0.2899484474117682	0.6349809761531325	0.30112826054744135
0.6515861671531036	0.25712496544341257	0.5836374424678904	0.09574149390231293	0.05988019763578372
0.28635730026157186	0.019607776875962903	0.3675235475933012	0.09742936439565034	0.535757566193818
0.18922314500525414	0.010788829760779446	0.9589135084868204	0.06494254524866891	0.36872593160889755
0.22888304598149528	0.5760928326083397	0.43217332079373777	0.779217915139888	0.17351928063020564
	0.04481095999803098	0.12389638459185004	0.5504828199747895	0.23619959718894257
0.15209826856020223	0.0006532559236614729	0.03171693563149284	0.1022166637223454	0.030700886813545
0.019378184136234135	0.20259755216534592	0.22104627783279185	0.04246994833563033	0.2833961466110285
0.015396760688636152	0.10532659931938082	0.5996470777775715	0.3058282532708761	0.18768088589874327
0.10672793978084831	0.027750966541077653	0.10204618086615119	0.23224133082289	0.04692383360420153
0.3440503277694748	0.4476455194469567	0.021659723756685026	0.0801566838788949	1.0
0.040452688442060035	0.4149649123123932	0.6336930141394929	0.35166245139944174	0.4386919322279928
	0.7115509260982753	0.03298418396199005	0.21545625348195752	0.14027882892992738
0.34374617182862915	0.2410447832069032	0.28933277198259455	0.06213317890874666	0.1475598577540167
0.031208695712017016	0.5994581378242223	0.40667376399915	0.7475404087141347	0.04854851553100572
0.053783833077279325	0.39538406947458477	0.05962423741227255	0.1784640499680941	0.059134722090052765
0.09337258672693145	0.0831564249906112	0.06795346719200136	0.08680778128156329	0.23302916220210024
	0.6406968424630902	0.48043648222733887	0.23988390889587577	1.0
0.2977498047935802	0.3708378642115323	0.20271019381047437	0.0031394393355590306	0.21424453483489989
0.2897267612251248	0.3253851145823689	0.0437846004476754	0.1319228217973898	0.04071794737566199
0.11067303389981165	0.7086237390926715	0.1315009299877692	0.10236205296141068	0.23452138990946586
	0.8299382661723224	0.11404947710675759	0.49390301524750907	0.10785635561957893
0.34173421863661	0.4645820013463991	0.5181470480431168	0.09560202505503072	0.4733978664101295
0.631781894758962	0.05048830416725724	0.043669088366768	0.0017495248959010167	0.18408963651646837
0.5524951857962409	1.0	0.09119272014675114	0.04498757899924647	0.36937777682295275
0.03651692128485122	0.06997609753330106	0.0679666149304428	0.9311465253048332	0.12497027704316896
0.08136558447975266	0.33213745007489875	0.07677909329181656	0.11454633680221972	0.5523850936263377
0.251388392198534	0.17031301973824328	0.04255014556795255	1.0	0.31505305662961675
0.2760547957203915	0.17413230187222153	0.2663045433766206	0.11167651019411791	0.5335815087935635
0.5436529728469868	0.269021630896016	0.5204276449201463	0.12232455944773779	0.1838560947688669
0.27677799854130214	0.1342123866394764	0.03099860742262366	0.30987025942870755	0.20035781994986787
0.3813602631085178	0.33051753032215486	0.09306015165119703	0.3690206955311391	0.1317228550653818
0.005371297920022207	0.5539067576775427	0.6635532636845863	0.5737154383728116	0.47189433083721327
0.28511719645700634	0.03333951751435544	0.9432684838118305	1.0	0.1445022510189433
0.13569938327839473	0.24688089400382368	0.20444629094860683	0.14698177658359324	0.5115799928928354
0.49530071661838443	0.12907387886582602	0.36584806860213515	0.08791785008187823	0.7227044585897849
0.17120343997899592	0.35803161568505315	0.29233785556762354	0.6730111148140892	0.6049661220004326
0.39651198571009144	0.17191313552462245	0.11545264935154412	0.8871420433331957	0.0608935375760187
	0.13701974550828938	0.3405751041351431	0.17081592569237933	0.007717007137209173
	0.35744413755597176	0.00405784362179326	0.06001924764889653	0.4057865601658815
0.4696812605603477	0.019916524307417152	0.04464811380382496	0.26844512542429466	0.09186212456904651
0.006256982416115091	0.19930371493442545	0.08718897876584619	0.025862382332218194	0.054454997360237976
0.28507578645545845	0.1050503949519938	0.2854877720149722	0.8451638555829208	0.33335655770069067
0.011174673742769406	0.616525972892907	0.48703323928023523	0.2152724459396982	0.5380688735087694
	0.765825404341267	0.2561119222671347	0.23297695048895362	0.06563932730743763
0.27895093293401063	0.09751011624015848	0.16331778582496664	0.25277251493657105	0.45904218883452896
	0.6206280755378651	0.7320184173560266	0.2255077189641091	0.4967088400547911
0.527710975797789	0.13597180895837827	0.015968488363817333	1.0	1.0
	0.03905627345135935	0.0011402534518145885	0.1312401884090948	0.45493456392088377
	0.26449142637951173	0.06129956231383911	0.3939532648495233	0.22135375619409658
0.5950801554996	1.0	0.5457677670492839	0.42029834204122474	1.0
0.5883129412170854	0.0483809948243282	0.43467775854862306	0.31190383759218976	0.30593984894933896
0.1387680567516336	0.14652506650269526	0.38856773997274313	0.40444109713565835	0.07509241990514622
0.2933903287707365	0.09702316373533805	0.08239428801738703	0.3708460728813839	0.17320601490889487
0.054600912033994746	0.05409282387733104	0.0884215991825046	0.07266658224359768	0.4177791782687632
	0.2763489104497884	0.7171490206393093	0.04532084995949618	0.2799910391536515
0.17098517455762954	0.14921178889169456	0.398167395814154	0.41172144129454585	0.7908490499617483
0.16428170458304622	0.4089974513389838	0.8228670436870428	0.44094200721813454	0.31538251150061236
0.6569384305910573	0.008845349807173402	0.11381686801618829	0.06403719455281444	0.3841003450015544
0.5189899533971956	0.041143962590779286	0.2316894390723777	0.2415883588614452	0.03499891287067681
0.05011271643419967	0.023076837739501248	0.0123457686637439	0.05819586216015409	0.15359583215773992
0.05528377987064313	0.056254464255620376	0.11630808367279818	0.027224790074038288	0.4429680784622701
	0.0979592681849448	0.4374936258789108	0.17054647120204075	0.17577343361755993
0.23944838125854911	0.02885700842520374	0.15413999051953226	0.15970361501794778	0.008537883896457283
0.32803148076108424	0.35308325590190653	0.3988983044587809	0.37134837099889134	0.002451886887080147
0.30547360932070117	0.40735027925111433	0.45480141282127295	0.4529746942668799	0.6129254249154856
0.6365870116847079	0.4130746773743292	0.537062509681111	0.06565158012386527	0.6053491101041623
0.5053269208408672	0.3270096237922058	1.0	0.20179166893515593	0.00022557222757224398
0.3651665819061188	0.006852707060798051	0.3713605796588442	0.6102063167320729	1.0
0.5303536836629308	0.19572270242441506	0.3926443767214547	0.29521595866523204	0.19300491762247637
0.4397716518892465	0.17592143318265077	0.8363612922699462	0.10247772835711447	0.026679766527312746
0.028312230353435712	0.09271656118739427	0.04135108116861895	0.800410646897023	0.2656661979940448
0.6416270416970761	0.39779304904743557	0.5497463979223762	0.018438810033163753	0.5504005251198436
0.3720843934990971	0.6571016417727847	0.29893007574283953	1.0	0.36470705003011544
0.23953004222078322	0.08074179925281484	0.48789050898379677	0.41580782842802066	0.23369384356128142
0.10603771590001985	0.2882419862068418	0.19695910742260486	0.3802662602336804	0.13557269282143997
0.003982762091782786	0.4948569696631713	0.20662340364039147	0.20134225366989691	0.2597210331290786
0.20411301425393255	0.142333519042427	0.3133695338425198	0.041599609632933424	0.0372129249347687
0.45481532668914054	0.07727399469572722	0.0479593898245152	0.01761576054983988	0.3182233476793574
0.14347889867637326	0.24379806914873242	0.3689078654297263	0.6461341457938573	0.7995752185811916
0.10609073388979536	0.031374788696998814	0.020518973734752966	0.2528302328949267	0.3725809358323957
0.24952644423790166	0.1545009638268901	0.25554633558311424	0.15411243654930298	0.05847262874977191
0.012888752528715066	0.5022815601982673	0.4750632958641068	0.19664601591748268	0.09149340356932835
0.17058784386387632	0.22525551619865505	0.1418731058403134	0.3721160447599098	0.17355740255021218
0.6698104410132097	0.3066385238427867	0.6810365387652232	0.041945303824161624	0.40836109944049714
0.12622355615863384	0.30677238722569494	0.21645631012123298	0.5556591921214962	0.016440629686673883
0.022857555265231533	0.11158223573717994	0.17235141663196027	0.32980518512782203	0.23216391279626336
	0.3110665719418265	0.406246130910204	0.1649708764459681	0.20572172351132847
0.042086891468675634	0.15918656292853198	0.005359845427652368	0.0828273600111499	0.04169095873418702
0.040972890464277996	0.08362810632788305	0.21118074477792548	1.0	0.31468143380910935
0.07815534831539107	0.16110876976351501	0.26708993083244914	0.35322391703921086	0.23029050384824093
0.2888324499560673	0.43705577938002366	0.33396638629878833	0.46512194752197256	0.03375131088282137
0.23871721415440827	0.038077480741146676	0.07687347797975165	1.0	1.0
0.23063795102992898	0.0872724695405042	0.6193432944466797	0.40112535261568566	0.19914759314447583
0.1243257717363	0.7152306459017563	0.2352921644535721	0.014616128965864077	0.2103489939360454
0.026198074526994054	0.03503526534406967	0.4882916507925629	0.0014123256172721848	0.6018086937540112
0.20973175539136418	0.20792737390512295	0.33226954621922006	0.24670530192882736	0.010775306148453892
0.08944588543728327	0.4070633328990011	0.13435091159281623	0.5309950586236757	0.3328818101429124
0.04070965253808226	0.19467146219791964	0.11026825980218016	0.08638045593517762	0.3166888483322988
	0.7065430751842051	0.02469886989706245	0.21023920058639267	0.09980397651972552
0.1850470286595103	0.11342861559789054	0.0175350879215619	0.08894355353479845	0.12479595386183777
0.4630522098917993	0.1143683962295547	0.037126182955897875	0.522197227956796	0.07906293140302736
0.5431714702846009	0.08113045108805843	0.790648350982513	0.1099866960175431	0.1276746830956535
0.4514481694015799	0.2289849900036114	0.2316472212569758	0.8325663462487392	0.23637856267870716
0.40278719254592327	0.9641650778052773	0.051947316652834946	0.08337278708475558	0.023423953709988916
0.07431778062684599	0.6893694059073042	0.12752644407206135	0.22990234929140785	0.1356070236028811
0.23201989683237836	0.47421180632472065	0.21300719898892173	0.15118553024409223	0.10863544400564676
0.03896963083951728	0.6693930953671554	0.6799000978359167	0.13497687660272675	0.10365683240091085
0.1120476492593964	0.16943273833913328	0.007863520618060452	0.24773393054201265	0.11797077995983014
0.03791951430234205	0.16457672360589642	0.7455182315946012	0.047615041917772785	0.31811262953124947
0.02112150252108269	0.261862365926342	0.2877392356398754	0.36996262777734085	0.0959730180494507
0.27205836253898374	0.014796495551477995	0.18011631040482773	0.9701616069548975	0.3115526122257129
0.006530473643902993	0.016689038596722282	0.45094585498628614	0.6671336949342055	0.12812241370605015
0.17346476929738283	0.7586720976191762	0.02339042401866881	0.1356957093655285	0.041853342418983815
0.2805292271211911	0.4078674154219607	0.324099381378756	1.0	1.0
	0.8682063702308201	0.07070491653249487	0.5743444763335581	0.5057817603667322
	0.05413036198607181	0.04422490673822261	0.009835963312103058	0.46463387892688324
	0.007095294208507332	0.05990264523751768	0.11075067724264842	0.06860052990472028
0.5898052223261707	0.24375028828905998	0.04260546147713205	0.06060746070685807	0.4180668314527491
0.041952227293533914	0.18311384046379034	0.013010277862008517	0.37398035242508415	0.3656080876553352
0.4586477519837577	0.2627268019340746	0.3562277295331715	0.26857412549737997	0.13344114790277725
0.01630354684337409	0.047745195870500454	0.36580865871637475	0.4276011119381277	0.015631615072654377
0.02025884721014524	0.07409046143771714	0.2112835397607912	0.7479519116914892	0.6859237591617852
0.17368448998361263	0.001346748288828193	0.0298785839674161	0.19516444086712212	0.1622372846616517
0.12704207181067692	0.35673244077804295	0.7299781196280208	0.2584963915385883	0.0288724669513778
0.3794018339793539	0.15304353669919682	0.06810094029668745	0.29338580792453334	0.0787969060495394
0.022729218340924447	0.26532859382579765	0.2389833711144055	0.04884781247020401	0.5501218835025673
	0.40320054051437454	0.3747241199656461	0.143974227206598	0.30323827436778406
0.2130246244473894	0.2155987005913717	0.624461028282956	0.16593200236377775	0.3097780788623382
0.2022299971618084	0.6530140506536751	0.03299240437062369	0.12791024474976567	0.05224719494157284
0.39130236695931236	0.16397228838070307	0.3696206951469598	0.15892173031690274	0.7466627796720255
0.10673448574386654	0.14691110509532054	0.212407168701575	0.5529335848624651	0.029535766342849077
0.26270815290130844	0.1647347346031605	0.039593629334210186	0.6267168237857687	0.5699012905532473
0.40220010861796907	0.3167424129899393	0.20846636906915117	0.707781225283548	0.42614617658911347
0.0074957888120857265	0.07583161088916332	0.06961268852243158	0.4605569138496128	0.005375496546810782
0.12701272432841662	0.10251233386696469	0.047957978698513405	0.14221065403703478	0.4081019786469135
0.04301037545486448	0.11964448882483658	1.0	0.09867196820344348	1.0
0.06430289679988054	0.2604617991174775	0.11103741617205885	0.07246423316635144	0.16491813408134334
0.5937224091280341	0.062304484388886014	0.014010805775752201	1.0	0.05572966785539501
0.32115881481661923	0.07457560454570382	0.0791013143817951	0.06227180928302243	0.01680231181840696
0.2615546635491566	0.9769411896475595	0.7323447294262864	0.5154114542481717	0.09091424354923638
0.18858619223369186	0.3028213807889324	0.5757517673331893	0.2905820339955648	0.19330477747456679
0.09725280040538199	0.1587922574033374	0.464936020532854	0.3450649271764232	0.3174865298581409
0.27796158597120485	0.22950587656758537	0.24925581696205798	0.07981688602919149	0.2788928425825074
0.3636759549459907	0.062287958927948237	0.5243126926263807	0.29654191824571835	0.32445717967426596
0.38220742823685494	0.8137996726589114	0.39948080177258993	0.22132590434733462	0.17928264045760284
0.031089849103216674	0.8874543666052787	0.1925948046826808	0.08343551497098718	0.12653017783435533
	0.11791523317852312	0.4944572907203117	0.10637776425566314	0.18648807501293482
0.06943189303717337	0.0013991745792101171	0.15500798289801704	0.03689166995035382	0.32569634912341405
0.5910416484754932	0.5503023724665996	0.09578286494864383	0.09696210438658723	0.016492265835233683
0.14393697831026572	0.45118511495908714	0.2397253207151031	1.0	0.9251282943928414
0.001705850852526658	0.20865379756888278	0.17956269077312584	0.9128928238250797	0.04076594071758016
0.0637029580506303	0.41935272520969114	0.0580542199064952	0.022072645228589326	0.08674007682818992
	0.8637778100883646	0.22361938285471092	0.21797906302035056	0.08712016323661842
0.11196362929991226	0.12149240510783423	0.05844303104460896	0.09173132331869237	0.8051939919991179
0.1657746708793903	0.41830015914725494	0.4872335400721107	0.41144638119868976	0.05317106454415989
0.5158316817585991	0.9230034254627775	0.26954815699117635	0.37985198498022965	0.3985495497051934
0.5021844234519953	0.32221102500025683	0.38216410146406005	0.47243411653900813	0.2947991049013661
0.03362470709976227	0.4640809862791556	0.026032086291224475	0.6034824092206462	0.08137138289259153
0.12286696151823427	0.47927481951981826	0.6806001992897064	0.3167396941801078	0.38928987593229786
0.01102560157510738	0.2786791597639579	0.2932920556666935	0.43601217766576955	0.8169973180585938
0.03491073383619373	0.22100668033208978	0.2599882813030054	0.13175252390087325	0.8093254034448772
0.00846937847647902	0.9871236118901664	0.10225165327489666	0.08344684488778194	0.04077897145619839
0.11208018931820267	0.023441166252806952	0.07125485121455123	0.07257899025501816	0.012116908401915124
0.19454199268717126	0.05416295729874715	0.057771096541864436	0.01115844940886321	0.06728752299012807
0.3615482943933257	0.34723779367687146	0.00335704780523906	0.2817654687894548	0.29323320311694046
0.5543475639605412	0.09566861934233643	0.13213707663614174	0.06229813192822452	0.05793109452208862
0.23132237984233583	0.05783775352667336	0.13171427526635687	0.3830714729394368	0.2179773099791643
0.08714777598238392	0.23188902756748164	0.14785217692215127	0.3376985856346623	0.06804127384372365
0.04522369193100862	0.5448930709742242	0.31827902945456554	0.8155288184085845	0.04858307257873537
0.020327123355842563	0.2967698963305337	0.8030418005694526	1.0	1.0
0.4592222201166448	0.27562624578528977	1.0	0.0946489344585701	1.0
0.5274579249716241	0.0869200466627573	0.14471735079099549	0.10953071591928411	0.045255612048252354
0.03867299528911448	0.20203219233407219	1.0	0.12740118207063045	0.7636346887817579
0.36083639427843045	0.1437099988692645	0.6134762731572881	0.4603172882640334	0.6313349463503707
0.10735799479298688	0.09959152615768536	0.6467355356070138	0.18335495638385915	0.7661105924709453
0.1697568825357545	0.34151458902470305	0.17991577794326466	0.07220634686588347	0.10861191229884998
0.14868037233584327	0.06278622914692089	1.0	0.2032182405542607	0.07219734473887522
	0.2109362058852494	0.07919623608361798	0.5698964933967431	0.3703000263591916
0.3554128711249796	0.1562108398450819	0.43534555518653406	0.3030266009860386	0.4452754658970387
0.35793086684266584	0.04214218224012657	0.05138422846120267	0.6676969351952541	0.01597117833584914
0.1486997796471999	0.7765425874023191	0.45331735902206827	0.19513343067000724	0.7668278956807425
0.6016963595768389	0.894218792505626	1.0	0.11074756930119409	0.7509424831752302
0.03489529260136735	0.0537193393398441	0.9101980180569943	0.15344548166464336	0.7627645900919489
0.053463262893250076	0.15159409408937716	0.1766580047067971	0.9678151762095838	0.17901614488168832
0.04457539065675404	0.5468037703260151	0.05526640586202166	0.26498783653967023	0.12744543373058936
0.088703706695715	0.07055899999658126	0.21920444365028954	0.13634033996861014	0.3600967694716225
0.25341448271820677	0.22121584904091332	0.22285018043670093	0.48654130550848806	0.3436493886319933
0.19555677707117053	0.48638612765864114	0.7848326973768549	0.8624681560140556	0.14664964402782477
0.6169918232115205	0.09426022481511595	0.040400879195870945	0.41249925932492437	0.2176144872212367
0.40195150795159756	0.012528300736164988	0.10847223515901297	0.8930282208669863	0.1939073405872467
0.06832876125622707	0.02979692935129888	0.21849082107769469	0.1604604967519702	0.29649894262693793
0.18878313544107087	0.04226866533463466	0.14138040908559718	0.013091274286403205	0.19599756180643638
0.1460708457768892	0.8457004677809542	0.6243463316764918	0.37760333183375305	0.3041359030585035
0.28214019455267497	3.926660003013596e-05	0.1508735037712005	0.48513862635813604	0.2394005680492798
0.028385734029289858	0.3458701738014517	0.5834565245429142	0.012571050516896814	0.28892563998878273
0.35630542890820677	0.17616374265959206	0.18332456719452067	0.46152225869963925	1.0
0.013804465920779102	0.37461943300877165	0.01555561029204015	0.044205993499400874	0.39730965843265237
0.12505877102800103	0.18237894406471192	0.1998491369447654	0.23046797877303266	0.13772097462672958
0.20453725159870384	0.03765088938252068	0.05132884993060439	0.05768871169562862	0.10504740803724306
0.21518206215044955	0.09536319135308875	0.21915217057651776	0.04566900582619104	0.05909474413381878
0.5120209944416656	0.23672334191777425	0.7133761608642056	0.05440254812130484	0.08056929755900326
0.0020642231325490165	0.1069246234487694	0.3538917564616833	0.011816083004418583	0.30752692998312764
0.46814815833265827	1.0	0.5568941292632965	0.09332616665812393	0.1354578187228144
0.6031706114242575	0.13698687172995808	0.781056181896302	0.45547257013195896	0.016371061493792943
0.12035020016409063	0.339819283711047	0.005542868510614416	0.11648497562378038	0.1971067161925792
0.16951983048384986	0.20106411806269872	0.467758514080689	0.4197346662840801	0.11850160491520738
0.16156173356754014	0.695568046901729	0.1607190827830888	0.2034126880470678	0.020928306630277803
0.7165163672226721	0.17179846043745825	0.10055161154491692	0.9581602738992648	0.06608743763742973
0.41277708724517687	0.7582284875006907	0.25787339318888974	0.014647016645277438	0.03827098309453516
0.1085832802178013	0.19991416319667057	0.32352091080445367	0.7037593308405692	0.1645885030724724
0.26810270845456596	0.07807354556180866	0.8983903974070121	0.18835405753643708	0.10067383962581368
0.13230188070250828	0.20671305545281687	0.8083893515566037	0.18752790143691275	0.17993022605776596
	0.09157119115539206	0.06967484110197146	0.15054477561710627	0.22051198866694435
	0.5614066558947097	0.10196379936793266	0.23384006554840944	0.025047389745301397
0.05301458376122248	0.33775683531841844	0.15558651326541323	0.27077972581527615	0.08923304807033178
0.08710539662101065	0.1484464420651096	0.16111101751309792	0.030136457961130663	0.14947205691334156
	0.0455480465726455	0.9597415302045695	0.04876237639212198	0.061020428807197415
0.452127261645519	0.10553746957434113	0.41357989122560196	0.03678914978521129	0.10598990834790883
	0.049777007202134606	0.4591447616883308	0.37160880115734407	0.230149285919168
0.09407227049642372	0.2612311934826108	0.18603731419125752	0.8757546876824214	0.16028105042255777
0.13556371935657147	1.0	0.34062091307835957	0.11666406364003272	0.2509378180373944
0.25237921655802886	0.2890127584698381	0.9210700489312901	0.4276804830107432	0.3135853303140581
0.1722772395755505	0.029270250400254	0.4859992701744481	0.13351768654277588	0.021677827411492948
0.37487590298730905	0.08871337119782377	0.4480682340194589	0.38611324790549223	0.4765574804705452
0.6305631473220279	0.13251158226019452	0.3202339110006223	0.05203451874348148	0.24199907116853814
0.10259485290035045	0.6700754364093008	0.45400662821947835	0.11466808991059065	0.3970728752791205
0.15044250937505957	0.016107951055493758	0.05507344228526514	0.19361855028292663	0.1638026311599549
	0.04831173522501858	0.07208088080325482	0.3928239460581457	0.5489070105798904
0.17181227228156762	0.34381969383454003	0.824526242401459	0.4491128049958105	0.46562557785256437
0.44707152662049165	0.202212481879341	1.0	0.28856104808296906	0.21445868672280666
0.04695167505521658	0.6962585720325067	0.07269866048384355	0.10572808081151756	0.8108757987952278
0.023102100300297624	0.038835698678965316	0.07653903862383339	0.12109114045314227	0.09677521950461207
0.10049925980244827	0.5607134834713646	0.17293124530013834	0.091864788429461	0.8283393207567907
0.23987184686781307	0.09438217910933337	0.4920458984580697	0.2452075678480428	0.09692223339370476
0.19435727513502268	0.4245056024438168	0.0844898387431665	0.5903817913794654	0.1909591486428519
0.5404220352437993	0.4509420017740099	0.9068271319347767	0.079965458719147	0.7340252807465746
0.21242978894809947	0.08482123450722823	0.20985289100888224	0.2056595843704148	0.15867107154341378
0.2460541811500947	0.6419430862031786	0.11633215144996	0.04594541565121996	0.0031834885811289288
0.23725458444497982	0.09240651987983425	0.04160015896170161	0.5289717649671382	0.2092958640847986
0.1109496703254006	0.7351464947632659	0.06591782156880414	0.03757673934902022	0.014577430245341718
0.11512658846477596	0.21026699703283305	0.09340844706332094	0.3227571928705569	0.05862832050633144
0.0662794286152578	0.5261791050909108	0.11719546933327046	0.3999970198474934	0.03439264076821252
0.3112986177573656	1.0	0.37773559221095904	0.02343629332252683	0.09590373996706739
0.6726458391155711	1.0	0.217715063927489	0.19259320703842475	0.1944019562427462
0.2861950296051377	0.6341352411548546	0.24702890623932683	0.10825958144115143	0.004434628375952175
0.48812019989879285	0.23564831556082266	0.024199153203941608	0.4389961440680755	0.05442908643182715
0.14546589782770347	0.24445428612463838	0.3170127578366749	0.24488546311062215	0.09237733967710357
0.21035574875328297	0.05086297358423327	0.17928381512861416	0.12688874800212085	0.16791025383939678
0.21312472127570883	1.0	0.1418416123079029	0.37676330039449324	0.06782888814573433
0.4021018899385127	0.028136286163317693	0.27102341512429085	0.038308129642479045	0.10648864229514267
0.6973602229230202	0.024768154578729197	0.09187085758925065	0.20942026919437218	1.0
0.16642821580697043	0.08938547066722412	0.40069568162597197	0.4892783295974644	1.0
0.027805945779308557	0.2698829029000775	0.4767520612038022	0.30534896625808744	0.24950022092262747
0.12702032943531513	0.13632900102490034	0.3225334078528375	0.04055541169418478	0.007207611575201261
0.15721430467314035	0.4274052460559014	0.22222296466423694	0.00887558472690944	0.0026633008156463412
	0.28443810204845965	0.08177427121561757	0.14038825666217836	0.4180744541764737
0.02041135804758099	0.0581727926353241	0.12153031624551697	0.1803838742470179	0.6458310360449718
0.19003111615722962	0.17316793591734955	0.9114746362772563	0.09536268953000578	0.12360446816700672
0.15504567949211817	0.2955389965164418	0.20040826530563888	0.4291680236003619	0.08775373241043624
	0.14403589103449915	0.13433174403602655	0.010376343396823263	0.3797010151878097
	0.43794750435610824	0.17810510664682644	0.5101192270651533	0.15402504838619063
0.024139067097306167	0.2006924120528855	0.09545926954205042	0.34027656860218	0.29497328760689007
0.0521648524234132	0.1201494070758512	0.5600376541218357	0.671030760807965	0.014227842541546586
0.5117137012632498	0.12143500275090945	0.4233612329561889	0.4860448718730126	0.175825425712747
0.2608293113549356	0.3548038873964137	0.19427070786283143	0.1629156318350589	0.06504086959692612
0.07100250499605189	0.027870734229069837	0.23114853686241918	0.5242090639846766	0.2151787236679739
0.05158338888145161	0.08524178110255727	0.5404624781374907	0.5682931227858738	0.2480346164976896
0.15276799036002106	0.11313990948566022	0.4793856421495407	0.19999444321694435	0.8599640235823846
0.04756496327196779	0.1994912613077137	1.0	0.014151532701789794	0.01707358330242762
0.02012315854668714	0.06244999237564042	0.283606479276871	0.08266674578170477	0.007455504505147991
	0.15846458616504458	0.1152164324276882	0.08556459414097876	0.3859935644218642
0.10303446249400003	0.16194422707131653	0.039009683771376334	0.10449320154197662	0.4442238789311446
0.15276113771201918	0.2638217881493695	0.2576267408800907	0.4135953144438605	0.7479854878430222
0.5904510480176317	0.4904611384714103	1.0	0.3096927634439048	0.07628295466752215
0.35228587091207625	0.09482962830629534	0.2898293091834225	0.4805406159624212	0.4005747691744613
0.2928242075150301	0.6436724513124389	0.6282962853277417	0.36932857751681875	0.02632124694551453
0.0614035023186083	0.18077485525404294	0.7407843947525157	0.20599178494908316	0.34113719745653465
0.4806599497778858	0.44373299572509656	0.5030952850777083	0.2809889046057914	0.19322162077059263
	0.2909521302067176	0.7193650690185149	0.36510475704138695	0.017538984906545894
0.38855675812046675	0.6179853667213187	0.05716697976788557	0.10623188585251256	0.7328503256180835
	0.5854742111907191	0.005471420267571089	0.517713043960608	0.6257960850402973
0.030621783607153494	0.21047788461363956	0.29231258054101156	0.1770114358627937	0.33082370184853777
	0.11424749955198023	0.1836969913545298	0.39332857609209426	0.4498900922997185
0.2646777893767154	0.41922555620277613	0.2686099167298768	0.10538764764685221	0.4115868549309892
0.0026240184888422858	0.4291735371048808	0.2307272434426316	0.408104199649327	1.0
0.16041471441191524	0.0076220553677340055	0.06068984135993618	0.15274848977441546	0.8461274527547096
0.29268024348243	0.06293045635039336	0.16722035611166486	0.4272383049779513	0.046318291569749585
0.13319595739084059	0.055429070817012836	0.10791989915026953	0.17213245967607585	0.11245877196876532
0.28550901114266636	0.09899216689748437	0.09403736471603896	0.9661750233006658	0.05807823435204029
	0.010521482251609858	0.06464807181164887	0.12095766201619394	0.01042806345139819
0.10359726311124388	0.7040293751502341	0.13027691565491037	1.0	0.020260056650270083
0.3639210550209051	0.1572446489022549	0.7113490156227799	0.26438393881387656	0.1227558630348238
0.31290556117326523	0.6386089000755563	1.0	0.7593195222620861	0.2114911705979449
0.17729579300229298	0.28782383272834805	0.21208424558183808	0.40042587107730027	0.6387033011598179
0.3338916520224017	0.36447530678039536	0.23119618271903342	0.42604416730991074	0.02692423448604581
0.2613165032836528	0.5055554382735147	0.012709660380742114	0.683703870671031	0.014601552587708405
0.45539981521895506	0.1274274976315886	0.04572019433520572	0.22803493935395133	0.11541458322800408
0.09851172674213597	0.060834931597618755	0.008190874267829058	0.051403374790764185	0.06083907381277153
0.36550581725243325	0.3107561799763751	0.45453572554505256	0.15720442678211546	0.09159582150853661
0.015350640903082902	0.026917436643879907	0.1445919959233938	0.051147596946635	0.08553193047167847
0.0892171117934668	0.03515942524270947	0.129536700497785	0.08655914309924918	0.10542570936206626
0.08532886441806219	0.02212761190160147	0.07933855161852975	0.31032246335817065	0.2647558182933862
0.006840498642408003	0.39056377326991387	0.29131656305625486	0.6754799093576614	0.15788824556216466
0.0936520153228141	0.021499953696201418	0.28830135232869764	0.16236936011560033	0.3111417595519935
0.04759199739981662	0.06356290406023744	0.007674560881704429	0.32226340953630034	0.3406976620583227
0.07304914752552182	0.3293097572088795	0.7689197434548739	0.009038778960192392	0.12234533245918401
0.12850885247726584	0.4690397809130067	0.25468634582887134	0.033853885319486327	0.3697558687252175
0.07901684532498497	0.20682107165430735	0.013371243553894714	0.08236336941371601	0.151646779374443
0.23159689488257487	0.3347902937551061	0.03545687193061218	0.5155650310589941	0.05459850733544608
0.22501534951671712	0.4154332565927468	0.6002717410683504	0.17044607895891448	0.14241963625963944
0.19320886231903348	0.31310756461223155	0.0028634514518946193	0.3536748240958849	0.77294586988755
0.12212935243575905	0.7835432085305937	0.3197625015068286	0.12340454085871347	0.06046377492549019
0.0054898880136389095	0.06914864362271479	0.006492318033278247	0.3369514209066254	0.46634608041310105
0.018894838476759022	0.156070855810623	1.0	0.09029936350855085	0.33627154022570604
0.0641851823178248	0.6235056832552884	0.045864576723399525	0.19473556684158408	0.49698618375066467
0.28281544297122657	0.05262983643641843	0.03415557376974473	0.18577037767958168	0.41627270003894934
0.6243024900878653	0.1927539785889358	1.0	0.10781282485296577	0.19524686698196828
0.43260338958994216	6.756077877682944e-06	0.35699560884100684	0.3929211371426933	0.5601453586423376
0.08178140952901664	0.28977331224198843	0.017883824185712795	1.0	0.6840754725386702
0.4145007476115987	0.29659439947422744	0.9321463483220498	0.1843347198221856	0.48381865473122126
0.18432590320092457	0.05278256201286875	0.13076977677479884	0.20808774063995078	0.6307575549484977
0.2982178386440723	0.3529348590903677	0.04520520579177404	1.0	0.1306615090713959
0.014593259517897188	0.1702926710433342	0.0690613336712635	0.30028786555080855	0.6712211383072432
0.16004716184811135	0.29542842380035855	0.6254128562886215	0.4423672321982174	0.015480977978367571
0.5477788011907053	0.6312166090349333	0.19548542904561694	0.2589020356982898	0.16600811140527766
0.02508879851509851	0.05184788550653475	0.3393079283837505	0.5915378838698923	0.11595089313938353
	0.38467088681234246	0.08708384214760703	0.06816769131987273	0.341890379270808
0.267772761810208	0.02058011290056889	0.38720049579334875	0.25182020683560913	0.0846602500237865
0.18015479256362785	0.18139403418480582	1.0	0.12974454980722178	0.07869133742839445
0.05610729344324792	0.3108600550681167	0.1773493609579266	0.11218024143217933	0.20660367996102666
0.13754085517406206	0.45503403438555334	0.02300268968191822	0.07401743885090967	0.23221606306716253
0.24761290710483103	1.0	0.11744293104432388	0.027874972151461168	1.0
0.47578412801277525	0.2532888904809317	0.00821542818978633	0.10390014711342767	0.5729772788265127
0.03914377641915886	0.02250500755969064	0.17066005921426905	0.2384611607905593	0.0019256482126493936
0.2838353652132878	0.0320941339854869	0.3294084189077681	0.07990136812261382	0.38355020350455077
0.4679090800380157	1.0	0.0704936329076195	1.0	0.08831001082304661
0.19282779118913798	0.7331111696614516	0.8600712653379686	0.3165796652167582	0.04227103402372241
0.5326577990378332	0.3870943535542697	0.018744785780119805	0.0028202833557592877	0.2640654572339136
0.11615417721422476	0.23525133666927042	0.2753856131199065	0.21025182605574108	0.1460058760626391
0.17743949992371508	0.4621522142172683	0.08487140997484141	0.11709954401206336	0.07204062442767449
0.007248816074077544	0.07747271427611907	0.042999782298763924	0.1365122830061198	0.058854674142350585
0.008113995969919451	0.32052833222376287	0.6295526714465199	0.402256984524241	0.004195262064860745
0.010489957033448526	0.2433003562579759	0.6368406574331368	0.08386122751371869	0.47804119762883085
0.366820889416192	0.07988586811137116	0.5862190569475618	0.051238538934321225	0.03418281490250861
0.04073462761408876	0.12588690787886994	0.4243226998196122	0.0014659693133625025	0.3500856240197735
0.2512381171453437	0.1600763246130885	0.21845460200378605	0.5003242780336689	0.20261087707026318
0.1913197919144812	0.7896008864332865	0.1651147185976856	0.4488715161263741	0.03303758707179486
0.061648662532501876	0.5500407034827762	0.04790803004404675	0.02927755950920347	0.08713100047873625
0.01935555743707858	0.8150000017419647	0.6308036096093556	0.06194597500847304	0.3807527145758958
0.43075811905503575	0.024989684840657687	0.3778112515360176	0.44131531476973185	0.053614256788924675
0.07037093813916331	0.08258077774623311	0.03120970958319294	0.24850082154700864	0.046318377859218544
0.41577141391216543	0.011467450814973914	0.052021407592616205	0.018832015742864562	0.37903325863764065
0.3607464180387227	0.5425921460788327	0.23100045799747304	0.20268421866583056	1.0
	0.15516782094004605	0.09074208462218401	0.4033293025187861	0.012533981180078934
0.08714832658751336	0.5533134495516613	0.4476781256393643	0.03609167258396325	0.20117748342534042
	0.43027877033287004	0.0950889963141846	0.0738033721542824	0.16611942493320062
0.18458223993775053	0.12554908394243577	0.06927971767641251	0.27558757588403543	0.05034609143303272
0.01173473267159787	0.05955580527961727	0.035752832353956474	0.5396758689511301	1.0
0.14704006644475665	0.12742736268300342	0.0667417542299601	0.6056472888038866	0.13998333748265032
0.3422031991809178	0.22057962803717984	0.5049449053273948	0.011295516970032058	0.36157865551019325
0.11200125150621276	0.0271657912651741	1.0	0.09190411696604131	0.37304388384586434
0.003977229128851662	0.08858913319584	1.0	0.064735992827991	0.11762639154785327
0.0011452106010977345	0.17720954266776187	0.15505355388102857	0.36496020800487244	0.010507075558628499
0.7027163105502182	0.09040376596307453	0.01682845221808061	0.07387416263829592	0.7531341125861842
0.22046973145950655	0.09032111113679862	0.039283459306845785	0.1346567900434846	1.0
0.6643185411748832	0.35771078435456705	0.004073046474109195	0.2936922650439714	0.4144157698880079
0.40649117654098643	1.0	0.12463440957113203	0.18802756408381804	0.058195128456580744
	0.5209799681303855	0.33805064636825777	0.1940032846132431	0.1842051320334598
0.5494763809166407	0.0851597391611109	3.927871240979805e-05	0.23414680597499563	0.48493530351359576
	0.4907295113784772	0.016086670397190736	0.00998641115588301	0.11411942210412526
0.36321768030819707	0.11998605708724909	0.0005638542222175199	0.1406697271002165	0.08982236436527957
0.22779441513439383	0.11659016077994955	0.15834462009265582	0.36557122453347385	0.2224630859915787
0.6050525407079611	0.3185409245628351	0.1476512657300893	1.0	0.286771215105825
0.02922509385098652	0.14911641381703303	0.04427674395362307	0.18109557059536283	0.0679444030155706
0.03340815536013658	0.3586061263712115	0.6763657519295901	0.018277938345743254	0.37370417956125984
0.3568453408436792	0.1043893041288829	0.22789472765158086	0.020103185762725746	0.09592153565244975
0.10269316286990603	0.9582618721045477	0.6796335393390099	0.07683925534998143	0.2743514988732437
0.29544178934518733	0.21319042325463752	0.08230518386898594	0.6285942234860257	0.43052955258011477
0.25708131276540014	0.8064140565939596	0.15490727024198478	0.15376924949907264	0.609408838782207
0.1548618496786286	0.2959004443569952	0.29397574070430854	0.022115851747487432	0.27782016112296415
0.08283563510902425	0.2645339690737695	0.2868856725399486	0.06313285850424528	0.18690115298369062
0.5178453816355777	0.2558222116629409	0.12134663496916982	0.10440505035470812	0.38440063275126185
0.06628471225511001	0.10825275799421077	0.2529773338047758	0.3130987071432859	0.42886468432769903
	0.5086128898591833	0.7534780410467204	0.3619596405209316	1.0
0.3437016398252454	0.27063783551997567	0.41334018395196204	0.13364630989105095	0.1501616229372761
0.099241618430949	0.21198115078493637	0.03637509521440969	0.10450021738547517	0.09600387131975485
0.3560642717842703	0.06123503664620786	0.015980412792192263	0.09894451108201867	0.5827926011836859
0.020115153141551333	0.20978017143182445	0.13800185594167258	0.4272247334663704	0.38639794795289323
0.5048201258388717	0.602916136172907	0.2265231729431196	0.20057312764560653	0.4548025119831093
0.3640978396051254	0.48632728453072327	0.23720617980526795	0.21565843803498777	0.33470373870040565
0.5691606282138015	0.5807945405525676	0.2223769958595376	0.13644919558044646	0.04192326723998929
	0.009167437641906582	0.013563864308947597	1.0	0.06623305428460995
0.00515171109278768	0.39960543311614266	0.3216060935208425	0.26529621274179244	0.06347364961287831
0.03746094794066103	0.7569866209069498	0.051656439048069595	0.033311204240483935	0.21026391144512507
0.05471774469302182	1.0	0.24726203401594465	1.0	0.2858171086985783
0.009857439812462291	0.1410044100685189	0.2824563553935504	0.2689092277645416	0.06833881400985246
0.183086289394031	0.1823378358764367	0.4398370754915602	0.4352003956675871	0.017852152471919156
0.3974706578745503	0.28295078605533397	0.18335534486876612	0.017034309901797065	0.0562596834543437
0.4820780875708105	0.15306935267563623	0.31097725420958416	0.08096715896039205	0.14885218612600457
0.014177968951121453	0.38229682965393685	0.01711963922605965	0.10332003167530461	0.42272237866917245
0.14965096903079736	0.6122689308094614	0.8814129316757825	0.17098979848591056	0.011173109394225668
0.3080097365482289	0.7960921104482992	0.6455876145599416	0.2854498267001999	0.5264285683672726
0.013842736892576743	0.19854757528351036	1.0	0.8991779910775394	0.009612196045866673
0.15386129382575162	0.4275309227894231	0.017819085538380044	0.07528813272530686	0.18022508704979687
0.2414529104025619	0.2173159434927358	0.19789691785813576	0.01639035241307471	0.033982146861553895
0.2893430778270446	0.21897524610764635	0.18609273878641075	0.12660991579509007	0.148590603727
0.6217120925433322	0.3124029072682482	0.5438189906914938	0.09078016794481363	0.11548660933912709
0.46014239971447346	0.5049461131174684	0.28378621052044145	0.3654345334717199	0.6027181143745834
	0.11489539083358823	0.014085941096203019	0.3918238217078383	0.18199484889899004
0.03559653571218785	0.23300460583674418	1.0	1.0	0.7391047333399284
0.22647697092542335	0.3199390443406748	0.33310314716516354	0.8711007747020073	0.33216774608299054
0.2593071722710687	0.0852343705071211	0.39880423058349457	0.13284935053453528	0.42050878082091064
0.5484465815948477	0.717897958089489	0.2540012120072483	0.08175245820882274	0.9646045275683509
0.2285414463843358	0.18586704846444274	1.0	0.33656086995896145	0.09752389522775921
0.016264813396320695	0.32580829924135696	0.017524320237755193	0.11608186802656388	0.01489599909645888
0.1990784347385964	0.553398078611492	0.3262703658476731	1.0	0.21571997564087506
0.3425836765727079	0.5206276652981515	0.011601068145146035	1.0	0.12320111778984404
0.48568538348033796	0.8726178866706307	0.20078635272555864	0.04252548716225231	0.6980675605889224
0.3893324630565084	0.6777818550477447	0.12869300551299578	0.1263761904257862	0.41198706804365076
0.32814870189026984	0.14243755563581323	0.37563083346487436	0.2494377697053905	0.20098548455577794
0.0763988933925508	0.2457705443133018	0.0012292989043235503	0.06645250604908884	0.03624451095429684
0.14641246217400816	0.1695320632295589	0.23560034065630642	0.3033245327927545	0.14697785602925176
0.3150034246543602	0.38608655360489885	0.17303073302214833	0.3396913781047996	0.4070790600515995
0.19189915142359545	0.012232726828222348	0.06944985935506078	0.29310362268197504	0.21971748534769867
0.24472674648852533	0.2814447342546557	0.303248934185754	0.48344667902052135	0.14113520247516362
0.25448281298668207	0.30430702286607725	0.04865462839582755	0.07589416332348188	0.40362090913729237
0.1867724460085082	0.12378356528990503	0.12200141869947065	0.3953185410993051	0.05203705674826492
0.4998408135325176	0.1653567810683614	0.3119917289253871	0.07751476151332001	0.06063952153357949
0.508663752902863	0.031542854721328735	0.011574895682785358	1.0	0.21338358215755895
0.672836813773565	0.3011708012789799	0.12044281307872791	0.03872780795672793	0.24241551536229555
	0.18810457373128533	1.0	0.36155211092866046	0.4719027218323176
0.2587097962839823	0.2052512806830722	0.4100370638387076	0.247716223714	0.19985897036996403
0.14979700858550185	0.01756754350936474	0.4037241747718242	0.5593917478758391	0.21677013959072394
0.33330321336253327	0.19115117226520323	0.007988279015048071	0.3370418866978007	0.27703955165833366
0.4371392780097017	0.8015798005510703	0.12729589404683167	0.04050003109321978	0.21249727613055647
0.41204405331523347	0.8013105186728186	0.5473170892521241	0.19695075317637412	0.4445600538843214
0.5597889236907619	0.02531370418788352	0.018220227937069386	0.06183294783948669	0.029683618572246502
0.11050039682912066	0.7963707272540483	0.031266632386524607	0.03638412958858527	0.5034820205077994
0.5973779542435067	0.8773722365109476	0.143365299767079	0.23196945313942563	0.17370931685506083
0.14888490056609485	0.16141484359369995	0.13276578457934346	0.07449677261314107	1.0
0.050440920208162536	0.3609458984594775	0.019749477511715862	0.040763363431729115	0.2293281213527436
0.6665302565461765	0.20439223937482368	0.15310727981138889	0.1874313942153545	0.08813562248948867
0.19829085187799755	0.7348711739200362	0.06436604785020955	0.20097110203561291	0.437219785533318
0.14411129844209836	0.29073175146747804	1.0	0.23268830886589054	0.1324900633751049
0.13838055660006093	0.3581924765195908	0.23637486488550014	0.12128802256473742	0.25006187920483025
0.5141807193413571	0.16390252535320998	0.10888536444617382	0.22626773921170865	0.39950823563039894
0.23941981409227042	0.8907784750391976	0.10065471580004196	0.1855713624585006	0.5487677838291116
0.6333502048873303	0.39456243652288886	0.24868580412429958	0.5308886316012045	0.09641022124567435
0.004201467759982781	0.3807556452441801	0.04984426285761329	0.02191065002743782	0.5408735315444159
0.1839240432257563	0.11977840174669119	0.18239424672673693	0.08879597234168753	0.0005653151498162174
0.3905214744767372	0.13252166838660157	0.42787712439946707	0.238413185443735	0.3151221379110148
0.30135605972598845	0.9609184953951759	0.009045285147779244	0.15715869684169237	0.29319531852976594
0.02728175091649803	0.06061653813376926	1.0	0.11702209722141778	0.038195768892077896
0.1319127026190904	0.0664181956314433	0.799596827174309	0.7914200521637685	0.23367454241305516
0.19261513454940962	0.1556488078870968	0.4918068788913833	0.0720089560226582	0.7783464949048653
0.5693570728019219	0.08451348125569343	0.03880156206847593	0.31639802170217934	0.15111365135710508
0.045950449335470885	0.3478956561887203	0.10210419560141835	0.33606802891959925	0.129569265373352
0.5899085002715186	0.33262721890315383	0.8121747490048357	1.0	0.3725335535188097
0.5864981454871191	0.47567001175236356	0.08679468085426115	0.8734011033606034	1.0
0.18793189733558885	0.03593713584337709	0.11753556018671532	0.3658459058577935	0.18468058130606468
0.5012169027479286	0.2041587771109134	0.8721758151549255	0.1362526415847262	0.8823290574767061
0.46570897793696653	0.026108394990159167	0.4829847875013755	0.5664318063951169	0.20391715706600314
0.20469941787175366	0.06490138045318253	0.08302270584648663	0.3266624451043175	0.33821550202270617
0.2745936586171872	0.6554075234524356	0.02826220975211237	0.41698499894338253	0.6050614124606704
0.08872002547863574	0.15680451283873922	0.11866604660780469	0.18209937138603352	0.4974894645093321
0.3088415714248245	0.18800695080026564	0.11515638525212897	0.07352502586453515	0.15451024659858964
0.19658634301106045	0.0025542069820360586	0.23896227701532136	1.0	0.34061756861531334
0.6019706228574445	0.2845842737338196	0.806019578403253	0.02217666674787226	0.8740069855266901
0.39810933725201675	0.1662423077826974	0.3840999357464576	0.4670892688318939	0.004387824661485327
0.2150894883799867	0.12898590841539068	0.07132701221683631	0.06063507859623372	0.3230417601781652
0.19720050943174994	0.767342449526104	0.27361337471911984	0.6702448690598932	0.2693147405769961
0.1184181928721452	0.9941137628921313	0.04577789811800518	0.015980908395869662	0.2949753327159517
	0.18343559953345157	0.1328309209499372	0.6590926355314813	0.06455789539939534
0.6485912522594326	0.23128982444663598	0.15108032587145703	0.22497253418366067	0.6164192034125177
0.5826898917603675	0.12514716767167933	0.3757025415029907	0.027871602053617887	0.2753752900038964
0.2401417243049135	0.5680842434355592	0.12023723041093334	0.8019681883597356	0.374976937514511
0.10723613123194631	0.23699056994768794	0.12893330382052368	0.005025010283831589	0.5258125150254712
0.49970420295482154	0.2873195192744446	0.3715592061804407	0.2528522497402673	0.27222713422762923
0.2717333240818995	0.0800090638226187	0.04954616813683207	0.049512695859388556	0.6275986651161404
0.219905867055115	0.3802300917946849	0.06986161871037275	0.1438943181539807	0.1377465120081213
0.2492201980435083	1.0	0.2079042745456361	0.1778106762059709	0.0037109446992413227
0.23307981508905273	0.02010500433568913	0.328517242312482	0.10606242962469163	0.20582412699126618
	0.07314090730245303	0.21644202558775683	0.29537914101276774	0.03722350655394894
0.4239665044322635	0.0430589187643912	0.23572548311198763	0.5877363627272475	0.22783936564579582
0.2566058514171758	0.5095466869098677	0.13815279459481072	0.17282318225071142	0.2710086850273483
0.20565462508978738	0.3043808903872999	0.16530025037707888	0.08837511833669703	0.17725019222414187
0.009465336450013852	0.042089683817908244	0.6365713513742978	0.08405242348589516	0.05626227099808675
0.315618703968595	0.10441351530443833	0.44545683505508377	0.10018458759561237	0.08666364909149794
0.48139625080401005	0.16714297785431104	0.15222299794165647	0.1671046269350181	0.1055610467566356
0.4314254944379125	0.2030093830529724	0.4178699343502145	0.39321497344687534	0.02102463712831215
0.29009630484474275	0.1400151688832479	0.1989986703428709	0.05069172367939945	0.11255034372640774
0.2590326939714111	0.19276130312294962	0.13915073771670622	0.2261520700122145	0.02815221971264691
0.2839689432945595	0.5266097168304549	0.45327962440981373	0.7275691259811706	0.03341062811026243
0.03183398216627987	0.058011025272522096	0.7198590420178858	0.34861388754320544	0.398575047440988
0.3573723337760786	0.3755860437573623	0.08226889444398204	0.3568141359837602	0.08581993237748727
0.05400524660534133	0.1360214346809974	0.1146541197536845	0.635781275878401	0.14562566211788813
0.6568409967906481	0.3501943282665579	0.4649240151702627	0.6800264126518362	0.6774324896346341
0.02598743030239911	0.43183825341594745	0.2596979622344024	0.6587166345043497	0.3232826590763168
0.06084664203680951	0.13863984177723995	0.3525815401100072	0.1243510456993894	0.527917661306614
0.665578508690369	0.26713347306208646	0.8558776188116465	1.0	0.12311790439654588
0.33711542260559446	0.09920353977916413	0.2720457997875598	0.6614498585865144	0.33871755990610397
0.49785545661999586	0.23090212435783372	0.18091013359489727	0.28889034470185293	0.2277654586718788
0.6393057927048781	0.22184254274162374	0.20250476821806576	0.09022322098520942	0.04628274948220948
0.015604576150766577	0.9042868755477143	0.30957543350430466	0.3325830485733022	0.23746938717953012
0.19752159953018558	0.29275782312539106	0.11794135277079207	0.182853561916015	0.0504835017457398
0.4118633777116824	0.5846833706695226	0.17917537273267004	0.48632412168041084	0.31875784115301575
0.1814815502766799	0.16966897974765952	0.23593494996913794	0.15011104675697817	0.06690165670604617
0.04464768006682873	0.45228696015061176	1.0	0.17296424561917215	0.3886225683404005
0.4227731147136662	0.11651895719332897	0.07584821804676496	0.18118700861608092	0.5597256833730005
0.0694722845244199	0.25514725593107773	0.18258086854575195	0.5362626693999701	0.1931352983819558
0.032482781226860186	0.42052232949043267	0.234313877430252	0.5100237970657677	0.14519622689554268
0.120029493750495	0.4194767344782646	0.01562163811665667	0.06297755845911247	1.0
0.4716516867886785	0.19551495051638743	0.40696513995433514	0.2872425226606662	0.2641965929747094
0.13151482493622585	0.09292413500898698	1.0	0.0021217261039679354	0.013001666407861963
0.06697890728409059	0.6591816381320933	0.3047024858719966	0.5148543111701509	0.026162351706391074
0.2799491488996129	0.5441472602048053	0.5304413456218834	1.0	0.0171604327799767
0.14939958558646702	0.07746491370217935	0.2424764603178246	0.03210469556442479	0.356384490613125
	0.12162744298862217	0.0977362476395384	0.590072864887996	0.06612444914265309
0.3629811277495577	0.08740414959372082	0.8196300106016324	0.5407934190722447	0.047197758677369486
0.14970289634244233	0.2591889158775822	1.0	0.3007357443265813	0.2961042811174429
0.3814092743271119	0.1430616668982803	1.0	0.27151598438750435	0.08247999641600813
0.42598094570944783	0.601404400481175	0.6586641265935499	0.27040061680165833	0.10153293416425883
0.32057234145693453	0.010064626396019587	0.5323883469169806	0.31648227847888466	0.06399840335547126
0.1085587762746723	0.09465412592822509	0.22851278156669105	0.07466869716841316	0.28892328290144426
0.13109196458118116	0.022443555628650913	0.026379205284737577	0.07984079555984759	0.34713460672170604
0.1367085984114067	1.0	0.07637952524261356	0.0605538384288853	0.11531247704026153
0.14806905699874112	0.2503220458786878	0.10453720266189835	0.31663784739140033	1.0
0.14677885347951417	0.04080026377753042	0.295723381183133	0.643956435019823	0.6714160834483102
0.6252828818270806	0.4246814313624746	0.9096063605638545	0.05393370895634685	0.03455926168682694
0.09874243273676309	0.08615186680505778	0.12874610093988026	0.47521330731521644	0.532928685452001
0.6594920034048316	0.17835866995003774	0.253297076078112	0.18162774292551653	0.6852965249162704
0.6526390910427952	0.08084375959204998	0.17401149193387133	0.07695972684294702	0.05745098507090032
0.0013744480442958468	0.16691795464057846	0.17496443253460914	0.21674215303381866	0.4311527534220078
0.362275969621096	0.4301122719214473	0.2792048493077769	0.9481013255370185	0.0008581495761572497
0.4696967654807357	0.22331552267515448	0.12687515734608665	0.15604990234474467	0.16967751765183953
0.02160397118147274	0.47579428463890455	0.2593046630675293	0.06643316396536003	1.0
0.046671637362092316	0.040637469458022324	1.0	0.29046263554702845	0.15393535333651406
0.23618671158875398	0.22509417761426181	0.2364046786110134	0.856500677338346	0.10090973320946338
	0.07094526839831888	0.2520865745024349	0.061280806688089044	0.2798959280998034
0.13901983398482312	0.3052059122061865	0.029244266429531138	0.06353954611048744	0.24783636119070998
0.011121446615765532	0.61763649225236	0.6238355536548437	0.09816397291444345	0.0007862850546823102
0.34710070662643794	0.5305157865210881	0.45467657344579504	0.279964287665265	0.25013312910120633
