X0	X1	X2	X3	X4
0.22941099630450745	0.6431735555457416	0.10721302442195957	0.5436755648299552	0.9687757957815524
0.658770059909228	0.34458299244734136	0.493074916912456	0.5018623388588005	0.3531646776270315
0.8948070887427911	0.9397869243437844	0.20659591315296688	0.40184845201241237	0.8791607685421272
0.9931320824431625	0.19240232253681266	0.4030889331039986	0.5570349544962769	0.7126328515613776
0.7659649917498934	0.009216919064704232	0.9843564819185793	0.8602987258449662	0.8153668363523404
0.5867527150662154	0.16795089343182823	0.43272050074469404	0.43584735195155233	0.6860972972356586
0.17607568815022134	0.5375793825958085	0.15806452515744218	0.5100246764017031	0.10940242541068568
0.8580058839933989	0.9311222826186317	0.14999640714712703	0.22843898797964113	0.42409007618672345
0.7860900535312445	0.6759538264777085	0.16451478278066312	0.6367128939054195	0.1794670479368088
0.8245705984960062	0.3323434369343695	0.7585486974235673	0.3870891764091028	0.5300124613758114
0.6634626043213233	0.4195634823793789	0.1500980188955312	0.03202571616439498	0.7796432903179776
0.4884274502067413	0.4298267894621939	0.19936202897839328	0.7298152995594661	0.11667462174047549
0.8872957560110166	0.40260900937498434	0.5774526428983358	0.889079670697152	0.40459205997050596
0.4340558255668663	0.9687661649193225	0.38881011406354404	0.6023037968869095	0.21775502218674803
0.6048841443618576	0.6102616885380645	0.008369447500303995	0.42091886759485564	0.014824046959601378
0.9871071143195748	0.8448733622079555	0.6577738404624761	0.22050300422725944	0.38226121361095133
0.8449877133803774	0.8382442793471075	0.3521519231280107	0.41121437431735985	0.6385389294408303
0.43880715526251124	0.4593805939516522	0.23440399808330104	0.9193187193926577	0.13522921602984217
0.5580364735045801	0.32195717057549755	0.7859355088698073	0.2943515084850882	0.7420066891402026
0.5734345908658465	0.995274716938823	0.507426480199905	0.8340940758386576	0.7411340056523341
0.40940126364087903	0.45961477228322867	0.16516834374575795	0.036384128044408826	0.30231951156807335
0.18218646545818173	0.45748478963478345	0.8305636331323767	0.9614229324443245	0.09752491332814084
0.5199095189929218	0.8923869873138018	0.6778850411293721	0.8955889495985707	0.5491602619274714
0.27423926469800175	0.10202620568753673	0.6646682116371218	0.16768698870984122	0.6557938372640456
0.6907155199681206	0.13121135209462909	0.2719673696901467	0.7492594699539527	0.8611522869831874
0.056818258623750895	0.7380819852925578	0.35517724205733225	0.40753973530694954	0.6669682495083942
0.35978996107771244	0.964782338044607	0.665651048662473	0.3447377385174112	0.6863126641066777
	0.5173836528118639	0.9268776924889238	0.3664356024311024	0.7673365766714673
0.1339418786871649	0.5454548958726906	0.323964447086433	0.976666754521892	0.04017878505179229
0.5529329800468585	0.15940569449437447	0.18697173846149684	0.256331488412298	0.47470252255067547
0.5751577978124153	0.9683524373542117	0.48452988140857645	0.6614953027633081	0.9980544249185107
0.4278280584451054	0.7199341846008014	0.7060693420753671	0.7848726582656514	0.6363607448669807
0.4750618666078831	0.100001658078267	0.46645086765392807	0.6527157943858137	0.9107819742896509
0.3259147904278449	0.8322343508846952	0.13255987845387585	0.8993572088284429	0.7954553695849359
0.6435754510059276	0.412444924276679	0.5754420617638513	0.3526162994619063	0.01879566548595868
0.11315981069798065	0.003256102848631981	0.1336502422199859	0.01928762136557105	0.23673197843379612
0.16819052947333102	0.11392041777607653	0.9926685281365308	0.8480016627156388	0.9692343160097138
0.2855147433221258	0.06404118205699316	0.5380881569027642	0.18773275434987846	0.5377227379923689
0.5030843587915325	0.6775244480039019	0.691118440719739	0.3581649685094421	0.3993511967228076
0.667417541156533	0.9681169320551876	0.9426825441516198	0.8086554010367222	0.5820317615502076
0.3065978707000879	0.9684264683100801	0.47534939740750426	0.19671051989754162	0.8984049717583582
0.932656410108576	0.34569743656840357	0.514530737554027	0.33456180903405475	0.4454663109081838
0.9114677239092743	0.6135554268947511	0.21588991602041163	0.7464740395708306	0.014562731087630842
0.833790034583197	0.2650994331184383	0.13015028590733324	0.3678702159369872	0.898286154532555
0.7582606555224783	0.41485480524927376	0.9679978662937107	0.43368970951026187	0.5452686937920515
0.15974830912890758	0.9480926881478369	0.4351987442076961	0.8493725461315487	0.1749632616740867
0.34299672398022574	0.49782873154167895	0.4978228305383411	0.3086777850977531	0.9584676125887202
0.474584802540001	0.7998426258765995	0.5546539925551343	0.8399551024220827	0.6275866479470283
0.16482110387899795	0.15351593273273967	0.14012119030649817	0.43789312289357774	0.632712539452792
0.25651836024868	0.15105859543553768	0.9563616260675499	0.6604333096760572	0.7476706632964569
0.009848645942411638	0.7064463121968866	0.739502466082916	0.14449224963550156	0.29238425652153366
0.22836967211468417	0.7300633719736493	0.3374236456213341	0.02257612833159206	0.26344420982045536
0.644293371890274	0.21041319804253578	0.9629165711685873	0.7508681324489805	0.45776604552030686
0.6153503043799379	0.13091482816030242	0.40399486540539575	0.5553548177902569	0.6840037352762812
0.6114986302077449	0.7066410633472744	0.3507758499244319	0.7094165455889586	0.21540258085786268
0.3478969380364497	0.925768548630888	0.18981159788025492	0.34688075369525206	0.795123913643856
0.8688872827682492	0.18318653265604212	0.4904616629207791	0.13471991329891808	0.42481860389607295
0.42821358816461463	0.2939702166806347	0.8666571822515009	0.5734047514495151	0.44095328333904105
0.1428295406045259	0.5141583244339083	0.16684086156618028	0.5438096631566498	0.4814563283837009
0.8938190977404346	0.7419889714999034	0.8645482447862041	0.7088265564774526	0.5706099973005313
0.7711787464360248	0.4256772601283343	0.1455535883054202	0.27858227832534965	0.8005405522224768
0.5335174389360711	0.9453021592356454	0.3428392279239577	0.7548458630422129	0.349533968924564
0.7394417231414021	0.6195755531788477	0.22309877092085062	0.29662028820195396	0.24660887029636003
0.09300802097198635	0.43279322524107466	0.47052222102787333	0.4664574035870912	0.09381911983141755
0.3579073717797352	0.27173110209930806	0.41562967024227926	0.37852037523411164	0.41573298822486815
0.25536365615959544	0.04128978592127641	0.8420001912387259	0.18021252923499398	0.5229163225502719
0.3745684053434645	0.14978397492035167	0.29137556130813025	0.16127696097787458	0.7735360368337776
0.6632246129550805	0.9224058413339405	0.35727108123047746	0.22902898021197582	0.23902762178987824
0.9435049877014758	0.18581712493770797	0.11328672665488959	0.7382461168088089	0.762652284637291
0.22339305725240344	0.19226119094802396	0.9237966462809829	0.6366940911755508	0.1048838565012229
0.44861215341753546	0.4118130259782514	0.5868306853508134	0.24534936121803508	0.6593990312255404
0.2898784984218419	0.6292600787536102	0.635786747908412	0.11175083664999874	0.6942351302754319
0.1998797506993899	0.5758925555740063	0.9533404394957091	0.6547145588442764	0.4504313820728181
0.5554835536669133	0.5894890613925728	0.27502130729911134	0.23812120736522224	0.023240432315752235
0.6682417636307746	0.8046707246500562	0.3420095885733919	0.8396695224893009	0.8135889689359338
0.7545425838535029	0.6916901304066712	0.269517307356984	0.18903768759519213	0.9153731392874116
0.05839264082442708	0.38656354145903704	0.9308691431282317	0.25660464082292667	0.09002618136384555
0.2283347168123736	0.5828076387801036	0.2797430693798848	0.5469542783067346	0.30966706513887654
0.88210315463761	0.8177445353502699	0.05831299961449288	0.5379746669972709	0.9882750505540956
0.8961892619869067	0.9455834593561905	0.582676222426217	0.5887970843852335	0.5337684202250541
0.46465054230884995	0.6404564613284535	0.03202524894059666	0.8095298595008236	0.9381469330827158
0.9109146550722195	0.711575236702433	0.804277853291761	0.0915439506350536	0.2098727985270703
0.29989003788197477	0.9904809209167263	0.3366233276843704	0.9170623374764224	0.3444575238757709
0.7956023004835359	0.2768340449942127	0.4980802783420284	0.825180245203198	0.09041229560752229
0.05971645630971478	0.4447146191296839	0.9867282225498711	0.7129410738983388	0.7179818939505993
0.2724196752293031	0.8273112766475085	0.19920192315399055	0.6242090913241871	0.9049609065970278
0.7006899372125589	0.9313742120988512	0.06864180818765864	0.6638327201210937	0.2279700224190504
0.2950053492324304	0.8570286276196	0.29223973864298025	0.8805132097686532	0.7780385757462793
0.6886905895124124	0.6167979614432384	0.8869940109021651	0.3118673928072716	0.462825129036884
0.1424877522186816	0.569132626002035	0.4601350261461602	0.17091711547509958	0.8000059381243704
0.7050664745656514	0.533218932044749	0.9551318128756889	0.520175262498757	0.8534094211668063
0.9538350458498421	0.31853119055867574	0.9182327581332826	0.07685508621854087	0.1596055207267909
0.3138373433653052	0.9822382366113321	0.22132863512901046	0.9546917336267638	0.03253988357893978
0.9694187341948254	0.6410050936807609	0.8806254175957536	0.9720558184409259	0.8937386729518263
0.6898748826988627	0.15912660977195436	0.266323196718084	0.3901108013466871	0.8193681494983065
0.4838886874529209	0.054730497637044184	0.3677748012895231	0.22819585596724157	0.05814349677434816
0.47135925670867884	0.4057611530012598	0.2790936192208695	0.6166232438920861	0.25580308900243465
0.3705481572499483	0.38483558866417666	0.4624074799774137	0.5483287005337538	0.3572592482956568
0.15637546180811634	0.7282212174053373	0.9809117155483317	0.15146857586867246	0.4938338505212887
0.7152959150235034	0.6205008883939905	0.5080432852990066	0.1829835742924364	0.48245544505839966
0.5449131846780807	0.532085537834792	0.46562098943706043	0.38647623417703714	0.8617518145727456
0.8266524192996241	0.45054386413608083	0.20438470083144678	0.9792651164691218	0.1207181977820434
0.8790134568966037	0.3164016653185996	0.4839704744804796	0.6650835690004048	0.49792174708638026
0.6224013133170009	0.17284698943744203	0.5012244615729222	0.9518321174198855	0.5173599302189756
0.23488180663801328	0.7379901442987876	0.9504265281382094	0.5229842016077412	0.9704417961618833
0.47663391109116204	0.9952970691005996	0.06070303118786491	0.4996656502145882	0.4086040115611327
0.1271178868322861	0.4659801581479621	0.22793669575092235	0.5444151240843421	0.4993872201712328
0.055827342590493156	0.5000662009155107	0.7058337956172912	0.9563201995236302	0.48946597715786666
0.232570943957358	0.11551771647222264	0.4709500969738921	0.9981198063758359	0.580725016165717
0.19026298787793727	0.1493810569879639	0.7039947863859431	0.6183153295513969	0.8235274132718805
0.2629698880518615	0.7422359348209223	0.21735803130391762	0.45537060439498034	0.0921722935081919
0.39479626478381424	0.81309649822359	0.08256480527925547	0.8407917430797978	0.1262449938795841
0.9317501159587704	0.8508026532914559	0.7329817452695623	0.023367146688375695	0.031574168163466476
0.06192126911796658	0.4600023426266957	0.0933577470065764	0.4636896498721942	0.0131228247989027
0.3988465460931315	0.5663438235410397	0.6045517350707998	0.8322427357716294	0.809050624542557
0.08415242276232615	0.5390101670362497	0.01042598812144413	0.7541681154518066	0.5442464044110256
0.8142189356046936	0.050300812958493535	0.14323116078490516	0.0026815741459840226	0.5897830082801205
0.26970379632515784	0.0924910316612031	0.5344101261925367	0.04032216432437685	0.016525042084751362
0.468411105433468	0.18263624894424557	0.15505850061540483	0.4191365908367909	0.2482053617537383
0.4489634824737576	0.12745065844753345	0.6277925186737451	0.6759062358378212	0.14041978448230596
0.28354324875184334	0.28402522472146163	0.38842868799983776	0.7014908087777305	0.7167677133356639
0.9286608572361558	0.0216005321431475	0.7115629331574879	0.7880329704648567	0.1320175100375166
0.9869450956459295	0.732813018383512	0.30989619072403707	0.20148128233742157	0.7311208861458345
0.3519385915878013	0.5188214337433456	0.059233980322562774	0.6936627035532001	0.6820451324943859
0.09350538647911977	0.23710009908971919	0.29316739584301377	0.8940876322933003	0.3259126392091001
0.5851434003462547	0.07111998344564496	0.21957569273379174	0.4416552126138331	0.8799769594068649
0.03853532953592376	0.2648999788513221	0.523496671590329	0.9164478315413148	0.7682319244726854
0.6930488016583383	0.5821836995060731	0.4072696848850027	0.7497627608763456	0.19020850075732332
0.05820864312877494	0.8677645323143691	0.6015858818584388	0.4640861531485876	0.7114601945061823
0.1218911194497645	0.7344341893564055	0.8830048631186926	0.377271399425015	0.2643026628349211
0.6025865173613996	0.8872044147310604	0.8803061919958631	0.7739366732610583	0.4791721422010431
0.19097716119356556	0.7789997181818605	0.6398223314568986	0.1897444479569379	0.47116588959914973
0.1394139288494769	0.15780703330218426	0.21015195613185922	0.16602635008960598	0.4301923022951737
0.27244071590200725	0.00899600812480128	0.8552747663070773	0.4907214497789699	0.671648267178947
0.4496357920841738	0.7144422980129761	0.8887910549616712	0.13331734701654663	0.8719274643934214
0.14645572113641747	0.31726044436093326	0.45346587117022596	0.19967812057693923	0.10451411515125697
0.45040077660242184	0.27530538304599106	0.6755151234828358	0.4645918067488152	0.642091782594425
0.6024894580542048	0.18103475752513698	0.8702318782424441	0.7128122566096899	0.9700514347144342
0.14844305693238236	0.05375252033401634	0.641994389736328	0.8686806467560744	0.5565471694607871
0.08656996582372956	0.8220684682569182	0.1891539931134577	0.6449962511576298	0.38747882446125836
0.8705567427312467	0.9791465088390275	0.15467421510935453	0.7107252400526197	0.9500229369077053
0.2703423567315073	0.03146871369568882	0.9063880345520579	0.9718784460625358	0.5417930299901801
0.6656576367517817	0.8038761874200239	0.95685099639044	0.09902982398114546	0.3555286126604156
0.8140579450026476	0.3695488130675697	0.46589828873316963	0.8807111674731216	0.6404735353523252
0.8509062103024276	0.2416529917404393	0.6528859601776315	0.8699295359172134	0.2603983430953969
0.5007404926501102	0.947303770284069	0.9813662076551662	0.9988207129203667	0.5769020577891603
0.09649243604981439	0.7916296112371496	0.9743455968260752	0.9912266039412668	0.27092707546857075
0.36327883557897056	0.045384706456220725	0.6315944474694279	0.6533142057240495	0.14006248623915485
0.5311006741203251	0.4138667158308672	0.8343161176627027	0.49631030323468717	0.8477959814945604
0.5583617494067692	0.8318788503936637	0.3128088674963282	0.8089186503168688	0.3563878317993028
0.5609255426380269	0.572356615734486	0.07042750347003779	0.5563958218119719	0.5960729389769628
0.5897588391962045	0.10825746796738744	0.3107937956065596	0.6845190817269986	0.23303496731171325
0.4708466293750524	0.551204582184473	0.7608935535476264	0.8687761132599096	0.45442332909160565
0.228602699019946	0.4343632353283705	0.16114090102521228	0.17828636360224814	0.9321157387640738
0.8466963866556627	0.28479179932109233	0.6528927413249486	0.5055727187836722	0.03697859906625822
0.5805871640324956	0.1293576226068388	0.7766048483618839	0.9575582918298784	0.2594896875772482
0.06391643061080554	0.9925664614139749	0.033149948189305944	0.9287427556816144	0.47734529331296116
0.7021225404945896	0.4732655477438572	0.9308210899914567	0.09125895325095257	0.06599443896716228
0.841477617086797	0.2953184238371461	0.17193181555170867	0.7580816879510669	0.5463058659677525
0.9944468727219694	0.3606083509772673	0.409406844596075	0.442729032840553	0.5048288586731907
0.931387217970037	0.6425541715828239	0.09005427570055524	0.15564882360209076	0.31102175182240543
0.9071267832594181	0.5672590104000742	0.7110941902034648	0.3707921478831506	0.21145469470894296
0.6462314118601646	0.43473558691229464	0.7395637520734162	0.9882223097533905	0.4590519699283725
	0.12189199767772929	0.31300717457493077	0.6959980061875962	0.3636056610926226
0.4970133695679696	0.1386160192889887	0.21122290477116445	0.5307837181073773	0.5619421064744125
0.5120019343058313	0.4100097424871152	0.893009848949447	0.18157497634603192	0.054416290257824795
0.42861511625044646	0.7762853988758281	0.25562741075572615	0.08349110384426095	0.850562329023925
0.4423687401285885	0.42415975064790457	0.5154880697881419	0.7104096047758517	0.06816523768691429
0.7732490659744626	0.6766165292125553	0.10161170555017796	0.3755429334919086	0.5780082832020366
0.5474704328220714	0.6305600724530611	0.1763398389122106	0.5622833272564085	0.25613905798644365
0.21201123135709043	0.1554560558353797	0.14955833215171033	0.09407348334737742	0.7280993107166248
0.18298441397228282	0.3491152878406657	0.9003222268223611	0.29017332216214287	0.9985233786929415
0.24779030858663742	0.4307998861216281	0.22104745985368335	0.6218728316378066	0.5174109744864865
0.8922343236899968	0.6490854241093184	0.6693594204144164	0.34795548426453005	0.6821986562753232
0.7652901423915007	0.11041405293849627	0.13633518891973917	0.23900556174345888	0.5108172706298596
0.439670647804956	0.6038934459796013	0.5139836621616859	0.34922063730188924	0.526815531244584
0.033435751625815024	0.6073962949135574	0.32078245192135535	0.21552904980320853	0.043864499699943105
0.3343562138500308	0.019911978697086163	0.5553003439218679	0.8476503484172785	0.9184556671496568
0.1370863341543288	0.5682528497103021	0.9571532499230518	0.1564458821087944	0.5624265825549121
0.9950361597035041	0.5754823724526643	0.43387146728657056	0.7926373393663821	0.2545052132136647
0.3087099603144111	0.030492102449632408	0.475644162231353	0.20011303667386426	0.10611465702592215
0.698594746414525	0.15006770568287175	0.7151989433129946	0.40538467991317095	0.69705038748106
0.9035873531137567	0.08769959531568805	0.06267003980473718	0.7159250823018407	0.6495403429080614
0.7974878967753498	0.4589316380910753	0.3244269753418294	0.7754190483015883	0.9161880903406022
0.28682708587828076	0.6583428704942836	0.9858074748290864	0.4037799726044311	0.2916285181598586
0.4507265050928594	0.999880341522149	0.47129769095139384	0.5424981064669806	0.31067703891884746
0.24668348746968527	0.8760294446490176	0.19952177245970026	0.5589352043617591	0.4946955145700431
0.666730577663972	0.9872479482853949	0.285239786087204	0.2998713466948846	0.9623252391114243
0.9228473654277705	0.8223025308163094	0.07179110601333782	0.17589037134672036	0.24567726472343598
0.9453760880722691	0.13934092736375925	0.3960581661243012	0.020190298607646873	0.24924526742015807
0.24330750247323285	0.003831983122001281	0.10896126141041107	0.6073102710476834	0.35642307318202804
0.6340107315038528	0.868301596188797	0.8075949800257839	0.3870066812230959	0.2399769833027332
0.7349787233740767	0.19442327062921239	0.29358675340067697	0.5534552312940986	0.19565859680091902
0.07467964840105956	0.291505853467506	0.7373871975963031	0.24229578760876747	0.5799561193472136
0.4763279809068707	0.907086835638601	0.20824230391386245	0.4531312968406185	0.8434205770385331
0.4045893007958977	0.6237618516725557	0.33053997101623567	0.38727178002266494	0.24537045944722136
0.710124705926781	0.33715334134583586	0.621372165861335	0.10257541243813573	0.19443256035072853
0.7591596728477165	0.3633185444723278	0.7443094658044367	0.23514879932137278	0.5026566278123111
0.500965414516537	0.007117558920596068	0.21623544626191238	0.2489035629979216	0.4990018574431464
0.3691188592078646	0.19032887411903798	0.38535187609902544	0.8703228956311106	0.06885882997247472
0.16839383431627852	0.08018033212914233	0.6298151075255521	0.6561176848442192	0.8024449808043976
0.9615226441104813	0.12985433802858448	0.9841755531916604	0.9991354854950777	0.8124545946109324
0.7754847100927776	0.3653030052039231	0.1703819390716408	0.882943868148562	0.3200617896775716
0.9232276625724323	0.15831941344238598	0.6243014423531902	0.5620059851049027	0.8820499322863666
0.4459980646502735	0.9304747696251737	0.7270050275415542	0.31555771662285337	0.19900922186610326
0.08373415709996568	0.3067971178960176	0.23076737885410936	0.8227450820301155	0.9074067925102387
0.8212386715318111	0.6215172713384214	0.8000120530955923	0.1030336308882831	0.8228253166143012
0.4485201182728663	0.6099388168027529	0.04204562053771299	0.901566108172515	0.6068275304964905
0.4586547195140762	0.7781863136288223	0.34103857780061886	0.6417483660352782	0.446494373502345
0.679904718444878	0.2543167512896649	0.11049648721764138	0.31114439009242634	0.24677443394186738
0.8232669036508012	0.655162204553971	0.5260190890278957	0.3364117552704794	0.31323753424265843
0.1561128520686338	0.5653886709770173	0.4697742551142954	0.5950831686351217	0.5976623541105546
0.39064728459752995	0.06829260734515641	0.04782234699277921	0.02392944367395833	0.991563848309759
0.07098163313511474	0.15087917429340258	0.877306020978527	0.08852048712212046	0.9174858650484488
0.8235956510678173	0.583172115799119	0.5957667111899234	0.5090172944435248	0.9686974513771757
0.724994047168536	0.6815494461519714	0.6848436936339821	0.8049858731952615	0.24297154609228822
0.9326634383223193	0.487006302478436	0.13438361112396757	0.9531679097527308	0.2610089116333246
0.11121034976255006	0.9496538355465769	0.2024361307560446	0.15028952768587756	0.6641753212945349
0.32435920224611914	0.8368269050862734	0.2448863728074151	0.012285417518767328	0.9692676138847615
0.051406353851798814	0.020437821677056767	0.1285538414501829	0.4980905327571027	0.38168020426655647
0.7482614292569324	0.7569324932820577	0.4092601263627983	0.4608074135911032	0.5360147768073532
0.8317547100765343	0.48368871595747476	0.5881875552112398	0.385176502989122	0.11862937003115182
0.23807765721735297	0.6431257919407413	0.49795611511035553	0.7356239147267278	0.01869816032562266
0.5462247223712231	0.9987932351203725	0.09942688044129788	0.14541357251930564	0.839554561270038
0.3405183401866264	0.9086872984256785	0.6466906243367209	0.8197145835906055	0.7398605361074785
0.9819644768154604	0.713978428045138	0.9687552334065622	0.6065518011672707	0.6218158409040824
0.822349325119251	0.10618553784607077	0.2098500574964307	0.4383044612499559	0.6789186172943893
0.5909965508399102	0.446824763494598	0.8556766066943096	0.7805420528127183	0.358821188295221
0.4286945996492222	0.9831694105092618	0.40043971663126443	0.07842998980464244	0.7931575694237339
0.8625880962572315	0.7854523634500631	0.6998467568416014	0.029329423466515236	0.24190893585878548
0.02275685801184002	0.45765787755894305	0.5299484403991003	0.8302991555785941	0.4738361674746996
0.015618962672145797	0.4086383612958192	0.5453716550962069	0.2311464941526693	0.49355768659900745
0.008292920262955694	0.33526982813952055	0.1939450234974538	0.8207225996234024	0.09664136104434051
0.056958996737218714	0.5668611298042322	0.6710397718477042	0.003613149130533566	0.35087531337080047
0.6170096093432202	0.8464787826216605	0.38179417326076426	0.3779300568565003	0.2097170323349311
0.5864281684976796	0.9217419987831726	0.4010425363390835	0.06677343723284268	0.4135854422584325
0.7640867233311532	0.6344370256601913	0.8525768369202973	0.37920633674443105	0.24439967683435526
0.7811404599200432	0.5103669970240672	0.4023035029117533	0.7997899830199039	0.277239504155515
0.775368354251696	0.5653193556464169	0.7672083183756397	0.8392970808248148	0.5520777401403826
0.31207329142640905	0.19785416683945678	0.15917032545480714	0.8794966216718478	0.16701672731010697
0.864810472393145	0.3582928356512358	0.20843696484831153	0.6804552660776582	0.10428218467590711
0.1259404758922802	0.256603717309439	0.9378330276880914	0.9698443812421971	0.6843576852440977
0.0815607442584032	0.23298893530053455	0.17217284838080182	0.01601928211119419	0.22309968033768113
0.2851870157199565	0.7569895882646982	0.3093334635209045	0.3376294250261066	0.33235130418180614
0.31054329821455684	0.9444620542087276	0.38290010400054986	0.8803055466691398	0.20224606418620572
0.08098694112228999	0.8220133898589524	0.06368361251708665	0.5486819337343091	0.9957545981042781
0.6153858886783284	0.18268512977034335	0.6661780624917889	0.005462353074769277	0.8252645890479263
0.1344172306942546	0.42258962797468	0.6655950883408431	0.9228673501651652	0.49153683068653187
0.5175491225102153	0.6587029041504731	0.9928829163885486	0.5456749585619959	0.40690609896850227
0.8684821932868804	0.8715839705216614	0.7325402934230009	0.4845144539934859	0.9757522262475457
0.19997292562448243	0.23302195132562709	0.8580689653887349	0.9873407400534244	0.45940022510973755
0.44352264731728475	0.7149154860876057	0.994068359500381	0.9546299902733543	0.3563131001995644
0.2522517836136371	0.23756238074537395	0.9058065766486505	0.2504385734794129	0.004314603984550303
0.8924121646413129	0.635173929952874	0.13515820985498628	0.5417823393828051	0.9465106185894713
0.6738263532098899	0.960459116901588	0.9217328068975662	0.732921932033728	0.34066585577786734
0.62006785487267	0.8956170272917168	0.4248729160861634	0.08546698265532715	0.12272323513903705
0.4044545913349964	0.3432001519240062	0.11486229172287699	0.7032951209295912	0.32617452170523165
0.17746665688585805	0.4131767995223946	0.9828122877996195	0.2347603398119451	0.34579995388567497
0.5021539340066227	0.8062344858263024	0.1982844204011024	0.304244100954947	0.19239335572849658
0.38183930210407235	0.15784926679756972	0.2781860322539478	0.34534821122161363	0.8451611116203492
0.49229015902297646	0.1782246645641855	0.9901154514965941	0.9730602567981476	0.5981253118574081
0.7121674058589774	0.8699305407305806	0.9231301032349042	0.2774055845816873	0.8781368136389633
0.6099526256234082	0.9988466575463291	0.6801668474249843	0.4242076566691786	0.5122049706527383
0.8335029570620748	0.9411487243451855	0.6455456432763803	0.01295591426523135	0.44504054527678694
	0.16481310833834628	0.2609388364373322	0.13606026065867804	0.6106710779376641
0.042896788812697983	0.7702757763841384	0.6110539283047172	0.2847602768102654	0.6257174195781532
0.39853490026597016	0.6215678146467537	0.6407766419458375	0.10898071757256345	0.09933501098186392
0.12900945289051047	0.5437709279630104	0.30188069091133596	0.8587502832667933	0.06904860925040857
0.801430695075246	0.4403567182881295	0.1538039276900114	0.22078653427557782	0.04233589711175845
0.7378835813676766	0.573158866403668	0.6545427621435391	0.8060194890469855	0.2315579493975891
0.33490767457615733	0.4201428791577658	0.16502771472010092	0.06537896387385733	0.7472076307211006
0.9738163865469496	0.2925638030969723	0.7181474022680502	0.072632734361326	0.8129268637597084
0.4489136942706805	0.4646702007924717	0.12910228107233956	0.07621608975044225	0.45443064703304226
0.42606923113991646	0.4639036505309012	0.8862096539435904	0.4724150182248824	0.9473626519906533
0.7857524656486047	0.9749677435508942	0.543672663549087	0.47140056517789464	0.1818224243174511
0.5414705603501734	0.6799507035971362	0.15583106956777515	0.702843987871387	0.34430584393429
0.2150366133498649	0.7054328081294334	0.6484062090974633	0.541349828273168	0.43839866879941025
0.0236417621223175	0.13047127750216203	0.7604255049084427	0.4715436884902018	0.6518231008071194
0.39803754174435946	0.8329176956670634	0.47432495912426653	0.889124472065249	0.20730047124456552
0.2602862565220607	0.7019604401473033	0.870483629726973	0.7174401909535537	0.6157954555876847
0.7635570598940852	0.8689622335968329	0.5402666055313122	0.27221347420000097	0.6122157979496492
0.9413745135774134	0.5268859213985614	0.5114535054566675	0.4685498089723772	0.8448080673873986
0.8610389808678137	0.6418505931739719	0.4737575031979272	0.2980091339454104	0.4147881575573601
0.06312756840189848	0.793859447646597	0.49521880151738407	0.24733996600496533	0.9756739291682915
0.7221109023850495	0.2869648149098074	0.47328236268038715	0.09328035875547647	0.8934762612430218
0.5446872649979185	0.24834470180009893	0.11812127353846547	0.2721817894140178	0.7563807776692916
0.6058602089244152	0.22826517034481042	0.17776984740887292	0.18210457818645576	0.16502496616880247
0.14276798368638177	0.9332841912658575	0.414775594686029	0.5991483078461244	0.5523006054429198
0.3236728121841308	0.7049698038701661	0.8699303702330448	0.13380831424388484	0.24289467563194644
0.8378942980956181	0.036542386836919794	0.5205234634112976	0.987222425575819	0.7047619247697712
0.9307716177856127	0.4015272136724014	0.7371007779577147	0.30049496919451135	0.5434182377023008
0.21982400030195937	0.9100095323740858	0.7168508905593122	0.10955573166401311	0.8724750474852863
0.602141798609931	0.7950579497369323	0.27410799379033346	0.15049188764729182	0.7211800807405635
0.7443071227506992	0.8820586553260361	0.5361675732217434	0.32974411865719433	0.9569814145848609
0.3376639591007634	0.6454945002569388	0.6054580384771845	0.373458853092588	0.9831172212431719
0.2832208575284081	0.6696645026828923	0.03984055291767152	0.4977169930208184	0.29956198918867905
0.7068479860081103	0.18104742517148753	0.23670135154962513	0.5662988795646147	0.48538589989972203
0.19598770510684504	0.6109693338180319	0.7620326743311912	0.16330658245225282	0.026450412562837866
0.023583714702457348	0.24771926100023445	0.9146479206791465	0.10384397505178244	0.7906141146690598
0.03791638741942327	0.07397350299005778	0.4674457090905155	0.8838446642130815	0.1764891438659152
0.9741421218694787	0.7756608240428708	0.263266506007238	0.3963446846883636	0.2758981495553622
0.2602666970251659	0.7354177041609565	0.5622160380694954	0.8968664349840823	0.03123505747296884
0.9877243894925295	0.3742060872645464	0.890021668326881	0.722122481572929	0.8202674362950363
0.7692910501159509	0.44225019926490494	0.31619321677401246	0.5251519053664568	0.11823340193130205
0.29435434118736015	0.7204511832442834	0.13641444996445995	0.5414661326136264	0.37973678735154504
0.5958282377130906	0.28164603675674105	0.740000924560185	0.7325520655022526	0.4063020140759104
0.7640502993546358	0.8958278761023868	0.26885703285613083	0.7122110599032205	0.5735827102478664
0.8661637306876886	0.2401943036113927	0.13688548976194503	0.8891406501922589	0.7241802443555884
0.6899076212110359	0.3582914123102101	0.584375343594994	0.21853415710820034	0.8882337354095843
0.04155283588194514	0.17527725546769768	0.011847800063915503	0.5273971464589835	0.3173379130041467
0.5567930273471038	0.5640601010192251	0.47088003782562393	0.41283199331852016	0.02400260338438409
0.08983555929620524	0.1786652434570043	0.1366779646323416	0.41621453015109966	0.21301433042832563
0.5980600663232639	0.6976533855758305	0.3904163289328507	0.2141012126179812	0.003953824614882584
0.9262247791276458	0.7251461181182564	0.7091069223347417	0.8176635754000203	0.7318995600163498
0.922111464700417	0.09437062333650936	0.3561738317474452	0.4472738193649177	0.41093408925749497
0.873564691505975	0.5202015729152533	0.814046242168041	0.7654155202004098	0.5138399482448142
0.19116329664826126	0.928246292104766	0.6729720139406236	0.7725916886469855	0.5006068596145313
0.5394348584905375	0.6841229522294171	0.5938999878106741	0.9994294116203288	0.10035800764509117
0.13310025637972234	0.4296084859274848	0.9663521724463464	0.11714945161229118	0.6513062781123723
0.9305779557182344	0.5051061633506719	0.30842457791581057	0.6120916448261936	0.35606397507055454
0.8384259709233095	0.577998588890902	0.15080697851277025	0.6360919163181356	0.7433740432193401
0.5263013503321711	0.40407145467451544	0.4994106442051349	0.8491708708801027	0.5107391671918271
0.38518629136768556	0.37887309499061994	0.16885742169873108	0.41831313951840676	0.48104173008988393
0.026548503486581665	0.270967619074868	0.7059583385379443	0.7536271453793904	0.44067651095194305
0.5273247324227138	0.9792007827278294	0.5157326703280646	0.3511560694095718	0.980316077275203
0.3805924509626303	0.3286706959199076	0.8516791471668346	0.751167497479075	0.8288554906052976
0.9442567626026273	0.7289714129323321	0.1958298410961341	0.4488512569270463	0.811450563145771
0.6672185129553473	0.387240383451836	0.9662968162665253	0.3926784042768998	0.32944495653043115
0.7728273841642019	0.6214197715004665	0.2324722150877887	0.5970321039320816	0.6478429008886347
0.7149573638721115	0.8468567223943795	0.9271629314666674	0.34650220607166893	0.16122358179124996
0.4331667596428208	0.8609884128076541	0.5741344267438432	0.4451354209565266	0.7390050524452539
0.2696075889420272	0.7235564599816813	0.5656674927997926	0.19579264965606902	0.8407265653347875
0.7813307771698942	0.7905129384904903	0.4967524328466383	0.4452036887973694	0.6177137144672151
0.9993559359994204	0.09804611571042066	0.717213999627329	0.9646844666388483	0.27711744170936703
0.4899460437942498	0.6698906421900364	0.33750633416155207	0.9323607385331876	0.46681672766716076
0.42515390962022626	0.15878043656646434	0.6126434648053076	0.39213987067507006	0.024056553686890192
0.8441977408363952	0.6408340204375547	0.5381065651059946	0.5939406090292323	0.13940571650012767
0.5190428955845318	0.34181151748921945	0.5794800274278534	0.7417913447809141	0.400967745463934
0.08290063713841156	0.26627118609510314	0.3069800229419317	0.7319291756523814	0.27602989593313176
0.13873839070014593	0.6497219585789327	0.30253927554374105	0.27914959237066916	0.7142393557027782
0.8344779242347277	0.3290639978667681	0.6464124001859113	0.05755112543350638	0.015949621745314668
0.702117888626276	0.631550300831873	0.9797047192089416	0.5777878755865204	0.5536871070429279
0.5177038551528361	0.8077568558056221	0.6338704876123281	0.31141403536755463	0.2552699794912173
0.10165262814727771	0.4309284941952334	0.9039420092457898	0.6169426403311613	0.29674765723864993
0.08091340441216355	0.8239433883026055	0.42716469870932805	0.8690832790188142	0.624680328347575
0.5723956247593859	0.0579385486692775	0.5533029561361373	0.8898471331161667	0.8610598930353273
0.2618886591323776	0.6928816841614459	0.08864991356426033	0.1351892217868612	0.5297895714012194
0.2574074320184746	0.814743238942289	0.2257578787046166	0.7255485064840619	0.6909380388274863
0.3474224432944272	0.8550740131085198	0.8745025369922066	0.3293039879621438	0.365751873480487
0.41967650197673845	0.34177530575862314	0.8479217495338579	0.21713323074819613	0.45163474775880086
0.12274341676578826	0.34371526193903224	0.7525253884316715	0.15313937130190747	0.43980753675992523
0.35290104209354933	0.10433478628724135	0.3702169833888982	0.5385658269910925	0.9583350946431918
0.27354601651847943	0.5756252475359923	0.26094143017921134	0.036920891755951146	0.12868199772841427
0.367838000713531	0.274897916777765	0.6032323296220283	0.8947186828077877	0.7655367303921649
0.885427263180504	0.02300857347083385	0.540645447524849	0.754978411001836	0.11925752133391698
0.9070534371373511	0.28142184765336353	0.4458317813883539	0.1263768280692995	0.10064093268204599
0.4086034268828347	0.9779075016698191	0.8974049163869879	0.8825229291717751	0.9664527548215684
0.14938467426076862	0.8116822117844328	0.20212076082813346	0.22429739472200028	0.3394483367806953
0.25817456690508334	0.513571488942572	0.03603599285181325	0.03127051711505324	0.21154538259129774
0.043692932748434	0.23923677791287135	0.6078058128869173	0.4494162259875404	0.5102034556124958
0.4683046657339929	0.5383125258559265	0.47830588031443044	0.9494425196738271	0.3885077820824051
0.9537353246189904	0.12667649194326813	0.5974666287475441	0.11338427779075311	0.2639369116523339
0.8927163793236134	0.7093040047531471	0.7387673253868713	0.20318071455958076	0.29624300578302176
0.6026619981523513	0.9435256536025328	0.8046338634275468	0.3970082722486751	0.26579944883459994
0.21116279829430407	0.408991241876821	0.20429061142159866	0.09045377485820416	0.13527916141285068
0.16922338029451345	0.09220053666086425	0.339511549221327	0.458295193024145	0.30126009076044336
0.9420401768595563	0.4357270055959287	0.8043995070279304	0.43122078264970465	0.36881467086731046
0.3173756989633342	0.36176697327059126	0.12198658361209225	0.6351054136687204	0.8350733705338069
0.7574841719490849	0.882900406680851	0.62418123044585	0.4721128818185335	0.46032473776092686
0.8365623161580366	0.5772546904273091	0.6188076243954374	0.19570837489824588	0.212853171777447
0.12169092148105676	0.19786558073975913	0.493204352480066	0.11993520235384314	0.12146427549149086
0.4010173539727866	0.5617645519914929	0.8869455946519145	0.4243163483535318	0.9670072256438265
0.39301752286956193	0.7699915044256747	0.6566142804927715	0.8636168994463722	0.5035504033590281
0.7256395680738571	0.03233817881053369	0.6805861875356489	0.4960568326491339	0.8890957101143168
0.6375722879251613	0.42892949580573847	0.4165533713968407	0.8516905370224147	0.7632237864337663
0.7497792104600659	0.9298448875232495	0.771350710748006	0.5506139827279006	0.04062069469603269
0.8062472035584997	0.2612858589243192	0.9316632205220569	0.5474669945652856	0.14466037661711473
0.000891442956498012	0.8320065239721185	0.9553700397486783	0.9166943791510753	0.08399851783034573
0.3201219151540653	0.015950227955743967	0.23235135004716934	0.6417190202227531	0.7841315820013676
0.8843796024705628	0.1887810808533078	0.502240664506275	0.7776188839123915	0.6280508160827819
0.043946264956622905	0.04604239802526078	0.3172412975057335	0.6426629575444784	0.8161164328962807
0.19804753625941152	0.9980019175231742	0.5120985177485945	0.4241412536433431	0.20514217507142152
0.4410133841966064	0.25003312107287134	0.7506929661798907	0.6781163237495225	0.5640765078417209
0.8503639340300324	0.06326703939141143	0.33024706307053	0.36044497214823246	0.6561376657507836
0.6591757260159474	0.8650250164864779	0.6864020921126516	0.6172028655341203	0.03001457144807229
0.8272852261714774	0.9125962494458999	0.6815509336152124	0.10679963403784942	0.06914109542214042
0.5810667418883476	0.8608270236959369	0.8414607949984819	0.7255394044379245	0.3120543413026122
0.34281163535566495	0.2658788128909536	0.23818221500460668	0.7375808524753101	0.776192439383235
0.8171517852472076	0.02663596805139623	0.3546185009469831	0.6503828602358701	0.19098365055423272
0.13407767127047032	0.9030899915002767	0.8701041107157874	0.829069747663072	0.7264197674853434
0.9736883715795055	0.9190720700561248	0.6421787054443236	0.31593802297558893	0.584286348655278
0.8830821595242454	0.9096713064367321	0.6181911958564558	0.622815504309038	0.4889980426931255
0.03678571559048682	0.7820993571187307	0.2507099194661834	0.2669739807239029	0.046238451218391874
0.5267689282898956	0.4007512031267627	0.35443269770858843	0.4651059093963733	0.847140729858086
0.9092203716710302	0.6060332374830177	0.7861810264007687	0.8544252702034768	0.694992256898241
0.016536104229529003	0.2729039490370806	0.20285497617692128	0.8353151656479172	0.9365680974143803
0.11484114846670379	0.7247620616130046	0.44794835140488154	0.3951397096169631	0.36472022840796614
0.8973663267812367	0.9039207093774991	0.5747686333406538	0.8268654302440589	0.6168940423268442
0.6479524665851433	0.7578574480129252	0.8919328628528089	0.6859673080734977	0.4892660132442953
0.09279259052514333	0.7398887211086261	0.0579222414147047	0.6202626791504593	0.42055612159927636
0.950954780392812	0.48790796129402936	0.7781192846821142	0.8328014185817966	0.3514232634678178
0.8915222990526799	0.2700254324745027	0.25247810518864644	0.42638281676555145	0.7135915951010608
0.8563405898445311	0.4862524358167868	0.31609220246805025	0.8564396269032101	0.2121451291405284
0.8886805665404106	0.26265944281557496	0.16028696415879096	0.6955161910605729	0.17244060713026765
0.8479590873315516	0.5590990801089418	0.8431533376528029	0.5902213321089828	0.6939832241323266
0.8874750634647334	0.7452165717875461	0.9734003531678556	0.4174525533572452	0.8328618082506863
0.2359844063154074	0.42819398127291264	0.8103676464721733	0.7013471642026509	0.7300373434391485
0.027738033430198206	0.8377327095419446	0.2760132531673788	0.7323384420262378	0.23349204760979791
0.6986652712844451	0.3527402841836538	0.7017781202027794	0.4444068250627682	0.12041026747269845
0.08362559403139835	0.12792742453355732	0.027884483731932197	0.7889604023223789	0.5949479524320666
0.13924262738639537	0.5314865040743662	0.02562223326907309	0.9304898931725136	0.000703692794035149
0.6871122946825038	0.5981403348983687	0.8634164487515472	0.830256642577821	0.8918715209229969
0.9427723092131719	0.10017726325830456	0.14722895433204308	0.4434577192800605	0.2450697761662508
0.5235668015883786	0.7723497406372868	0.9788126209467596	0.8563123576048073	0.9632898447645559
0.5646388376998929	0.2622529447165518	0.6891782786562607	0.5048388123686622	0.0968847437709156
0.7572416336284823	0.11065294462604813	0.9373649035246242	0.4943228221973833	0.4040079590984851
0.9666997470642543	0.26120436140130243	0.13014626489915526	0.07603674026481999	0.7987628133090217
0.9839422661938074	0.4286733768630775	0.7978017680869359	0.9918230673590309	0.5369425626558493
0.3363317494749387	0.27089715278593607	0.36070998699361123	0.9866929283623819	0.5406662882607522
0.08407170428597299	0.15429750665886277	0.6279083429233293	0.25581843649777825	0.7016551663665073
0.7270431923530813	0.6929352741984944	0.19502069466393424	0.7108549790952107	0.4535684151012872
0.5661237249334887	0.829055192257412	0.10781699984200865	0.14229662881303506	0.42348502091809437
0.18071236212187158	0.8668124604629128	0.5449151786897668	0.5108809404549013	0.03209623304733178
0.8764403388938701	0.4355290027157841	0.8776922223347697	0.027226674166033304	0.8650877461112318
0.8769943619202212	0.6825591802254929	0.6204510589619139	0.18202644870356344	0.3124540528722791
0.0447894231413134	0.8685235776070622	0.589911291857314	0.08040325724355946	0.08783090629047874
0.898576414007192	0.6036284462425812	0.8923823019951187	0.3459117615998798	0.7531341877516294
0.47672883915307407	0.9336653487139326	0.47938125321977654	0.7835559693858829	0.7502637151065001
0.2713547608411154	0.1497223268521124	0.0066409207798403536	0.48687781690455456	0.934064490210017
0.6578803204454797	0.8902435417558188	0.6509616671353613	0.2241459840627663	0.0402259948380187
0.3936763120026442	0.8212016350697228	0.379715561850136	0.3880611270784172	0.337199373733737
0.40263161232941413	0.16116068083224777	0.5931784642704068	0.9008531718934086	0.5472332073039322
0.5443182809464315	0.7506430724850369	0.003540312520719735	0.9088579843986632	0.23615442784665996
0.35754117202061864	0.4043833227110831	0.6063971553150481	0.8953452674423502	0.43425680344870277
0.7639317826606483	0.11370703946398919	0.5910086259774516	0.8146799613736515	0.40863983950412297
0.7693637937529451	0.19577789762149922	0.7146286624302145	0.647214646786646	0.8870447473689514
0.8841170842421029	0.9962015844369222	0.545726622937768	0.27442557742710594	0.49972992668175165
0.28475528752134915	0.01952366669171246	0.5477345201358876	0.8011102802150212	0.6294606037582609
0.8776744084060465	0.8538095420156016	0.5852557796560431	0.44402960064187313	0.8520107062091086
0.027752333922553163	0.66160104870293	0.10650371827583649	0.07859324635350129	0.01160166538287899
0.23662430151057745	0.039417884510303036	0.20442069246808525	0.6880410325631265	0.7960685861701444
0.43186339227892034	0.6344833583772721	0.634840799275173	0.6790675949033392	0.6614897434493339
0.3582158323033122	0.06127448993813811	0.2754955397586295	0.0667947117629768	0.07829633061745678
0.3033351326573509	0.1503712083250185	0.5368325456573575	0.3904841936644696	0.0768243936243469
0.8255088698834527	0.9791386647611087	0.5413558948655343	0.00974611744607723	0.24276916835187112
0.25114470124346067	0.65847249370138	0.1902881747725731	0.041182707959312004	0.22518375694440596
0.4659779762279276	0.7913089461938969	0.8703604533821102	0.8254125979990763	0.18010573047311296
0.019511219725932838	0.7059277285431331	0.29903425492851743	0.1485777923834133	0.45153027135134016
0.48467177107993886	0.29508664768231674	0.5987164462221014	0.28148463661170176	0.09260753112570552
0.8468702252007629	0.8617841992628242	0.5404542890921257	0.6232927779428992	0.2949737723945125
0.2824950479205408	0.23798348036376205	0.3516827846536227	0.24685245551958734	0.8019452901471164
0.17597273343156394	0.27314545286039016	0.12742175655374144	0.7351232731581334	0.21958513014313363
0.08297139473458925	0.03134404665869972	0.31564847719825617	0.06030436876642464	0.12089761648978847
0.679806542790662	0.9156199746927245	0.16652901467020131	0.9730686631440475	0.4094558472610097
0.17677008201372657	0.8662656427019151	0.7046396711037145	0.2531707031855318	0.7363135976883277
0.13997222378204555	0.8327551567988281	0.5027828596229472	0.8843631035941223	0.3586602526379541
0.4707974043247606	0.3994711485480721	0.4682551354338258	0.4919165675301358	0.5953217902899349
0.8551692502441275	0.4781216695332744	0.997121819381948	0.7239213320353375	0.4204173756937426
0.5519134539855315	0.14709636438521512	0.41841209149484493	0.058233173770785185	0.5694851758417825
0.3274240756945598	0.43557192593394756	0.18704751530361574	0.47601364686376557	0.9843488370207087
0.830581582298132	0.8890667535970318	0.13340276036452003	0.27280163522163503	0.6763524874495677
0.13495808419712196	0.09968395573970423	0.609808235937952	0.77156728512145	0.34631116162512465
0.5588009988400058	0.8146639243398156	0.4811151519913828	0.22418939907865687	0.13044031758018926
0.5522782549832702	0.756005013838437	0.706262539225017	0.48346794817575045	0.44092261610573513
0.5911705887755452	0.4991325581183681	0.8108272453524253	0.18918271905551742	0.8746619450921914
0.6911994072312644	0.4629760426319728	0.7697294926279981	0.4028689792651188	0.9030081900321507
0.28470772946801515	0.9953077752519489	0.726266693254796	0.31100403607847793	0.8936044363995698
0.23270696845283068	0.4832183074139951	0.20820627738993136	0.5998952623452647	0.40510724666243014
0.29532812176363055	0.5954930682992036	0.8898612234189103	0.4076124627412717	0.7659466367509928
0.4907369012856121	0.16584895874714256	0.04310341024092268	0.5506493755079513	0.4153521779914735
0.8767707157404298	0.4853599044276917	0.9262265518339087	0.587402459897924	0.6098635929915791
0.5839613712617657	0.5441044776746273	0.6102635497206732	0.44149914983926897	0.7150093210460745
0.7740072459799332	0.5623529257543455	0.9495800919523255	0.36763900596183396	0.0679625658290891
0.38094008070883634	0.9934720446965873	0.08336397320574174	0.8065874007503384	0.41360659793177845
0.486845238909287	0.3248340527035387	0.9385695625029155	0.5582693473196069	0.8731908198982985
0.9401264990869032	0.4455783893989641	0.592022707521512	0.09697901755333282	0.7626357160270687
0.3683727615084166	0.2128729895381798	0.004541628650864049	0.4711059451705888	0.6160186916700341
0.7985497808877243	0.6499568057486041	0.3163920393448123	0.17374703139034098	0.29849883372636343
0.9948210668591164	0.5326150436021437	0.23062542464868951	0.3981477331294543	0.9949183858953202
0.7764065957019887	0.5812909163446242	0.9121875558363455	0.9811652803802186	0.8749372539122848
0.3607425488182471	0.6789149236930363	0.5903473404857699	0.008837938186304184	0.8582200977405454
0.22513636632771772	0.7338712485138781	0.24523452913464816	0.13901057047292698	0.4070783332483797
0.8459924679665417	0.4938328076747611	0.6746515915768577	0.6111103689171455	0.24416085982458502
0.2337531086223137	0.9967550091655841	0.047764972342101975	0.30010782002584957	0.627704972777371
0.8561645413235356	0.4304946168642111	0.8057756728061797	0.886913743715849	0.5064155209149802
0.9851180269553036	0.36991993159845926	0.21262892336573547	0.06590081066800102	0.4858171434990517
0.4191799988939532	0.7488579750967577	0.9628792225861887	0.7509732636286383	0.6303880724454448
0.16994001736318642	0.7273452663871588	0.6309972858980833	0.07502358050142033	0.42039555855735666
0.5810556114467568	0.9485634066987714	0.6840183594120468	0.03235314600943462	0.19434514886675225
0.7236580353631749	0.8922665713930706	0.21554152405770866	0.04015838351928647	0.4623683261937468
0.06690726548905324	0.39367317947854485	0.048583365953887125	0.6980741533775003	0.08074107194891555
0.9082464666909948	0.2849292870734046	0.029258582685182555	0.7224831891182558	0.08613488500650834
0.630310092592435	0.8367419682714974	0.9239692570601119	0.556671137419962	0.544442039171094
0.5538551850209957	0.41642242870422685	0.9362700304794086	0.993787210645111	0.884761972794531
0.17669533311010766	0.9552191670274812	0.2993079049238271	0.37003753249553917	0.8753215592941265
0.25424225004753354	0.4947885603134644	0.6954787776477291	0.3355248347166586	0.011803825498444165
0.00011723199782220917	0.78978196980879	0.5513817898218611	0.9190884321847735	0.3133696618564079
0.8401993662999447	0.24221131485093195	0.6642916674056064	0.25585266712282884	0.6671309816338982
0.7669535071557182	0.5199728313458559	0.5446867950118267	0.5810773381841342	0.7547710992672905
0.17403481452624647	0.3213469106111281	0.5739723542008736	0.7921451586058067	0.41241437669960646
0.3579205908210469	0.7513486453393291	0.33618648056057376	0.11989800922662863	0.6082887438050769
0.824269900423184	0.5743571309515952	0.6594548814006554	0.8342465768094297	0.9675292254645271
0.24288667092152538	0.8042259222601464	0.1006552717057907	0.6276444202878816	0.7307199553252961
0.2070143140739048	0.49816922416870846	0.3693291864786523	0.6479941603275347	0.053769836427445705
0.9608567095176577	0.8254482010923161	0.4412781475643166	0.1910485660570651	0.5195105918815597
0.986793171727218	0.783535618234247	0.2803469487968264	0.973170711064948	0.1838909135763307
0.9846025351937185	0.011461132547736841	0.5890693762464135	0.2180679925144463	0.6513615013440708
0.0001376453917193432	0.42299163726746214	0.5521280196353084	0.04276172566395586	0.2570143420211013
0.14960129747267537	0.2924727988954159	0.44001756144514304	0.2150473573856787	0.7605381962472376
0.6649528241932389	0.1687664530062053	0.5933300079484013	0.9924642237830289	0.03147005103974121
0.6685196923719265	0.7434840933660155	0.269213953636262	0.7486142717896925	0.7198566119220279
0.3923294942065245	0.7672459669830356	0.5884084934504181	0.44718785524712434	0.6011791818440528
0.685431570755246	0.8982459508140536	0.6246536964304072	0.8103085952044142	0.4169990222212755
0.7265291318450889	0.2702979465312655	0.446395808059336	0.8304420854430525	0.5280843768007562
0.8716456952761055	0.9546710788344606	0.8595493907768982	0.3791052008345226	0.09358437566573219
0.5942615934223252	0.6690599233936163	0.6021881938638028	0.5642916902830367	0.5247956983768167
0.2921988208930125	0.05415398264830029	0.45940936841742785	0.02599231756904108	0.6553483549337136
0.8924293284074815	0.5667265362857657	0.046920115943276275	0.4399241367425385	0.7748132784708677
0.928517001451969	0.5315920981764813	0.5677079338571379	0.061870242716711044	0.7830711590029017
0.13114605157147963	0.7490357625162444	0.6387738837108297	0.40111567019534133	0.6333199002055596
	0.8835974200507213	0.6193236897454311	0.6674989358027514	0.48952016374161544
0.9831759283113123	0.025151301558504424	0.48017976048750155	0.3606009970269267	0.7158020924307076
0.36421223650584833	0.9222235767349143	0.5993309355912636	0.7546459316636502	0.27513276566778255
0.6376643258173875	0.6427167898523084	0.04104105385759371	0.42476441186681724	0.5362161626796693
0.6606177746675851	0.2888434006986501	0.9197814291063511	0.19230564720541776	0.8039767868727157
0.8213113863577696	0.8864657654783034	0.016180694670775098	0.22114085792780291	0.7723212386414205
0.8498211588514359	0.25845290975684365	0.9422539434783986	0.33559132427180294	0.21354813115955373
0.8327347136548394	0.4125040498066056	0.12396293194921149	0.20192518378667745	0.2615385771471954
0.1021662622654208	0.6407687508836319	0.36657035218437173	0.8902894612891087	0.9345198272524075
0.08005146030892352	0.6401115452444516	0.05693030868433213	0.20127858651556851	0.8460103920475297
0.08541216633866511	0.5738321964803615	0.5986543729325884	0.5255023330789811	0.342990730081397
0.26708461250161564	0.8664765159237636	0.7679108137255218	0.4927698305654008	0.03803041075076907
0.1290469583618703	0.25324939870515883	0.0659336335597589	0.7814426115582803	0.20311816705641839
0.7034826099584922	0.2886973439396586	0.5983537787109576	0.9592280954552912	0.15834663484761813
0.5470069001914607	0.5900804421969235	0.7971581620337919	0.4529078602199843	0.5562516328460421
0.7072515179598733	0.41920350627053515	0.9083631641023147	0.730713541245118	0.6376583302382491
0.1395507440928584	0.026454255268909654	0.5074852567720467	0.05917781013973733	0.6633501309709053
0.2350131487329049	0.2881835310779245	0.97933785317887	0.7249883090952203	0.18034350622149975
0.3669183763045877	0.651579387950467	0.6945500982503195	0.40893563909150665	0.4524405636643215
0.8835230557924068	0.5936580334338558	0.1899175619029445	0.8271566461401183	0.569321946090362
0.34241751099934903	0.8680033699426618	0.12409542773141524	0.19056081635764377	0.03891720425225231
0.6597088742785112	0.9159358494966056	0.19289261606163988	0.4151744392483877	0.12804981759629763
0.8356596480751516	0.1272301575714383	0.4350132905587515	0.7170609131316653	0.5313448730463464
0.7310137539666859	0.33691412279887756	0.02146703087151891	0.6620850018631886	0.09018825039874634
0.462014374835059	0.6539064214245308	0.7524325408217488	0.7108946945223266	0.8576346258581167
0.08843954713726287	0.4516507749076225	0.45392569700469465	0.7332182365971779	0.917053422696777
0.7384580963496855	0.5039226259951355	0.3671410930007283	0.14181092043018984	0.6623567672164238
0.26459396666476287	0.23599177790989634	0.6104740317433713	0.7164069627340434	0.6055981593539334
0.41868253206280326	0.42987302241991876	0.9654967926130485	0.9882112217776502	0.8170988336007589
0.5488784963995226	0.49873582048786136	0.8014121481504369	0.9771926360532954	0.27213122865302664
0.5382929573140874	0.408264342372209	0.7398407993847443	0.9201100190874996	0.05652100714796382
0.8534715854349351	0.14541463225873597	0.18092508496174609	0.6588554361094741	0.8227408862026113
0.7556036502759181	0.14066267768008667	0.3960393011767246	0.43585995731477967	0.8903889032130398
0.6705284108072654	0.4096681761683839	0.5036303182813106	0.49886517725218504	0.7648587289021752
0.33523102441536035	0.7056752510885643	0.8833559101059101	0.7816713651262487	0.5360006287706502
0.6681307301186983	0.621232275490638	0.42700581757245704	0.9862528463448241	0.2570474124951595
0.8576725050802437	0.8467598821857919	0.20690825164160498	0.4362674114949442	0.6482710054964839
0.30639906868579725	0.2520255261289508	0.06659322007257962	0.3886269290520633	0.6324160659286983
0.16010594046891857	0.9999276939838846	0.11365800301946749	0.32977848032230217	0.0016328837835106746
0.13171017832048926	0.5815407089518186	0.4312417002913479	0.6686317129570868	0.21031522679221049
0.37957451781515084	0.4694472733097742	0.8406731607802009	0.44098179473289467	0.6208290158147161
0.7641607631291801	0.8058750701458971	0.9038234076014601	0.4315046737849967	0.28413256114651053
0.6361219708185637	0.05135749025602654	0.7497306613032805	0.4042384012723228	0.041815825601693946
0.7100461675569889	0.7679237781766171	0.15151727004645066	0.6263853288121014	0.546388970250714
0.1949646056487223	0.2860321719715663	0.9644241729556681	0.49499842006622385	0.4410618742465
0.9684196745785647	0.7036805212004724	0.23440691517480072	0.793602149644761	0.2300306698329967
0.13174404309409116	0.2789787719856943	0.21052429326019428	0.7062380592668671	0.5788917819740353
0.3377028300988659	0.42896081745719494	0.7012369984399933	0.4839026823216068	0.23846831525645296
0.2682567555833125	0.11549145508551206	0.37392711155319913	0.563622478244767	0.15621768760079224
0.6020940531853289	0.7744597698300465	0.6053744146150524	0.7064978411550881	0.23189314682018403
0.3660635688386831	0.6479046997264292	0.5568279625551417	0.97975406781738	0.32502337984745033
0.9294479364422444	0.348124111667548	0.6958175205460598	0.4970603711967959	0.32551091083849437
0.6786066604608783	0.6254136035232114	0.16723409100474895	0.38887835803556514	0.3988206878600502
0.7472827489321081	0.29367748473635147	0.7136405114888117	0.9660452664858309	0.8007234854291333
0.19660260648335814	0.03840729314587832	0.735030341071204	0.8159186313313815	0.4834268543178446
0.8120209690137375	0.050278293776054195	0.7904807494324736	0.7371246352891224	0.03709867335638117
0.6492165462767364	0.1145126592825233	0.10479945672007751	0.34959479561749895	0.7820977945924866
0.7075919888098472	0.9597099326435482	0.8592792766484842	0.8548161121284339	0.2305359964985102
0.8451664204395707	0.1347767118936336	0.15369309050893964	0.6166191122896515	0.32136802739343184
0.5432419528380243	0.9420707080117333	0.3853450418217865	0.4766253923855016	0.9032424399316358
0.713712861176376	0.8453337804215373	0.736206028392608	0.512749679529295	0.9745848289338354
0.14658805989497692	0.04446476848676595	0.06680135185714253	0.29943560636237865	0.7667734599550791
0.7546488283701268	0.9047630383189231	0.0672760070702223	0.9438726913261576	0.24321386417245616
0.28812981765996537	0.40597574549406656	0.1652160257525882	0.4476483838590053	0.9417693549913935
0.5225848919902929	0.9958437883372141	0.885254733394729	0.9216290011714753	0.20815863590183215
0.2815769867939192	0.8141673714788117	0.6681018596237509	0.8126756474355767	0.4423192619494216
0.9548914330980608	0.6308672446654536	0.8141309684202325	0.27463422729473164	0.3627942339157513
0.7917796781582144	0.4847022503777533	0.09776897524092998	0.890704914869864	0.12253785665487671
0.7713593186497435	0.14855835286345553	0.9368619709909076	0.3423047255322822	0.1943082395174376
0.26253279662846385	0.9010440491660429	0.24533041967835734	0.9927465604142018	0.8401752382484753
0.2742598124380392	0.43066401312935976	0.3593461137700136	0.3267770239840374	0.6276386767645186
0.9083958687546473	0.8385468076729803	0.5678787903774501	0.4038981499245883	0.44656252141582287
0.32522651777295997	0.820806923061049	0.8594634164247593	0.7698017884672266	0.49940354455540326
0.44138361194312625	0.5969855391880988	0.7254018435931713	0.4177889571272917	0.35207183784705154
0.5862458339047455	0.5634191793968905	0.10044007287004542	0.3179165820154384	0.5105862018208275
0.9286670769345717	0.07390436250831478	0.4237605720738815	0.09537240914250222	0.8761542750876902
0.9292175813321188	0.389057698146133	0.08602885580002162	0.23021390733761093	0.5683258198846987
0.34523115647790725	0.7505607634739037	0.19938061346075375	0.051783303792177326	0.35238939526048485
0.00789362261048443	0.8251080702102144	0.06341751513855198	0.9316682413612358	0.8940922663301712
0.3433455028745448	0.4904092406663141	0.8337856180953473	0.8370671607826615	0.8060272066782226
0.6693591515965348	0.665621592974812	0.1406619343221598	0.5737883623121104	0.561938376229392
0.8399016257081188	0.3097367333079264	0.6466072270615271	0.9377621861290171	0.0746758202444634
0.41135578394451866	0.38954278942342957	0.22759079013199002	0.4411304543685861	0.21660113031379302
0.00935079206742273	0.9661077990695336	0.028473144490133495	0.23024141754249128	0.07924522575928739
0.34391046303376926	0.6310134356562127	0.09265658813224642	0.720522662860453	0.827294122447139
0.6516033876831056	0.8918074969595523	0.5919570774623256	0.1831901603677104	0.07358541243276662
0.666559261387129	0.4166797101166324	0.10804139938353263	0.9114700492852067	0.9574107233109809
0.021001068885549534	0.3488954054646761	0.4729563660745508	0.02514617100780303	0.15536023577329905
0.49357440609918457	0.9191637429138899	0.40573125180296277	0.6710646012002608	0.7012989545830487
0.9346255936747454	0.9732137591693603	0.9833012206641865	0.44721859961935806	0.959013505727195
0.16951952630061828	0.8664989534480472	0.24297594764878794	0.044081182137749364	0.4809860050191801
	0.40351904208808376	0.7520834619685047	0.6953288848986997	0.6899451721764445
0.9837107985549376	0.877990973888475	0.05491071956093396	0.16499127712006434	0.7854035351472275
0.6036874788288871	0.5985677342041008	0.6778269820724854	0.8696989208278321	0.02030098133938718
0.99022406882406	0.27533825834605585	0.49098657556418535	0.34874664462466	0.1854205234571733
0.8058194130055871	0.1783226836870756	0.003715109987552645	0.8520573613635906	0.32625297432278655
0.05676350221449489	0.8468582712909719	0.11988438657487888	0.13757945373202718	0.9512680391949021
0.21047109679927678	0.8518112254546361	0.393037127835019	0.35106736352348966	0.8759723477062177
0.7220194516158863	0.8472989540139184	0.3680734020001839	0.6542844361283208	0.3774449186011607
0.4440201506859853	0.5187038624198681	0.040661533123725	0.7993990535432216	0.9237939009436931
0.4322326887099891	0.23274251820305303	0.6105203849385965	0.37609997994945865	0.33682133162153416
0.427145272582657	0.5300384117506198	0.6024657405238732	0.16447125309503752	0.8364292302991183
0.8364545464745738	0.19308599013955785	0.21361136470604203	0.4476364481267503	0.962287686817244
0.2631333050936131	0.32376184591450485	0.843309846861353	0.5583398397236042	0.3172000436644483
0.32281580721814085	0.6772538641687205	0.8194610264066049	0.935328904682443	0.27024445735847014
0.44246409694679134	0.29984726317626564	0.5645696250235963	0.03960752729032191	0.767882202172493
0.47093150288733265	0.3853665648609209	0.3993169435329591	0.3869661197933104	0.6378590032094219
0.08716080058786502	0.7435085312981773	0.6537480738502651	0.39044800989430983	0.33065938469173217
0.06351692360029348	0.1523516839205512	0.685813473430669	0.9396751677736118	0.32852760028302197
0.8284353659475339	0.8142052298412856	0.6212426925305401	0.37535570736199775	0.7333669928808867
0.004116601235385486	0.2005635288516162	0.5273019996826381	0.21603240498981646	0.42907929686155044
0.0053009569610887874	0.8509274104413966	0.28568331226272226	0.7480733407076414	0.24544197083007802
0.9968214583927099	0.5750378787027073	0.42120216914106956	0.9410736959963156	0.16410298660048073
0.005642138743649272	0.9504671828161193	0.2646116023269738	0.07924536194445597	0.5267156087570051
0.4718591364524479	0.4689015760027291	0.15996458027908333	0.06756489359922979	0.5941901509722028
0.9590174962632643	0.17406384709264477	0.46569849792376883	0.3528633798342631	0.42668631658510503
0.4134193994337212	0.8885549550592605	0.6593251298583551	0.49510979891646945	0.8928099902828629
0.4169954167438593	0.9544902938972973	0.10130591712005244	0.7896991523534336	0.5516261764003462
0.30477345424598723	0.18293897741905207	0.8330309902781675	0.9965941576857674	0.05822701074376546
0.5210991249599495	0.5011077252975408	0.48637870342500356	0.41915403506045945	0.8353854276750409
0.6686267022877517	0.4189493671635519	0.0629968449252496	0.2451355645902844	0.3339174533300677
0.6812853233565658	0.9002145892394438	0.4354560585087657	0.22154223364081926	0.7620330387763077
0.5177275812010018	0.39328592424489617	0.28290312807183593	0.6867856872059528	0.43503735532153653
0.3961666138942469	0.3412687445970266	0.546906161966943	0.645940553449901	0.47148668567131713
0.14710016343216792	0.27133216271583005	0.05893710081390946	0.10803779225306953	0.08391978977307724
0.677305499058862	0.7548650186395297	0.07102881855172982	0.44456988673886155	0.6857193689564524
0.2535984632507441	0.6122431186942997	0.593290846573668	0.650369759808931	0.13673095771216326
0.3971946461679986	0.8279828083797578	0.414913783309254	0.05412980381930821	0.4030289249835025
0.5132911082138992	0.8177218179839034	0.05487886072657511	0.14784439325539778	0.760589728460511
0.23746486276822754	0.4057334352094155	0.5958857220892281	0.28271851129290293	0.5043494247792402
0.7145783736091654	0.02088920865823607	0.12622739436927732	0.23052616653753888	0.1202318943113978
0.9716332625598028	0.9884919699652811	0.17641269887484834	0.9039374741462868	0.017022735527998267
0.37893145051842847	0.43516912277984643	0.6992867022247082	0.8181207514300101	0.1717080945451872
0.7990698176074608	0.6741823126526111	0.0880035737774153	0.6732227647774859	0.7695485551491795
0.40332702687542243	0.6875856110559336	0.8084278399050852	0.1479928153767196	0.788386808848439
0.505309840434481	0.8135127140776184	0.6870932504005204	0.3859647306254762	0.9645612604502513
0.950155258044478	0.7671763817568441	0.8065960243356749	0.6502307638003301	0.6179047557592233
0.1813238771804272	0.6005370999400731	0.1898574735134817	0.8369499101605875	0.5799021295574733
0.5148619128839181	0.8304665433387455	0.14613239809612544	0.3102767244381013	0.7623454101737832
0.3457556333960028	0.12184113406474872	0.23312984443149953	0.28183121010861745	0.1260082830241096
0.5113497001926418	0.6780364150321698	0.4956804528723432	0.7313647888560049	0.09405106334371605
0.37318442031426835	0.14818198317008824	0.18720588512927983	0.47547418803686936	0.6108196181227113
0.4140332814539418	0.02368426511818289	0.959004517251987	0.23255937282851613	0.3108541306002046
0.6230713253902119	0.8236367881585783	0.41801942360066513	0.45366141487818823	0.40718848536832897
0.6721898527418948	0.648972463228401	0.7786600039073859	0.5465145484987187	0.3685558492331713
0.8209152339274431	0.2871710842732994	0.9473833544088321	0.0003095262907442109	0.8758136216028694
0.36666432751511646	0.2823755091818021	0.5679594862222354	0.28841739384645015	0.48258422118953304
0.007330097521363155	0.6331070103717159	0.08520551822172884	0.4132826200827753	0.8727336172161116
0.03348680802093418	0.2234048666874182	0.6539157351560761	0.24427942677293368	0.8720823006294224
0.24252199439994349	0.3967064379953281	0.5067533065593268	0.6464809837358894	0.6641980349703858
0.5064313727229469	0.3428092265864451	0.011997618109593544	0.8705992887835697	0.9635871244645453
0.47709110599578686	0.7138017356681814	0.9859526638754142	0.5079433252425486	0.13428485944168866
0.0054853617762993245	0.6525939461699625	0.6580729331051259	0.09149732866170324	0.6046722990374449
0.3852457487200527	0.9684986636935559	0.0005636714958298095	0.23277062232384627	0.05223572621730699
0.5401307085795991	0.021416623004876678	0.9276731123572961	0.6628674550990048	0.9857488873566455
0.45053125818207185	0.6461499705176236	0.39566344073652415	0.6867083557929934	0.127816917233458
0.5303008835725193	0.17268633245706688	0.9642400549580187	0.35099435119602074	0.6269883362438436
0.8688863128673988	0.9142027631683769	0.9223928611572407	0.9408941159479135	0.38589438773238605
0.39151999238768775	0.8765270223906517	0.13771218671094643	0.5548183361424369	0.43586307878097263
0.5169713959160326	0.10348585371389107	0.6920866020198418	0.4911311583151998	0.9307545548588776
0.8492277264565804	0.6903779862628332	0.16597931261721188	0.4807899836338754	0.6667321007817993
0.9306548259557381	0.6113423203640772	0.7246209966361248	0.600450165245864	0.47332067592107774
0.41917414877987047	0.21487822750014796	0.7972097755666606	0.8779601529868809	0.05806006738307812
0.8268195312468246	0.2141536212464511	0.30352566846109874	0.901100605887706	0.2632158320227982
0.7784138920681944	0.5703541911794964	0.9813515293853832	0.1293560093751035	0.20381226209685188
0.28241222407468736	0.2767484561691953	0.8174059402099197	0.16897170810336548	0.063316113016051
0.33430962066345193	0.381493558051028	0.5697294557607193	0.5694303894369132	0.8145255156298807
0.5518917874014019	0.07779846310480598	0.7120947530586766	0.2536591584834015	0.13180069528888683
0.8858595891347517	0.626784216832372	0.7073442366803941	0.9157025065597714	0.43071944067507306
0.2811456766104813	0.033873359300713446	0.5924662957558452	0.9525055759577142	0.7261002039190614
0.08386629236821941	0.8848222345405135	0.035894459476667584	0.9324558562173965	0.8420303026696264
0.5890423803507961	0.5619987750715446	0.8211969694999077	0.16765094600662622	0.27266510696265833
0.026952805232522747	0.019716671844283162	0.716452044100973	0.4317117166848793	0.13720021007557037
0.6850326158223314	0.5811855864705272	0.2610341190639154	0.2996656443786332	0.23040260482087815
0.775658173151257	0.5515859406756152	0.9880849057812189	0.623290261465389	0.8513658318262654
0.0663860491677375	0.4306054795384553	0.8387198720632522	0.7380551900175558	0.9166958728652356
0.9913474965324673	0.8255159319569758	0.668870894885655	0.5775805397876344	0.8890756159451081
0.6408811083119454	0.9475636591643685	0.16337088541907652	0.39363218588776816	0.17123553601556374
0.5464476441436371	0.8720763311652504	0.05329653468242512	0.4452164779729013	0.16563481972256644
0.16597259660136754	0.40090952897871435	0.9677261593101093	0.29369185618447	0.4302201386718576
0.8940580357323142	0.2627550069856721	0.9385557020602073	0.2897623834336701	0.10451707546618871
0.43035249953195676	0.7694568262775041	0.041127317805916386	0.7186838207115803	0.6073247542853035
0.5278062664005297	0.4418114871274582	0.4989784379603933	0.8799120057354353	0.7641874738903859
0.2093086951074412	0.8060510196767664	0.9147847169322588	0.9275234212994267	0.8017760909843277
0.457479315400696	0.9855955559236295	0.9330784475452717	0.5608902071133298	0.29729407753901194
0.7751955705983892	0.3093529348625429	0.9965394274325965	0.12212709298038193	0.5389546836379078
0.843178450202489	0.9170170704182634	0.30778684312112026	0.9353851913079232	0.9773267345220538
0.4571778533043095	0.8322473123126619	0.8085483432264993	0.32108363977669885	0.8333665914877021
0.21859840318710788	0.6456734349463629	0.23906756534931828	0.7886719450239481	0.027809693893938725
0.6958766257780975	0.03480068774834044	0.8319599009574057	0.014716167441958472	0.15817323335216082
0.09227369646532624	0.4026443298267953	0.6895212676647113	0.3168962688676419	0.43319362561422226
0.7942039594401168	0.15946906219496848	0.720685768183867	0.7529781031491487	0.9188118548662624
0.20472263172841565	0.8492576516932318	0.09063441037825204	0.2373218352503429	0.5611878165744776
0.5037548913649382	0.6040878663187005	0.9973240366522532	0.849327923380424	0.9784012584814605
0.6028663146315079	0.37977920299166956	0.8877301598572707	0.7016509360883904	0.7954344419486237
0.4443727963604045	0.2515317779821946	0.14366498156312146	0.455754658907339	0.04693721016754049
0.9292545109422689	0.3380877526892997	0.16188494566131584	0.9235890912970269	0.4584727506814352
	0.6261774504295836	0.7083058940661241	0.024265693816638345	0.6426284470433642
0.7338998614346723	0.5941682764411907	0.6848934832960244	0.8231344645058151	0.6795157738806394
0.9026867985858741	0.9259793061154563	0.3133824419834975	0.8464858851517151	0.0747088728400872
0.7196733489381102	0.6249802576202669	0.20067642937029662	0.4467267265242052	0.9984912701592531
0.4447548918305201	0.8611068851485876	0.34386288507207863	0.7912334885950857	0.08421522060633235
0.20130379958162425	0.1352532153477356	0.8978939457919073	0.9186996570817232	0.34317084771606976
0.19627269221517718	0.5939245065427331	0.8733181014593493	0.9596770620968083	0.9920119300240303
0.6266574018805733	0.10339945117672777	0.8700840471942293	0.6030370064708085	0.18254689291444093
0.1257943232726958	0.5586907528518712	0.020302399288365858	0.20679617041390475	0.9591158994892294
0.7414342894646082	0.9301338145753261	0.5085193200396216	0.5436409119265687	0.30124566422688615
0.2849556418085808	0.9157965949708559	0.8809111465713424	0.4545604509300202	0.37448892067117456
0.5090718790117137	0.3532227540289039	0.07825166069431766	0.8058292323292241	0.1366495457272996
0.23288563110128313	0.41781260195630865	0.0714575239075923	0.43115044547246084	0.4102621870868064
0.793263481397575	0.098011256536359	0.6959473518527053	0.6126163270269965	0.363984815800523
0.23602273541677377	0.012012149775358028	0.10738795420422287	0.6975471347562217	0.02072695275191505
0.9103662856655773	0.5911215036495582	0.9715004100887557	0.8277507883379464	0.9210316130457865
0.09198582136933942	0.059663272389498756	0.8546827556287023	0.6394398171180635	0.023336028786017815
0.052788683676000314	0.7284782026039045	0.8988218044438715	0.3890233811424061	0.6582615653926682
0.6152403103063728	0.10427699990574624	0.2586639899302714	0.9935087570216404	0.17671109016870845
0.2779639966509623	0.03017278175920146	0.01768568098738299	0.9595252362735257	0.7405087628800174
0.3515341934950612	0.18136437095887536	0.29538641337533067	0.3833386033060302	0.1981674357459845
0.2643760234877951	0.28656966167588305	0.7249079044918066	0.5644897902284128	0.23928279297191657
0.13913904932911514	0.9284529800144324	0.42728846835246037	0.4694853477914145	0.549350738075008
0.7012081182816172	0.07573431129939467	0.7018035848943979	0.6467213050985456	0.9982368630405685
0.33301986021361396	0.8591971247172592	0.052846430968103375	0.8638470965303323	0.7508163858932965
0.6696646307701345	0.563886928933564	0.8361638146157303	0.2654266890631931	0.5847621295845461
0.9048966731331237	0.5672835472828563	0.37597414266821394	0.0004936791030900611	0.1706563185150508
0.9157384679126139	0.6440513210718797	0.6133081152962655	0.8337926733931241	0.016255168657116403
0.10564732225158735	0.9354978765833077	0.038490101582354885	0.4063887017758745	0.2974897684858232
0.1024476353160022	0.8383827073905029	0.48069802971847053	0.15540001445616758	0.7701231679822239
0.05943678000216446	0.42713633963023967	0.969779848125184	0.807410713698166	0.7358867127601044
0.004822805071487912	0.6665692203204124	0.08512283877809579	0.9107293376766582	0.6101472905786827
0.7529263998510985	0.08517054057978468	0.42803165575976143	0.18570441880406607	0.17666922365837312
0.8812231235427579	0.4540352711831388	0.17499842721516912	0.9584977290676874	0.6866601364400591
0.5649917983497874	0.7886388127264291	0.2621504882130308	0.9519661339578697	0.35469958053395223
0.8648464834915887	0.5142704866734009	0.03782398494003669	0.647351234684923	0.7841435001490353
0.40963103269556345	0.7087534343790923	0.5686236534506174	0.36265546153138284	0.3168394746320373
0.1055535378382253	0.3161971036619844	0.37160660672446144	0.6817005185910036	0.9841763148328524
0.28920553522653714	0.1150759772588682	0.7244371075687519	0.07472244130209316	0.5337412834446964
0.10825832871429641	0.5387381119902144	0.6987781603487818	0.7702289369603509	0.35532308757038755
0.5111108645295858	0.4498831456546625	0.12500257115188618	0.7896821432429892	0.8270534735739602
0.2980687072440622	0.7141342526232383	0.4607519652357407	0.4240995617931176	0.6387600985160176
0.8369515435214216	0.2430577050545185	0.13851318155193248	0.4517578845919372	0.20759660483413334
0.3891544286992902	0.40722020533002934	0.8542880749344547	0.7323617661391782	0.607932492518253
0.5920172649134071	0.03489416833692016	0.14198503554041386	0.880590878478054	0.06031648709972115
0.8761646048058516	0.5004647568789194	0.05960694566562952	0.36826122859049915	0.19323489217866707
0.6678725337860586	0.27461393326554984	0.1827292163010925	0.4356746788368965	0.6078387019170761
0.6643452895423944	0.636794684862975	0.9003337257685988	0.5148343097198766	0.4760171042232061
0.46777214478829865	0.4916959498152771	0.419993966097989	0.06715725536325556	0.286681546659171
0.023183340488035165	0.8892138351301486	0.035191508945459526	0.5530035199900956	0.8363814791157219
0.5796522125923637	0.11770449615689782	0.1389550981806973	0.8563212129495947	0.618338845736345
0.2863878909852787	0.6112914400945723	0.9644762870027564	0.7400671344511205	0.11692284861931479
0.04719748085979214	0.9108201908667094	0.1486474929208904	0.9093374086528763	0.884039563007381
0.5541195268223233	0.5375226436122411	0.9442830791083658	0.7336304549092691	0.9797150856132633
0.9437467491794783	0.9448906211830648	0.3892382512663377	0.14823242241340828	0.0516441156799432
0.5431792523588227	0.9738472146695213	0.3116321228858533	0.5362091278871693	0.6608744785674185
0.35507216505822137	0.9651233456784388	0.28375022099501623	0.20616928034865445	0.6664631984685269
0.7292356822972197	0.7400572519219161	0.410569890844109	0.3590239838528142	0.9468446520660295
0.71429513959217	0.37599912346049624	0.7087448056692565	0.5276057481848001	0.6896667675129723
0.19277536055172628	0.5951074776155323	0.2558095922111753	0.8995142597449199	0.6047078128675332
0.9715384087225281	0.7587351177347488	0.954495655987726	0.27422704295225053	0.08136123521495897
0.9752278506108915	0.7479174524748925	0.2902280515548372	0.8298719865000145	0.5015167816129535
0.1716720177148322	0.08618374691943265	0.8256699412855502	0.068842150266201	0.019848427117821865
0.26336320743743136	0.2309485839655051	0.9369823850742278	0.22858031266302414	0.022132869238059016
0.9318855780277305	0.9933194211117886	0.42008712793380587	0.16910102452507292	0.9874830204998585
0.8596320581302476	0.2127480371356627	0.6754659379178096	0.8997435428767523	0.34550354462709165
0.6335998602932453	0.40563631451489357	0.6232547616309404	0.5700165023276774	0.7758646176730719
0.3067637337536322	0.38872263332216084	0.9011161765658575	0.19429609950549853	0.9659789313284878
0.3789246464388131	0.8769894489907935	0.7145470202028572	0.9779288281221403	0.9411680166658891
0.5579603347105871	0.9551235319135729	0.3187321155277828	0.7422292442453241	0.9071500091300273
0.2120923006625035	0.7448772961698916	0.9717349808949999	0.3414009538174997	0.6159458154987036
0.507502619502584	0.6499642781320041	0.39100030350110127	0.17804407992234772	0.6157302073549286
0.4547439602444041	0.6298447186953744	0.037865017843287774	0.04336963484809542	0.40333988228674644
0.47533346151374245	0.8858957201391632	0.251925950318713	0.08867171480818714	0.8933545192805173
0.27857958995129695	0.6019242503663923	0.4873015882075432	0.8165742844098295	0.3983356280740038
0.26915740049182724	0.012453979728492826	0.77554895737791	0.5098379766116348	0.9426433532195605
0.8039396820913346	0.0664084608112423	0.5944158363234888	0.6796700791137821	0.7875708187757232
0.32051897190261625	0.25562516165471805	0.8826401383130532	0.522652455063225	0.10087379958113674
0.36554783681985703	0.17335478831694073	0.0972426360722708	0.6269945303309834	0.7995469390447396
0.09972829489896506	0.06409166225803464	0.39282220800694545	0.2382328465763578	0.12130528992239009
0.08792136727659106	0.5410065305424464	0.4236375651321158	0.4348435351718468	0.4433318721541698
0.13633936870315444	0.4773077486931704	0.9876151142208915	0.06547824758276488	0.1076370683036536
0.8673480568284636	0.055674744058724523	0.8519748210253127	0.5666305802789632	0.8363130432886351
0.9269268307145522	0.4983540804631681	0.05160829612236706	0.2106524772892605	0.62048820548906
0.6077331443089	0.2959403705583037	0.10007862714892513	0.5685359977169034	0.8730427466827133
0.6025009706648589	0.9034397731197601	0.7756632459157102	0.493106081302614	0.7099709304213178
0.8096587396909527	0.872266682535915	0.912054121017648	0.4458390715227192	0.39336707982790153
0.6639697867649018	0.2404801490489279	0.27571996234698315	0.4565493007086182	0.5686138358832779
0.3454974004036544	0.7961262445972851	0.0357012777159873	0.5477141864094393	0.8933913619123659
0.10609692214598332	0.8397956723596214	0.9754405926444921	0.3678350145647593	0.03824155244338023
0.025670512446592908	0.226194255609242	0.18283008369889797	0.18352089450146902	0.3681734032170466
0.6474207953606905	0.5728433498197739	0.245543001058099	0.07832196842885031	0.21390506813759158
0.691461109961658	0.9374283031601973	0.4673798101748331	0.23203392912284637	0.23980732586227294
0.5318171728161939	0.3157074399983092	0.16058972066706945	0.055531376238850516	0.061743410288785494
0.24505258279195707	0.41168104318409515	0.3977848467368025	0.7140557455763901	0.5965675973824273
0.9650103929059303	0.5877520688581734	0.03523593831223282	0.2502934148353395	0.3683442394801376
0.45536522437593185	0.731180797335187	0.3520023597105688	0.44037767765509284	0.7955456143169753
0.8471174850184667	0.5759921463897225	0.07293447630007266	0.18291489720297904	0.8137479725183838
0.6310968064460107	0.6847771082150654	0.23200601022714484	0.8578441544133212	0.6795785705920994
0.9765508142174694	0.9425352337733967	0.25938076786641073	0.34517384291662834	0.7423538738611634
0.9581949173181215	0.36622905047361054	0.45813548326799003	0.9214760761340337	0.48495586519871503
0.7864419432188154	0.654177388139769	0.33832601558130204	0.41176322882209393	0.4753758148945908
0.9987231320885356	0.9334343567478703	0.67357570502347	0.19978674125573415	0.7761354480828107
0.5776608085118073	0.2258665257520347	0.9440537436757249	0.6207529466057701	0.36224753549688393
0.7609040235368058	0.900579550225944	0.19184445295484875	0.7124515435733778	0.023764890101098057
0.957229037556994	0.3707779562384098	0.8848285850993646	0.850979199093621	0.2733402164763409
0.8673485292431914	0.16905008637741303	0.4812569493046637	0.5739868265960789	0.19019724010591643
0.2832042333709398	0.1895580751867565	0.6288863730376252	0.09337419086211596	0.5457495948466116
0.8784107130928049	0.4463430974131193	0.33254727920172455	0.5058740070657624	0.14273666799838514
0.6507249526752549	0.5245123544337379	0.6590443445229532	0.8135140035827026	0.014682594948755567
0.25243005704870103	0.9291081165699806	0.22695060862197847	0.8785157779776374	0.9341344978588357
0.2783252958725677	0.9326239963315608	0.6055934143310013	0.05787053035203216	0.35259655225706765
0.9570231623288934	0.9196855232675706	0.22082375945655763	0.87912467900053	0.4596608118974629
0.6723627182970331	0.548951105873736	0.009662908791676528	0.9352634769220041	0.20283416430479884
0.3548045326767557	0.2386586093898121	0.03381284838524912	0.6571329685790429	0.33752343713109056
0.06001234292495461	0.10641971235884318	0.17061306890712602	0.19794763513032165	0.03756711076109154
0.6827009208271042	0.2842418445547299	0.26920091615075925	0.48813723644092943	0.13746748826943056
0.8547203158797408	0.34611777219442696	0.7026603357776607	0.7752790432505132	0.8191578737788303
0.8453784500632219	0.9164230232707081	0.15447747939154988	0.11002801094698145	0.8167394908379141
0.05822562114739405	0.29580413436288633	0.26277290964019995	0.49452660151129657	0.6695675893353368
0.09902148642614039	0.5243153654642574	0.8888718593518771	0.386290695037936	0.5788938823287233
0.5843170760451041	0.7718827022703961	0.06260936636238257	0.4489337712980789	0.3607062074484325
0.9121713796576294	0.14883991110206918	0.17302319791932141	0.9289108683758281	0.34623563521509526
0.815516897534883	0.6472334309966015	0.13104053445316743	0.89534596975311	0.8925069854707525
0.36091794692433377	0.32570864812617484	0.3641258132046764	0.10434886303004332	0.5903284651249606
0.04311828334670842	0.33651259030566316	0.685598126771152	0.8335765279299366	0.9907784292795814
0.04892717473140806	0.6094506744037546	0.4410722687033801	0.6143104883832552	0.3349486496057744
0.5129728613496046	0.11515180723427765	0.5539870286649785	0.4241910199521335	0.14125169628011058
0.09729656871922376	0.35779189691680646	0.011032762236245386	0.7240526238352574	0.8131172302172919
0.4249728270434968	0.9703938467269471	0.10689853712229824	0.5021621555494835	0.5300372264928714
0.0035062803636773943	0.5288260955735524	0.43910587704238135	0.9536522107508484	0.872508252576131
0.6288828457358927	0.35333070421822965	0.04670781047750816	0.3148136506968545	0.6403925801069635
0.5715636333597952	0.7615990954419674	0.8705241806048262	0.7867065429084432	0.5248087580465192
0.7602449006241238	0.7273478321524666	0.6833115660690515	0.5461063440400089	0.9803488993830282
0.8230150011865113	0.7296557871165762	0.5185319321423003	0.7027795944456381	0.25837340871745496
0.5189743951365368	0.0006614995594722561	0.15182030258633217	0.23819362316811044	0.3335282950288563
0.04846126354711078	0.3488725421319726	0.04960147031675677	0.3809436131353202	0.9382693752296841
0.5794202959233172	0.7985658163530305	0.6657721380479247	0.7241575074957823	0.8130558800433886
0.2655012516467872	0.17030733190731528	0.0414127888509076	0.18184369936378497	0.4858779427776174
0.5176861412541706	0.6397965018415823	0.6320983951488499	0.5361499060022038	0.35497425668508564
0.33862721061421497	0.019462302347949434	0.19798919940461146	0.3230384446738631	0.5874918295445354
0.41751079265570457	0.41384579550993494	0.5058724149297419	0.06280587493142731	0.831637475210151
0.6938801269544881	0.5510950626201717	0.2705215255929678	0.22579367072728052	0.783959167277342
	0.006539314839290822	0.7108635439358144	0.7661954397352696	0.7597475369119621
0.22891081956662318	0.3535318096622724	0.6957502531440244	0.4614558915502899	0.6772896736718528
0.3188649857138707	0.40872623452747736	0.9460587866336438	0.9829151101038376	0.329915482381791
0.8765714787348672	0.4500514040261847	0.6337732165800487	0.9027660090398035	0.9233948579951659
0.5055728928421865	0.5814512001068446	0.6216416482589956	0.2087667337563105	0.5994757478265331
0.7451365152165078	0.9194755188363233	0.12424211353246906	0.5709968903999473	0.7842645897170425
0.5035852818858515	0.5412729707565611	0.5949537727637528	0.8825891322080991	0.2977252504371498
0.8576782526585761	0.1889439060509126	0.2788467847929792	0.5745516549083456	0.9706262964924172
0.822849780868968	0.13384737542834957	0.36277392479087744	0.9583675048755256	0.901733460944748
	0.6326910565817797	0.7741893722163881	0.8510025275004586	0.5043983767354974
0.3904143420961871	0.7055710553507434	0.21119870310006517	0.33456409145520716	0.11758985021534618
0.24692510440532356	0.6662885226424153	0.7114536196661073	0.9695538723275748	0.5913619955745747
0.6246757531151992	0.41562341587623663	0.2946328203502846	0.6663917448448767	0.9409619778283406
0.7319818610696402	0.2568033775490185	0.9441065038728976	0.40246079246690936	0.9406601381657155
0.19036459701952768	0.4496127338042193	0.7971132257370503	0.4434099006550255	0.03836149879396611
0.3761608910955986	0.12650839459635932	0.84430274937376	0.038327635744857536	0.637483062877612
0.7601735267054629	0.5801185782179122	0.32767038512267355	0.3393272606471144	0.6042373123484457
0.2883381023842517	0.521919537691589	0.14305924913023083	0.6945566436616831	0.1496295969686482
0.02087067682244992	0.4900379516102752	0.1386401299323986	0.9174255921483491	0.45250603893763397
0.4129007289852963	0.31235544667761717	0.34991483680154245	0.7988614753401659	0.8866263052872674
0.8438246863427212	0.6557467213708433	0.5352192046902566	0.8523786857829163	0.9679056534489542
0.9693641407397567	0.5406229274937273	0.6107322370370012	0.10130222689481572	0.12139278182796132
0.29169166320111284	0.7704821252356833	0.502590168201857	0.17021956337275113	0.11350707029310558
0.26004451944097695	0.40820393934428256	0.9543191263743411	0.5829220507993652	0.4022357955197634
0.8267311399773482	0.34487354145053495	0.8906295077985344	0.20798303916144145	0.6296032452478522
0.2878523178434488	0.9938710552745205	0.7772317853225965	0.4287591061005821	0.3044704489622835
0.2838089133450915	0.088562740237359	0.14492041041598502	0.6999751043215313	0.06287699330467011
0.6716745340278093	0.24043507419812604	0.9791357016686282	0.8382910627863278	0.7956281261046648
0.5661998758662099	0.166309074172742	0.17648637399852118	0.5121057396738364	0.1086145349688421
0.9420289436527618	0.6565584628040354	0.17362482810333324	0.1282943236895574	0.6773641785500397
0.14209790930433697	0.6687313082053734	0.4362449544174706	0.14009365676333851	0.870445437676537
0.8960059315384535	0.5408567796596746	0.9795801880929562	0.3746553984706986	0.18439491084850868
0.5131996579877679	0.3866803919177215	0.14416006411144577	0.5550686380230998	0.780854442409222
0.39445830418771954	0.9178357669641658	0.31623445080744506	0.4632254913196491	0.3482037148812941
0.2152507617763575	0.5662900740521049	0.7615248045585842	0.9668808829708204	0.0032339682769413347
0.3934410187866181	0.7437333689335806	0.9872752885731463	0.711574418203092	0.12425234472395275
0.655461294250197	0.2336106584150366	0.727178727842914	0.4499786477613644	0.612274336844992
0.9209910602070223	0.5469475654474153	0.5523337534216299	0.744397074536552	0.38055209188036454
0.3636750117108287	0.008002736381385822	0.2187936779195926	0.597233215375086	0.49653455343518116
0.2942689263553069	0.5955269395822633	0.8348694915927855	0.03702192488462219	0.21685574564207666
0.3267486761424444	0.4694285482056165	0.4236658271821667	0.3090363549638322	0.3151409566572104
0.18035114847302203	0.12069731140250561	0.44373141373920577	0.06464676408391812	0.4751861398161442
0.3492599424313648	0.5376380475602514	0.709952149120409	0.7485536203269983	0.3953829408226487
0.6073885460116788	0.39202267437061034	0.3651507411526601	0.8348785542353447	0.5863810140184028
0.8002826636719063	0.35527928774752393	0.08251553451063132	0.35123475610186516	0.1052802854093291
0.8658408866479959	0.27456601589665275	0.4304858010003315	0.35887694641070955	0.9628118267941147
0.6647452066520657	0.5415467532089263	0.20972513123795145	0.8159832390183219	0.4855673756569573
0.4439398730023766	0.8095343582619227	0.39551033086228626	0.2590097121731033	0.2012712336001652
0.09907626643059186	0.5832394644370169	0.24358154020256595	0.44493322467779106	0.202909207491224
0.6333027622460814	0.844234747188568	0.21511741765143955	0.029326229792385528	0.9917838678205573
0.4674395493516166	0.5374052714108837	0.6080085041314378	0.18789149726170362	0.9645195721877916
0.08060891045521479	0.45308857890583976	0.7843756604956046	0.8224428386368907	0.6165316988105729
0.8013654838671791	0.8914153086067343	0.16640016951756054	0.19282109490667865	0.40574504074552564
0.6982048748449454	0.8731354061269792	0.3576495102015116	0.36681639025080803	0.927204241520677
0.1298729387234483	0.3826970728971111	0.03583736452561481	0.16202568364758185	0.07288413032403107
0.16535449519036172	0.40721497551236463	0.9000953683534951	0.005649977202871859	0.5541729188075478
0.04513667212556327	0.148800617306602	0.15484953285763337	0.2844604177565019	0.7088804464144338
0.5401409494862688	0.8024764556713919	0.9611444652597221	0.44370069813461077	0.5596261080519267
0.006468595687107448	0.6630179775774582	0.8787506684038507	0.8581801269435463	0.4461278356138165
0.6190493095968234	0.7137663719837101	0.16152709321986225	0.5280325022617777	0.1930427702628854
0.9937724606746416	0.7872192198827082	0.08966650795788134	0.48025654354426006	0.3145620987461728
0.05724893826378019	0.375311509669924	0.8185948421469295	0.989059182245341	0.46411766056550974
0.5303000468488217	0.8073755950965684	0.30248232533424235	0.4424182797588637	0.6263210111741044
0.7933592279491967	0.5198544115874588	0.010646263703585124	0.949817817492732	0.6392476624970076
0.4411599593647174	0.38615553820793513	0.5811956779540065	0.7251242061843585	0.12616910823311522
0.8234498672245213	0.7547756408028518	0.37617517365578224	0.3287453771274029	0.400399520349777
0.921653444493139	0.9558870967689802	0.45823607997881044	0.7945249281437332	0.8629097645599051
0.3154868010660441	0.5142085204858902	0.5237389300161128	0.6496817804496875	0.4934461375865814
0.12842202760236654	0.3169402562665252	0.16057744614408465	0.965831578538392	0.9476661853474462
0.06773848969501073	0.1880636679983858	0.5039635807115384	0.8962168073752456	0.4398987142782934
0.5351066002933547	0.04937391265817481	0.7908983222754329	0.8783625340722138	0.1305015614775391
0.8506843851000913	0.6745355257975044	0.18048062524849062	0.860693014661193	0.5584133265686593
0.06488254094360912	0.34833755529838906	0.7993884086065591	0.0913665672842352	0.4349050778905854
0.21602811404329247	0.8576189438005772	0.551017201540747	0.793703471734876	0.8586577651953795
0.7785833855000651	0.07655052819969421	0.9122602140235869	0.4139880819622195	0.6775133529760695
0.7214590162709605	0.2549913936857078	0.5250726460749281	0.8944245948667998	0.26763985635801657
0.8243565582826966	0.5042881287782978	0.6221626005188773	0.5893980672147497	0.44684388484166493
0.793743564067448	0.19783463288274838	0.05526189206025256	0.3485922064247865	0.8527638990140444
0.11407576562209931	0.001020174228612003	0.7263364595405865	0.24392556573419677	0.7665213355292004
0.2301496965097236	0.2738616872648747	0.9404939479886958	0.6643219064834038	0.8366212130141985
0.39460579680248975	0.8394714241009262	0.45173742063672606	0.11025773193751087	0.4613230377620877
0.6887992566758838	0.6088376366033129	0.3316797067070253	0.37855586077656134	0.43829882217549554
0.5675436846631278	0.7658205953143842	0.5783673104498495	0.49403914420689576	0.3606753970219537
0.16923821701594877	0.044985787713284875	0.7884481778339447	0.2972547224406006	0.5280085700516001
0.16986697265643902	0.737903331277983	0.006363075467327728	0.06965442299102753	0.46284389894181843
0.6192334093072955	0.9187327805853855	0.30485826129058824	0.2515589613753846	0.8245422877101578
0.3083663160729514	0.7229940662452824	0.24107506163510617	0.896004776032881	0.0112190242016168
0.2255296215795105	0.3834304773408005	0.8364981235292207	0.007869598185517246	0.8528624992891426
0.10355466511126654	0.37783558166878817	0.8854084698847625	0.49197903508168106	0.06021493646447085
0.4982178015378632	0.27100883014479105	0.18499227394866213	0.3996885238938962	0.6182441390616843
0.7457070123342662	0.3306405974869304	0.7339570860105852	0.19524650005711286	0.3140602772281049
0.6871475503911697	0.43107044332133093	0.6158402351316082	0.0389190304734387	0.5920900230426644
	0.6541633536342165	0.4890901215472586	0.23929732953507254	0.20257704743182636
0.8262860012789751	0.8603132728730508	0.07614454537793902	0.6468652841619462	0.3608955153773956
0.4161886463781117	0.7630535779322274	0.8326047117508154	0.9167621089175123	0.4092302616174641
0.8178688673176503	0.06594889428026895	0.3140952798764348	0.11352393993271315	0.6434955388146805
0.2559438367110338	0.4851772825519034	0.42273140153058675	0.4823667221945368	0.3185903884207081
0.03310890568354774	0.7492638780903338	0.33552777643189946	0.4658681597515574	0.3826956067948727
0.7638432687045013	0.2597264767067715	0.36804785741837487	0.5630098322134641	0.4834123144157684
0.9448391433007571	0.5026053113246759	0.07565075903198093	0.9199357193330758	0.32458610448234193
0.13069524828807466	0.18879567672663267	0.7735274510799518	0.8073318903075356	0.6921434209771763
0.4368988951649664	0.6592416249385825	0.6387904339719338	0.7135844808941965	0.694805949203177
0.5875447004999044	0.5540637165942164	0.6598334717034854	0.978340705458541	0.5638444402357856
0.6151780034173733	0.5727226570376531	0.3220513201234865	0.5884077050011493	0.18439278368369794
0.8953052685031608	0.3408420175950069	0.19731934433975484	0.7835442731158437	0.8186796499597241
0.9988859358794263	0.5208329868439089	0.12879009847872847	0.8828266247372193	0.5059778807118841
0.08554186231492655	0.3105113040136529	0.9220479543746601	0.6338370590582459	0.07606621147438053
0.3981595644159309	0.7220752259429835	0.15883757738104398	0.6257153963820056	0.9621148776149185
0.8102675231678091	0.9481542724894367	0.2865522248784792	0.36542727941036046	0.7273567628393368
0.8256298768286444	0.5215472464203053	0.19027524523708195	0.44767933204731636	0.47538739010194697
0.9181194671961682	0.18979973755836155	0.9833794796280372	0.3866532935428201	0.5826483805062285
0.9047063408292633	0.4079955166883368	0.309367496966514	0.28255039758910183	0.12462935562533017
0.14723866242461092	0.5880498661845827	0.6014640511162133	0.41150135706039237	0.4321566746248816
0.23156900615703913	0.010774432040931092	0.930939710245232	0.17763274092673198	0.48310007646576725
0.9930243257259571	0.2078497731609371	0.6240399545549096	0.8633488635555673	0.8062571721790389
0.6573496551070553	0.31537110154705195	0.6803363445595844	0.5640281981183672	0.5784226378072945
0.8134116752319711	0.25356241161588344	0.6158081700597857	0.28059044333340555	0.3828409344169742
0.2685552530035854	0.7566917887986649	0.5468634140243163	0.7870111676564998	0.6922797561433855
0.9054455858102681	0.5394976700108509	0.7074612348099372	0.02049093767210164	0.6497664255303727
0.8135548457524037	0.8302096896999548	0.7019081717427887	0.8274839953124229	0.9071593870068306
0.0979291164570375	0.6653446965104239	0.5902889462195957	0.44657539921057665	0.3181440410591586
	0.4046432033826466	0.3919205667425947	0.17015085270028185	0.829319836032635
0.10919571608158885	0.03074082995515348	0.8487885537825246	0.19630003215502034	0.08314029735334594
0.1032274917987801	0.5362246740165021	0.8128483458099245	0.04909848983540421	0.9134678496241251
0.8718538833576059	0.17094300881534374	0.9079522359686826	0.2807867775240208	0.31964588871313293
0.9348148065760916	0.3939068843427499	0.8515358539885164	0.12645359433162195	0.9561422444873191
0.20169331239265031	0.22256166410134948	0.13977797042599116	0.023737338292885046	0.8032337685919713
0.07082470885869996	0.0496915437411003	0.5242539561113501	0.10388025211307261	0.5361388811673498
0.625487470673188	0.7760491043888179	0.5718900994332504	0.8637587389139502	0.3672409470448199
0.5519860828242898	0.1940809562330491	0.3613518945451498	0.2770127215132111	0.5062124111332202
0.1273060484571994	0.18185461877083808	0.5630239087082213	0.17413428221645955	0.6090986578688019
0.11073425478122412	0.06821708402371285	0.272693959678315	0.9032167067042941	0.7985631565460595
0.6576090840414844	0.13301665598056345	0.22192100561414796	0.08032152620039001	0.3960230206390448
0.8853761960173476	0.22516894072331106	0.4888405377888775	0.05023035264223141	0.20387359293021423
0.1488608511753048	0.9892391583830633	0.1744380742934344	0.02930648655910051	0.32152924556542195
0.506620629482742	0.01352339941955738	0.831680786403844	0.29508008522393714	0.3454947385044428
0.22886723444928148	0.6078528256692822	0.017445727753929607	0.8408987238583748	0.3100190590921369
0.660404287621048	0.8576173683263959	0.6803351350392527	0.7558126704637254	0.514636891127001
0.47643762144955903	0.24331137903552635	0.8974912706059027	0.8342625082727114	0.7816317019489649
0.008101124820867445	0.6256607479499684	0.06445949455659938	0.9338972443345941	0.45099789085100195
