X0	X1	X2	X3	X4
0.3660525974122487	0.02981200586169724	0.18847791580100626	0.6164354630696156	0.22024488657813665
0.04894238481428453	0.29928312661266965	0.0690942189673301	0.1021066351960037	0.06320264567424787
0.15254673723493226	0.06264642182639622	0.15423049387588558	0.055096455452737864	0.23432089340583784
0.43190811300464077	0.3420522489318944	0.3162911656355672	0.26335859392574723	0.037056075385931975
0.5255000387218615	0.017316017177343292	0.6717817647217141	0.515032192400203	0.0005889927166352845
0.3825745916837733	0.20057333607060135	0.2303517715494368	0.44334585503221213	0.9918570749537633
0.19339597165160705	0.08613314336016065	0.08272098451851363	0.04133600961873369	0.01813592378266735
0.0015262188259895918	0.19614505805277643	0.416779695062147	0.09760903222845095	0.8383613966965198
0.039392670916915916	0.023022301208538296	0.27309620791066497	0.974809584603551	1.0
0.22022581709630173	0.13435445376105032	0.15708437821348784	1.0	0.2088362621150877
0.0636685993045706	0.49623611622776365	0.064419354581129	0.19999569622789815	0.9799451511279521
0.24962838474380727	0.04174295360053065	0.001323018350840565	0.05921378913639026	0.3856830502312331
0.4986207437989511	0.3933429848351657	0.9063245049500346	0.09548153525641187	0.27522838466856187
0.1288896229015016	0.30890896625394665	0.5843968495412879	0.0018225837937090065	0.11729453632078829
0.016615965337588814	0.5091932057508372	0.38862935336251925	0.3908510599524295	0.12346996652441508
1.0	0.23752544057333483	0.21861037085718402	0.5479934553823824	0.04892935656422814
0.11326006555131435	0.14443946166083754	0.33719571581835844	0.1453522085892476	0.31734629231599515
0.4618136996362702	0.17106050717856355	0.23778275677588312	0.002601923750135475	0.1084328589092198
	0.3174371496718934	0.712030239737557	0.15396682666833703	0.827728645380859
0.8774897869526733	0.34220822830187925	0.518166493344392	0.25801042470905483	0.09560768976932252
0.11767776298671503	0.022239347345229022	0.22530482769466845	0.6095011843621915	0.3843747020244686
0.09394323425068422	0.09011828047444832	0.12830097666406984	0.5049341980725728	0.2558562886026704
0.24769399047130056	0.14752010148951097	0.015844581720727415	0.048501235611620105	0.5101913566504289
0.05780572681928368	1.0	0.6203440805067134	0.2705945215453915	0.0017042040756378132
0.2930512964500875	0.034620723081740426	0.33459913507066996	1.0	0.08569157587531248
1.0	0.10000788779783415	1.0	0.41532902635247343	0.04044496823063335
0.4547274299955702	0.08724094451843166	0.05897022856615139	0.4799181510072977	0.14567002910001461
0.3402483450291189	0.16140072290036353	0.2811752755143818	0.22876334094122522	0.033195770198876644
0.4826961012808574	0.485516656671025	0.7727815632325394	0.20218310587730676	0.09408575488415404
0.35290627796846996	0.029141753387434934	0.11563863628039273	0.3293051386039808	0.1068232460094808
0.1945518611704621	0.5661205937803321	0.010804036716333894	0.7279639709670492	0.07098965754954616
0.0031144628433296814	0.04788900542087881	0.17773764385102797	0.014365242689461119	0.2809121933598555
	0.5386362795303795	0.16216314110211535	0.47070791903122355	0.5739356880614628
0.0005740569884948459	0.15624843715156908	0.037119883206127885	0.6618027037379614	0.12155190571091617
0.47148202084062146	0.14129603128380713	0.21482356764243518	0.2733458555258901	0.2900555547632212
0.27288094881807534	0.2640203383226835	0.0109422899576744	0.14971234666534686	0.11464934812276967
0.20655146843276354	0.01730727990126987	0.5255675310343373	0.5762225827303658	0.005123253989053184
0.11278783010702315	0.43013685493604575	0.7807251756753394	0.1465675446809986	0.3558885559324385
0.18982241063109143	1.0	0.12726345564186026	0.4077481807858811	0.1627605471372737
0.8455087134090504	0.014254747599806643	0.09334760628209364	0.15256140854428016	0.14341728771856296
0.0636147981331184	0.03438025651967334	0.039759655606934695	0.158519367698692	0.016857974161099208
0.286198041260106	0.034788808933084114	0.1920264558984248	0.3787067599533703	0.31251907671386575
0.3936853296716008	0.032602792553409365	0.043636895268185795	0.11147827428964074	0.14658902173377733
0.0993552199002286	0.5313633269450625	0.31119306519475504	0.02213425803803347	0.16249161763762077
0.2443226363540197	0.06989161312267354	0.22718172288626057	0.2162529347273859	0.36011676574062684
0.34149047257543275	0.2037091870402734	0.40178355308463604	0.38809883036459586	0.017183916260630372
0.14662717281453672	0.04090123131990341	0.4871160258395884	0.3772432062263545	0.274482629270206
0.2573515738548549	0.009003020709309018	0.10309228194043919	0.18741507062987192	0.4064025850705515
0.36041045380275355	0.1603754488669076	0.45091391059880037	0.11334583890764378	0.1052007791413905
0.2453188921015212	0.0834087663985132	0.4689863738600703	0.36524001185773197	0.5332807913913711
0.023597555784357422	0.4027473823377858	0.3114237687142157	0.39175563288986476	0.364711161796325
0.016992595736949737	0.09616072289877947	0.00275315008043478	0.5438013199176814	0.27512710321592343
	0.6771805422272436	0.032293626438758376	0.1155665035828179	0.062178963775094444
0.8609370785354601	0.5472792755120768	0.1371852051287457	0.16608449703558945	0.02401252869705708
0.1621789278620986	0.40164964302729217	0.4464989281411179	0.43464113756757367	0.39101105844479217
0.05896480806551576	0.47323197918598453	1.0	0.2111791049485751	0.08542966267705371
0.4579651103310475	1.0	0.5626622741284201	0.16930187260623175	0.25900321981454977
0.05592141321924871	0.023433422698032596	1.0	0.627394795096205	0.044638034840138605
0.03294209199721195	0.20072104602814125	0.44607558319383905	0.46186424857624103	0.1289816357225032
0.021711294383694447	0.039831616381986325	0.471917297068501	0.1510337301336824	0.6679931772087324
0.2604999188736999	0.8602436274563694	0.7088496075608989	0.34063859688184206	0.04296875182833671
0.02276077584865948	0.2344111146716677	0.018948688710385405	0.00799517228257816	0.4904378853638997
0.4129886035514723	0.9799087377864321	0.15963455006435195	0.4317721293704298	0.07267050162451637
0.03579467757042144	0.8887883513270928	0.27369002363608563	0.33354929270370876	0.5375649379307068
0.21867444195258165	0.35987867609494556	0.6994083201466229	0.014408419230239484	0.375194377240526
1.0	0.29911149045075525	0.4084583826208103	0.8393912187875299	0.11564270404294122
0.2509760943838573	0.3615321022051889	0.20828210768186578	0.5776335449989819	0.3159669102693882
0.2505552891142801	0.7615581834759306	0.8012034178783399	0.41467935613225115	0.011246429377256681
0.15846999119408126	0.3367106597399286	0.18716711689322044	0.06137675154104233	0.9444426147233522
0.7079659952178985	0.008041728034071641	0.23166356868767435	0.5744439343450031	0.5602904532147038
0.8336934112780777	0.20556486781005182	0.43517575945503434	0.37235058606958327	0.030836056739470607
0.12310031353756644	0.4243592533937814	0.06098321636778986	0.15673957106247968	0.09119070001026015
0.17170752411751083	0.3636344870815158	0.05583918127415927	0.13366074142710976	0.2950138270429524
0.28017609140019567	0.05528270635377685	0.05261998149688302	0.09082841873219233	0.3102954934260697
0.12237257159729706	0.015655802191658984	1.0	0.19308456088155831	0.4725396406885285
0.14662799141396354	0.4807993878560135	0.10001277424789562	0.0015017763163849192	0.3926905522952808
0.19518398078006682	0.1045588723988263	0.16469310644682525	0.09437334978361057	0.20658110972959914
0.1828518819999608	0.04221636092351278	0.3818962298380799	1.0	0.05026124853507418
0.5290034509423486	0.5158328583711841	0.14469053820739386	0.05131466812723613	0.0689870986131716
0.1960269723016797	0.9331758938013243	0.11982377071972557	0.06645611276697788	0.9097788016587831
0.054333820743812725	0.10049681609635513	0.15748281263261082	0.10604220097102983	0.9002184899000449
0.22964785401416576	0.32875161027252525	1.0	0.05650333904284322	0.10560766986033167
0.1456234994241131	0.1033014740326405	0.06723938285418316	0.055462770063858656	0.24464690604613187
0.7899502786719714	0.2965177632423193	0.04799568339370478	0.10652400481940257	0.3008634273183443
0.09908012306799972	0.020294896216990235	0.12652714938378223	0.9672716347701328	0.022667333004678106
0.10046672541456253	0.20532291578971307	0.7283122734723791	0.6283964229963868	0.22521527266277586
0.1455285064884195	0.2181448773162893	0.2572370719960051	0.38625715062201493	0.23117334002821202
0.0652146498302539	0.28743728495440934	0.009906339848780253	0.14837894387522368	0.39918135916866065
0.00606206703121903	0.14391834417409038	0.47432707189533063	1.0	0.3230675185182076
0.1695686456048013	0.25816044734391863	0.2670849703885266	0.2856205631015948	0.9082044019383139
1.0	0.535357554243866	0.2773845460847857	0.3703885659871971	0.11891536748655426
0.0798906285271505	0.29131997516472746	0.7332433857921774	1.0	0.0483994893120952
0.25117073863719797	0.04157586691852026	0.11906368558326462	0.1112738544244251	0.22316153672304034
0.1789479266258084	0.4688631011855016	0.14719478626726337	0.02783658481405493	0.621391216238756
0.08318572039838225	0.40582800983435624	0.18934679193818196	0.13589628508960527	0.3439108701689831
0.25875143434927955	0.8646956074786137	0.3809057920955082	1.0	0.08307143462459987
0.08632724136253488	0.3211173242796576	0.4785655143716114	0.20579663186227548	0.050204081202813465
0.6042866226627107	0.3384895103720433	0.04681763147598016	0.13828348496837464	0.07821552985800215
0.06996372281195178	0.6505341648656374	0.3769497003720763	0.2764461973382174	0.16669635975348215
0.43451497568417013	0.07924461241190882	0.018518249932010983	0.08460646242010396	0.012815976766227222
0.4630808156804167	0.0504668147838096	1.0	0.22160373064837213	0.014458583683250462
0.05715073790435894	0.01499576723758494	0.16223438956008446	0.1597666558703776	0.7952119467523784
0.07890026592115683	0.06204817114369843	0.2752208937379173	0.9734816923934095	0.30307631512729233
0.34484839959742636	0.3977599322306346	0.12162361963540949	0.14545570519209744	0.39015059656575274
0.4007527480965276	0.28207145953391805	0.07798325289818737	0.46928750189835505	0.728894119462869
0.43857039154949895	0.34217184310507437	0.06915735150438343	0.2911992062849546	0.4395783534804537
0.8066450749959643	0.12466868679134419	0.16263895286765157	0.18122215174197773	0.6801528515490155
0.059477247904217476	0.21796826142634182	0.6234693683562355	0.09128313242092337	0.43471771566615797
0.8805921645100089	0.222892491390124	0.27335315271703814	0.4260436275410423	0.06301317280771936
0.09723184144275461	0.2110617478306296	0.18620973053351375	0.21752316567581678	0.06230824219830461
0.36259703692949946	0.5309853633583443	0.04478992056495988	0.08338222313692358	0.40307491624618486
0.32297284540133286	0.14519163533702537	0.042390120526807094	0.15820208480929684	0.23820085381423933
0.08121873573617706	0.1934644309642291	0.32927417322396824	0.9578689926530131	0.12227588074066104
0.17592044273092136	0.19891735531648538	0.08090024330297464	0.1946953929162726	0.19229162510528364
0.1573932165650676	0.12661329958197526	0.11274604360203405	0.7873333234916632	0.0014381306115768709
0.20950374546955944	0.49234366052003115	0.22059300047911598	0.04267691169453253	0.2693439119512057
0.23269373728062748	0.12122977999923606	0.15663443702935095	0.30166816194407103	0.11173001202363651
0.2287082259377292	0.1284248963445253	0.2687343299167036	0.00218555505871561	0.2705467163313638
0.05201076081838789	0.06514002643047276	0.5753119917270494	0.17681377977976562	0.6013411211352373
0.2689959048860617	0.18817650749030657	0.21643236649766373	0.39475684651953574	0.04770103541021306
1.0	0.15416309573157858	0.006127561752787334	0.13672257823565534	0.36837430375665564
1.0	0.1224934954092947	0.05724190607622009	0.04350635705515904	0.021377774004101447
0.5234313080868346	0.04113986947963679	0.2211254557491543	0.22919083570302148	0.1670420712658284
0.04816884611940208	1.0	0.2211470805421154	0.05649662461089855	0.24190700176955326
1.0	0.5137132088954912	0.6609361841057577	0.019645125644052193	0.0518859484681104
0.05793141122920453	0.35142635928424637	0.18047250943708523	0.08912892602303955	0.13368573554749946
0.3268958214419995	0.08411695475711159	0.11821466750932019	0.08927613650777208	0.06645913299528393
0.11162142102115619	0.031401922626615224	0.33827047899503915	0.06403045011818362	0.15646200522434828
0.11013164794366874	0.31043567572513364	1.0	0.26753462467590744	0.1473849029538943
0.20163579174237747	0.15018266234103417	0.05860685834334812	0.48388061807598276	0.3861704305309718
0.30989262865617334	0.22180519996705636	0.004868888240835997	0.18557288552324183	0.02278652105528008
0.1932138967318575	0.07595423690772973	0.2777778119379715	0.32079596522289733	0.34467354156215596
0.014108413464072926	0.017496669115922934	0.12845006673118395	0.29429694872146434	0.3871595732652063
0.9450690086799154	0.0976030219265404	0.07890241508804947	0.14678283679951007	0.21557835529250996
0.11384309782522237	0.4825301498973194	0.1337010900983183	0.07647483006435522	0.0366205637230037
0.04611318052918298	0.05070227782492121	0.15218644853974214	1.0	0.008107703007070683
0.5404298882717287	0.1277474739827518	0.0066235070854018365	0.050670238021800915	0.07532683979840836
0.001952464409547043	0.5082933182562589	0.423521455641782	0.006873780891261746	0.1905014745334754
0.4101770400631458	0.19819227118678115	0.5293392585679242	0.0862159798391552	0.3864851194439715
0.14456430998861147	1.0	0.428776342866159	0.1616500946126816	0.3556310234259484
0.06494862614622564	0.2075426513039713	0.5231742582257167	0.048899127731913246	0.1608204226880858
0.1762285582193331	0.08923032080044026	0.8266259249354952	1.0	0.05021181646562388
0.018820383395635586	0.6054156505133089	0.08211138825074839	0.16614949386323843	0.5987156416632616
0.8233955179349355	0.2633727013251675	0.3446093559034996	0.3901274576666388	0.3398669406025417
0.25982469821651943	0.35159089096031887	0.18726653654103692	0.34622952972363896	0.2193519733533915
0.7433228623838709	0.0002742835385531673	0.427785703451168	0.17928604773561024	0.06540720938534939
0.1637303430727043	0.17363834422989263	0.7400991569965574	0.3478156526574225	0.06747784926595378
0.3869757573684002	0.09535049920962066	0.12003147919247815	0.4126530938639043	0.47389609523825205
0.0515238859371832	0.9308066540606216	0.025765264793737124	0.06647205873032762	0.8197421531415942
0.8341822409413938	0.07999849791587303	0.16155345821001504	0.15501772046783485	0.04491968685824708
0.086772395561358	0.13656303880930037	0.11053689323399842	0.2097639997004411	1.0
0.5312245140924707	0.07782056047479882	0.1717974902378695	0.9587646850923296	0.9571207386193503
0.13361417706798703	1.0	0.3673421283199987	0.1149276817878604	0.5014685006948654
0.00847069773433348	0.5408119499875964	0.6371436815189372	0.5182562379081221	0.13367865568668344
	0.048985436819264545	0.5632097072347635	0.005762737194268353	0.2890342169338254
0.33211701430686325	0.15569179360589355	0.26816323012455123	1.0	0.023977448506044254
0.1876443996513718	0.07802800907935363	0.023686028077338456	0.4098681797045191	0.06728402505063602
1.0	0.0035255218620283382	0.6008567820289973	0.17839789330419545	0.47610055594432543
0.036155146897087875	0.2933844484183229	0.19612468381636403	0.2763434162962739	0.4220634353088903
0.1346294960767499	0.6314577391788327	0.8242483407769128	0.012534244012251823	0.0714912255622889
0.5512630831041329	0.2173227288986828	0.004101996006302689	0.026199109340599658	0.2540830436924944
1.0	1.0	0.28409300326557735	0.4023578402775528	0.2557360939249026
0.5180667787838165	0.1709162026401183	0.03228294690824449	0.0608440350763244	0.11465927796882555
0.30407265338260103	0.03418302552488583	0.16975532793017115	0.18260902185368535	1.0
0.1928589085039748	0.026317232823955386	0.7426457255895212	0.5177295009400567	0.0992113541314882
0.20094559579285226	0.1062882251824956	0.5991804277672946	0.15216169928929763	0.2791276845524818
0.43468283907507493	0.10773105246597407	0.2658059363508215	0.13064574416368008	1.0
0.3366762709000723	0.3365802737618203	0.27516357617142756	0.30934316037031434	0.16953244319196015
0.35251345643752313	0.30627385546226016	1.0	0.1795099175152896	0.5457479361376454
0.26870048651881023	0.3549744338291411	1.0	0.21149453892848488	0.0942414856573936
0.23194330223870047	0.23383176054152194	0.002370982897338695	0.11590084328778963	0.5354862803241658
0.13205727401499762	0.8395520806639084	0.11988973322022417	0.24150537616206827	0.029833806449152733
0.1796278284836838	0.2506908370448775	0.4466400874335352	1.0	0.5858374224362987
0.20713911354265696	1.0	0.04745665843985739	0.3599611479893193	0.10576749721091694
0.24759254262938835	0.03993416760757649	0.1827278822144613	0.4454605073649534	0.38572115793863077
0.7181668561081725	0.17661653637069388	0.17927479282835873	0.12383991498401517	0.020592222131878366
0.23502714507321024	0.23891548353487632	0.045467594352496254	0.39811301007673044	0.18826170130853412
0.7119987134922362	0.13086361343263003	0.12997806874748655	0.07759517289051883	0.9385928040248298
0.004293258930040715	0.06202740429556923	0.033118156557421514	0.22326314496403757	0.019760479853497687
0.5727645487265712	0.3073676550044902	0.7196822716282829	0.020553393486228116	0.03403495168380695
0.2109978788705858	0.04724709086062945	0.003906942534046149	0.5104045342922496	0.10068753617656642
0.138942957679791	0.09971021281346462	0.48691918872402884	0.557939041027888	0.025020108885158057
0.7893438792844584	0.07193462141411235	0.5459155371063681	0.06393179242482437	0.5817969676336604
0.9161503131196024	0.4624835396036608	0.13109009930933754	0.30953535361759943	0.2081402243397061
0.21563995517380521	0.29173501046277583	1.0	0.624953995146892	0.6872245667437339
0.7104710381405684	0.0021523318274506427	0.05648760222529818	0.004381509490316183	1.0
0.8081317395055982	0.4040613304096918	0.2847429217261692	0.9025039498094078	0.21051171979496489
0.7471251036583725	0.5686175457279878	0.5844099341930422	0.007063111928074508	0.09735427019429886
0.6727396024170914	0.32612625686621205	0.021742428447361437	0.02028712500422732	0.3192934365639602
0.7057003641372627	0.12184566961604874	0.1648342012697561	0.918930469013091	0.80707854648853
0.4281644020644255	0.0020861155511097264	1.0	0.30927609710929965	0.6548094140165289
0.036500807434972145	0.33328427565965985	0.11476297079068071	0.47795642169174424	0.8968482102566128
0.826058786575041	0.11302939263809143	0.36621773749877773	0.036857510434061456	0.24115392254941995
0.4603566537562135	0.12585350337873005	0.1092836941989287	0.318653302407542	0.2277418080151243
0.3496658808770275	0.19483297963598506	0.10391946792093644	0.18975647861649916	0.21470820993797798
0.4122106715320654	0.6137273407316091	0.1856109037976709	0.07806465815926296	0.21828469889165658
0.09057006211510946	0.7195963879930598	0.05063026026138394	0.20075897124956757	0.14209987466754043
0.6795932094873571	0.17685059555666718	0.002409293489773144	0.1112226006972394	0.06770031226424555
0.008979532358211693	0.049364233622501405	0.07075116744400232	0.5623985916026326	0.43377511186905066
0.796607098847521	0.07031096179385035	0.09647340381765641	0.845007725883526	0.0011945144906416007
0.10518425742172148	0.3127475015003264	0.15802639953848074	0.2375702449832684	0.04467568122189295
	0.128870634063976	0.8185034334315736	0.5787886417291277	0.021696949533646637
0.020646197017441366	0.042164241129239756	0.5223222465370653	1.0	0.15850811276735802
0.16097684644755994	0.11859550968519621	0.11047671880367742	0.012919987832092542	0.1911155230642958
0.22975262666438903	0.3938563624775472	0.18913351222901298	0.09117844977043138	0.04514108323002643
0.558315737469542	0.15041404288057095	1.0	0.8067502347408791	0.5349929450215178
0.3364509750104996	0.4001291939262547	0.43183218485808844	0.920637747113244	0.17056611127332238
0.10538939295725441	0.3668819960508407	0.13670089406849004	0.01739734821408746	0.08719572402828321
0.04304269809730842	0.10774875095114077	0.0533956618293368	0.3874751644011594	0.048556664096129
0.6384323090189821	0.16287117601077297	0.033672453128102776	0.1383445292370946	0.27357331303202154
0.016432073979879735	0.8080931999642428	0.27770018274666874	0.24540056214782	0.038806322106104664
0.23589209353109808	0.5250525382389397	0.8223183098714207	0.05479982041168134	0.4132389914624529
0.2381722530153611	0.5002536825646704	0.07334769992921983	0.15197846566732706	0.22204584080249445
0.4351696342540441	0.13073452339160357	0.3134153505688188	0.020152716270949698	0.10474565147420595
0.1845864195713813	0.36866329867417785	0.40315275716846216	0.5086030847589157	0.07020463406510445
0.1323001452218018	0.031021425409205664	0.13116522874330283	0.3422796499780454	0.28741240249386263
0.037258572027068136	0.029900098792860874	0.09223203294001645	0.13980557618799722	0.37056956278910724
0.19160787440359692	0.3013058123326679	0.07858299246221105	0.6348723159846225	0.30732456526444574
0.11857662045926538	0.22265725149468268	0.2570389732957026	0.03634569675919826	0.2939119762486793
0.22729593020300998	0.21261352749059267	0.0802948845954099	0.32853579846903974	0.5227035198307212
0.9409989256188996	0.12600247608604223	0.4076641474519433	0.20161612213501912	0.22720321371156474
0.29359727540673947	0.06955794272180613	0.13291900745436722	0.25395787030641787	0.09053994203164312
0.4613235112632896	0.13152024690846958	1.0	0.09971309440683525	1.0
0.17329145750766176	0.3983085177371098	1.0	0.11991094995049541	0.3907448038244931
0.8631248602118201	0.04040474734846057	0.17902564013885275	0.26379058033890523	0.22495307330249828
0.10443229650976128	0.7184111294700241	0.12396734379206026	0.06518900770601219	0.01927400764016213
0.2028941634309757	0.0077073837808133636	0.06922331425298611	0.01259455770572826	0.3566216973756075
0.15786876264953847	0.5079321214517883	0.1621563048888059	0.05110645934890682	0.004179030477141783
0.15723486018714547	0.19328788250991594	0.6677215379569397	0.2868089900474542	0.16825071745319384
0.6185937861571711	0.05742326895452513	0.10569692176926614	0.4922098395932548	0.6487735587306844
0.22711145582979553	0.35593640022967693	0.16431258828226256	0.20187302757183295	0.31107017724842256
0.02758254358384269	0.21115817951012097	0.34386434812885924	0.299649788116291	0.8170694880785025
0.22710528398095742	0.32844006846557844	0.5771754749316985	0.6238997482822966	0.0438727123025596
0.1736284681358495	0.7141922412936086	0.09853335027682941	0.11341976985469558	0.3381463285453979
0.012692241341461586	0.19405658476017015	0.14909082682906555	0.20037635115800254	0.23151636011217192
0.09928921958593495	0.3566888692251791	0.030922600799647187	0.03642723707315504	0.27375032141496397
0.030666192219454384	0.34852291602914787	0.32334807249710923	0.026190463432726574	0.46843816060809007
0.4167975587988523	0.12537417811266965	0.04531214795368466	0.011407661231026262	0.10101614626682222
0.7785235325085044	0.21787159270980336	0.2936523140627682	0.0361528140763909	0.07812256962829277
0.04987425745509391	0.29280983449847175	1.0	0.17264610803986397	0.7206751009609209
0.45648545600041174	0.07642981595349468	0.1693394203187237	0.06784524521777745	0.0003127454878432679
0.7279355081247292	0.6075149393183422	0.5114923258504394	0.04470672733693245	0.05303358659740742
0.1477617848329931	0.9401073727091211	0.32741237888276126	0.14635538783267288	0.12419797386802091
0.6517953770610899	0.03599693419118809	0.15187182622475096	1.0	0.732635009284309
0.03960199295885119	0.3926154046140854	0.3753793915555693	0.026762502413409377	0.7396695573596946
0.08932326674589215	0.8654188741562233	0.3424499213347864	0.4086909151830199	0.11500496081675787
0.015540762328582522	0.04548494792934855	0.23122109040369349	0.13313775163027228	0.01860286561836789
0.3172678236340036	0.1894435147602721	0.777642548119423	0.17285002892026355	0.08206185390998212
0.0093505401639795	0.03336536675327211	0.05720358017541684	0.21820416849048696	0.167761466580126
0.700130820730147	0.8282360586775103	0.08212742826466292	0.17990174271264486	0.18292638817815168
0.36353032472388863	0.5476698947646177	0.05049050776439711	0.09208528557996251	0.35446132553030485
0.5547057695704422	0.47129408830479036	0.28217491474389483	0.4180181769858666	0.20370198153346825
0.496135044586016	0.2526669230701821	0.27782127177515686	0.05133963914202911	0.28435970519276477
0.5641036989513444	0.5480376160609243	0.057029683347348335	0.6090463214281646	0.4260194021847229
0.07720950365431904	0.3015502630978301	0.08869110723786824	0.49403198453027686	0.11580380445199905
0.5849823960359992	0.1422387895388295	0.011704528971476698	0.09010571076427258	0.07404585219278435
0.42952510991786824	0.06834668796040867	0.24521254123832237	0.05602755998675869	0.4211810033627034
0.3600886309823318	0.00885115384499156	0.3276482342596327	0.09799244082267337	0.06382986129631661
0.19361317198704578	0.34173000820601773	0.3811945130326139	0.09123839977894298	0.020188600131632775
0.27932717863087203	0.19157069871390184	0.4064952589203461	0.32283626866323956	0.38127702676969427
0.18217576620984	0.657301559773907	0.09708800642279984	0.2686181632943649	0.1453177991755276
0.0022722363865615275	1.0	0.016431932744921166	0.22181202116322737	0.457270538182316
0.49373974040060087	0.15171269834614173	0.3086416351426114	0.5351240743745548	1.0
0.025388724372015642	0.34081052320480015	0.10649732627119841	0.1866882085134061	0.11215932400202752
0.2926402378525813	0.5697815045053789	0.025179999960720748	0.312954804549708	0.3118244716685016
0.2792067020480088	0.11217061805762975	0.1597737032817978	0.1404363389607269	0.825638654262213
0.03290509978014493	0.40529800639010966	0.8307345201648287	0.2527314482675535	0.9062778922936916
0.016317980288584673	0.06789023614285838	0.890424911093982	0.24556735303983102	0.06277504754160933
0.1705473669795309	0.010158787268347586	0.28695302649085863	0.10359437418807162	0.4405844874170494
0.06503084930306204	1.0	0.8511853620238444	0.2212900385429766	0.2672011065571667
0.1258630780389079	0.23222053926104474	0.7376803163110408	0.7302955999716673	0.2939676555989021
0.039465504862603425	0.5093422371801244	0.33217178597776836	0.2567377880041591	0.09097373808747712
0.9831991307527009	0.2696206182602176	0.2057405135283005	0.41749488686853387	1.0
0.17747481623712344	0.36946436409302374	0.4342786414259135	0.015133439785922236	0.19667195015640956
0.2866983210324582	0.6095968922558398	0.4463202601391353	0.0764371850770154	0.01498290282984014
0.4944914617116286	0.04171681668131698	0.1827614971232626	0.31653781546696874	0.004824368058187833
0.5064587594923793	0.12079692105352575	0.17739946716825625	0.12173943424995862	0.20995110867004096
0.2126290501492877	0.43529058453482133	0.09863186202772016	0.11714096506543334	0.034947255402127515
0.3009804668128369	0.10840854881135953	0.05217147989879435	0.05948439324388259	0.15867179810702955
0.41473094804222566	0.19585678999730619	0.9200556173073643	0.18220051840341012	0.192011343757757
0.060994076436871436	1.0	0.05438894085476729	0.1907973747120925	0.2538532258950546
0.2619037783654756	0.23221644783062978	0.11056651024816087	0.13046795730905542	0.1430568534874825
0.21283892619543343	0.3325491314444287	0.3698015200228906	0.26549640901460275	0.4426147147988995
0.17750055002568352	0.4837400587930293	0.018189449909934326	0.1480188696519832	0.4042271950775624
0.30831840295492763	0.011619430355562076	0.31732161726059205	0.06964954596836628	0.5337037501675099
0.2657629012794299	0.07735514075582911	0.11171852356253141	0.10439236866472573	0.5642345030939256
0.18890919784736862	0.1600703641876268	0.01756007110629667	0.2923978185227981	0.03469061802836876
0.028787937507101125	0.05001129032104467	0.21560975544042396	0.17668094529163575	0.4701612399014961
0.2853301971594089	0.06479615553696381	0.2504136933400855	0.18041195438450697	0.0026687721393040204
1.0	0.2394993256956589	0.06357341431317068	0.4424464454669224	0.12460817765540003
0.6157261863541761	0.2932958113371025	0.0978874267983053	0.14866648627723497	0.26550444847828275
0.058885765286411054	0.03477036979737562	0.0014270055478832675	0.1288845689382696	0.42463294304980076
0.02979267994975754	0.37647051525592	0.27657969141433747	0.023288060808630825	0.1196832774439128
0.1922022654037693	0.6025783642273895	0.04073872650487981	0.4045161249925008	0.027749287112182473
0.11257090662689645	0.7346909862750366	0.5498455553896713	0.32859882462667583	0.05926116657030585
0.08025680285869803	0.258886610130925	0.31083705307035253	0.11720291445939611	0.18046712351810212
0.5361164313475683	0.21198211701865396	0.11658407788186441	0.21909896113896768	0.029330914171203183
0.22396700108083875	0.15984091677639112	0.16051956301135098	0.03499315472227903	0.5988607715120879
0.6630050589612598	0.03297810916701338	0.5360961836550324	0.05461519622161299	0.01588776973696354
0.09859020100344741	0.40236233280235806	0.33578176027708057	0.06149404160511629	0.11465248096316027
0.07914186590464521	0.2346304281679362	0.5440689381678778	0.012186378875257422	0.39867683581701674
0.07280388808854805	1.0	0.2514095780324542	0.24549631129390806	0.1578702087431366
0.17987653199267145	0.2741942147815586	0.003387886573823855	0.06572410834816435	0.43158868712845705
0.2640374118443912	0.06544736734980736	0.0031819293850806857	0.11326283920772773	0.1682044731286554
0.08999638418807832	0.37846891134571214	0.033487192749266155	0.7032647650383728	0.574764492596741
0.32322793611518186	0.18704587498335462	0.1677384431524012	0.29409474615440667	0.2213720343242442
0.36385102323720725	0.0005606779806290029	0.03310518786183806	0.08465201084899607	0.3021663855441707
0.5624964760236579	0.13115041610999625	0.0631931511660954	0.025299885718746445	0.42902912021082507
0.06022862614540924	0.4205965689671465	0.09800399049844243	0.003068248422019561	0.9390062085371836
0.4041310968301604	0.07248235833137642	0.10285926129654134	0.08875079167433218	0.6848149398864465
0.6271479475768311	0.19216780520342985	0.0534962538972641	0.4508891260995334	0.11771099168085933
1.0	0.05458139488527868	0.2601072732012342	0.44719524681593137	0.05621725331461398
0.1809330145013858	0.5062756285232448	0.3666040413538052	0.14499255411013023	0.3827536189228557
0.3029439057539478	0.006963784669522223	0.169129090408256	0.2055096494894191	0.05194681842427026
	0.8108077118262816	0.35791076073666245	0.0673414582545181	0.9789564396723822
0.4957614574808549	0.2614141473840514	0.36156641510214854	1.0	0.2471865349984238
0.10173417779569262	0.3660161650905664	0.316748380975024	0.34597107382400333	0.6369651538249836
0.3520605155232916	0.9295184164867465	0.4873082233933384	0.21886834477756612	0.24232692461252667
0.4946696461258532	0.26908069876306917	0.20815286552941537	0.14454481063700367	0.07505227613233834
0.1541065701057492	0.20024638456583985	0.027323006118880527	0.4144702602993255	0.2533658431516701
0.8472723732171135	0.20014312544719362	0.13661684337747879	0.23373004518436155	0.0668334731948782
0.16335475227943946	0.048020511258502326	1.0	0.08951615098726691	0.3195394621179423
0.1402140081508664	0.03318758471994207	0.3075915723509502	0.03189337987332225	0.383777826645913
0.005453157069243038	0.39997859578547107	0.7634140460972888	0.0914505972613643	0.23670824402904772
0.6758553908210413	0.20314113766588746	0.23002201516447612	0.10465445824478975	0.4520984405918343
0.19199641953583527	0.17021557802748108	1.0	0.43910735202505097	0.508357480154189
0.29361087162637356	0.15906365210457976	0.14017760659202302	0.7513295157069976	0.6869460916095259
0.052599896844373085	0.361837736451691	0.22354573346055012	0.2137579634579625	0.06366896777614371
0.07500165997708978	0.07513154007061555	0.7207855882380267	0.002595531435164718	0.11429903591834764
0.20259512977307545	0.0005675720614588895	1.0	0.12552965269072353	0.03801250341750888
1.0	0.6931299770467817	0.07496660328371359	0.0026960352822992767	0.4558114977576175
0.5635762120419758	0.14873413011325426	0.09798088667235236	0.14089927161726365	0.010918902591330066
0.20237698095016798	0.33765332728307584	0.5220757237403115	0.07679053882381723	0.14605407867924664
0.3453797913747753	0.4227788318466222	0.24116337511821473	0.6767521009501083	0.20194934546131008
0.05236925732523207	0.02359775426459291	0.12948385147014765	0.07242259221230758	0.6335491371496499
0.7416991230827362	0.15968638544630404	0.12763644437071606	0.688717668801129	0.42696979508330546
0.4225017652289079	0.7509102962546934	0.9853657091417866	0.08238646458647761	0.05192457693991421
0.15418451925693724	0.08488969352108298	0.12354919368065095	0.48755968558742313	0.8178514763611168
0.08638584182827506	0.36685020821675524	0.023043409535906403	0.12706823337668047	0.8970295869465066
0.40940074378573427	0.018067494517085187	0.4903870207521708	0.7267082800484813	0.12998418011643278
0.4066786499572416	0.1992192561582192	0.17177179680902346	0.1907330518389028	0.14604621244556573
0.3345763988321608	0.16873874934626662	0.2676617935549808	0.21811557725704714	0.16091598485427153
0.6291773175799945	0.7584808158411541	0.6388426240539279	0.0988861212953928	0.956601645297
0.4412966082529206	0.10411430524596402	0.10577967219513948	0.7149482367105474	0.09071495969457612
0.21802384955109647	0.3236469893289435	0.1619619278992067	0.03857872569311119	0.154249045305142
0.05514998788837646	0.13447118093814242	0.1228517318181249	1.0	0.13170887433233036
0.8203091415896615	0.33139185641817587	0.4826391481840392	0.3013179848385926	0.01609201455000801
0.24633433210246633	0.07004085641534007	0.06189656831304584	0.21809131158997538	0.2235279055491743
0.14523787794666146	0.5556008629414463	0.12641465568099208	0.18007029023233018	0.047990883876012816
0.16877995094011614	0.08752361983080145	0.1593086539403436	0.8184770938218312	0.0693455186766202
0.2961420319931245	0.5047055480321337	0.07023115651858627	0.27975588446442806	0.4395140991385902
0.47073764328444373	0.49033876866752923	0.479435107528963	0.20736766479872792	0.06789446274775957
0.13885987052552742	0.4191588481429871	0.10010179775222938	0.20079677478236957	0.049039385694508934
0.20695814674373122	0.20644719706692116	0.3671859330333555	0.5828097272848516	0.1407482836937582
0.43914695759996975	0.6300531428709591	0.4249215158181384	0.14498007706916957	0.3276906491906964
0.28534391229887207	0.0032589960487352807	0.1529716046888591	0.14293430084530756	0.5193650296112153
0.026644200579202554	0.16334001732294182	0.16501281432171203	0.15714915435006882	0.3881910012333289
0.08459481754861081	0.021568061308931446	0.007697343885937716	0.2379083942047715	0.27409754139813186
0.09557616140755483	0.0699895182987287	0.6058557737491472	0.007962760853292892	0.00045321906887694997
0.05255535169802023	0.5546767226195721	0.07867627256025088	0.19338928065705366	0.15035247162024598
0.34204733196062853	0.11059680024531009	0.49525611333298114	0.14744689786108506	0.06038126336722053
0.4428349604972765	0.015747798128633386	0.2155549083093399	0.16924722717625199	0.34355605223319446
0.015395800983267122	0.11372268961518985	0.49871685097959445	0.33803707865046545	0.1365612901961445
1.0	0.5485041875627743	0.025038090806807297	0.12101534833443144	0.1390388890013003
0.3853012199377661	0.10574457923940446	0.12511176097795368	0.0017436848537730138	0.42991629382280705
0.3742439010774238	0.01042027555406834	0.07190863246220366	0.8143653927800015	0.003888860569711712
0.40817190226294675	0.05690779228923572	0.13978531872608319	0.3070529627297325	0.0808277820811484
0.3041623957379386	0.5072184478585952	0.04477050373589915	0.1873904440554868	0.4768386094824306
0.1474711355520625	0.14792964567224773	0.36068759549864887	0.12157044185092603	0.0052155667949281585
0.15565954268818655	0.5555193901626332	0.07387303525294021	0.035088733411989086	0.061120850552358066
0.08607453577223385	0.028832305287839782	0.06418981843370614	0.07717450687387889	0.1835366178985245
0.2634006367350584	1.0	0.06212261199125686	0.4741367828383184	0.749877084918266
1.0	0.4719414344617508	0.2397352002132923	0.21963036793481408	0.25936164148968294
0.4753118730058676	0.2761479295832416	0.15251609190388524	0.07659394953191753	0.7679445469658857
0.32743920495634304	0.027855293018786153	0.14387054151901915	1.0	0.09051455366484806
0.08474647290433134	0.22165171667086883	0.5823096476864016	0.106878157178321	0.02175116865453546
0.03704836243730928	0.7086019361814266	0.16740033107185862	0.03127346349481754	0.04174927939524328
0.07516206592733748	0.22776595938393224	0.2917571593323626	0.15267514616338174	0.0677381631783579
0.4882124485395345	0.17361672953313556	0.3890221180655617	0.01622509912111481	0.28733965572008924
0.5671526477629557	0.025708456715042165	0.24617092615293037	0.11215173043506249	0.10835548686228237
0.562193904340241	0.4190314891479698	0.011960309530361474	0.9714541187557605	0.012142323972415466
0.4666684694546571	0.24391944677339372	0.30263175264127506	0.08608730850449954	0.3254028127031419
0.8058528043938885	0.23926049071329242	1.0	0.010410079218242399	0.06881838408688189
0.06783226922810623	0.07728436216933302	0.21198144720176015	0.6928274740410948	0.05917612002569564
0.1881523814762525	0.038365385945926984	0.10991339306626384	1.0	0.8779580667183914
0.12328408163062887	0.21679708468568956	0.6435750084980384	0.09261815731573916	0.15010719742402204
0.2311387320050062	0.03751242800282958	0.5610111379028299	0.1070325045581448	0.17102493832092378
0.2231196377124958	0.19480362769109952	0.6408214708381029	0.20077254832185493	0.3874536289156246
0.045733521578509774	0.28661894710903946	0.4337179926119556	0.1558881896683349	0.1681367261891242
0.11077009265857558	0.12056768934236911	0.14143942542681098	0.05957918605713923	0.013289855789827906
0.12384233369669685	0.2068135591902854	0.1608602210048951	0.013225434935969444	0.10910744561748022
0.5046223190185907	0.1409430803303998	0.22950891263706416	0.6027845857114312	0.4161602381139694
0.7533473014582028	0.016096043563762957	0.11797022888474792	0.015124472870981495	0.04039137789299837
0.2486822813212275	0.034535219513157585	1.0	0.19435086370445318	0.27438118242543885
0.20089796082638298	0.3684965508812641	0.3160651139389259	0.21660675822067907	0.22432102913470506
0.3428090168254581	0.8087099772997896	0.1778057576035392	0.02171323746046759	0.261784886109852
0.006819437846370495	0.1738041564381376	0.11275867985055268	0.31932046175317375	0.24571966433092285
0.19799811258132663	0.36225202467078216	0.03990063996083197	0.03149664683451564	0.8306982890396549
1.0	0.5370294931525991	0.20978926781147547	0.1774878793323647	0.09437107270071161
0.15970032204262877	0.23280597403433412	0.16525941845413364	0.09594200809115308	0.7750387122358565
0.5882575376067648	0.07018654698902138	0.4814860037748002	0.6243956861279635	0.10296022481048497
0.14081240212686588	0.012488202583188952	0.18502753211435252	0.044969234170127305	0.2988856409679733
0.2634035469581029	0.0005141874135062847	0.347343674816308	0.2869191540562436	0.31785766677992255
0.29408110134530757	0.6127010621026223	0.4250751659725518	0.005395333879678318	0.01723383833004531
0.4851648588458926	0.0008151268535441579	1.0	0.8047899638351811	0.06298180212455126
0.014373240460726081	0.04732215217991106	0.19177047445986006	0.06467546456556143	0.12145806574992075
0.23060356014261554	0.3520973631602869	0.21755718627545212	0.5678760034156882	0.807377074361237
0.5901469519237762	0.39196593274574665	0.0063899907620296684	0.34768949241777086	0.6997860345372132
0.2780525116942511	0.24447803713340988	0.03865905560078119	0.01979492195706414	0.013567154680051197
0.418226284176863	0.45390173999963074	0.11846006680740057	0.5485918671885166	1.0
0.2735767440651455	0.1083824369540335	0.09691591096539337	0.24136873768391265	0.4144078489069793
0.558449339147	0.10829028885238627	0.09882442967693361	0.12318282949269102	0.17845388124320152
0.0035019795432677924	1.0	0.052469745232057614	0.005175815896878024	0.6034084530567584
0.7638047292472535	0.11283042561926664	0.060103972504253846	0.1586388813716425	0.7383656854347697
0.519407367950005	0.10052339498664627	0.0073898470606889	0.243206893750995	0.1909657187766862
0.2657263656698021	0.038271954607839095	0.35230323874939423	0.6166471006904162	0.12702833408060318
0.3298488192431482	0.39178629085381617	1.0	0.1373722949683887	0.42455075974092016
0.024680607096145498	0.17410796781998425	0.13887469820512027	0.46604541855970066	0.2450334344992703
0.27224082284408724	0.0066683817710912535	0.21109754927526064	0.8284563250589638	0.18767404870116394
0.3399921421401319	0.20087854613664882	0.05233014192671671	0.04184602807859891	0.2234650925692703
0.11251608998680449	0.4148956605899097	0.15467518581733372	0.5888461445274352	0.21962854865524212
0.006131677287373084	0.0501965233942371	0.044034135368282906	0.0507664756334017	0.7759447843248679
0.025781481652095015	0.47134765826793557	0.11333642734468145	0.06647273407801328	0.12265823616510554
0.01972881680291173	0.14373568008232132	0.07646472701564118	0.2805431799311539	0.28044153997149873
0.36842877105717686	0.29084506429604573	0.24274957570575562	0.5761676144848424	0.17941290634315482
0.01925280868705472	0.0471605725217449	1.0	0.10736723975467379	0.14150138773374663
0.08638097225401047	0.45165976342275316	1.0	0.6274040235926425	0.06794766643390071
0.04055287796265971	0.8364998193575456	0.07979008975288575	0.0667876878245399	0.0238686782596347
0.4520171150411719	0.17819341197212313	0.2221703288718033	0.07855093586670729	0.23019287687530413
0.9684141585198746	0.38482171899445927	0.14112058167782604	0.25460887751123507	0.1633700949332741
0.14370619324418324	0.3486085652627144	0.5223310195432397	0.21827747804177738	0.4520074577093823
0.05183973355620721	0.14209518934254725	0.5308613454061969	0.10729706501907536	0.19739068011258268
0.26536746397722144	0.017010321193837864	0.9659798691899464	0.3140874336473177	0.27958746129791484
0.05797270492729715	0.2929807352876408	0.012199321614183663	0.18743347042405073	0.0006703612748917609
0.05065219183359683	0.48476813535890884	0.09180682516001731	0.28230905345326973	0.038458349596880506
0.07179673569854528	0.22136466315519604	0.05528286829724186	0.5214852472993707	0.2571969715464523
0.09986395245292792	0.10773071007236658	0.4772051475078307	1.0	0.028954929698968193
0.2749003689864003	0.4587209928207481	0.03977210001444848	0.02795654414300131	0.2539903595523532
0.32725647739047303	1.0	0.01649365219421116	0.2310742413435034	0.8845393461477614
0.23087897135079755	0.21926523010852092	0.0767079170554282	0.12915705724424156	0.10299451618407947
0.709624929669077	0.5313492831639957	0.04184257858673789	0.1860082151114678	0.18220503212003383
0.30927342791425116	1.0	0.15356028434351068	0.8602089447251113	0.18034908995121895
0.073392400785187	0.33323227806328165	0.2889617693391166	0.2873104933417019	0.000700009173535456
0.30739116602988065	0.2701546766505826	0.09141899309511968	0.2559394772326166	1.0
0.9370735339349442	1.0	0.6216202835812549	0.5752204574489737	0.6951996341471476
0.30218711266365966	0.6390745151986466	0.13735334274130398	0.06738121583848612	0.3229834585357044
0.4070270685084371	1.0	0.38790402355292075	0.059808410670080664	0.1243533377156121
0.0005866104172475513	0.07823229037660753	0.5629723293899399	0.02635894267932799	0.07273298611216965
0.3376759454435365	0.6096018585076528	0.1772503815377954	0.8071461332266973	0.035020177010275086
0.6700347662402727	0.08710893442677091	0.38895697943606716	0.17042653896823545	0.6487724315817404
0.16504078318368373	0.3020511814626172	0.1573766434233721	0.08337711275154461	0.0053632099496831245
0.3675549532752365	0.3174831101607864	1.0	0.212224928825316	0.026245920135776885
0.005853822309056353	0.021408605505423145	0.24547091168908042	0.40788632411011255	0.2903799808885858
0.0197521413426131	0.22863812468081995	0.1409581980106186	0.03857086297725509	0.023909065770852996
0.18361330199126133	0.40777559309404676	0.21305855040975397	0.3060850164548358	0.19322244996173912
0.4842295582342479	0.17484345332174675	0.09925657761022488	0.5415779667731864	0.12958956411736566
0.3395843540806188	0.12439230059716522	0.5890667169783746	0.33052559607798704	0.2412879458837957
0.5017058470906283	0.6687426122773651	0.17012013569838058	0.5945977632187749	0.21437936388221196
0.34130615044796775	0.7711058578978426	0.13164304450419279	0.10283350867819656	0.4795240158353982
0.2533273755145749	0.3443873274765668	0.09962557262914977	0.6781611622392794	0.36992042652075907
0.14404835758106893	0.6530976013406488	0.004865072317941355	0.05697564413024053	0.6376384246699761
0.22385966223208484	0.07173512580245978	0.17504257998537356	0.1960380988410166	0.4696403987629355
0.4431901637652674	0.5899199146475882	1.0	0.00875569335312652	0.025699475403639944
0.09861468780438708	0.30939182575236784	0.2253855139651884	0.35890660702490257	0.3217388100041
0.0745873970591797	0.22747849132755932	1.0	0.2310815558377825	0.3046042081702313
0.06485392477646282	0.9153273361726035	0.4891810498082427	0.7801500437277993	0.03940228909031683
0.0009208255956561161	0.028148870412768937	0.04526600080660762	0.04438693717227749	0.18611994097763582
0.5255025426199978	0.3268524995344179	0.15524411593488363	0.19134740800466407	0.07414333758695826
0.10586551827978255	0.7945547972100162	0.2858530142243155	0.3544681986128047	0.024153065854082795
0.039351555998262656	0.0033017578037661884	0.020453640216520613	0.31831006091695146	0.6030975610110058
0.20905277774639228	0.007697718292788653	0.05878242606665442	0.008951274193604046	0.9767376090823985
0.09809749892806942	0.06861622080934487	0.578933004878229	0.3279821493665825	0.22634715105814213
0.009620955757307365	0.18444078730309416	0.11026691628709578	0.510947642451717	0.14200892379198926
0.44006506448047433	0.2026840766499953	0.15544292303749568	0.8131648841186895	0.2361916969773381
0.25425410363450673	0.6914417147690998	0.04732927905628429	0.04536219340434692	0.6045980699545555
0.2942267098979112	0.20243435084511838	0.09654167413705018	0.4724071611250703	1.0
1.0	0.1189790340364481	0.03628863689461455	0.16754269764352578	0.9095935231216165
0.061037300879555695	0.055369616105928034	0.27296182042136147	0.3431619411060105	0.07842478973078999
0.5149849415213167	0.18246329192132102	0.011059318991203384	1.0	0.6395388663999322
0.08361011395687153	0.346246504146325	0.03334186400365858	0.30379915733081087	0.03636684769418775
0.43625292526680076	0.17404407524894006	0.1883569601624267	1.0	0.39566128537060735
0.07896379205417052	0.6301256915082488	0.7517383606342569	0.18666208732480138	0.1550748580143055
0.1266485620068732	0.03225966996913206	0.016953714108643537	0.6527312145429198	0.0943581700640827
0.2405187342599692	0.02838017589497138	0.11764707784057789	0.006609976798333754	0.36352864159737114
0.08922447912323313	0.1541507739907672	0.02748117361503034	0.8134394631040788	0.21824139620264674
0.09512320783675417	0.8019201865110975	0.24857526103227098	0.045409742216741884	0.13261093039956703
0.20250731073324113	0.08214749545691677	0.3038984137124691	0.234602489519815	0.09649025741891633
0.1848977337533417	0.4695484536097611	0.150070469489208	0.11839698975162516	0.2522612184957181
0.8266647361813612	0.11683893776268839	0.06556544436902075	0.2720730590056905	0.14605641757054114
0.1426742228804432	0.07232139882471662	0.04997437526076196	0.2744682581728537	0.29722810667924854
0.03247483940287917	0.17610232506884838	0.1388361837711696	0.07618259230256982	0.7388114464685757
0.3650267891740652	0.4315850515968071	0.4620564137208324	0.32052124399162885	0.04994914262291746
0.1151124195788317	0.49817583432327045	0.253773319735633	0.038046979568525825	1.0
0.021391322775345254	0.3510579433030178	0.13124940485681377	0.11925348996944093	0.2360551004630784
0.24666242627860183	0.3280759007609458	1.0	0.09139607984244362	0.3940875929677445
0.1595383770514175	0.04967846448670301	0.0141158664453604	0.23522588976136782	0.27199045378012365
0.5604731953413501	0.43080611162643656	0.00041028264180116607	0.3222128046868969	1.0
0.15366036286011875	0.06478135628697253	0.2769234483249034	0.2972209364895515	0.1620500252891559
0.24161553549236564	0.22361447909803944	0.01805572150940229	0.039458795550988496	0.2831311338067689
0.5737111383113824	0.22748120236863423	0.6814063407807892	0.03741898001371862	0.14300904300125267
0.04633598994529379	0.09504689113545849	0.4269365382297771	0.2067956698517052	0.2179713043467209
0.49602952601907335	0.0366914776883693	0.04230861700333177	0.39361743065582894	0.1557842986326692
0.042242279256663885	0.5203963157105348	0.22724932201077885	0.10850121666201268	0.530385568409012
0.46823877791464685	0.37329431497711146	0.3714790233413161	0.017515044110113138	0.16388675789030413
0.10326654929492136	0.01430509364700305	0.020831827935679708	0.5076173276434339	0.437020115771094
0.23443700317259264	0.1540555841197129	0.08528745548007227	0.25772162964441786	0.2792716211071746
0.6239074961192386	0.034177460872607666	0.07465643194404921	0.1197378842998267	0.07441909719539615
0.8062987091242437	0.029064743239000816	0.5797115934506796	0.12798915172768058	0.567423265524875
0.18953744952700616	0.1767526332553042	0.37965969941984207	0.04203284641158546	0.16774751100072582
1.0	0.4430152589830271	0.3261988428097707	0.35679514911220683	0.0020046263365591423
0.27663559806975463	0.12626879293093235	0.050766081408623126	0.15285848149832315	0.3134564215829983
0.23789946959942135	0.5333002359039517	0.8987092270408986	0.3774283231731393	0.5567712647799525
0.0388603257022379	0.9479983156126727	0.24062304508284904	0.22518991915006845	0.1142690671863798
0.11570073032390943	0.09257382905552138	0.038556464781798035	0.05977724156263836	1.0
0.02565109587615912	0.2946800535385438	0.2620507553606273	0.286070760849037	0.18417068106446058
0.028661306968008685	0.1488829810674297	0.3550829386801981	1.0	0.2710890944029186
0.21862633141819862	0.3472370450798075	0.09204556825191705	0.9213031659369832	0.10796030122096407
0.8002058544253077	0.1400455745805504	0.07752358491675615	0.13242031763036397	0.1167977668494181
0.13372733855742855	0.03632643266596262	0.3244021560630005	0.27740930872923486	0.14194400408300273
0.1815672819684435	0.03819461985817228	0.02145758300564477	0.018753543648397722	0.2784877793972093
0.07722189453008628	0.06584000713960178	0.5167006023789376	0.02523458192951274	0.35665446771712295
0.06214273753172793	0.18931078313734997	1.0	0.025164681696378668	0.01957079568634415
0.1460828863777224	0.30476421104851764	0.05929987444881266	0.4617216987343686	0.2593289714877117
0.362086787616326	0.45969118351437716	0.13080181695744852	0.1543868632138749	1.0
1.0	0.7683542433253461	0.06418763349363807	0.7115932770639101	0.13669709589925597
1.0	0.17851547903378587	0.22532494299923939	0.0453251317826369	0.026295304665919925
0.11312008647359328	0.20831027699660407	0.12859147859265987	0.05116956957054458	0.3421233189257648
0.06388279190169155	0.48201863685956603	0.212613608744238	0.37385629545684174	0.14481757834841988
0.6121877689938401	0.4792273442017473	0.30148547386995594	0.07939164173797887	0.08845886889424633
0.5397803764792082	0.29970713119705966	0.051387444374636645	0.2972212656807914	0.3646445870150225
0.5758826634646891	0.3770219926868941	1.0	0.4040769081502292	0.33369847145139553
0.09900983810615291	0.8422290476255093	0.07271912028326312	0.8922217555384803	0.2721146248107668
0.01418025702630765	0.9324845097557534	0.6444047693952013	0.5634732497946994	0.4092922784902554
0.19862144274402532	0.07538632901022616	0.03407829700088924	0.39374308145873876	0.14310336156426462
0.4196054017863564	0.0482588090712438	0.0641241157028328	0.14316633952993718	0.000572733595760566
0.19856215501680854	0.012806688529076888	0.25041033832936227	0.07460292524232849	0.7395889418412421
0.13886550309981732	0.5379510705155113	0.11457741007924274	0.16860929138315092	0.41299499609117457
0.27639259249846226	0.17450245283796698	0.08913061627591842	0.1320881944492055	0.8797421052155169
	0.0492411848025884	0.34870838630642553	0.12403718438662642	0.15480723782330252
0.9106474597709284	1.0	0.17952719216995677	0.48337760811857367	0.38480115603185494
0.671360410971844	0.42782592637969563	0.14586054806981116	0.43238073209358474	0.014472479263209149
0.37867792885044893	1.0	0.5601195564447344	0.945857716256921	0.5253875699841624
0.8004371928334382	0.8252217600863887	0.2327491467753008	0.0815312683360166	0.02059849913743759
0.8465336659769737	0.06738842339531065	0.3083787779583937	0.23348956161528892	0.09225368911891539
0.1561647167684325	0.05133595632037507	0.11784210796575657	0.08343848645014154	0.28725670683753163
0.15892358857657615	0.5226477044983683	0.09757716309874344	0.041169707267902506	0.23639152702141725
0.9062528809841535	0.2658427284980559	0.15457644265060794	0.0658016310693049	0.3682989898070816
0.06358202843603136	0.3021740364922791	0.07333543213981437	0.04578198641228693	0.6837585104703291
0.19852735256479184	0.17189634110890192	0.16281646972891536	0.3918318813269083	0.014675368768974522
0.2176989017258797	0.9311706196768104	1.0	0.23363432966673295	0.08903189221636684
0.3675614875176201	0.1768679988617847	0.00762499391306281	0.9949882065091048	0.09058741888596464
0.4022118141413263	0.1673301124696354	0.09170520146395356	0.1255652696069823	0.04484737974906366
0.8632834296718832	0.020232272949988556	0.04986757156740568	0.17191119015834347	0.03835061562871293
0.5256877564622593	0.1142197137187334	0.43223017643050393	0.14941458330869004	0.10170272156330158
0.4667956033264768	0.07680359079289685	0.15534259633500622	0.39590490162956926	0.10457206449122117
0.08589784416446487	0.240236354843666	0.25263315953562254	0.03802658501282681	0.10673322555777698
0.18580274244164116	0.0291124858929684	0.5567171473439786	0.20002897661476993	0.12751537360098464
0.34265690867098153	0.5155156952037399	0.6149542510652899	0.7038979071425518	0.4303147293418562
0.4131925669382361	0.0691413946372984	0.010981591330603857	0.07134616803996902	0.391642470728318
0.18703661909238314	0.28184470489884134	0.5550426734304523	0.3887969496494291	0.23904884336141646
0.2198610701715583	0.5194186501877716	0.2834113021362246	0.47547834731303185	0.49173751549956185
0.24363605150689088	0.08280261802744997	0.19151087132412337	0.3625793711157849	1.0
0.5395098601995022	0.1352129018630725	0.09373309738683579	0.04749842014176591	0.03686147587290588
	0.1327800357760199	0.007473045386807612	0.20853699953515326	0.15693528273269722
0.02948076900778105	0.2501990264730704	0.3536364515963434	0.02507620216182995	0.662815702001796
0.12606395684113234	0.817194807387556	0.04827257760969073	0.10762676674001384	0.003046301168109118
0.2076615402784203	0.40332668265876137	0.6414961592052407	0.32601373906566666	0.31783434726292953
0.5146299811954441	0.28147288089637135	0.021987609827417976	0.33950862303926194	0.5804999222119716
0.10730779189550992	0.21683431760966243	0.46534870627139213	0.1848562989197653	0.12711349937924832
1.0	0.2941967387433165	0.771269847069937	0.05506601408868702	0.27489684178618884
0.017764563890168037	0.03992505265454301	0.06368432789964147	0.3491625424680168	0.19555501980969636
1.0	0.08776919149286312	0.010471237695698904	0.4740745629218513	0.611505236106677
0.06602803360360103	0.31257193877353706	0.2544102924638603	0.14818252324750322	0.2754275751730937
0.3901306138864772	0.9188083189172555	0.09284266758923349	0.03923618591242568	0.32192459046769867
0.01923125890583685	0.323540317239586	0.044441270727322374	0.6948431933058863	0.3778085787785617
0.3630277915417716	0.6852868136732686	0.31961206625358324	0.41036692303479255	0.025777605703949307
0.04304748181361547	0.3991751198582901	0.6154453985443983	0.04549921086322508	0.24388126983037872
0.2589756298605069	0.31528531874657506	0.31460469502625427	0.5436144532741408	0.25333901203772174
0.004419844406730536	0.32601843465681724	0.4007472336157962	0.2309782491610395	0.1342737961101279
0.41164857673682725	0.4799291073427712	0.10371481565760472	0.4462928105829765	0.3424091733943571
0.2471228837972143	0.08185780391406314	0.368421021929097	0.0032732150665803314	0.13478556263413533
0.8838657243978686	0.35426142612021655	1.0	0.0676925031339169	0.36275330706888415
0.4171895109532632	0.17747538383471004	1.0	0.004906845882666557	0.023125288772979143
0.47395367935742827	0.0797207593451198	0.47834395079892966	0.5000058635414031	0.003938284959507804
0.1505952035568611	0.7125479541621064	0.4695889376337242	0.5093411046019156	0.30990868864520593
0.1554375090597812	0.6078158448666843	0.576159133330472	0.354673587787621	0.15440145912662567
0.15649506244794525	0.14487515423668396	0.27327177157381677	0.942277576149125	0.14997030446112974
0.2958543890420842	0.041056599408650064	0.029425384816171317	0.8492614331429235	0.12697016205590905
0.1072694852558471	0.12305688112087974	0.15628315758163536	0.6629349817686537	0.023478472386181348
0.4493811093688295	0.18741796827257123	0.06607346790761764	0.4307106298860177	0.3081251053426703
0.37535227397171805	0.0470648254459533	0.1040680328081052	0.15085668096411656	0.6073891168355717
0.389420847878764	0.017560071923822005	0.11154067983923512	0.42348977947336264	0.03320014098005757
	0.19070599335090269	0.060752489249474656	0.07681891133270294	0.1652364615002765
0.48704934456680576	0.45832411100817666	0.11029441595706932	0.00487282625327807	0.8411084616258335
0.020924453493206686	0.2965235176793412	0.33644009078741605	0.051638621995716304	0.29275652872268015
0.34261008835660445	0.008211121839185756	0.027881382011740206	0.16317248174982268	0.34140246497574334
0.11454004313597313	0.04724523481935875	0.13623102067689194	0.1584811567247115	1.0
0.4014867312442626	0.018973241489978362	0.21541220863525032	0.0361062466599967	0.6843402399700136
0.15708188488348357	0.144542360310171	0.09007605556625282	0.45811203463496714	0.10493524464530188
0.6524575637341837	0.15092554896133142	0.025805576543384723	0.033187313992644636	1.0
0.5515010952776996	0.2527292403930029	0.8883993255944516	0.18583317999196206	0.02858866591233345
0.859041254362236	0.21394812836741986	0.055144454978466935	0.07134506383580355	0.27204808470770053
0.14312502876006628	0.33962227424644215	0.38073395397450566	0.19408786982580367	0.25610193141633464
0.22631168112293443	0.6639281683475814	0.5946512643632843	0.3179000298356687	0.93637830119976
0.24826618860465097	0.14123033389808123	0.37576722259944495	0.2169106742005852	0.3384349961193431
0.7525412004516713	0.3973460240144309	0.03291797959321352	0.23710412508275092	0.24320804233627474
0.38225332655268346	0.545434996336046	0.15011731592253172	0.07745341405591347	0.5839586278627199
0.44034078019364425	0.15005832318338322	0.03269793103420972	0.015625471826487096	0.12944972012663936
0.15342684751163144	0.7608723435781478	0.24262295676311918	0.09215123516438432	0.668049841180677
0.02201551350424555	0.15515030977938624	0.4581228796664371	0.41902478428567	0.30764108990614264
0.07373266102366619	0.3654143144648133	0.00924583904787824	1.0	0.29656442336589844
0.013989338832469668	0.7181179389986457	0.7670048335530123	0.6143438580807313	0.23666875735584936
0.1831218662662768	0.21555668985925538	0.01625366806437051	0.2719461641423251	0.42593117258115176
0.5263045128527286	0.22235404846675538	0.1774433621856303	0.09640095733770823	0.17432573276807825
0.6973194754523422	0.09706580531209362	0.069750779314009	0.15412610340690727	0.6854456249159417
0.1125285829147018	0.024858911606378056	0.10495827640722437	0.11478466790606585	0.2638401422105401
0.08254074570035072	0.1986378101126498	0.14931074903192493	0.12675850723576862	0.2737324824169969
0.04829195262688754	0.47663015449923174	0.005409957730563037	0.25087900450740835	0.23406300008441336
0.6479974539973128	0.028176276432751172	0.2506648919954541	0.16884802719581068	0.1263007414240322
0.016867804969749243	0.08436374862544026	0.2266365917304924	0.33002260819635226	0.014710328815819284
1.0	0.052479315407205455	0.13928955737720963	0.07859483736064624	0.7735354997361936
1.0	0.4961126716740586	0.7641065427568483	0.31349059640453686	0.3279854694666443
0.21557911321223525	0.3711346578507912	0.54309767587733	0.2386032198105679	0.17140132528940666
0.21159619204296723	0.1351150731515028	0.4410380537255156	1.0	0.7712682105896814
0.303863071890348	0.3931087326308099	0.08379770922727474	0.04090965729912892	1.0
0.46407894683957696	0.2640424454040753	0.4956626973206874	0.25807254295707527	0.29724677783601394
0.5680344879407067	0.03749199725089043	0.09344984167322512	0.42847511537690447	0.3157880636919362
0.6724960409796552	0.3292120656028494	0.3448246103776443	0.5117499765374219	0.7036982033117681
0.5075761356897972	0.16474218748796818	0.049621057617559826	0.07109361174008366	0.36286326574213607
0.4323961109151839	0.09027455640775649	0.33847760962447954	0.9551925949497269	0.11478204711743473
0.2980669503389471	0.24015940210145176	0.2285553845062036	0.042130900090590374	0.05084899802203733
0.4204649330389947	0.11635659057312162	0.32160074547173956	0.3417727392211663	0.9365525379058772
0.09195087879262377	0.2763609418173502	0.10579286112326876	0.2976012829352635	0.17773348206065215
0.3159976288076548	0.011674754035974977	0.21574075471608967	0.01831428498975748	0.04031935718615617
0.4119431841772682	0.19351183186252627	0.12328461828630646	1.0	0.15807267878836648
0.544410152744985	1.0	0.06231051971161313	0.016990124740683708	0.1493092890040204
0.6610916351027899	1.0	0.12925896606717568	0.23222171178013054	0.4880433147537688
0.25435602174997896	0.08574027330801115	0.7057431565956662	0.1818941581699673	0.22558060741861666
0.9231868463349471	0.09439685320553641	0.3683827076409651	0.35015339744318436	0.3648474958500615
0.22693496079671213	0.9788389146377263	0.6477034292802946	0.03571482505949231	0.02034784092716447
0.03422958519586062	0.38756524844059087	0.2703075606071855	0.09682167363142323	0.2519000895315935
0.224152510557111	0.056328755238201404	0.5545404182174304	0.36086402248660354	0.39102417780763393
0.07778056446088692	0.067309927607978	0.31152952119389277	0.005495910652285525	0.04848275195548189
0.7291390537583908	0.2974896586611822	0.08035649511010734	0.0689811299062501	0.6980993016741179
0.3750199318567091	0.09570053080723728	0.5805682814371937	0.336958528821832	0.14979098619100248
0.009057218658994923	0.1195458254599413	0.45722000044020567	0.13358751867044483	0.3299983572275765
0.23224970894626468	0.6409077199341049	0.3329583524719508	0.04502333409680594	0.31539081437487165
1.0	0.5249617637903112	0.010018850287383939	0.3802810462310566	0.3196194373392019
0.19018186832594253	0.14634826225936423	0.07936877129408978	0.19726134083641522	0.12302354734868838
0.4467475394490649	0.3088836719673395	0.007406121615752781	0.12914043807423706	0.23016327622815536
0.02098386035848864	0.010356110112961416	0.34423052965666406	0.07311051564070285	0.842314579185897
0.0938320774992484	0.03772352931590781	0.2242595820079799	0.2387747364608114	0.1816688554838966
0.019678161589953242	0.23023701324528084	0.13386347431271767	0.2350509052619932	0.027091344052574563
0.6168979809135119	0.06890704126143547	0.04292710722712859	0.14453049697661755	0.23555861071388
0.6337844931277358	1.0	0.3143761600968029	0.025356287837803207	0.4042086487343702
0.023561843824452425	0.9895534920164595	0.34125421661294086	0.5669189782242319	0.06463887870259254
0.6971893228058247	0.16937090227483131	0.01427425610008208	0.09734792853755213	0.02387668083216822
0.3616466449377472	0.3773521212104304	0.3772177797524109	0.07479815310390699	0.05528100950532921
0.23988827913766442	0.0011274950449163984	0.1718536909572879	0.17645731752900345	0.12977565329298893
0.4692101050643127	0.20021736238783272	0.5919696917882573	0.7441700455046851	0.21008434385120311
0.15254823067285414	0.08690610929330203	0.2859489034043642	1.0	0.13671231788114155
0.3145708123737001	0.34257622739672694	0.09311619014014327	0.4097124526642377	0.271101045123026
0.10433908608607234	0.3419974231851303	0.024860902104104642	0.017374943697390684	0.14948748034130618
0.34592639369761347	0.31117751092606166	0.1761304624231706	1.0	0.14245260565407855
	0.031728701015509946	0.016593193004228308	0.15585279136190608	0.24362294976226223
0.11860491310831295	0.14596571304212147	0.016767547783461345	0.16261363030233814	0.6030210469137968
0.03779692174344058	0.25441855713261396	0.7916829911368428	0.2762670739339147	0.1809192323567123
0.5790967627685959	0.10995780606097634	0.2641606553809316	0.4499585597586716	0.02196372749345434
0.0474014425037367	0.3262298097366186	0.2815172961600706	0.455528385855607	0.4303559561872264
0.8605815707629467	0.014136826821459666	0.35945458231443395	0.3578851916829687	0.17587664546926868
0.0961341783651693	0.49469922656090937	0.03510618178511388	0.010739337150378881	0.011693482433370664
0.6894733051692393	0.06508952772156745	0.011199042491578808	0.5343106909942236	0.9024334227408843
0.1610798836379563	0.8526168056956254	0.12488412070217006	0.33837295583980387	0.22055110734706954
0.2908079172997808	0.014234400976314985	0.2130348626320722	0.07098536402994689	0.1743037133654036
0.6175671653529112	0.22819388623483308	0.7913253221418174	0.4761570984474645	0.09545460099967716
0.03619190664818301	0.5474630205281166	0.20791511720515213	0.341301317266411	0.05008521782806292
0.22565980743852793	0.42611207846121785	0.4313844130896385	0.053664056201479925	0.28941564258853314
0.5532558599061683	0.7965515418076515	0.30735996454228426	0.21966545373661486	1.0
0.14386275996860126	0.11470026858186136	0.28172431654224334	0.09674106972418776	0.018949051370848163
0.9614505920006549	0.14944589434745909	0.18659426210469002	0.6609494155806395	0.3484799343467647
	0.777069390078761	1.0	0.41986364671056015	0.42818166175770417
0.5069066319986283	0.9822200786026619	1.0	0.28816386079695827	0.5088850602497477
0.04505828746147444	0.08935696401855135	0.18449578090424024	0.006602049130521875	0.39442687318654807
0.04353939775038331	0.2461218300121682	0.8044466261896328	0.16074890532953648	0.40398297915312165
0.49641512731486914	0.1499327894553401	0.31208853120717883	0.4437127767470039	0.24361380750442935
0.021350113814923587	0.8186865155971761	1.0	0.8148023956368672	0.1453123475227915
0.15155614943034865	0.14457310734992054	0.006756462106197272	0.9520983326482919	0.21366237495002213
0.07861267599602563	0.12114727212895787	0.21605135993181798	0.3117134468983158	0.07460901906550103
0.1857102296332992	0.2899345387311878	1.0	0.11015745506281505	0.40510810381658224
	0.04064086993359946	0.13107113496983305	0.5589901406002884	1.0
0.13493160523774253	0.5323954706241268	0.11602364791857564	0.3877605092742341	0.18103614313698885
0.11240216160876475	0.4037844532173765	0.008924915211132508	0.27114458473433956	0.04332461970585513
0.4362883356807232	0.5854768618663663	0.35274231446710397	0.1769456243340656	0.9815653827048111
0.04111544031888947	0.6352076017086838	0.07469111028952904	0.06504150863945078	0.22707345528279438
0.1786026376530587	0.03705761619908783	0.22615449492901146	0.34972172559101133	0.22506501608020735
0.3919726438556437	0.006421459339075175	1.0	0.3355938050269773	0.06543692274642716
0.03747813684678185	0.24211052416928613	0.5061631616612906	0.17972479578757444	0.03142867990491834
0.6277851927763436	0.19431334854715643	0.9947799675379045	0.005214067748563098	0.448514705550683
0.01076884463151642	0.06580478759339106	0.14169270313682458	0.15834684749912994	0.23337948773255676
0.23847280401335968	0.2876928154900428	0.025805794909725403	0.37256122316217594	0.14819056991444526
0.002626268768527788	0.08799274652353134	0.008644730081562564	0.24860661952223895	0.4820255037683584
0.27389981656319723	0.1819076388409156	0.11735807743710741	0.09366471936319394	0.09194659913671542
0.33528038377859787	0.2798689016832092	0.5507168016112852	0.015552848250828583	1.0
0.35378629182646715	0.0339001231286759	0.2583031481929425	0.02832307856291053	0.11113222554504144
0.9519330449229559	0.43792294900761763	0.40069475856009173	0.21350002624239175	0.20297229658385785
0.14868933995016065	0.288011616999468	0.4437452702704389	0.25531194650652017	0.14063540482018067
0.11607856341247272	0.635969236406025	0.2902960242675537	0.09032178974497447	0.0006722973390279268
0.027354449131817792	0.004035639922413254	0.10984744526090573	0.4345358221507581	0.4431884642234392
0.3551009727302219	0.036507230474635805	1.0	0.6129518121954737	0.679271212269232
0.32839072800408414	0.1403085137815438	0.17744053876320964	0.15692700938652523	0.058280419368630314
0.5878721400353368	0.07473973801893623	0.41263362804072035	0.47933709356607235	0.22187008060997618
0.7188670756486254	0.13557980463278835	0.08693324459988071	0.15416273343330147	0.5718891634600711
0.31717737784609884	0.07773226711249054	0.4335564134564758	0.06521552453146126	0.042237894967262574
0.014155138090314615	0.3773582453974242	0.7952297138069253	0.44893602567303637	0.5945313245880102
0.16940915539929288	0.07385753565543814	0.09455406093734689	0.5155143152674463	0.16536614831100171
0.005647676497240539	0.027540332248913866	0.10859423274553462	0.14079630644871338	0.02411672328958754
0.13092179005194818	0.466366554877667	0.005784094535736916	0.025213474877579658	0.20087946876064436
0.102763151996344	0.004332925359600401	0.3194888997877103	0.3085746423191632	0.07646179242424393
0.7596602744694652	0.09964677375719118	0.1708689706138787	0.41241733444174483	0.12179578335175764
0.04548903990172913	0.6776098467289228	0.3004510564428432	0.05069856764104708	0.16483835887929146
0.0830894561369229	0.10966387624358534	0.26048881167011456	0.08858646264317532	0.0509028010994853
0.4469255134490094	0.5405582582899382	0.3461243565084827	0.6167874720817678	0.09036090034641768
0.31955450094296406	1.0	0.9496222536972657	0.041537281802512434	0.4641780551127918
0.002069019372607285	0.2576411498591182	0.48092518662429296	0.02936152080894226	0.16146831456707947
0.3008562720305043	0.031819463777558774	0.32093365092067677	0.38867720865835337	0.6447118836899083
0.2776394470041788	0.6435293056516358	0.7436339287778032	0.2294881189890061	0.18222244905493937
0.5108385511861503	0.2820061687323139	0.6268319720142187	0.12202394866134567	1.0
0.6011162810295337	1.0	0.4158006060499258	0.4232158802988093	0.2881065202309582
0.08844836514737872	0.4527032180426538	0.13657322435520966	0.274411768243624	0.3275149733959752
0.8886768665773582	0.09393048739497155	0.3898138460484122	0.25532996980893663	0.03236308628219132
0.012636029425717635	0.6522173150196587	0.1436264518727845	0.4135733308858534	0.034903914046959084
0.18707681129583956	0.06041807887260253	0.05505684177930534	0.7213281161564438	0.7277536987122438
0.42603001141076086	0.7839572844119703	0.21299365428476974	0.3210844914101089	0.724239344306706
0.6180736545761849	0.061058511636044095	0.641007282268297	0.14337259603315206	1.0
0.44072721203411114	0.2584314517368951	0.6029069098560219	0.040877253019643754	0.02831570592363641
0.1507567755725284	0.28496896042322656	0.23622375497795653	0.18298128571177838	0.4019595364456198
0.6770013602791819	0.39106637882761136	0.47685260841727817	0.22393618263066975	0.1474706562787086
0.3361606520607722	0.5733122513664064	0.4427271586783513	0.29463109624543316	0.3430440602426412
0.3322759025845919	0.37438552371050754	0.6253120609785053	0.08086724705610372	0.1312320428858902
0.6105202941982979	0.09468186069172937	0.7020582552626041	0.060849340958456025	0.9045176719799478
0.5692361332374696	0.4537811894027882	0.00712772502917357	0.309691352197238	0.04000051357768757
0.15564563947617469	0.20108965216296326	0.3727770319264287	0.26965604688521855	0.41565090809276095
0.04254927607096332	0.5404452759532126	0.1096499652119578	0.34864998318711027	0.07383690574702531
0.3279749934359389	0.20635414221100917	0.08540780508316495	0.21175628863647838	0.10717995738041122
0.17893245818556006	0.18502482467425727	0.02533319702335663	0.12509318158025906	0.2009120699931637
0.0027072872941874587	0.2383814445203093	1.0	0.16142254736995665	0.1536753153609968
0.4520621824737192	0.14424482345187722	0.3632818731681609	0.41277411326488594	0.13234523377787752
0.031202357333346538	0.5892476244508408	0.15695643712082677	0.19569386501149327	0.11180205220034328
0.2976265816321135	0.294299827826997	0.08212014605126235	0.15029299474961874	0.14794161189344884
0.099714368241204	0.2293261332812963	0.3537509205300602	0.09827531107824262	1.0
0.27316513345052623	0.6849518283181631	0.14260556716802517	0.40010453669199764	0.42506531678114357
0.026371554548510687	0.021291686427517224	0.09690853890265143	0.43291229670540826	0.29659637863867916
0.10802504056245557	0.1523246788225534	0.31552981905299704	0.34684951614806975	0.0448374390865644
0.7998947178911736	0.4213193436772115	0.3037106692356413	0.42381451984413826	0.26926394709814633
0.18177642732580354	0.682808846694667	0.05655131652119983	0.03920301113178811	0.05361394184950053
0.1497330073870395	0.6491303775747677	0.7546612758087968	0.16720256800413	0.09118452094000808
0.1064566114490653	0.28943972678772223	0.16122994699314655	0.4880278944939379	0.09670681155546038
0.9616523795373219	0.5479785503074973	0.3246468612122355	0.6291543644957278	0.039150046879394926
0.1014970541826572	0.6145655414666582	0.133907544184952	0.5133264104136184	0.1332028197434471
0.3446547962102003	0.3353206134983723	0.0032642426314727986	0.02047426207144653	0.2517079430576921
0.3500480163743905	0.38880696685868915	0.3916485521470736	0.15900754542967002	0.5659007772137037
0.7778463369558141	0.819266517076969	0.05199019884532225	0.0618577304078368	0.3235141930620001
0.11283958547919724	0.04313545997907037	0.17336463194849755	0.1272170504621555	0.32505863451529843
0.14394431234759578	0.06584365239249872	0.23772101965295728	0.24104631205613608	0.27549689468015476
0.09934759371762024	0.03219366287717374	0.7360540122689582	0.5597514572753418	0.40964577786941153
0.8552623949697996	0.14704201804486491	0.45378679044439685	0.5396240036184021	0.45385785338401996
	0.30018591770341635	0.042324900776153904	0.10323616137588551	0.8961953288378117
0.0544311576790607	0.00652378575591988	0.5930612161358156	0.05632419042084033	0.0762182923917036
0.3017406402603441	0.03117643071415162	0.06868214667376636	0.2163803475971211	0.23503302848330643
1.0	0.39626484238588217	0.07152966831088133	0.6831481616955685	0.39568304864390286
0.1604407948116281	0.03073573219216222	0.16767483969795346	0.2527502042608318	0.28162910245570044
0.25079934002095133	0.11703684358853181	0.18889174357252236	0.8620471174199382	0.26035663819620697
0.07845760617046449	0.5501777588359225	0.03745477234992505	0.9001111662591629	0.1855253638086661
0.44064321235260695	0.10228035565779632	0.3945189179671254	0.2810223061455423	0.06780108136154615
	0.3754193293525832	0.18987880208326596	0.009093001982520084	0.18685362987143392
0.015809060202335468	0.19668951413365457	0.5396611613172768	0.12420803912722768	0.24641538494526852
0.2421792092142067	0.7147351061471982	0.4466231526473705	0.6005760511379139	0.14299978123558663
0.19543384091739927	5.11852683784879e-05	0.8807178043956138	0.2512558708568857	0.16026208008023102
0.8462657802396142	0.6222758722268392	0.1639732969320604	0.006956947637311242	0.16886994368917585
0.5822827158733267	0.3033270004129801	0.22908127213842827	0.15873453692977663	0.12464023739040159
0.48180505820061537	0.0873612566889874	0.49025319449772514	0.7281776701741883	0.039494416500134376
0.32409203138485937	0.025668319281410112	0.18634574692836983	0.298173954568388	0.009731926280441835
0.6825179475490203	0.7644302782325749	0.4299221150956624	0.0833727693917124	0.2602357903802135
0.3961913448573774	0.09107534506116347	0.08468901910857521	0.43893380784248365	0.5070345680354215
0.2121272473221387	0.20592902266566143	1.0	0.23402238931722624	0.4721228971562522
	0.6387502326727158	0.06315198897123121	0.006670902767563284	0.5467376809614272
0.09533410102048155	0.6094057705306382	0.6114774571845382	0.7291805740114115	0.7415272896175399
0.005481582717587946	1.0	0.040333126312153876	0.08332926807184989	0.1557463940850829
0.06392298808195045	1.0	0.09603728131261306	0.44676641531560884	0.16139852331580368
0.2311486867651451	0.2838311050524332	0.11837122799163577	0.6233783578464925	0.04533635332995513
0.45744307678341795	0.21666870942228844	0.07660370660900241	0.5447255722110609	0.12508278458125338
0.04105757989186141	0.4668233239251223	0.046253781617397224	0.31350419610230357	0.7632737052054218
0.3617476159505362	0.29789643363419915	0.09906154374173	0.09243035228516366	0.0116755612463186
0.07981968816822918	0.11824333562925264	0.3229696203091314	0.5770519638845946	0.025852014506124555
0.34648740970515773	0.03893435541855182	0.1932880983864018	0.1567620088946249	0.35006790098319734
0.11945185567097524	0.23510350304156832	0.19343901985579084	0.09325431716099573	0.05079109854476005
0.7072662728299267	0.010712268286439638	0.3468657996929324	0.05682244995945611	0.6080525381517424
0.3171601379070576	1.0	1.0	0.09708342626450345	0.3023359523428774
0.13908891023506936	0.32781481593064266	0.036614429638443746	0.2664947041977457	0.37709712472383977
0.16093826124300714	0.9534567130646419	0.28833435898740994	0.08207856661041525	0.20751544910556038
0.06904385789935197	0.061445688751321774	1.0	0.06302429272763001	0.06255913582153497
0.07053662113624604	0.1436260297718148	0.1651333352462972	0.06778127387164581	0.27755827376950626
0.9009494257919574	0.0551519811056854	0.029738027801162487	0.516737322548299	0.5061594258572713
0.08974202806333265	0.37540690418315015	0.0815704117743047	0.0063753462836542985	0.42135220845036364
0.5359099643987258	0.3978584226989747	0.45423266584358113	0.6780563670499878	0.2678641267242759
0.1601128614380725	0.2089351143297482	0.06246703325857071	0.20212121320577328	0.9531309461319748
0.19381848050423361	0.016710192000041278	0.062469373106323826	0.006419259842903969	0.279272101025166
0.26413040639209434	0.171701906323716	0.28437215713277686	0.26059951071392384	0.05028452631572888
	0.1377134734555415	0.559873701394028	0.1604806974764678	0.3620945546751699
0.05609568562200782	0.01062080341062691	0.03291181682097722	0.019093197697927236	0.2450281439972942
1.0	0.169024490460605	0.01271111488621089	0.15926532059955215	0.02236842043704332
0.4233615476638945	1.0	0.4187784574135392	0.022064613481741855	0.07298219139525407
0.7893425084591399	0.4167709309377171	0.0644587646167781	0.14757104971087304	0.11912924514229918
0.09637927213855636	0.05674037378685424	0.20668502207228467	0.608020848444187	0.06329367207193057
0.4828823263316191	0.14977608524593095	0.23951879437910997	0.2528798241694061	0.1439591643507925
0.12221521010884208	0.41843591084124493	0.003806168313379591	0.6097691952555921	0.04117994948466238
0.10970212924992806	0.03230021180878853	0.3704845087193522	0.13708331502446996	0.11448804640868199
0.41411843402368687	0.41202294504269954	0.3900766873149312	0.047033336771310406	0.042606438264145174
0.09443519679432416	0.3072818947115316	0.14980629972356088	0.19919069129533745	0.014815610676792991
0.056381070494718896	0.1216923547923563	0.025772903598272664	0.2585165449062708	0.5659608293707542
0.670488817635878	0.18645156572836913	0.24476523657325922	0.0852202076189542	0.11369419958442582
0.08018831665869416	0.2724840445191701	0.07709048154221933	0.15606956003390723	0.08543982489663973
0.9444187881759445	0.3144397542525124	0.0017502993844249052	0.3164239895866952	0.2778300792078477
0.542686306181742	0.043900693465450974	0.8907103092525409	0.07002193790119661	0.4728058732913209
0.19030053728579438	0.07741773209461414	0.5794721931892083	0.15748766822568647	0.6565003672314471
1.0	0.2024686604142746	0.6193542957494382	0.027249019081392576	0.3972556555406953
0.4373442305300227	0.022133155476986174	0.44589349464507105	0.15035026995933198	0.11901266676792854
0.5530873619190207	0.25218482240509293	0.7572768538485978	0.15859599877924868	0.587449436106169
0.6519770527641401	0.11127995721925324	1.0	0.08078419307714084	0.12130486084776872
0.05952406698183141	0.2561472901316927	0.044233208827019685	0.34658484424861674	1.0
0.028061266947577518	1.0	0.5290864834709341	0.5658940056843003	0.3463784833500992
0.47444569807866327	0.03991366907788535	0.16415434323970104	0.24089821317599638	0.7543068723772343
0.08772133067769403	0.006159486327765861	0.36428124053231725	0.2631914767171979	0.08363136785257023
1.0	0.2974067846727803	0.4123845092647444	0.3485403627549727	0.08088749641097442
0.22251648925816403	1.0	0.13371985998579172	0.032589048814089215	0.5841986461586279
0.3696270811820234	0.5622696492929528	0.15859706202384824	0.014248969013117653	0.07620831771295428
0.022079260230188653	0.5977578248884388	0.6028385496706351	0.2660855949524725	0.15991456979903815
0.6923333838873936	0.5202535379587465	0.016399451878677723	0.5084557933111656	0.27192293342518953
0.433704139452053	0.4516806783412054	0.07874502985790348	0.2676982799414798	0.20492453216277526
0.3444178282190919	0.032555438491727665	1.0	0.1539853730547939	0.42330959675091157
0.12866521967291125	0.07241404082482872	0.032679012742584175	0.23323375437076826	0.11807480748376815
0.10545336689867267	0.11922968183703254	0.1941033331776933	0.09489840111329921	0.6092129794797548
0.12625134529906723	0.25910691127883206	0.08260874667377069	0.19231503631047772	0.14910007058658978
0.16866541289253703	0.08159374346066937	0.20576083511262727	1.0	0.23970265974813165
0.07101418633154115	0.19085794377984963	0.1674570234832307	0.5341149771301674	0.06785445741202899
0.23885414151046003	0.2942792528788947	0.2648720429990914	0.2703790373927646	0.6205646543819454
0.11304794745264088	0.09053633931367737	0.4926079267574416	0.05369648172748571	0.09354202451393732
0.05306034384296679	0.17469999933954886	0.1272444616553927	0.15406914359330307	0.3097519538910961
0.010327081696820192	0.4751677601853742	0.240896768051566	0.756314789374419	0.7679908016876115
0.10691576048885505	0.0009858135521930561	0.22789129612439432	0.044791324478893675	0.4080171987256849
0.384313855573197	0.3507793891869697	0.35624478522115804	0.1281822643982363	0.46452634028691975
0.12101900815148942	1.0	0.09033558564791347	0.161909283971951	0.17125305707274213
1.0	0.016279541942345002	0.8946855927010671	0.5052021907043117	0.005287110092644382
0.054299790475346214	0.05101370989758692	1.0	0.07638654945883812	0.4672589776745416
0.00049564308025966	0.17760439124103092	0.12899151015319987	0.04192656970946866	0.20896557819752395
0.14439328810526225	0.4510305207606967	0.7141821708696567	0.3646943376051751	0.034700778378130875
0.4011975922317828	0.15618147516888717	0.28835162878224657	0.755530385462993	0.22095887149337431
0.26099895718921134	0.16470295249655856	0.503772891542203	0.5341401500621327	0.7724630007461665
	0.06298838227101841	0.016465596739148124	0.7278178775651182	0.3463561942082097
0.25556185699957334	0.7318178940322453	0.5728888547972962	0.295862593439545	0.12134925309818637
0.37505629712815475	0.20288936199134605	0.2182056756003905	0.7415031783503878	0.21879929621875008
0.22117759914844742	0.31353423406205444	0.5798706320589361	0.019997755901612995	0.2654035080411861
0.9563645282572946	0.06182357394415393	0.07160126049462937	0.23014189327381435	0.36799689765680677
0.7874219406072961	0.08545940863804483	0.053136036814521524	0.7351603702701461	0.1264813266194484
0.3363700119652869	0.015092264410345816	0.4383358210647608	0.7243390461889491	0.0937775632552655
0.013661136598906791	0.3774290477959386	0.6021331854859022	0.025178408604187078	0.0876663752828517
0.23796571850367404	0.630754540313139	0.385261253407281	0.010345735368402498	0.8365742086233481
0.06367973662233073	0.8663145867716836	0.15246402287398025	0.04464979448025077	0.43844849472098874
0.015882459953713787	0.09910130414684512	0.943819725492713	0.3190886872701043	0.1924468389153
0.39510953724184505	0.3383986029049305	0.008928022392932312	1.0	0.19184847517413095
0.2933708082550531	0.016644923597728154	0.054419182446234504	0.5551233930075037	0.37790651085251387
0.38037587843332343	0.5425601271600448	0.5524076801356141	0.13114760156096517	0.5485681400206492
0.013354931958040382	0.40400894123109965	0.16661034491117704	0.004181266645211476	0.44213573765720887
0.03298277996354597	0.36864567597360604	0.5135934819915406	0.07729031660806536	0.7159547647809746
0.2443066559321221	0.6987328101424541	0.17914146903294254	0.307679616110131	1.0
0.26361608925169877	0.15659111575659218	0.04580286696539352	0.05651522045944946	0.01967673596230897
0.5049681304686814	0.10171215957179175	0.00977504925136598	0.178187600482721	0.7408502049172605
0.3089973896841218	0.07957108545025367	0.2704588172212918	0.13877736212782116	0.09140511153465075
0.07190662400309704	0.362243492424118	0.4239021927891707	0.04697652527617435	0.322339840824021
0.22108778630650486	0.12000455307375966	0.0089375675176522	0.37484669594351844	0.2159758465552308
0.5565067649496288	0.7755622877285291	0.39291999789449944	0.28805298494728765	1.0
0.5340587494847541	1.0	0.013090999611354693	0.6605895552608884	0.09039449156819546
0.23545476083330855	0.6156481855009851	0.12332981354159897	0.3092028473354597	0.28873539239463486
0.1900248216517526	0.9658384021619599	1.0	0.1708495900473217	0.775628634737212
0.2600922616937125	0.31771490242133327	0.3195819805338703	0.934424944883482	0.20790340956037803
0.058842772707679625	0.18443951747240805	0.16011886011803514	0.09065232292343091	0.1536990368244419
0.08488369424773451	0.2376195915709612	0.5307139123849609	0.7445441152755149	0.594738348553725
0.339437851225539	0.022122577483812713	0.03514159234143547	0.043390664620022334	0.55193427886938
0.30964032619557164	0.8041026251448238	0.007762181647659614	1.0	0.1417508992314663
0.6894893081556618	0.22529754641797536	0.2255789929526091	0.8524164912854243	0.036426559838311764
0.4827620360807535	1.0	0.7141131211530422	0.19825340694614504	0.5094896935304231
0.3304912078444929	0.3727649834016072	0.1968813033764982	0.006011358528767616	0.22052145004874604
0.32893383610851756	0.09422207959377987	0.003751847975200069	0.2613142144403139	0.11789256602203875
0.20929092765386068	0.19756313318514415	0.005061943890129684	0.11931564375223559	1.0
0.019773024414377924	0.547956807656554	0.026166553695529535	0.12400924040271093	1.0
0.025581818265484606	0.43902295508865463	0.5150104934228056	0.025078253928137326	0.19890917032309618
0.08427067504403475	0.06372317646401761	0.08955055360450699	0.0534982409689182	0.015145391401595416
0.048245703581739886	1.0	0.4365358069533086	0.7568398504488036	0.15393150196203348
0.008003200857042531	0.08882648754601145	0.1478505438594235	0.020783759741529604	0.4897537293094997
0.24665122837022985	0.051299616108787464	0.07112182383988695	0.46811519874853047	0.9824639621857412
0.061640177153901576	0.42655806498598964	0.04991871391745444	0.15198909077838685	0.28787792192187267
0.3338578714582837	0.0855950623684021	0.07108578549233882	0.04214536864638597	0.13709452700663347
0.2817572483080665	0.05871401273551115	0.06445750779318693	0.2264200265003417	0.25164545591893595
0.11579482436959099	0.12154405694103171	0.0005320061650904736	0.16275994218613085	0.11903152341450335
0.02579340478157638	0.4533668145010308	0.06069780220743433	0.29669026885358774	0.04909506020106111
0.11215467342740404	0.10478055120413514	0.003660338587325049	0.32077951644537495	0.42601842354408
0.42948199705081175	0.5229213665142148	0.30699654418413297	0.14003589385596996	0.04348441403660252
0.10015865710205996	0.09371692041748231	0.07608174703527235	0.07746358089381103	1.0
0.30397932093466645	0.02495773949432671	0.2034476961176141	1.0	0.2753277591054751
0.36313171849700887	0.22722930762696678	0.264738797428959	0.0008349002420230965	0.3719081407896907
0.02065130023807235	0.25830235408892893	0.05995496317889318	0.04925471323062692	0.027197641303911186
0.10479559851093924	1.0	0.08362678584518442	0.3688294520177031	0.10836515262756782
0.5734938303901345	0.5144453190147839	0.35171439643432506	0.062372146346881374	0.15807084219246872
0.05749239186660134	0.17399631397145907	0.007396392916678465	1.0	0.18734943438495888
0.196429826690848	0.16023762701418562	0.09629017463475599	0.28852826963016637	0.1124403524656442
0.2179073773698519	0.090731714693278	0.2535909153100831	0.05188195152544906	0.07873810561620902
0.3508609762790377	0.17517834417047293	0.43624868853717125	0.06251879544996236	0.05897958523841805
0.08119127282416391	0.3605045090535909	0.10716672429891128	0.16712395418083606	0.06720332220701312
0.2517274618564491	0.10642010163886115	0.22518281808680954	0.0005093898895504388	0.00306124552792821
1.0	0.015096465737311509	0.21952070002747862	0.3166754560395974	0.027506037765491344
0.46180296215534844	0.032097028927199796	0.11755424336683963	0.42205749801565096	0.2697967664942613
0.07662928242312138	0.05890169384809124	0.1403140678076377	0.1020809287584936	0.5284781747478542
0.16097064900963343	0.07887127723780862	0.573820569491328	0.25784861377737955	0.2469982135755879
0.4073083618643089	0.2636219955135501	0.04202104422178141	0.40512192897582955	0.03841767669764937
0.05303569086645274	0.15136496944797204	0.07833288596574885	0.2223525577169353	0.2268641342908769
	0.23649053713714696	0.12766329755945946	0.1961971048690959	0.48770053770822436
0.4044494046863895	0.031738566431248	0.0747392044940793	1.0	0.45524243765912814
0.11009726203019941	0.18286164050104864	0.10131224992094222	0.08372514654875057	0.3310482716252752
0.3709089420007879	0.06930390291451032	0.03671831213675122	0.38343795891343674	0.38473367505146
0.8554259126660343	0.34521205661524385	0.1313242163488305	0.12229999794865012	0.10169128464369248
0.3390211772881017	0.08751577295693	0.1703157622300074	0.042151615844736964	0.07843961886742262
0.03034924588861102	0.5962564535507813	0.026990999010174398	0.10045286793053926	0.07215030532040857
0.31449460267703805	0.03852585138168905	0.2909858951421015	0.21103386204872615	0.09474244236113534
	0.3882766986359651	0.18258826572215678	0.33821263008866076	0.09556287504221334
0.5897595834532919	1.0	0.12381417383809626	0.0810314002159035	0.09561106786313837
0.24272188844430348	0.8166110849177519	0.28916935324000037	0.003050193204141597	0.09407613164678318
0.2818884918863227	0.2407183082094067	0.25957617004312705	0.24642282188020184	0.15376475496480488
0.49080473620022774	0.1440579948459414	0.21412668191042317	0.0390669957920577	0.0907236130199995
0.05693381345559594	0.08408169143479506	0.1702458468461918	0.36106406852777845	0.06146617024511523
0.6121965872971628	0.5628019528949715	0.11731150310086587	0.3914651425765785	0.4795348991255553
0.10029907124370449	0.0027707229133878074	0.056383244134899674	0.048408822949593255	0.06442064480653481
0.09847278255454371	1.0	0.13503018638395484	0.3508019880433924	0.005643863360381204
0.17387167761137737	0.18082552732877755	0.36900472896799835	0.23873239640666605	0.6119239561586037
0.5645735396738341	0.10362360296440033	0.33758014622397425	0.06724449416503145	0.11584239920875226
0.16111735010586872	0.30691320597739424	0.13954716387140947	0.16642489162950727	0.08222352272991519
0.5704471077153672	0.5337721653040653	0.40046430374009484	0.3213096510691098	0.5510201188995452
0.5342088648583917	0.3857811469307976	0.013943816037224716	0.21521603797023495	1.0
	0.21703480542073925	0.2182799857233028	0.08974519574035916	0.010880770376658475
0.6241090545884811	0.04439845884727358	0.20177751417414044	0.6765781856797061	0.06150874208298126
0.30932100945449403	0.03157690916922966	0.6495977296892382	0.3060580034348056	0.47108044944640187
0.9081029412405831	0.4500481282023219	1.0	0.19013486324374143	0.18338366292028105
1.0	0.07399032658769293	0.2206417912716157	0.7872460571662788	0.1555093531278484
0.22777701570549452	0.009494276506558265	0.21344948697528432	0.476307556003798	0.11782857871336053
	0.3477824207609852	0.24266141313735173	0.43113908187233185	0.22064659304794218
0.39688556942810216	0.03479958266269682	0.3987406752094477	0.08163478100981124	0.033011050927140545
0.6614347929948586	0.2664210192123977	0.05840673263711403	0.1189377011304017	0.7327036736596612
0.26921445261385146	0.20715459897061506	0.7911616802890854	0.050771124943321026	0.49317870541325953
0.2788606178865396	0.5021414052283389	0.5610242122358388	0.17334988257744974	0.23113393160699663
0.635295333024637	0.5540461584004753	0.424982683114769	0.2613721566510352	0.5802019998492087
0.5239083326941159	0.34538381311294103	1.0	0.826955023070055	0.03394553308769688
0.08939499806202524	0.18468332599021725	0.09488542137605803	0.5044945283509411	0.21716460371725713
0.55316691750436	0.0503164105860915	0.17200696456145842	0.1294180777654261	0.7123898378085832
0.22604096506865373	0.01858106645331913	0.9711979796804748	0.09070706963652005	0.7791585662325534
0.3639948815002782	0.017993847449872202	0.17952933219657485	0.16813704586961511	0.161135083110308
0.3632544281522894	0.024028699948709657	0.05152505093542995	0.6439487011267986	0.011903363814773077
0.06480816238808433	0.13796827498443703	0.11512490897741919	1.0	0.4078297242126223
0.07832822832051704	0.6528976032445301	0.6914279228426677	0.7417633625599073	0.2333217819989031
0.12343117812699356	0.10262316685026104	0.05854168491496921	0.17308759186005504	0.09758606242416108
0.0155950797036613	0.05688972462808731	0.0019420892915856663	0.7849977228705365	0.16174211600805807
0.24452323309518162	0.264022995055335	0.05878317132245104	0.2872613224317881	0.05218744683329704
0.6059723598903625	0.2945001812400745	0.6268140611258006	0.0032736275081307726	0.24946018099018363
0.11821097292582923	0.16383142700506081	0.17669781111171215	0.16600670634796735	0.47491139567230717
0.1910900485730149	0.16180645143589173	0.05399865784601795	0.0491637420538551	0.8165378234349117
0.37945524870684616	0.008933780310082804	0.39429962748315084	1.0	0.18132727792085981
0.7723511192634162	0.14732971456829622	0.7926005962295757	0.04676025473512636	0.2709706211465997
0.015426081442224448	0.46046557234663876	0.03231759237812244	0.24481512967460406	0.1072430307435723
0.5194380897674006	0.014034760200606317	0.21655295449533415	0.26909053896799745	0.1001006489151121
0.09379930822486289	0.10513646303820186	0.2315208945932084	1.0	0.5138327619756528
0.10420885140850804	0.5193691816135112	1.0	0.5088433984771539	0.44186101420068297
0.8469087390602242	0.09222811508565328	0.816811811112495	0.18846147927507773	0.40044119242956666
0.4939653865418773	0.4039032013541008	0.1504782373647469	0.18884549917547094	0.09899103705908596
0.2429432410874082	0.266332845381173	0.5907802181328211	0.07477931680269148	0.17047749566733042
0.003974959706412996	0.26865184589770685	0.12402043969197706	0.19456464502295276	0.19139216605815365
0.7038397830172513	0.16405025403811294	0.09020969739938771	0.5931341406066131	0.29986034130595396
0.4691798561049274	0.838425820497356	0.03949459238698908	0.24187046201536633	0.28905610282311767
0.02073750216932465	0.08786172161007767	0.0356129340837817	0.09878498713008538	0.05240928789904394
0.42584384804076336	0.10952071384230783	0.6170535339576548	0.2561129249367806	0.17961825467809087
0.8339523323447731	0.11114885985415947	0.2129684240805229	0.30842989332387266	0.2264746419024593
1.0	0.36069186238094414	1.0	0.011920158579517724	0.23591876728074265
0.7256531273942749	0.012527917651588826	0.2388341481601068	0.3881280493013731	0.03205241711662439
0.6864872192515189	0.05921876080081426	0.2939196874355947	0.85596591993056	0.056595196925332436
0.2439547430213099	0.07795867310789971	0.6105698409431144	0.3394857903633093	0.17784268554835436
0.2155600481276762	0.03352589039009327	0.2603520348884268	0.0316739294342325	0.031067652527833188
0.2059882933903409	0.0274978173869491	0.007579978336478951	0.3089728026717642	0.30170981221089793
0.11555381801909798	0.11415084908349195	0.1647489720959412	0.402049015874489	0.2785429531999676
0.42186514448812046	0.03425223728926226	0.04834286099710204	0.6198634689500915	0.4678404504650273
0.21713387030134504	0.10058052608953066	0.22790369805502267	0.6784810478462039	0.028264585986382422
0.509106263268547	0.03806124922048477	0.17865200751939075	0.24237706587236948	0.2608863895222733
0.05692367459664509	0.13605792541046172	0.0864458491322771	0.496509802971926	0.06304117220542514
0.2690990288540542	0.2354210289895537	0.16955784525410983	0.22642681761050357	0.003359607457571513
