X0	X1	X2	X3	X4
0.23474357649276306	0.20095545204147064	0.17950549616574504	0.006190216123593626	0.3803557814861885
0.2021067031971617	0.23548524366978935	0.41797870603887	0.11511997248519713	0.011282857992728273
0.7015229294180761	0.016682743226430208	0.32729032519996587	0.17329821281093752	0.693400798686891
0.3528424656794605	0.2332427777975971	0.13839947983735695	0.36112134419375724	0.34330133331127904
0.605848439496474	0.2905020586839196	0.04749437465044409	0.3840522213274919	0.008879609325045591
0.1507747590237524	0.14162066659028624	0.6902331660672804	0.8615568493395668	0.09769942061078207
0.4387757940516394	0.11098578861652242	0.18008792558584694	0.0015059817990109089	0.0052649992290466005
0.1992759589160035	0.026198208352975164	0.19856042070636098	0.2631287989891149	0.5642799470830628
0.2713117010653929	0.1976693078114037	0.017139772043028224	0.3395589708708877	0.555755919827624
0.4045295771364463	0.1108657555996002	0.284578709658588	0.00905891772127625	0.10081855249538534
0.4764726335907816	0.175542201039484	0.13045270633951545	0.6578183202681236	0.03564186735024819
0.04049183538125179	0.437524488402913	0.37276349106088463	0.4579333355365805	0.06283893570365216
0.27830434581716623	0.13787459157236234	0.31202865927202866	0.3972413216438803	1.0
0.24087526098532822	0.159596281169701	0.06376373531203422	0.2800432144999893	0.08308821624733562
0.6392169635521235	0.2805909479680191	0.03376842434585019	0.07462902165743912	0.2988067362778907
0.6438533272848056	0.000693930906395508	0.26476240240231613	0.40430821705601144	0.30962729320194576
0.05024327135418981	0.4484486495684368	0.468630490026504	0.00042612414899407495	0.3355163214865196
0.4001093698631013	0.09856995609329543	0.11392681696698906	0.5960958869123014	0.1677323818670898
0.11699529504836118	0.08315020565206878	0.22228038764452418	0.1901627626247887	0.2506453519058219
0.6777295552224364	0.34366986107914405	0.10099643481356407	0.08322999551885399	0.2903689019845817
0.04613455623357595	0.32147153153281804	0.3728868502055912	0.10627398069798356	0.2571318253210096
0.4778668908505377	0.3187103224138183	0.07899410588731538	0.14789285800335966	0.11705413448786983
0.8931076873085961	0.05390886850929714	0.00253611202744821	0.179942461349882	0.443664074041291
0.27220554188362917	0.2861484036782138	0.25219357270841286	0.03287772795217134	0.366033395511205
0.0391582820901067	0.32400016448205826	0.40151240648391523	1.0	0.7933487557633904
0.3329092608098244	0.2698167249119819	0.27986749712420206	0.7507993357731231	0.599245294546494
0.28470888853228543	0.7958245222957582	0.05809765491388306	0.5255246511798846	0.3537244195522161
1.0	0.24528101006263672	0.2607937930065019	0.0057508189107972315	0.09050479145152399
0.4065506558254442	0.9416801215419489	0.07998379314605765	0.16686164228704162	0.15222495322772164
0.10174661809193189	0.2868532066049505	0.290379419551797	0.07695358824273188	0.36321198498788815
0.128901364244649	0.1294639807774702	0.5995603257752616	0.39237267018051636	0.11180459878470467
0.23644833760101802	0.8704898255495195	0.16511842487747166	0.6528335398496766	0.4201797283664706
0.2871066460847716	0.01966085424731991	0.24709409448703534	0.7517355721730611	0.13010351665144668
0.23845037315765183	0.1548211995959095	0.29604553158023705	0.11930561706495171	0.2920664248420512
0.09257432153533068	0.007515697913787291	0.0079911307001783	0.003322019508352892	0.235548691095708
0.2416074191555007	0.04726376336019966	0.024081222082212146	0.060429678337844864	0.06058294327374093
0.9753320173469153	0.29449236619399305	1.0	0.08103472326502391	0.05844612177789311
0.7826544358733042	0.367407857329912	0.15389620204353238	0.18188538305552499	0.35798394434872144
0.2204188880054754	0.11261268124199501	0.015243889538936559	0.1459812474261177	0.35620448064325155
0.010286487450203597	0.34229668915722467	0.03085876714221647	0.828833919650398	0.6681075679013889
0.045032640844459106	0.04708664446934259	0.01746693553048632	0.0639106545975361	0.022540755823589987
0.014985335856105248	0.031970235635896946	0.797696901042748	0.42220014023047675	0.12602964640059672
0.581389091531906	0.4674422417168729	0.04206320755321976	0.3884703935431284	0.173449310037574
0.32697208438938025	0.04295765361078717	0.017083562975502162	0.13981436340243295	0.12974290237732966
0.02973607430469077	0.31438282305928666	0.0963688293526853	0.42065951447978167	0.01618773999580067
0.12998630093035007	0.270784924073209	0.5738617059465054	0.6129648091337687	0.16951474243917822
0.007028075912441712	0.44809964283352427	0.6644713083626155	0.3269543398019317	0.2505330650690977
0.07316191667250312	0.2344536185473936	0.04176564560953813	0.5698014093457371	0.12160478892377741
0.05654932270046295	0.22135427959812048	0.5626479748632297	0.11053445059825397	0.3507080870547296
0.20512992854824133	0.35707059392466123	0.04966925644953252	0.25396224659434496	0.14388545926116464
0.3949665035689471	0.39642498118496944	0.6848439176769917	0.04896558963009162	0.057054010771972107
0.15725013688238657	0.1865980471500371	0.11112145790410166	0.0549742341465087	0.001044575947912863
0.5537737741244356	0.4154755893894736	0.03269343780626459	0.32824903824707025	0.5689139198362361
0.35841258193250203	0.5041639977312196	0.018468736326360813	0.7622610104856674	0.7666471906355355
0.0013610561359742191	1.0	0.35179686866271737	0.20894612105668947	0.6630828823002056
1.0	0.2685729275143006	0.5812659726947125	0.446547984483126	0.014337427793814151
0.8083764980501557	0.9945316132107775	0.08227926838774789	0.011147132066145963	0.32200082221334503
0.12888687075508623	0.3504485849050278	0.11161653958953337	0.24088443291821415	0.14007508717575667
0.0067842944140373085	0.053239432638345366	0.33775034479141086	0.13944142930349196	0.003776256836703466
0.057923428231967736	0.21537411831782435	0.0898822343975617	0.022120879024117468	0.3360867483274248
0.1155757401940236	0.15635625456894395	0.8372320888536212	0.4227539819117362	0.12734961184212026
0.22980876008325712	0.2963992429412677	0.37959849033215254	0.13534217856174832	0.34818644883716016
0.056110162842670556	0.13091262678121166	0.15566068704054128	0.5039450132112611	0.3476022258310428
0.08943960503006726	0.06938939923989017	0.7231952002457945	0.04484678043295336	0.2306340240560299
0.7836078400432742	0.14555077074003137	1.0	0.1839434404302376	0.0762720442415542
0.1193282289191527	0.7839947967936614	0.647396729482146	0.07525934749655837	0.1469905180744372
0.3318764062764941	0.24388678885336246	0.7175369130909455	1.0	0.02271003879143709
0.34284981162177447	0.013369340110705629	0.874375667560242	1.0	0.08636062670571838
0.06296132154323661	0.04891641757134837	0.08561988098838282	0.07096654095133757	0.5617862873949023
0.21849973757752456	0.6179021307558464	0.29312181445692886	0.5476405313220445	0.14863083548148945
0.031209686819256184	0.4227295174700391	0.4887485676538698	0.09872544053253483	1.0
1.0	0.4266347502049912	0.8175876457045219	0.602159310325561	0.08738075495380246
0.13735625005279437	0.12416161123586344	0.45068413276033753	0.026067385827031376	0.22675837397853996
0.09603885994859697	0.23716791596081815	0.03595835167840329	0.06766268101640309	0.01909474927699704
0.5579581285151813	0.23281822753649223	0.11601584125266584	0.6441686149590221	0.1581718083591137
0.19368993395578116	0.027516110475928134	0.01812397707228114	0.19467963654496415	0.07401999216224601
0.09791394089394011	0.281975872046443	0.576367344567306	0.06110099952939806	0.1923991076526616
0.1610165926089913	0.0447561167027394	0.06314985405243582	0.042826659161542185	0.45689693403411796
0.4406753290843663	0.02725447430670248	0.7895611469485851	0.022796773152799304	0.10746752795670299
0.09796646868266304	0.04756567244218609	0.30582041700374374	0.07222574755093274	0.07917706444260725
0.08356271167048306	0.39266210157642845	1.0	0.1176002678792421	0.5250074632253872
0.028717091744709898	0.05206826697547186	0.061359542409647715	0.1368056253762836	0.029253309049946365
0.46400719096758875	0.07684953152712097	0.31086618565402424	0.44001667723210997	0.41775844031843773
0.27839120825162783	0.17885581916475526	0.16071662188279512	0.047341208737872044	0.09787076589941617
0.23232878334600143	0.6970381528208675	0.4759374357241529	0.5907243081003202	0.6890247448761642
0.08659217052330027	0.07542359298991506	0.023941662864526658	0.24540753492562897	0.18269134575524607
0.5245039822614991	0.32086796880621554	0.2375916519328188	0.2879440642503322	0.2672521491227704
0.05044427079459835	0.7474611127485686	0.094550717353964	0.27968237086532605	0.6504417773989912
0.5046531886253659	0.05569748882781323	0.000790385655536802	0.21382743162790654	1.0
0.12761046610715565	0.2784646190296941	0.12587040363680446	0.1534913489246114	0.5309653140936843
0.15846118026298833	0.07293368039576235	0.6781327278966436	0.3015756233317519	0.7723707627637341
0.043936943242276864	0.07613586270747463	0.08328351274345716	0.08420746287500123	0.47879427754594284
0.027680342198015406	0.31099226704587163	0.1625009098718693	0.0344405483772583	0.06768364056489981
0.08065377753479008	0.017286735289367125	0.941021951795438	0.17689020971435435	0.03994699510061053
0.5980926769539531	0.2825557839638789	0.32376881700036664	1.0	1.0
0.00458273104803755	0.24482416510110294	0.14104390846472972	0.6361438310410492	0.23755540315465737
0.23067471935233821	0.25398635968789807	0.3874307091710491	0.12419893741569588	0.27359783013309064
1.0	0.3595493101380581	0.07295592400066785	0.04799527456475537	0.6148038353064263
0.42632839344681445	0.14121947719980363	0.3368097248597182	0.0044239443578963375	0.004775683596320791
0.599994825970916	0.4126269115963593	0.05887622051541884	0.011852160404111035	0.07901929647340551
0.8384982095440483	0.5217429759532746	0.7312174110281054	0.1680844485523544	0.05127330939152858
0.37779815939773015	0.14222271893719923	0.19028163624629915	0.1951683294646423	0.1155656073542946
0.35282182479715735	0.0987476400027011	0.2225070472215067	0.014547636842682215	0.4277421246580546
0.14948458071795725	0.272787621348962	0.29135893974000293	0.9728044739722516	0.10937490351173386
0.7016925933798122	1.0	0.0029942182356057926	0.597576325418686	0.48638659323265676
0.2911856613353733	0.00928387483614004	0.48149759041226226	0.7305675212121813	0.4000805752211275
0.0951726560499075	0.6638462705763534	0.6974610364840533	0.17918373525311262	0.23478514177865709
0.44911355244347634	0.1451549627569991	1.0	0.9981036346399206	0.11616109243987062
0.2669067826563637	0.29267896375736324	0.015337465860365945	0.26431485902642576	0.529173563421158
0.6824902700294195	0.2537516318676667	0.27427697248961924	0.22950865747184784	0.19490793851545182
0.13346876998864995	0.006263365956815064	0.1334610837270603	0.4556496014250888	0.19997179311659813
0.31671256168057643	0.844066787110206	0.3885692824961198	0.0901511901455331	0.7360909694164539
1.0	0.6360418235339469	0.20731892912673708	0.006772437061777727	0.20477637319642453
0.03301694878883599	0.4711930792624511	0.7004129312139133	0.028048047997275973	0.44165976737599233
0.2919816961172052	0.3910260724578386	0.2848785712966077	0.4973031959636989	0.31115699765300325
0.18010726020000906	0.43978550989241316	0.0035898514369520494	0.4631784449096775	0.20540789276042568
1.0	0.02478314035941251	0.024869891510083383	0.3106667495657334	0.40972629515473047
0.7575716359828705	0.10917104490733595	0.4047784139542153	0.012563738739892765	0.04520349975219869
0.29263953891082845	0.3404553266807138	0.10906660482303539	0.16506506382568184	0.5779368244991206
0.22407024979976922	0.06955592452163539	0.17012980373146785	0.024507486485292423	0.19488082197464954
0.40176190298888503	0.24132764908831467	0.1996080133059252	0.9989022902338062	0.5940759432405953
0.40041015489949766	0.015239454739445634	0.7847547682484585	0.00757649898299132	0.19125649231969086
0.09417427056045151	0.6756842937098121	0.7192306103436498	0.26166477003305844	0.006110857012009959
0.25613168816639503	0.14038411885817156	0.5316431417927996	0.16644172529084308	0.2922358269840111
0.6273166876960784	0.07271742426848712	0.07067926146372411	0.10625248506467454	0.4379582113605399
0.11407962530239385	0.1379224524396929	0.1383196904752459	0.10196964916008122	0.3281688090239619
0.24797397315512978	0.9809752428515912	0.2016236141667097	0.097789254675152	1.0
0.06296568193666106	0.2809234873987061	0.03515264283959777	0.24903654859426994	0.30748577474454253
0.8346400454323478	0.09797713873435206	0.9515478124270511	0.1397640513498087	0.4537064699988208
0.7070920872322849	0.5172733744512759	0.40762499651572665	0.28312410306881536	0.03424461806351001
0.2225155072598987	0.3225607469060097	0.3809896997410119	0.05807003593246317	0.4549642462414636
0.09537177360752093	0.000329098925979322	0.03883101676931864	0.30370650711432884	1.0
0.46550867296313175	0.13356357912139422	0.27447171904666884	0.2135007694403389	0.329962204949295
0.4016143030471551	0.16741471214499945	0.6046590619428797	0.37952947863561276	0.05009695262382257
0.5456802150034237	0.37112972882836026	0.8299221016906049	0.4074731013552513	0.6332151553142146
0.318944796690456	1.0	0.1342159997877981	0.12852462352895708	0.14445072028241196
0.12707563167822503	0.055953653177813374	0.2687646777247932	0.09591680811169158	0.3365793463928981
0.18066851233523926	0.09061570406938535	0.22759364393097392	0.957829837212202	0.7736038382134346
0.10670083695969831	0.31860417463237567	0.23619323169819845	0.6114928520579009	0.0012633612237455424
0.010280001969174795	0.0630482233284002	0.019681561537621448	0.07778661594675544	0.3212871969759063
0.03434504662731794	0.2882639865920143	0.2715796376829973	0.2030793327660361	0.14119041402315247
0.403399749354026	0.0423957182623489	0.4952111021298111	0.5397571844249675	0.23759295156246008
0.03928226130927052	0.21445664623855706	0.19991635592280815	0.6874480061694968	0.17970742803111844
0.004234235939027938	0.006936618999611158	0.07450440040986944	0.08025835887505912	0.32646792653723106
0.33793513416394855	0.40909907077091995	1.0	0.7355885419916378	0.13730297444207798
0.3324692524983533	0.26134271972244316	0.45972361957319247	0.4210248402127012	0.2295765491724413
0.24589676138344552	0.010329015982804245	0.2589399702472238	0.04057635391959314	0.5502043483992592
0.5307203002008767	0.7332482165216694	1.0	0.6162724314007405	0.034372850943816806
0.4978480381153718	0.3990665622312585	0.24973601541156248	0.3812599649941834	0.05479641150810624
0.24216584953014184	0.153778027074842	0.03761257994285744	0.8613204983600731	0.8346590780735628
0.5736372910903964	0.04260835572618001	0.08206663677926589	0.9129168851900923	0.20960059342098664
0.8213852686994253	0.5983619273755504	1.0	0.22170543033266027	0.039523031152974356
0.3963861684855144	0.05941786860423341	0.195031009882155	0.04825088091578374	0.09561773349319115
0.6667931666927467	0.24593837738705984	0.005919431026922263	0.004485099934895846	0.4068628104250477
0.4154249329593755	0.06294171399800919	0.4081592718498352	0.2534614738458421	0.13086837010593894
0.2290533169180837	0.017123639289180165	0.014775559655637035	0.8013971117305444	1.0
0.0534783291511647	0.6327692110927954	0.3217521300804437	0.025819059569049316	1.0
0.14274634480735587	0.23731031584898657	0.08287495961487062	1.0	0.09316855300351405
0.04334117574748071	0.011928818595910311	0.21953859738349563	0.02499567538614848	0.2731222147337947
0.656535335484439	0.13245566682160984	0.27293720640329744	0.704978474624553	0.004232091435659927
0.45821046897753337	0.36404793513604816	0.3215584278015645	0.4269615083220883	0.002054591784171965
0.42871679255790357	0.8467137115460861	0.08441823721150933	0.6365175805150158	0.25464865231920214
0.09454808823730321	0.27344066432201297	0.9046703690115347	0.6548894097362048	0.06416062095325883
0.5567559029872504	0.057153747622408504	0.4299466353579924	0.14483071957123667	0.003033515620289457
0.04123447824284772	0.20249204872920495	0.16233242565562223	0.038407895337924006	0.0709972518611964
0.6036586750462938	0.09112762467705007	0.07066598350301222	0.0309587050582108	0.9792131069480661
0.10668994433138541	0.09189386175004254	0.5425550209578788	0.6921495661105864	0.44001548252573075
1.0	0.2541709707632371	0.311735811215095	0.2851577071437104	1.0
0.1609471993148436	0.030195490523402622	0.3549929170999447	0.4423853623985551	0.013497649251665874
0.06007753598052691	0.09442482225107979	0.14034470804953883	0.07544891886732938	0.4520506599877607
0.42574072823868214	0.10975942843640392	0.4219283766817096	0.05400710461672583	0.011729156930083789
0.07125705634223566	0.18116657698156233	0.02603121087331475	0.1951651978793114	0.06664332212191047
0.3226541959137879	0.13816799897331639	0.2259438832045245	0.003060942624894411	0.11420140901137678
0.31482775584009665	0.20149596395240818	0.07844894853789522	0.17867532520387694	0.5118333417078524
0.02500587213336841	0.3584498093611046	0.1320608330681587	0.08776375712030468	1.0
0.04106226920263571	0.043116146317772386	0.3803530534367617	1.0	0.0855043425449278
0.2257018174126718	0.15012918351895835	0.05717831345753081	0.034633417441333005	0.45094103280191894
0.02359817237538039	0.6821050290923752	0.02819154377664229	0.05840244110414745	0.10899597305568984
0.2682819840051686	0.24811047355144106	0.013918764092675383	0.10548366829344885	0.35092701283238037
0.8661542017179024	0.31235415140813283	0.45051484925696605	0.06087660449866576	0.9027215336075625
0.08598385830877253	0.35722068197081497	0.44829761590834183	0.186043136811154	0.00434220024390737
0.007066747773857767	0.9398036315088638	0.09282499284781819	0.022018880216459563	0.03832426487889109
0.271814880335413	0.044455359045169035	0.24598056846121888	0.033712354005409326	0.09795258748117061
0.06085166246201557	0.22188068029444666	0.13387075915252566	0.27990887015605	0.017468264780768235
0.23377781410324994	0.18817868512708857	0.07387546388809825	0.1002297914861005	0.3055378264205358
0.3301283127104547	0.1920852525782759	0.12849303427785255	0.23034092484474336	0.757058581467589
0.3337946795967932	1.0	0.9819132141821802	0.10015354302951233	0.5031235804578603
0.05502583525743854	0.07521989602380112	0.2685123418713081	0.03922915598764585	0.05487806488841269
0.6769364146248639	0.29388896398220443	0.16663405267891945	0.9155916383596183	0.5479094981178007
0.9034492644955098	0.1541454266758572	0.10344963003675677	0.31990902730591714	0.6484010400932633
0.35415708766941967	0.02405169045106785	0.5540013881275608	0.2867161712216753	0.014660990634874582
0.12187946832343775	0.4031425308900497	0.383251279304796	1.0	0.634867926507692
0.819878252703394	0.6061220339727056	0.09405777197715955	0.07445049096555408	0.18145041978139123
0.6128407492334061	0.4309645827905591	0.5428274981495872	0.34566848279006585	0.23813005826043088
0.42255326444120855	0.04940456161486535	0.1504108180961947	0.14836437476598524	0.10320928444194537
0.085471821910651	0.31825770907553264	0.34811212938425756	0.25647273131760323	0.30972311921615275
0.0027353447345614007	0.1981670766463703	0.15829119698000135	0.15314617865775768	0.018217364140580037
0.43999060381329685	0.8155593082567547	0.07752215522116389	0.03867778113708686	0.4265865968323625
0.09949429624788429	0.11731291668132722	0.08261836969773294	0.28012290764887976	0.5641224647484376
0.2631204231836233	0.5451563743423338	0.1891535417823906	0.04671159254576752	0.4972886792994253
0.6095835151742489	0.9171513137979523	0.1254487449821766	0.019152476733601393	0.04919813382776168
0.5762305595330243	0.10763197000279916	0.2583408968494623	1.0	0.2200196094800322
0.01616516497129548	0.38276971510916213	0.6233764154418411	0.21514642692367936	0.017353589581183736
0.15889636919047068	0.47055204271057166	0.279333503587274	0.4315328811476554	0.6729389844552479
0.032591565273867314	0.12473846082733055	0.005891975590428277	0.2912647605068973	0.5818908052503913
1.0	0.3269157992553116	0.412433923541746	0.975755538523113	0.07773695894125578
0.6574936024050854	0.2402820310066445	0.9066343023907673	0.09937156081378576	0.20662875160482935
0.47264860948472937	0.4101756633417704	0.5714838242292775	1.0	0.0766436667094647
0.011598151492249825	0.5524462949350697	0.18893208902802658	0.0358494001497777	0.27358081488817126
1.0	0.3641718616870502	0.47926360332156537	0.20408422055954195	0.37779293892105764
0.12449680328024043	0.38077485350397955	0.061583136349203475	0.07540350001236858	0.2154181007907283
0.021435691699685615	0.5352925657504822	0.11588595057059525	0.0010269982090701138	0.01806957348003545
0.03204329676503744	0.06682384331033007	0.4137792348358572	0.2366045982020404	0.28004182521609455
0.5586842991336973	0.39327680094618	0.24576095202747233	0.28500981548994075	0.08343366160378818
0.15942005287881908	0.12765626697264124	0.3615662985737664	0.11223710239505799	0.4158893256032116
0.09630037454860602	0.030282999828064847	0.14309955798319315	0.7607256959725123	0.7397289019353435
0.4480556042806213	0.31886418932243	0.44383037745490195	0.35670161494188307	0.23863128848728737
0.9514888079208673	0.4738621644050757	0.04336495417828011	0.171220998930433	0.482964172427305
0.6483396015678508	0.026377485118220925	0.1736864184944627	0.22727260514619668	0.3544526589478277
0.6124016894030849	0.09841246382633036	0.24335466482942816	0.029843825546207972	0.324069827015943
0.9353960458960184	0.034227922104057174	0.49107147391782247	0.5381999553794703	0.04932563127431278
0.042460425591981314	0.08409441878764445	0.03151737122611943	0.19850522330059747	0.21572601318265566
0.20853951923350533	0.681674948152264	0.033483421455859044	0.151918513706862	0.19441964737334846
0.16875991863786308	0.038911127357194965	0.18447007434245058	0.20509380622410092	0.15300700992598
0.4898903508363474	0.475962173307905	0.3131381241091786	0.5754910422444341	0.7936650060302485
0.28154387512778317	0.1268841354378986	0.2605935620152583	0.6892947813575918	0.1259165340929494
0.0030121951215861063	0.08186184196379102	0.0745415726901882	0.6489065097338458	0.4227111583752497
0.08898837849750639	0.8997165819449415	0.12219327438171884	0.025565733841390548	0.038526301266095304
0.008015318005065157	0.32101098741124795	0.29507756065166635	0.6112293817852749	0.019582668253074784
0.13070043971091316	0.33388524261372265	0.4524313645939406	0.8186275643854375	0.6397606478205163
0.006968132866381036	0.3868474483181498	0.35614905808586367	0.28471739988823963	0.5337581640304759
0.5535812615995824	0.05927521144088685	0.5258980578589311	0.3079294674124394	0.18111700393406396
0.22926177331491332	0.4117512045390281	0.657184836964576	0.004687265580383004	0.14455741106073647
0.013254592235874049	0.35171020860902474	0.1799226080481248	0.1632353418288327	1.0
0.1491402878886558	0.32464418533776634	0.37200517793469695	0.366441664555064	0.04200664646546749
0.7414287838149242	0.40544364826613116	0.6881340320723849	0.15947753991344008	0.11976669394291112
0.02129771119807451	0.26342765925998396	0.23148937693747304	0.08688131559070252	0.06641438536058178
0.4070973000763025	0.7154390364405785	0.25209166411799666	0.34414848153319905	0.39849643918886196
0.2975704600970323	0.040729874726840906	0.1896970453413865	0.08716442714481214	0.18061565348900835
0.1801993677122826	0.03116719071588676	0.12616834340703814	0.11908574714533465	0.20764959644785863
0.09718935716398479	0.016857365417140124	0.8867839432842276	0.11088397797492856	1.0
0.2773367284804727	0.5140766479223154	0.18601887293790234	0.13978990320668996	0.22855783678475552
0.7888015883955009	0.9291975707742766	0.2763665443065789	0.1140801727320585	0.6523316866247008
0.00252307785613132	0.3044507352584947	0.37672850622262394	1.0	0.033788804540401715
0.16823435340179813	0.16947588497182187	0.059861267862073804	0.33903948687707713	0.33143694933986784
0.3337260267266459	0.20742970355467122	0.3204586392017078	0.3438530081690178	0.399109047244599
0.21747422429309649	0.06933954949574568	0.2321674182932569	0.03421777535357779	0.09622684899868655
0.16962979721216717	0.9945992680747157	0.18964549224404442	0.35459280676118893	0.3742142116666346
0.13054743656472373	0.3834605742654418	0.15759074600317122	0.5572973105491141	0.056023370169547664
0.18190027188537308	0.15509404504214958	0.31455517172306147	0.17386772815425794	0.06693584278802243
0.024269605962729007	0.4453904171817988	0.18523302696564342	0.05906933438707415	0.0980406634549911
0.1865267405925762	0.45214226543205793	0.32733278932203247	0.31390276188888283	0.9363298098081141
0.21067740704126428	0.3276850169199833	0.05187881320875196	0.12004091259774038	0.10475928443747971
0.45238551612928435	0.06902766511294585	0.20307434055478585	0.6244292427254409	0.05571346974463615
0.33120072251980665	0.08747964738676757	0.21163871843181106	0.06895422542357285	0.039919961860539914
0.9061031774357344	0.09942617475959863	0.1038660341171201	0.23551646668219486	0.7629453198631012
0.18969601059475344	1.0	0.009423640336589227	0.04714652896064086	0.05202069656079685
0.8426377533398585	0.031085123206861014	0.03769539080330641	0.3555534119830003	0.14150305337237187
0.3420048761704619	0.05563472800176143	0.4415551206798623	0.1512559873647883	0.004398146291380572
0.5663169042111634	0.46431532210499543	0.0005542904343406032	0.2585290324073315	0.00927167229745838
0.10204795704551341	0.24607211464613854	0.09208196133201825	0.06579424966170078	0.13598368603398206
0.6090170695655219	0.04960827186418688	0.0022291893140174604	1.0	0.6213634435822811
0.44192475163829537	0.01850073431063866	0.44897017158837016	0.22165667362102306	0.23882036711559332
0.506348951043488	0.07844531521949427	0.1938195643485934	0.3008104645075831	0.038275205211521245
0.031185401122131477	0.7588813748289888	0.20700063498347895	0.006142917586654878	0.17120950257702897
0.10578969866377975	0.01698954088196416	0.17177571309503417	0.4915881719011322	0.1162850675636601
0.0745027275305036	0.02671478313852217	0.06029288570426783	0.4750759801069947	0.29770540404013174
0.9808992689085452	0.061805520563770824	0.31818047354184614	0.07956768838953565	0.9702733726216376
0.8109680845143104	0.1710118144901472	0.020907841668661036	0.05622317777473552	0.02411124097061939
0.10703846251653527	0.04049038573081144	1.0	0.6962520649702854	0.5858128711885149
0.14181908397478454	0.209533325450017	0.044629806782026625	0.12547854496070554	0.1591452537400509
0.0034228555959975675	0.5138205376715744	0.17751947696696993	0.6743398274304895	0.21340105168210297
0.1455188647473249	0.3350998757672012	0.029892989867693523	0.1230045412274656	0.01657053971674763
0.03210254776120798	0.9421859185817352	0.21543716234247093	0.13419236774463084	0.16460764917532716
0.20322165122276933	0.9608471642688265	0.11957958715175786	0.48279440149895486	0.6083062829114416
0.4498339425530667	0.06652085400419167	0.1555118710029052	0.1967519729750715	0.1397280688833112
0.18068254128989064	0.08870984117843804	0.10968438813837239	0.1298550583877841	0.05680191288913144
0.03449300906114896	0.19361043281999527	0.4042522524467494	0.6356401937868646	0.32586776763747155
0.41906717165710633	0.7893835124564553	0.3851344360402157	0.4265873129311977	0.07923501785843809
0.43996536039400663	0.02347939670812274	0.3929671309038863	0.05653826092989736	0.03815422263540442
0.20093884406597845	0.9056265128671055	0.12863783107055252	0.27872626465362516	1.0
0.20249662432473858	0.07490699420341992	0.003103960120282886	0.6194558914647218	0.06571814133404179
0.13129225451563678	0.1583438238956305	0.283818376973526	1.0	0.04285304038515014
0.05876771880583543	0.1923165048366958	0.5709656225106318	0.9100995698557725	0.08689589893005788
0.015037354876250006	0.1087017743532846	0.2130953929729707	0.30469797298249657	0.1101254056112235
0.26368115808786785	0.268411742949468	0.4399783572040626	0.15601903135808415	0.05452006821886699
0.6041960554228154	0.24625162416187252	0.11419619195912704	0.0864311463290165	0.42965342185616745
0.5128459123525511	0.06642384605763656	0.3524839679737946	0.29630041323743284	0.13213555433952803
0.12226219176559845	0.13951252185395716	0.04346267757216811	0.12760846157605116	0.15683367456549643
0.4829175915027804	0.422126278796934	0.0036538147205322207	1.0	0.029350414835318833
0.2182836049754249	0.19379262760996915	0.5832450442865578	0.14026529580041303	1.0
0.08222127939940953	0.05845701801277427	0.4567391134088925	0.2826274479764641	0.16989470099104662
0.06294395689348682	0.009298517410663542	0.3050602717724468	0.25542939317007834	0.07376185517250826
0.25204121887990566	0.15596743141279582	0.47398833826348746	1.0	0.29651897515890624
0.5017360121647871	0.08627028192222137	0.25636198187090636	0.8187486045340321	0.19219951486787218
0.27461941178027005	0.4911019152584597	0.5052163317298035	0.18791430208334484	0.6766051424535544
0.14841211560530637	0.06088435470868417	0.09212529876239087	0.005101346418012228	1.0
0.054206247301152956	0.201026443196307	0.08848732929237475	0.2345115382972578	0.6269085228086544
0.5402200440016038	0.7431572014701303	0.12388102012696253	0.354117052664965	0.05334386474544862
0.055920576971603304	0.3626995073534957	0.08826427769423378	0.037590828977064235	0.6768113882628317
0.4420290376409197	0.00861900001866571	0.008508396019543216	0.6378016177882732	0.12383552775122758
0.1558603700315154	0.7315350561076015	0.0008659007415071199	0.03509615680370359	0.10451243850546198
0.5455157491083868	0.27083631698640687	0.20918977647345094	0.19405279702558734	0.17097128763009026
0.44441029450034725	0.9123951229072538	1.0	0.23669574569424767	0.05142849112516689
0.06334911868640208	1.0	0.18464400372791182	0.5371153263155447	0.15766888462774536
0.14446096117309762	0.07133505327393086	0.3238946899564567	0.09372695960389783	0.27251157865982933
0.3583930992370241	0.10781840628736257	0.14315185599757857	1.0	0.3261684995875832
0.5972306429168683	0.437369564846107	0.14725981786646256	0.9999927168211558	0.009569033681923328
0.07662496598214243	0.1938585836213155	0.8443719525917556	0.7952479783519856	0.2752697521065761
0.011782180636326058	0.05281544610775086	0.1625022829374639	0.28512487055698027	0.9438689901641704
0.04459945824018746	0.5978050432512683	0.17908636808881762	0.6011619403687973	0.2245430101274423
0.19666757623284367	0.34680487850596836	0.3215454236633201	0.8578545555601096	0.7102457626579415
0.07579437949173942	0.4558838404656969	0.07642985697128565	0.6707027711715848	0.08166427175212501
0.03485862583945108	0.013695707119837858	0.03071413724053946	0.2145872794075059	0.02120933504182897
0.10125420112587054	0.1038378517584525	0.09117835335335173	0.06283777798551991	0.06042563170933978
0.6718272348614807	0.4293241341888534	0.7923883634076051	0.7741455851876756	0.45812541846338284
0.12453007972024634	0.338388456537725	1.0	0.22088941070230433	0.42240285484905093
0.40763292867695855	0.2915817507693681	0.07491710510519799	0.2276441464425386	0.2064828262446015
0.22146597540584886	0.0978654037332513	0.37553385320151594	0.14389957800758804	0.10331266754506371
0.07418662112460886	0.17317379783323963	0.06519027917751884	0.31322936125702183	0.021284587311400215
0.03154770385875149	0.04392952207955639	0.3293467066603064	0.043906270688609396	0.12720902711817422
0.4645352505541557	0.0009973773257719264	0.02766895527821807	0.20816190276230404	0.47783436356420295
0.04691405698204256	0.3855758622342224	0.028653993435021823	0.18536531089381603	0.454659573870515
0.3774330318275287	0.23468393807710777	0.18321978747703804	0.0374399597401383	0.4018141002227756
0.28534918368385187	0.06241243829460097	0.2631977291613314	0.5850353424156609	0.056161951565692335
0.024315893970478255	0.26822878757511803	0.30412693920592443	0.2475793244979743	0.9982170654354043
0.2217985597468107	0.04162094016902796	0.13026276723186203	0.07732309973427472	0.14612870420170618
1.0	0.4689231493911772	0.2344597375822289	0.4462383738905037	0.04643428014122252
0.2768794822745099	0.11870719341244006	0.016082050686196264	0.19775538448025567	0.11581754555688953
0.05551758419735779	0.06982815266402993	0.06586875486448522	0.04541689371792489	0.24279250865497512
0.10450998954701152	0.3319435945259982	0.13089057921120742	0.3286599456976173	0.155125001007327
0.47453586739863207	0.027545477970456745	0.6475082785327554	0.0439533807958132	0.6010247808530261
0.04295841853322411	0.40988896941273195	0.3716530133528037	0.026570266838109136	0.1764253153344406
0.018113153809232285	0.04296512069507727	0.839195200168407	0.1764012426686606	0.7553214077798877
0.054936116661477255	0.6338792260463862	0.058317994950640516	0.34825071817868264	0.47334175910799825
0.2870840307984996	0.11943438769056572	1.0	0.26431003288717253	0.07739490168500958
0.5076053285980295	0.43319995194799427	0.6593872925027034	0.197207760794458	0.08554146787810939
0.032867360627774816	0.09312822630291802	0.13797594132156715	0.13760306648070986	0.06235285970360592
0.5192061893648471	0.03800754413443036	0.22447613344652156	0.27533685684498715	0.13581046763270269
0.14706081112569308	0.17171624156216794	0.5885408947119588	0.4078234538791376	0.16642587783058838
0.3328144193999129	0.013694606569145189	0.19632638636076036	0.11870635134043325	1.0
0.4777641169088308	0.13019845525916046	0.8426444711470705	0.05551918421953393	0.09641160802208497
0.14106001693232229	0.4183469029508715	0.06062365221174568	0.3492416296554122	0.546883469451338
0.1489345237857346	0.8903774769748111	0.495763453781496	0.34318254784228436	0.022675979915362177
0.28329650064550643	0.2426498707811769	0.16832678127593262	0.04962403699755133	0.16669239451973306
0.8746923784074517	0.7039002269592525	0.21118164156247876	0.050979562221011646	0.2558056595986973
0.03279432761441325	0.23968670509036566	0.3396159265506006	0.014159690407811516	0.15014833436316596
0.0441596305941395	0.25217984539398336	0.13050639808322664	0.3038157711480084	0.046333767467562424
0.08004703739278972	0.11157345236165529	0.18607095689569636	0.4173316293801927	0.28196179683545686
0.373206034618798	0.05307491318675023	0.22704751095318387	0.634943686923664	0.18274915697879748
0.6641270499404973	0.054803894073555494	0.2476381106346145	1.0	0.5637046988225864
0.2157125337036397	0.12671958221899793	0.05069121714247933	0.23556997432924215	0.7236826810011014
0.2931558928840683	0.26177442749968766	0.14402515104584554	0.5686273613464983	0.11508983803417785
0.370224458056022	1.0	0.11204204993555122	0.5943840320366313	0.04100162845588961
0.7834386412350302	0.1738660991515765	0.23549871898295227	0.3315587452208967	0.16300931419711376
0.2100595175916805	0.35510278691554714	0.4997228509309013	0.18274079753114725	0.03718600978078155
0.07283078561305702	0.20225614206909528	0.3619895323924205	0.643823595902282	0.01934161175005669
0.2500533900630809	0.0668368053857024	0.32892331667695923	0.18850709470014862	0.340421216981807
0.4948150547423233	0.20066883731421306	0.5659681707003722	0.3691329518938095	0.23014342345128355
0.35096917398630006	0.028207564875166017	0.08711487795843163	0.20936392030586	0.1407487156959561
0.07454457911706679	0.49544789935204914	0.18234761081259945	0.29004609538046006	0.1089816786196418
0.268889453367887	0.5257715346346641	0.8995413336882404	0.17562296264731583	0.04600052614644823
0.34354793403819767	0.04299491678775315	0.10019978672106988	0.13695110810629663	0.89999553767744
0.13186855498477718	1.0	0.020993537630293605	0.1704577284721946	0.011957005449310092
0.40921988344280247	0.1551531558914108	0.051693088388518264	0.9578249665009554	0.26700722530935955
0.2737870071038505	0.12229376354251327	0.7437317949104919	0.08031735988201397	0.3705955961404175
0.17729432605847076	0.35729880590098273	0.3102288393621068	1.0	0.29349705563076706
0.28963097463613585	0.10455265762155622	0.29143655296346727	0.030789860992240247	0.5170532018258318
0.3629812858927362	0.623978397132133	0.053946267033555026	0.3879227767110971	0.13989087014229107
0.013042846339066131	0.03964280376930688	0.37477989480557716	0.5142517299769624	0.4003619307442942
0.15107099842832242	0.7555057564999462	0.3128492184796677	0.10014037884196547	0.10474552549776489
0.21823440567401725	0.16973757412342858	0.16326096946985794	0.15868344846341023	0.30397397202874166
0.28232991759926446	0.09498365458332889	0.08379206139031513	0.9261765088732049	0.21503646130024592
0.18162170252274873	0.2540675559976419	0.2551718431366045	0.22277959169552264	0.8343072855683993
0.07412648228188079	0.01593738295317314	0.024454305099342603	0.8155065025452782	0.7577245649271988
0.003858017387056983	0.2173095567880244	0.6950513043204787	0.30253913812528205	0.15774484907140496
0.01837752384475066	0.3016596230406049	0.7245982795743909	0.6611650567592932	0.4073011841381308
0.08841639010501373	0.01822146225533004	0.21033144834274695	0.6517977214510262	0.06679742247896878
1.0	0.22869903843851788	0.4192841389357464	0.23726952479885088	0.0832077781995637
0.08529368585702767	0.34725967209318437	0.004306111678206753	0.11585949080280941	0.6276104813683979
0.1288404845485459	0.2630055425676551	0.0030336806855327924	0.15097375910997768	0.2604702171469674
0.0413715440754781	0.09009060908979663	0.5030200701425362	0.11498627510822991	0.007595519740943272
0.3249695096782293	0.17431399135127298	0.29550623392399544	0.12020220832076614	0.843976365806857
0.06182149991398706	0.15341870327263873	0.11535476607499018	0.4948485265833117	1.0
0.2896176523648068	0.5125876745170721	0.24970947033791355	0.7164079324624748	0.2548117075676316
0.6976066497523992	0.07002060581693985	0.27485544901291087	0.18683135448398	0.03336393604688135
0.04114401280819702	0.09209246758444856	0.13489231698976129	0.12919006611981348	0.7971107251411128
0.3117274001488472	0.43715235381171297	0.3960551635822292	0.4279314025101499	0.471444087647239
0.5082311504606541	0.12324687640550577	0.46181404536028997	0.5910531016021136	0.2274113432702554
0.7045457288785184	0.2148577890827403	0.034301284029727236	1.0	0.06064207039617878
0.5217601253699037	0.04312923976920157	0.21089248685375192	1.0	0.2130496045086113
0.5615957291719246	0.20365622098273814	0.4944437323189176	0.6124888698214791	0.018141884015091692
0.18599299613876208	0.5608197219762165	0.0020933450739642097	0.06162294055231157	0.24368603826469398
0.03584443091020506	0.14695042246846649	0.07338494232618785	0.7635138814957795	0.5155522909310203
0.005785477173002522	0.7621801832327344	0.33985286713733287	0.36060040587913067	0.1908920114407191
0.17543727907357898	0.2059710240004263	0.02949498421525783	0.2161986472934028	0.18067329322978934
0.020124812744555066	0.17617044284509153	0.15961538872563977	0.03503482672902424	0.0068353178814863705
0.47924072475393004	0.006429431705445068	0.3567601385884957	0.5347655725970366	0.24567708258947252
0.06959219697257003	0.2720733126664268	0.26072756080620263	0.1827250548561606	0.5557397974557153
0.1850115981887551	0.042577568824961644	0.037866184431826926	0.023560149855230632	0.1594877557110175
0.06802386995415143	0.8041566133309822	0.464820536036875	0.6244074447149397	0.012105719364113726
0.07936613811245513	0.38203645052216123	0.05243806833669746	0.045111117471865296	0.1152053963809569
0.05536981850696873	0.5020154453241142	0.2241413000248897	0.3855383125117819	0.12370797841463815
0.7946566876432439	0.09299277802866916	0.0018943504418879006	0.5036853550977198	0.6212092883869181
0.410648715095662	0.06997198971873532	0.43803053694504174	0.13472001127375235	0.27135271446717135
0.615121189407764	0.03170194052278559	0.021622925994023955	0.026849416338986905	0.29381407319517644
1.0	0.3220212139153016	0.04136477220352982	0.2340496672090021	0.12504700158253462
0.07881474401534842	0.17732938736696788	0.48888473783989705	0.5405189117259648	0.6558155128141578
0.1469459658797132	0.1027137143100392	0.6187436129612426	0.7401817016328366	0.33488723051174424
0.20639895576313724	0.06693777954021328	0.3720191978951372	0.06634359559638835	0.03571321536720874
1.0	0.0689051375516665	1.0	0.41698558284359893	0.09852907787452328
0.07336808126184748	0.1645381854580406	1.0	0.37813050728081254	0.2440239989443343
0.04013645843735344	0.5220904951927942	0.12772086784238018	0.6630524471031337	0.303869801632521
0.9223793634025851	0.5050569262813901	0.22164388536855054	0.30317463109087733	0.1942109892832895
0.15724642374029277	0.001482877103888984	0.13779748318171509	0.39728371593726425	0.09472005235297308
0.11495703091273732	1.0	0.5781342321461704	0.341648691017557	0.03367303224647424
0.4339529166831	0.22959902465597604	0.11654991946214607	0.33080155041831527	0.026589985469507513
0.5476498851005133	0.04572341212450421	0.4589480640863089	0.5250471829831163	0.31019177833984074
0.5214169819178218	0.00767587817533265	0.3669534897301172	0.5708754073229502	0.533180887766838
0.07228461445237458	0.19211076231430188	0.39799172907996694	0.5353103428153841	0.624971204416152
0.6338550179024031	0.2344235517043209	0.27900722143273204	0.7571168704062307	0.003654091091543541
0.4748675168223927	0.38482626795390895	0.6493970414867649	1.0	0.23492133617472336
0.4930131295699205	0.5347238087598133	0.20943483191606463	0.11162979848347339	0.104951449283683
0.2700595783884891	0.2975919130959749	0.04415737220348387	0.770474182476362	0.2374936868764028
0.45993576293033367	0.5895809518628552	0.48211845287890825	0.24271137654982683	0.13536177774644842
0.0943741494284754	0.19017588377092348	0.3222244030830101	0.002041283963538018	0.11396028560362689
0.5864059753985643	0.28600967225130963	0.08072568544349448	0.32482614701281337	0.10675401138083991
0.7684876916161674	0.06001891560146699	0.1282670683707694	0.07781108150695805	0.40033687718502914
0.43754955807813367	0.5941109271269834	0.9876581823099414	0.0008798998185584854	0.08696218724720443
1.0	0.09129584961390355	0.027751375581808246	0.4490836642933023	1.0
0.08242161750892275	0.15705711764823568	0.5724461141819345	0.4608627709448002	0.03351540809837193
0.6430262380492985	0.2417213567949729	0.36839273208209194	0.04612440941038134	0.46741258996431734
0.036904406238389253	0.15328470970573604	1.0	0.2244070732916935	0.025592644829554593
0.0988521607449261	0.1081749549923951	0.46289155658198644	0.5210948557238347	0.079138897264585
0.21798348253219546	0.01645141404875421	0.8790456873772935	0.15650310411582355	0.06907059193821535
0.6061891543595368	0.47358203918053726	0.19370835118922164	0.6250879711793804	0.33480283888564266
0.2672843496246065	0.12032217415483021	0.1818889412255636	0.07936624694200727	0.09460957473180641
0.2944737922484804	0.21388608431576955	0.2278867593285584	0.07309592563342965	0.7606001481686475
1.0	0.21852234435645135	0.45365108329825055	0.6872691834965549	0.8856819523094642
0.37228375940830327	0.04665821427223926	0.22952914853980738	0.09322598230460964	0.14816695013012607
0.516093827851534	0.033312974923908174	0.08940482982125944	0.3013193863065303	0.230759738860547
0.07370646569625594	0.15502357234505332	0.8766127248179713	0.09193629218471991	0.08402098796571002
0.2746134132884948	0.2541703371508522	0.37034432046900173	0.041432007121920696	0.0868414574511965
0.3485452910097327	0.10839512895551462	0.5726848552829154	0.3556006199578915	0.4358200570850066
0.3404819758074644	0.8822389318362979	0.015657837638908944	0.46913681629785475	0.08058765152020701
0.015326492953762455	0.6695366380497852	0.21147685097056665	0.09770974845358651	0.06881297029462119
1.0	0.05058060471177329	0.6555105299205946	0.23060266145450836	0.007088738893815527
0.3785276659184557	0.32368402432967136	0.13388734670592453	0.15161433372824729	0.059447072443471125
0.03380658797135936	0.20129960810590972	0.027961094640074142	0.1904882896693102	0.08548402120726781
0.13810283248416563	0.02255417185238275	0.12471621762631889	0.23341572433659458	0.6602509446786983
0.26798282474608853	0.4123431746783904	0.022543479513102333	0.5887671544975253	0.02090593889025986
0.5866049000411365	0.08436046185713955	0.01621356603746135	0.010764068496909555	0.12340687463975575
0.286555987802426	0.4996471917959584	0.06538276269998176	0.12014747051519968	0.06506448349411455
0.0743075342187483	0.347238818697682	0.10422230317345411	0.01758508009617442	0.08242382630438883
0.012253519181554725	0.5652483710912974	0.13711150986362117	0.9653029969771691	0.08402005484431037
0.11494460367115772	0.2549379722102219	0.6053907945866285	0.42728246538389275	0.06758652726527019
0.9353107764879847	0.29790076373438895	0.4568271686563234	0.5048604799261903	0.2617994134278697
0.1861105984434598	0.34147519148540756	0.004577998597846115	0.014457226791702546	0.32396829726031956
0.18393447431499343	0.527457669387871	0.03977956544902115	0.6262292651714424	0.9849847187894819
0.0544869860775766	0.3050245696806054	0.500268613002586	0.1810093665324861	0.6462461221293911
0.13030162455614472	0.28926398260691044	1.0	0.7325962631004627	0.15548284228829215
0.2600367695480385	0.13922035294442295	0.40316637372040903	0.22277313765279658	0.010785396419164907
0.5306771107114616	0.2552576235425658	0.02899526805641204	1.0	0.24016482141062287
0.01781909499201252	0.04941558248738033	0.5923271217962837	0.13553432317972122	0.006525143859301404
0.2505067030189314	0.2263262604372468	0.0828524617583752	0.10830107873467576	0.135825025907468
0.13579396628032167	0.39857601446279506	0.3530590085836015	0.009306688858427978	0.10077419478922567
0.2588324768470369	0.9382547432953399	0.3641794330509104	0.7785891992988523	0.1276926599142772
0.0030838327538855207	0.34859849481066435	0.42256285654228504	1.0	0.6303285645542973
0.5565684949426234	0.3794955874911489	0.6633579541182789	0.3298854648498969	0.0795166931998612
0.19773683324437274	0.3811378910316628	0.16948589007815137	0.0775367116599579	0.2909254511468588
0.026786539512596817	0.7773324537657632	0.548668506439249	0.10504968728295482	0.7476152521785224
0.08099203660885752	0.023917454539934564	0.367118690352395	0.17016499599681423	0.16554754677248046
0.19706542204565117	0.10541012984822629	0.4223271102446503	0.027190848368186145	0.06866106038992525
0.44281110860921147	0.41942696012168457	0.11324602063791475	0.2457184446061051	0.04222712321911031
1.0	0.0661292803426203	0.028114588439127907	0.8517965431459141	0.4138136565512327
0.20772465645844473	0.11030722804320667	0.02780807952494254	0.1253984341883072	0.12720245791711415
0.4415948997072023	0.027662493638987193	0.039260080847318427	0.09744046532359348	1.0
0.13119885041668533	0.726478039314778	0.27288484649592387	0.0016029200180750502	0.6404997683121919
0.12972735135519514	0.17700998820505268	1.0	0.17008743815791386	0.5256635051026349
0.31143669965543747	0.25333235451879005	0.5139096061311824	0.4294249638958872	0.17324269955651125
0.481400069024195	0.30788343232332327	0.13096018103677287	0.03297877872470627	0.9390754637145512
0.3588325051712955	0.378278933298762	0.1455100389582779	0.2697183834997715	0.1448865838946814
0.6559585361683232	0.1930083982148078	0.08245962968650643	0.5317873019002191	0.27628406282184775
0.07705960359339528	0.030033260857497975	0.07884870456134059	0.14892709479644786	0.14106580010278236
0.4569261098342736	0.025627056567870156	0.0021334057794560003	0.10377342400490765	0.7118131478675996
0.11361348790649625	0.005258077864315124	0.13668972451059924	0.09143973655306328	0.1351836753771636
0.07305422721821439	0.6378036387727496	0.7994441537022684	0.5384973919258629	0.23856763243697363
0.22390634599795814	0.02271557124104561	0.1676165324310099	0.3429530395135548	0.061237231636983545
0.27375262871263734	0.3106816013692265	1.0	0.014521150176639512	0.6438269060708953
0.018139660058822577	0.1389931888756051	0.052227385801950806	0.11919194749412564	0.17072450867580835
0.13442697824896613	0.30418771574471465	0.47147686880371864	0.18193367991076173	0.11526463790840187
0.5602767461346998	0.3405082679742582	0.275641626437798	0.20878704584537885	0.10223558821771793
0.4950626237931886	0.04616163782145217	0.07163961927647097	0.5344956758748968	0.2576863122968116
0.26013920102099336	0.10271058972565965	0.15492460384395726	0.2268700769199263	0.26670334139336144
0.3978451931382646	0.6397267988427121	0.563460641886715	0.20640657431971227	0.17794936888474372
0.35004018454859687	0.5181530524982042	0.05649413837612879	0.5105507467468733	0.1425099909139099
0.11390322709231249	0.13838860364688613	0.04813961209071374	0.15167028943036784	0.023360265411899114
0.0701442385507453	0.12836250655185352	0.023198820111204357	0.38972166485756626	0.14647764787819564
0.1882494045180239	1.0	0.2935584135183078	0.01401686822562919	0.5626921506778266
0.8486256284462257	0.022735852480186638	0.29112096740918314	0.4374409341357359	0.1273193206739297
0.1228841159495851	0.2015067805513663	0.3467864999453296	0.387414391483435	0.21854976398536488
0.11024006601961699	0.5917500726480044	0.2850214989311384	0.5793967798615206	0.1396081992760796
0.3693521802917039	0.00806489772539902	0.13501524877300974	0.048845727571707215	0.14130904693257418
0.32768447244377186	0.6172174409869753	0.22456324225546895	0.2910177697291036	0.23527675767880182
0.20148826158780184	0.17176615607193152	0.12372325876969494	0.3918723717210337	0.07978837583503905
0.08893144765142763	0.04576495304421423	0.1620824434605882	0.044020950205412315	0.21413008690169064
0.15345811296167614	0.7058169170761385	0.23722788780639578	0.1733326204365072	1.0
0.13030171116473022	0.1546869017264972	0.212369820093433	0.5005224420529458	0.008661428142067863
0.4906710914140998	0.11740536339577626	0.2150736646965289	0.6191412814255942	0.2611382894321205
0.3296953460048344	0.7405843910083728	0.7114229258919492	0.36089053525588843	0.09750340179826471
0.12678495058494246	0.02449945177450897	0.1166035764014833	0.4488130341094048	0.17398254065752514
0.36192928601553054	0.19066821896071723	0.31588152608098474	0.011568017415749882	0.44149527395073473
0.044232623343016926	0.24638044030145595	0.13952107949691084	0.1855375969553583	0.36618581694164914
0.4404569695447426	0.054373056233931794	1.0	0.2844523285978697	0.5660069274319454
0.004897232760202421	0.3395646074702023	0.08857117006480966	0.006875645686247011	0.33626662172371713
0.039591471528637436	0.07083793012900894	0.09803052466036198	0.12383749641205666	0.16508097351829698
0.4981970060475483	0.03178045474631051	0.4411163045172112	0.14528077820834912	0.5677472379969868
	0.19247058737041065	0.018400326254684084	1.0	0.6693213540647733
	0.3427207363639148	0.4817744366316208	0.4704708226457449	0.25084077533565874
	0.039476513041587676	0.03755943170520711	0.5738102814970373	0.008058944339979434
	0.2743122881157083	0.11740381639226753	0.16171164074370414	0.08157246052213254
	0.4016151332546899	0.3339242992917228	1.0	0.014136324783697862
	0.6040605406820749	0.10151127495627103	0.473800139959248	0.3736160030736941
0.23130121267961784	0.23571397959988838	0.5872287316572069	0.7880813900975013	0.28035870905390886
	0.23894095238587867	0.06760909690096872	0.1624354464784876	0.6291392076949424
	0.1277154372420949	0.527898180071473	0.8917299285326885	0.11374002552915312
	1.0	0.2744600014128737	0.22041152903639957	0.5611426205720239
	0.018794313202056944	0.12611105826538033	0.13273283162246682	0.27745067883040353
	0.2541960849797426	0.10046103127683786	0.02034031438099092	0.29311543922636624
	0.05208632434645083	0.5465508764255708	0.11296662331881722	0.29747482803425623
0.08389171811484891	0.21952661329083611	0.07671970415105768	0.6859405045750934	0.2929946639938467
0.4432784245713738	0.1527234779884965	0.14813211562956363	0.14536046424224028	0.2755532052964775
0.02505173392824496	0.02705233481967317	0.3440775584072756	0.06801170129688791	0.15559318432808514
0.17074990584160674	0.0011878544922295541	0.15085585672695281	0.5065474014141086	0.03736178088931211
0.09671454388265338	0.07157156727871439	0.06177332243259308	0.6366099952841128	0.047222293165858235
0.310069718374875	0.025224166814632153	0.21461444708090516	0.17888404515501724	0.09024483152258393
0.19096069793591194	0.4661183485015765	0.07746017342217047	0.034338120156825205	0.26159104209588185
0.5114763978070491	0.08624243767223295	0.2796164465193537	0.0026283831076492144	0.40799879157743013
0.21074135311249964	0.40469219462442646	0.09083053653974324	0.05666526434634323	0.003547985631821316
0.7690756495544303	0.007896356092118237	0.0934101312784244	0.1994258889392153	0.14518429551087214
0.11777791873581692	0.10043194268374576	0.1097046892665549	0.121251968462512	0.2669066196643323
0.02836311259169362	0.5265457476549187	0.9587125646150061	0.01303839507247446	0.985847467521938
0.25505460786866213	0.01808361187322263	0.5836264667754896	0.051956586286303515	0.059371539159411346
0.015602758881745823	0.06262546790479734	0.8735590406058101	0.45028763632532415	0.47654528329295465
0.020819908474426156	0.5180234273370113	0.3712288333681912	0.7995034067581976	0.0431438680075099
0.047158864675733166	0.17439246257883353	0.0974947473671341	0.7927507343012357	0.04562261890411243
0.09146474500288314	0.29936251801956637	0.029880328252287473	0.07566215747714243	0.11545960370877878
0.2558431584387689	0.7617281850052158	0.6726775166094654	0.29327001139174425	0.9654218832382035
0.05072252462326837	0.51798895931238	0.22654460683634298	0.5026094531970988	0.07242359707879724
	0.38969698387380725	0.14159419715794674	0.4245058548206989	0.1816367817439058
	0.7894039504484239	0.12426951289404874	0.5286931514039231	0.6854275259812105
	0.13485061660112574	0.22068792956107444	0.5769728028291842	0.028787700773682926
	0.04699033819041605	0.8683516721205781	0.010276205755296275	0.1315894630829815
	0.021146179503403296	0.10291853196791186	0.0028527432788586467	0.24572113867842071
	0.1421711623744855	0.011859425305021267	0.6567799749401811	0.2361384772457095
0.1292813549277116	0.03491508322636107	0.08474813281457748	0.1961168741005571	0.19771474043104048
0.12105628166106273	1.0	0.09216901124073694	0.30701942705698165	0.48470710735776373
0.2506894601147488	0.7740726561906935	0.27158172428834587	0.0938839951191372	0.008899643950960122
0.7522632178013947	0.2244821405937543	0.006186368937738923	0.16818663979044188	0.08122416293824379
0.026157465929979057	0.37767471761771904	0.1283305383326489	0.2714176377532285	0.22394625320476264
0.06267469555335128	0.3255331305542622	0.5905007666790563	0.06760376606624138	0.00222681266995013
1.0	0.03146424504357794	0.04565260243179488	0.065379816213158	0.5446171129952896
0.10449482045934182	0.01759139649090784	0.04291906051593728	0.11346093667496737	0.1655719076663991
0.05859370657556727	0.14516714751193457	0.017438107303781016	0.08547821481349518	0.43529547557692677
0.6166387360361474	0.38015846132339015	0.45337288556929367	0.5224236602460208	0.2545282859024707
0.010342492603919447	0.3945566932929302	0.5024164113580665	1.0	0.02474837204166208
0.6992254675073114	0.046728027596058	0.5733578786032689	0.13709105927192197	0.2987470792770924
0.3628531200122347	0.0015823831168529617	0.4546293254635382	0.6602422278340936	0.08070584849259509
0.15764202516388234	0.007685087429163351	0.1513941356249656	0.20396512330152802	0.08522222668628256
0.07334843800269136	0.5672025520033241	0.036567956819665966	0.11206386265283633	0.15402473476225392
0.07526315100228587	0.303435488611572	0.21510775638581284	0.25142443187080926	0.3607137862442528
0.589396916873682	0.40944525864031833	0.46344182364620723	0.10838494698448789	0.20474051026547072
0.2072624947787931	0.2364641188783614	0.0017561060794332717	0.42662183515725727	0.04937342809701495
0.14303420598193492	1.0	0.2301420125789803	0.22145636676857308	0.2578733528022284
0.3018225035747455	0.17385428879960818	0.5218627846343445	0.23790064262084976	0.30559513715652525
0.6103515278225771	0.74713431611615	0.10124359188522497	0.9076963415459425	0.2885441512112247
0.002059364958759167	0.14512904799652576	0.0026294619266892627	0.4770257715187753	0.053926803743452795
0.46188999190841645	0.13846807502398237	0.034172686368131644	0.35706241754501655	0.022647827836203022
0.4779198036932424	0.19522738634113276	0.6255665217121157	0.4622500672294876	0.4123329092645763
0.1214367944662193	0.7758142267048526	0.0347202183160878	0.1986079990184143	0.3545502906011992
1.0	0.11009270151724222	0.2021431880618209	0.06749595970281097	0.13108448787702032
0.29227419688792966	0.21383509748236443	0.6988125838051594	0.06399223885779229	0.344516558082246
0.08996673790286383	0.014479739973623227	0.06581421081331851	0.008132379372802655	0.23953781997265364
0.8066042730370508	0.037044159067301345	0.04396985619205721	0.46597812983935755	0.19630851141005737
0.5509789462599035	0.09946105182626588	0.023108945092028824	0.26462446145491747	0.7227730218500699
0.12116280010191872	0.015193321337442976	0.6776830862463185	0.0980438736860027	0.06621386866639262
0.26863460320195504	0.6107551652671958	0.5504745526111031	0.22523702378571503	0.0548526436405932
0.3911931878769406	0.29912055788423897	0.12541204501010864	0.08605877838832289	1.0
0.1419989996963908	0.08466983290161785	0.0758975807805715	0.3614902416956563	0.12943950462125994
0.17086479723254402	0.8400594294879028	0.02796362424918436	0.1266451683918827	0.34047617309946127
0.3072336689835403	0.07410308980318803	0.4267068012046618	0.4213290582113732	0.1555472875114194
0.012903020594276188	0.27455666840213694	0.18293403710238695	0.03110337988391357	0.009378916360882509
0.003387997978052858	0.02535353606767889	0.7061098542169102	0.02081776789125523	0.29259466873722817
0.22482427079761125	0.3640979447857009	0.20026333985919154	0.38511652371334515	0.5602611629106629
0.27648670100361633	0.19521986836979247	0.016437838451154478	0.021998804638066524	0.12223975016164891
0.5720526775862383	0.11220785944587965	0.23761171788438737	0.3739166890514502	0.6338475422569716
0.7203201490581291	0.21384178929572728	0.0963738633958835	0.5557141416160459	0.2022373013634953
0.22940382348095112	0.12068400908399404	0.09045198226513261	0.26468393719114197	0.5987320862417824
0.22681490795191334	0.2121990790318441	0.48959883720004893	0.11920417357631545	0.5800281923373141
1.0	0.10919854223690527	1.0	0.2698768784224823	0.01474988635792882
0.1783826686125583	0.0287549204429826	0.05829096754336077	0.062433219016692125	0.1333221835505146
0.09165015908247295	0.30071642435168683	0.05533267744842249	0.3988935499426444	0.3158089029928669
0.13770284219311893	0.22727550223791546	0.3443110147686347	0.13051387832101874	0.3247472073560296
1.0	0.15826801079566807	1.0	0.6227139381014578	0.7432266541422383
0.05140894891477758	0.15323722383210345	1.0	0.05668594277125328	0.0330939560185575
0.9468900929824451	0.7749311120085262	0.3191507060578523	0.5075839267948055	0.47136835190027404
0.3689182473640407	0.29108262580607647	0.11812522326220501	0.5414077159541641	1.0
0.1203462967610301	0.34742008382077555	0.4556768984199142	0.25225307248174955	0.488146552538535
0.03316557748696937	0.1043309570573021	0.25711511912832014	0.011052310319699396	0.554668295457443
0.02243731366764755	0.13601291896006218	0.27336843093507496	0.011353207770153662	0.11686873392647411
0.5549505974802297	0.14731693541947238	0.09099089742010617	0.2705856841783186	0.13405168860831476
0.3795779700672185	0.20277075759011312	0.206407160950452	0.8595496529796925	0.16531057987750686
0.13509897724691547	0.15461229146813057	0.02699269727707065	0.019863808375532522	0.5304790605008056
0.12145450097241306	0.1897615593190199	0.575308379952767	0.3891479193517542	0.06925064416334388
0.10334576665870043	0.05494288258971961	0.19936629764287114	0.2619755813251415	0.06647272293247801
0.6116293658065666	0.10329994187689277	0.15120518628120455	0.1941032529194544	0.17369876027433673
0.1179333805757599	0.023915943891541454	0.18853338070746398	0.5430134482909257	0.04937620611909674
0.40326569244852617	0.719096936790363	0.3186938545492151	0.1920567959590151	0.21239284394366695
0.013075327593955762	0.11411513496088858	0.07693988961968723	0.13042182100853164	1.0
0.04779463971648164	0.1021591146065636	0.08593353913170676	0.5655851192340982	0.14226077136367254
0.07075446864138865	0.6687629803500382	0.12810984528153582	0.03349721394634249	0.6480834632438249
0.25962444583020383	0.2938301816847648	0.09950627611093601	0.13772422991199837	0.2791736860065681
0.13707049870498253	0.011167565841727178	0.31998592483450705	0.5098922061444298	0.15716498990376285
0.5106590786818467	0.21685786865007112	0.20796731018096687	0.157490272342449	0.130418228428117
0.9757956458659962	0.17535943339346294	0.002370245995873996	0.19495792047668925	0.06895999410470596
0.5435256357823887	0.8558250832753532	0.4256714116710248	0.1121087391197942	0.6132127424005142
0.1895233382434127	0.07055137353215404	0.17331195611991668	0.035134301425457586	0.25291846167755944
0.1658997925184638	0.22189600573562587	0.12534487328436528	0.1724120756683335	0.0970134300894551
0.11354800193542225	0.29709466990984534	0.6383393931508473	0.10867273611739184	0.3873193405389395
0.3478168818433226	0.39798863188937	0.007483358194441138	0.5959602465813	0.007063913484628422
0.04667280486555182	0.5508702195514963	0.23036345437959255	0.33575439869346757	0.33598262316191235
0.31099351286236043	0.026204581018537662	0.06373601270937355	0.27043324694939425	0.03710132864177086
0.6665547020624435	0.5532242631714945	0.01834561477512404	0.13694747572301752	0.22895193376283648
0.08516980899891681	0.4296253959362117	0.36590763168862717	0.08079993363670841	0.32260839619470977
0.39920630521219563	0.023518917376198413	0.14901630685942877	0.24502807695549078	0.3903554838812062
0.6771925717942782	0.2101486352791132	0.15260985167127683	1.0	0.3244065538318264
1.0	0.026592873819039145	0.24202564586483682	0.10846093337157126	0.17081616617685308
0.394537850476962	0.3615723920894273	0.49949459463621143	0.4704162177968613	0.23176491066973487
0.6217161455011923	0.5866180565148352	0.035169554770373174	0.040498338427690454	0.036894997277431306
0.05578045204615204	0.17457000661210598	0.5648375079901974	0.1675309976894596	0.05693373389819916
0.13726225741943637	0.16794739123004862	0.10841620350120292	0.08572807247825215	0.7128338282926652
0.21176647368801685	0.3358853295497781	0.24154467315775308	0.3506778014395033	0.03064919416194318
0.37661098553812083	0.3788489000570831	0.03826400823439399	0.3061599283279607	0.19356192436153372
0.2909524195442472	0.26790208166791446	0.12162021164279302	0.08659074644597178	0.05797618398201175
0.10964440399281997	0.7032534548115165	0.12789447456121322	0.07669465970057249	0.21076932720158145
0.14633266131301967	0.16074219709196158	0.7272915276837336	0.3898315815236378	0.13903025326411345
0.18233260757104316	0.37664919353441845	0.11232530362419894	0.03842813431420253	0.088985030982927
0.275068557193676	0.3493608499394054	0.04922285453358906	0.05036706098400092	0.2016260643087091
0.04832875067732247	0.24806665602439978	0.15933472462441153	0.10029723754641331	0.1880161300366753
0.4602883455849526	0.18791151679944673	0.08566272724326687	0.22244723334080316	0.4680722955208848
0.25899623054499593	0.2878607610716713	0.019340982634338654	0.11972498471882637	0.08838756182760996
0.9816628110365728	0.48532509473723695	0.598625002636588	0.23519175909095635	0.07609689963299525
0.19201198047088885	1.0	0.01847604789824193	0.5289198914219597	0.357186030311556
0.025272190509008478	0.27766270842247054	0.03104252323547959	0.2639918237150623	0.917679264960015
0.2317183331387807	1.0	0.42848390341145565	0.49558664415353204	0.39564220479398204
0.023516280012693794	0.5429963812350207	0.8694190930171598	0.1550067175462567	0.01788341063325715
0.0160170000666253	0.1457435349125746	0.16265180315310376	0.06623386370934489	0.11895241576201021
0.17211413776506823	1.0	0.23063129533249124	0.22740676538492877	0.2368948444499473
0.6160343151647968	0.19756745273400086	0.2636160050095839	1.0	0.32505560302178677
0.032901177956733946	0.8133141768270188	0.7208836617236908	0.2361762150191825	0.0635155262320201
0.4658861862802254	0.13028520888684036	0.36090455932064996	0.4933932695214661	0.21000511861957163
0.08289487269221618	1.0	0.39485909761840654	0.2350333061865818	0.7956755078225385
0.014395830792679752	0.21633925893802547	0.07151936080766631	0.2651647836109712	0.6118714281175252
0.0971715263921714	1.0	0.48092569404245017	0.03197804128511076	0.004593877386586621
0.08858461733701357	0.019655485046402146	0.2087420564481913	0.5823522101351629	0.13128212964261043
0.0838141120681434	0.10363425994871826	0.09807059416027854	0.20990633282813373	0.876150977928155
0.09697043095232301	0.010036273973752691	0.09827177348844035	0.05219005439206863	0.7105367045031433
0.5595976320868813	0.21364639688290396	0.2438780614422301	0.3358927837899658	0.3169836579513639
0.34804611539691893	0.7010332108895251	0.09254622139627988	0.9162605297885904	0.17689567920131158
0.5901030450611695	0.0873297428988478	0.012711454000815308	0.2133377067341197	1.0
0.005458746229426273	0.4648659811888877	0.6085996140057104	0.12195391645098208	0.08547405015472108
0.24352133726336953	0.05283649781333306	0.057413192518148436	0.1085613069790766	0.03155372596368945
0.13644814993681234	0.4492482294967815	0.09673963158393735	0.047878186222307814	1.0
0.42524454443900633	0.038151285382518614	0.9594894146519523	0.3987630496615426	0.24144152637856328
0.032490943548594935	0.8008429206665442	0.6003544152662227	0.0033433977674325373	0.3832038044332592
0.36492392736722484	0.45289499535361993	0.34182611401542423	0.08400042815630726	0.10732764858509825
0.5370913612457598	0.0361342034944345	0.4618013669471896	0.06016112763144332	0.4459996928030018
0.03616089121323071	0.9556961162206042	0.35440714796074035	0.4360718724271011	0.090724251845792
0.00900135392902684	0.09626796328537503	0.1805049747751688	0.8431941903165414	0.3186200163278365
0.3249282205235045	0.2745132762597325	0.46416238190098325	0.526014875477105	0.030417468892751168
0.3439375957685094	0.06293266345492274	0.7413158660307418	0.24388881675919957	0.10597695254653405
0.0790514927718143	0.04776470215345349	0.13077796704817024	0.8213082753570838	1.0
0.17036498529553207	0.0500575884058046	0.4051758720773315	0.04440080898849171	0.09353307730650817
0.18096343055693165	0.44592750559246225	0.26937437717684576	0.9149047358000767	0.3195474356896853
0.17162858254606658	0.06506437540539284	0.03584596494757345	0.16553025481050854	0.23145844573720617
1.0	0.05523457905816477	0.19201863054467647	0.40619215262228336	0.18940454406054602
0.2055241230192533	0.3932686188913254	0.3748434212529399	0.014135051195758789	0.23958109786834259
0.2210631899470256	0.3770552400723876	0.08969178993776047	0.14523707248750048	0.26685768149383005
0.24079241182421976	0.7772417885110661	0.02217629505847866	0.005788095744904641	0.27854415379624897
0.05198347428786095	0.11068002327862703	0.015138333386508843	0.31867086012528867	0.20780222863620315
0.1926390470874152	0.08564442734309899	0.4284716738312242	0.07056685080604816	0.29297638617163513
0.20264781077909824	0.39794566591234276	0.18640635165938838	0.5883135283377716	0.09262919099480352
0.00784827138748448	0.07793178032145089	0.18749548525842055	0.3765708550830425	0.4234812482140183
0.23890993902372662	0.170495912102544	0.6429724821702143	0.07332510000797146	0.2551404002778283
0.048595758837697185	0.9760137573237143	0.2497433570160141	0.16743457723020244	0.08821714693262198
	0.8719639943129295	0.004683649433614825	0.30711610188355265	0.05296509289382073
	0.146604753400354	0.17293851430488066	0.2564949476304506	0.017424986853594983
	0.440275244479755	0.1358459885200094	0.018157893528265818	0.12593668746389317
	0.25960516655499205	0.1744284193454018	0.15331582603009802	1.0
	0.7435889742664534	0.03901103305015465	0.12597696447458362	0.47831448370802476
	0.0660184500898322	0.34242793603664323	0.0908775866830679	0.00507696396930994
0.4649312477738181	0.006920883241755747	0.9252314102544492	0.1157154291778394	0.21472893736918716
0.6506129568424193	0.22434018333693387	0.06243533165864237	0.06791691470333594	0.2260757855007578
0.03894872716441765	0.04271141103847224	0.2519992632704353	0.3343201415806112	0.13796672228997792
0.028220596560201733	0.3504522676836249	0.10281735911022101	0.13796033346776207	0.17045995115928472
0.3323904431428229	0.22970007502833809	0.19149094443346268	0.681864966754422	0.09167255461641996
0.07733899269061953	0.17120168061366106	0.07525927205718544	0.5045602699385179	0.3519491106133236
0.16540302459296571	0.24129032742477574	0.31560033282843	0.15991128690041048	0.372947096803204
0.5522822723333262	0.7561405068252366	0.03994312193925519	0.00857672339337827	0.3133838305038109
0.34079852701609764	0.08184976145472574	0.03162662777817402	0.3477877548820874	0.5398421423544565
0.44546714682242017	0.006397309958643636	0.1219510394060573	0.24895586051003366	0.5836286429703831
0.3600592623707823	0.16666740288061102	0.09135941822068006	0.051401253774806414	0.22204246045307677
0.05190117181535915	0.23847268984390904	0.2815873465912604	0.2675679525035136	1.0
0.22467218745740655	1.0	0.3144145779036174	0.1842422179364777	0.3534910381000307
0.3985815821768201	0.1314918025293129	0.009624638861296409	1.0	0.2481814780425218
0.1533836998982732	0.022166857334336373	0.038575825574216245	0.009305636668806452	0.5129378350514382
0.843264490558968	0.013549820179157008	0.09905170980379631	0.334680668364482	0.0975635414912569
0.16924927217521366	0.6039796159364911	0.11194851340437918	0.07003944094814765	0.26537608542428076
0.6906331238905953	0.3619432387873192	0.09977203574442634	0.1356111807079634	0.26986670697667436
0.7379936733227309	0.15418270383388824	0.44203326426420125	0.0557459795475056	0.13233654870417147
0.09837633960978528	0.4459700184387864	0.18424256961285776	0.04119043619773237	0.2721995778029951
0.0968259111816682	0.13843405671725661	0.4164119061821942	0.052717421323249226	0.2817667377942006
0.32044257955410965	0.18090680756943286	0.9835293470199514	0.28703716073658125	0.077599763076122
0.4136735786849453	0.32163065769422644	0.2492203537374223	0.48682727206451615	0.012964105691667366
0.10066536786923096	0.23321877430287302	0.1450836196380772	0.4601468522769703	1.0
0.12364579663537542	0.0031761248358131416	0.1495150836691622	0.11351092341782265	0.19266978153580072
0.338736799441222	0.006792802444786242	0.10707428931116192	0.15808116625681223	0.3993293825918692
0.35308988359794496	0.0832440894609046	0.2635526725590373	0.09066693194899458	0.5245017249583696
0.08039912542822722	0.1923061375390396	0.23974732236955112	0.5021044658973477	0.008254408588012616
0.37446632712884115	0.3976355308735765	0.5793377641448151	0.07725837471142342	0.17906144037035815
0.999041554006988	0.06934775926097643	0.5090121834466804	0.3522173405978176	0.19594812314596743
0.25246208208167326	0.6855491822498537	0.49967678847064545	0.0923877157044186	0.7684642710202808
0.12246844309735669	0.30531396858946125	0.09480973589960086	0.07801529479481825	0.023955364516613984
0.570637906961288	0.46554670926317054	1.0	0.1500399881881815	0.038918678501572386
0.11457282641581203	0.42957524154702154	0.04274834976796547	0.28706852621440243	0.6403426053478135
0.014810992973034814	0.2603869133257375	0.14807135605941055	0.08979873438246085	0.26776877708063546
0.4680590165266308	0.8997143638895301	0.015017284226099534	0.2496476116873549	0.29523908984089864
0.005435286416859299	1.0	0.4978902649680793	0.1391625900203362	0.29253576907855544
0.3186501040392532	0.13806214858816265	0.10917941794000738	0.456668189083384	0.05426445205262955
0.628145732152796	0.3098218832320969	0.5957390599604894	0.05149892947611942	0.10576116224214514
0.04151638649744954	0.31323281824751487	0.4220501822713945	0.2242199365399274	0.1372904492498103
0.10135090773442465	0.14886946866320686	0.09551524992226212	0.20419038369893913	0.3411865982815851
0.5736653157009073	0.13670053678058133	0.047898896870627705	0.13200059839838477	0.1281758033782651
0.16407304574275755	0.33021745280592746	0.5110450883497067	0.12669597841254182	0.10306614224748135
0.23551602255044102	0.22994837602576698	0.06942418917718492	0.07186283264722539	0.2754820225679287
0.2309975400414404	0.7924719353943689	0.6682695179151014	0.20333835472999384	0.1568028405580788
0.17261842479948755	0.021212490091729406	0.32805849417700844	0.8017190298969767	0.0799203833924558
0.21286028938496374	0.2596337764825204	0.6402466302837503	0.016606524835179517	0.03258048966129225
0.38202919599126667	1.0	0.1982332842433899	0.3179618021960006	0.09838890177436745
0.1303591062948883	0.2530421145573371	0.3076847014814303	0.9885172037876087	0.29823321357120747
0.9186073695036461	0.2604870227021238	0.020234413933416757	0.22535130800551828	1.0
0.2159469264715693	0.01143271932411739	0.23129337017533366	0.2742851959292751	0.19204027599200243
0.11348790156859999	0.28267085938844777	0.9450485921112703	0.7373064152669745	0.4962328053001551
0.7902942439616683	0.033398995077834455	0.20208079920452554	0.03402542191347255	0.14689273594024943
0.5881370624987637	0.4121177836008035	0.022322310685429034	0.4887536608427416	0.35397707658193256
0.24014521960899454	1.0	0.5059842710665412	0.7526589920092194	0.03308559492103666
0.20013924359628357	0.0014510473403768827	0.15698130900998228	0.3400028860042001	0.09317664963053109
0.31226059820989027	1.0	0.012263017960815453	0.2398749944529515	0.053128656374168914
0.4121489539409565	0.3400624696590669	0.4867759542480482	0.33083168108755623	0.09985204295113909
0.4582191690096465	0.1458202621696806	0.02838221388498541	0.708773269434427	0.16028951071553932
0.08256903208296942	0.12624741058920705	0.9391762299034556	0.21365898143922216	0.016365606481273633
0.16017906294616285	0.15134031866207714	0.34674974021525956	0.02133475810650839	0.02867980477949224
0.2445945222484184	0.17386381055399616	0.4853144462833556	0.4477194299940542	0.08736778503360533
0.15924135565900435	0.09590511057894055	0.7566985586839069	0.1303812564613558	0.061913330193747715
0.026813170719136463	0.13454734706803423	0.3293778326454965	0.24801931284192189	0.6484108327407383
0.0405659212242529	0.1132794666644347	0.40925360304889463	0.284195399343709	0.07690347941542297
0.24110863456076181	0.031168708176239904	0.17456347795954522	0.5869352590130005	0.18838751480959706
0.2377998731358104	0.17211609363456173	0.29042264117203304	0.7976172002158785	0.09056999739077942
0.7345735607338718	0.3351001466379838	0.7557614255470647	0.5083503459646197	0.16970642967114852
0.16320518674000656	0.010062447070024003	0.1972197716649337	0.04642895893024922	0.10463218137518719
0.32474286051663404	0.02900472959036807	0.29471135951698585	0.051516337486343246	1.0
0.12402468173521801	0.5271014852475321	0.11736467106400074	0.09675415333684048	0.21952419135859094
0.19226942284240187	0.040639099713530386	0.09120004802233579	0.214243059596103	0.3840140597597629
0.09126770734219156	0.13253756253983504	0.06549739353679344	0.2622661741911218	1.0
0.240754166906989	0.33278903165524354	0.4227429743110509	0.3499937143970331	0.24660064963171727
0.0012012856646111886	1.0	0.1554399672293539	0.21634750899169738	0.017368449855354157
0.9717717895933846	0.7490076888549531	0.014820116671177292	0.0014304876018176188	0.5488419776475041
0.13974081004469724	0.3602507293473212	0.9794233917361835	0.3642948109165927	0.06849806330079372
0.11453242521435622	0.5930343380073358	1.0	0.1481196576598936	0.5265557719057496
0.20179409592544365	0.17429934832163688	0.3185025409181533	0.14914262153433175	0.40215943275154853
0.5334021036948356	0.4255353442556207	0.5945740570491408	0.13336385690863722	0.07548604109312046
0.16730643649745744	0.4348808636004654	0.11720105510622492	0.07659586949842179	0.24562075107198972
0.01807813239236647	0.06526379717912499	0.023645504202472554	0.1229723305871766	0.19648186318805008
0.4071341696659836	0.1215474091206603	0.048634660093503375	0.17244860905084852	0.062663434207695
0.27454784315897	0.5366719964682529	0.18654148399948808	0.35088469988706805	0.11179722144436278
0.838214894318918	0.6218692950213015	0.07720256497279522	0.9330607696314105	0.44435761188563483
0.18749228318380898	0.014995645116529574	0.6100019930175095	0.1624053547116019	0.6102254220034646
0.2384552759174595	0.21471420975077335	0.4106164292559849	0.3599267898600797	0.2026416096668689
0.32032487579965196	0.04622574520073648	0.19506006060262038	0.4061411453517839	0.3517775992283734
0.7097674610122932	0.12250842061380644	0.06351417306969324	0.061331492724996724	0.16938581472029096
0.2418077555295293	0.1267531915793906	0.28635239645079075	0.3211255496046406	0.052213992040670155
0.09729981953308395	0.46527462653903306	0.5149744289127514	0.32364068167415644	0.1593324499328148
0.24769279131113758	0.16396112087135103	0.1836033843875683	0.01675543798111041	0.004340632917773905
0.04894994810075604	0.2446011545938068	0.0666042529731604	0.13307161571842527	0.5695449539277255
0.3478324610335123	0.05663950887840819	0.07062455808475147	0.5694045773736262	0.04504706327874768
0.3792664612888945	0.04693925766862918	0.2093595043127231	0.4480610365110007	0.15375205281944299
0.3505922367840168	0.335800702604352	0.5405822252242336	0.01833334918134994	0.028747675418690454
0.776568572281711	0.02954110391279314	1.0	0.0858846643635573	0.3726758879240721
0.42776310572501625	0.1332040231692637	0.3576425425429382	0.007306361577374918	0.12153585765443731
0.8028259989989367	1.0	0.1090212119655425	0.18514895738676249	0.8443526226931036
0.236515306634009	0.25213685924968704	0.724170771583977	0.4612188425253996	0.36731728719511825
1.0	0.030450826998127876	0.22662220083878976	0.23935250125846952	0.3618173149093159
0.2015541795373495	0.5732169692949622	0.0907938519561191	0.1012481945563639	0.264475364360216
0.2977833077224328	0.1641916530643526	0.03374447693679804	0.21300757370232837	0.4654816329202298
0.01409392767024961	0.2538109735750543	0.07940333391234071	0.5077487823426423	0.3040233374971266
0.17681843419412285	0.24220530338866986	0.6137370303542923	0.42132828431112923	0.6324906223202689
0.06559281277079226	0.19635074952152262	0.056604095275466434	0.11878768804121138	0.387552688049851
0.05400648376292104	0.05565089151485816	0.4975686629039977	0.1538566000363968	0.09628862986528283
0.3407805148698465	0.37185874389218504	0.007949528577069239	0.14187413800099893	0.5284268307179104
0.07130994132165315	0.673569574373554	0.5509076294884416	0.9458375595527824	0.2245280038478482
0.10820415305931465	1.0	0.08439485968208715	0.015807837111473048	0.011491063649625486
0.01475130641894323	0.41335424347712474	1.0	0.10012287264595371	0.034534536513914166
0.010905192573476578	0.0031566893825456075	0.45040582883596897	1.0	0.2606228922038391
0.19617816190301496	0.42676264269605463	0.024829304336135328	0.07642859090589833	0.4647374898399624
0.043167439900460014	0.20491443292618766	0.14202871834213746	0.027818709452726475	0.4287890327454713
0.04906558490221031	0.04957139717935338	0.43063244337031276	0.043768640876896976	0.388596090104241
0.02139105363742437	0.33923064094585115	0.3577748749610036	0.10726854423239036	0.14516804906952535
0.3113768012870644	0.26179028125314957	1.0	0.07174942146057721	0.7846210749829123
0.398770370611942	0.37285343844490954	1.0	0.9345367690641073	0.2752954822736684
0.23908511734846236	0.06395434118104014	0.07695123423920243	0.41544300765466674	1.0
0.19260216180599485	0.062095958321950764	0.16064477563661045	0.5428989457701127	0.3633164608322464
0.28297771181677256	0.011436919235887964	0.3158013641136967	0.49834989647585964	0.5021998102219489
0.1281194056330227	0.030061910240715778	0.08426593604984613	0.3002991717729617	0.0836428337014159
0.17594738048697017	0.04507309616927551	0.02085026682106284	0.08919481165133143	0.17711834656415293
0.3082145841894404	0.16618042506593783	0.29090742888482807	0.023407011587899148	0.0821665494907292
0.19600406767607742	0.05695500900086466	0.24602052677102731	0.1446796577174381	0.6319282401563403
0.15396916730611038	0.4658970507583818	0.09581900273100129	0.23794252602303514	0.3114936374771454
0.17413297747406833	0.0076686621216582995	0.10141244460733097	0.008814015306696971	0.1592341746488028
0.40160036181136577	0.4864876302859188	0.5610937714539462	0.7228666089504291	0.689417611830091
0.18768249966551914	0.08941778481063145	0.5063714013428428	0.33054915167645377	0.42972175365171655
0.0907888058858432	0.14094613581005724	0.3925886204115971	0.077844201744056	0.08086894800889681
0.057401977679498555	0.027677944058890503	0.13226338301909518	0.053855885320218656	0.040144600763439606
0.12553894877290114	0.11722707802512694	0.10473290097296228	0.1610268274660436	0.26434097706332377
0.039142047436306025	0.5204475902151582	0.035161220168620465	0.22645221845213645	0.7780631189903269
0.29125914378613466	0.03385182275560437	0.4811359000926478	0.1704188361676964	0.11805986733805733
0.019020979273555286	0.0248307755181205	0.039845262211122445	0.4498888315493211	0.21192372377047977
0.5698668862500887	0.18114777265311774	0.48015837505305065	0.6626951642957049	0.028136254309716963
0.6350714980114532	0.2698192028303098	0.42444331042860706	0.17075570070492377	0.11487377242884296
0.6577727399507266	0.30074336814088315	0.0725087253014511	0.3770463640947754	0.2247920951187816
0.04464147299677428	0.24931881159238106	0.6466759992729486	0.13587451312090484	0.43706494936247875
0.15902556532537088	0.29702388565853	1.0	0.11138865453508859	0.14505432822523648
0.21170559290620747	0.25840225161313474	0.7083560097527439	0.2450120829855661	0.10791721033743587
0.11632651659951893	0.423920795129846	0.1775620029856477	0.23952549188363415	0.0650321416708068
1.0	0.6097877494714041	0.14162516451259508	0.19313815287456929	0.24285020575684338
1.0	0.5556843180773066	0.6081182215237763	0.9342267299864468	0.3741701258378424
0.6953372977526416	0.5128308244355201	0.1706249376911678	0.10523774910970309	0.4971136852151807
0.3589137435758631	0.08050755428932128	0.12813738633250493	0.314705067975079	0.548903619445511
0.04742277920067413	0.24587082201951066	0.04543347854863812	0.09660663580056618	0.5274734908524075
0.23364184176149527	0.39322248037651647	0.1822785603464803	0.8842450104016347	0.013146402619743704
0.04470652871658889	0.29017065902901845	0.3524844822007544	0.2619533375451765	0.8374242254660395
0.4352437684504651	0.08863152736933365	0.5106651766012497	0.08575525377296223	0.004622614617119035
0.35037303453127955	0.12631394886274652	0.12322294979242339	0.817862290411253	0.19962107408254356
0.28094220799021796	0.08299980222067022	0.6502546891199884	0.02152212245765883	0.5050470459237825
0.024721462657207493	0.1116899008665322	1.0	0.09342239225201028	0.040740057574998295
0.017491782628815074	0.5445650430363238	0.8945154909886649	0.7757233230849647	0.15593683926959917
0.06206917532600627	0.3799079203801126	0.16993847973202056	0.17200217400306053	0.6824812954717764
0.14237672111412286	0.14642182189021263	0.3486363424647793	1.0	0.005188000141884134
0.121683866608603	0.634708530388434	0.4604840864365447	0.22888656918059216	0.11044210069623882
0.08759442057788798	0.2816898672071054	0.002293904898950607	0.7553765097282629	0.4133187529782981
1.0	0.3948207841147691	0.4257791550799023	0.35011793685936027	0.044373883644865414
0.05136260190761766	0.021537209772059345	0.18357266021890303	0.24515001067576042	0.4538182210491835
0.06731885239253346	1.0	0.3734337139258049	0.6029645849968704	0.37452467842917664
0.22243774419257564	0.05578157715346481	0.021458734681395916	0.029219704090165142	0.2082920553087053
0.11145345411990285	0.2002805785849956	0.12210474677465281	0.06373350613670493	0.32704068262145597
0.014615812454554268	0.42445664022993046	0.028056231782779297	0.7645038439747404	0.2166213819725357
0.8073042144226393	0.5283901714467106	0.44499642217952307	0.33396949437150564	0.15688317336431615
0.0415435450128189	0.3891892280215629	0.09950468925081395	0.0557547521203749	0.17105358904270831
0.00960040610087366	0.0171950849423846	0.15065934736160128	0.29053999836948907	0.19284268437163563
0.4049030256376368	0.17957017731214697	0.05381232529613738	0.31270707984646334	0.28665811424046594
0.0015607865364928037	0.18898885780770633	0.9333168148135993	0.211795461486112	0.2431206469655858
0.16451374282517414	0.05049472490683755	0.18893588696422048	0.6294117502606379	0.0045618534459607
0.008515439415097992	0.0013026380986084414	0.07515131585592752	0.12485010057392235	0.10897236206897805
0.16470390579205413	0.23405852646520697	0.24476038473386322	0.5560686874916244	0.7610098427633052
0.24988454398551344	0.021247008746684892	0.08488626048792673	0.6405318933772063	0.08731486610787845
1.0	0.24033300256195267	0.014094146269954002	0.09064400479050379	0.4797411410559821
0.019811885613074415	0.8821151357755406	0.2631963369915557	0.10336119187273964	0.5302990209281835
0.09319517607202366	0.6995557509974691	0.05041808740131879	0.6933168625777203	0.045202229110711714
0.4416172747387484	0.25386326710874035	0.13813763845231544	0.057154728940211424	0.026098758898872303
0.30208875247283073	0.009108305277194348	0.3214226804768829	0.2050923573530909	0.09780413547479777
0.05000504629622966	0.18614712042992698	0.7330174274493565	0.17263837401030283	0.1569029524079373
0.2692360656174439	0.24017492821773678	0.1639806817348219	0.5274542438274717	0.029059254100262857
0.2641603351727755	0.20713123982181242	0.13871647409276974	0.19438284130583555	0.16945553246644052
0.107634201067608	0.025076657680667334	0.30566986116899475	0.06537367569403997	0.3036659477124665
0.007155253787274286	0.1071651335322613	0.3710827088333121	0.4275955303825714	0.08650322363711888
0.15792256876204952	0.3565362588646143	0.5445087693034103	0.028359291851259016	0.12538480505342706
0.07072388148112976	0.07804319819760008	0.2227080736583644	0.08206653980287669	0.20260065189846607
0.04988102713086644	0.134717439342075	0.2959873988547551	0.1708329262265658	0.8723294154201864
0.09366507191062456	0.05729114039605217	0.8572085584625976	0.09634992592763032	0.4292943607901353
0.14185398785951606	0.622685913486554	0.363531630837354	0.02200728011368926	0.07332479642549408
0.047357200727629147	0.5380872245357735	0.17594518530569234	0.24626047528408093	0.09567766755882755
0.5123699039318635	0.2252852860719836	0.04609964315648881	0.29742876069433716	0.14041684249789535
0.6705576243308357	0.23259398907284118	0.5330217276232555	0.18097979974026498	1.0
0.03205277830981653	0.009572537434088091	0.020918046438654705	0.918283839392104	0.0993307435341786
0.5009872147217074	0.038545065010008615	0.20061024161119584	0.634595954284693	0.13541456370407004
0.25498460171590054	0.002119160474581601	0.5502810929319443	0.2921907002831836	0.9245081699432789
0.7503286853697261	0.024444307685931248	1.0	0.35521890879893075	0.33131834697071116
0.29775964630726315	0.1695459610443695	0.19266638841301822	0.10779093275470714	0.27447931291293826
0.104281815754409	0.24040323547179532	0.198611033668773	0.6643576854837301	0.011409917050363141
0.4325149015376975	0.30969234334997353	0.4594898166861196	0.2594113970492789	0.22706859559912002
0.012453821186095143	0.24709373989043923	0.37922729408907435	0.1326404854943247	0.16288324988882652
0.206824930734306	0.6842991635625223	0.062464066802153884	0.520601301177118	0.26996751380932427
0.15307130358014973	0.22242481262146005	0.0875274941286019	1.0	0.07711733677154646
0.0021782791933084556	0.039114581341194256	0.4443694659080221	0.06755895868497214	0.16681939762114703
0.0164041194589726	0.5165294772374017	0.0154576000668665	0.06743924969457564	0.4006443125693778
0.48694837430309856	0.08137414243588573	0.6161913371146719	1.0	0.19824464544492482
0.011130254223742161	1.0	0.18866199731135028	0.30564577439053364	0.2537667864940676
0.15290459395369876	0.05331010279119503	0.10711722099164281	0.07716712165732091	0.3751055651937375
0.08232578716642118	0.15028730783134617	0.003992374304704589	0.1277449074899056	0.0008850938342677511
0.7319265899048222	0.4461481169202017	0.06522251889954354	0.03912919601399291	0.13296967429006176
0.1894462243034927	0.18637283722640582	0.060529710812053945	0.09031976613630514	0.5809898047802404
0.304169973834011	0.167774927921947	0.062307383991644205	0.27577132583120234	0.15987788340960832
0.07352505457272807	0.07752805115978555	1.0	0.621410479952706	0.02587365297309047
0.35892208645027546	0.007514585666965327	0.7902945321831593	0.42129239534188373	0.5069687177883497
0.021920193105293122	0.2058911591369962	0.2658550958399746	1.0	0.24951021117222114
0.07771786607815599	0.22750326638103427	0.0900736123899007	1.0	0.19229923193935336
0.2250586546145201	0.015118633128705823	0.35839142729388046	0.032636086325377234	0.09498510811967292
0.08479332273122227	0.9891327814371086	0.1856340651018422	0.14310674509800175	0.019453385133323526
0.3561404236964823	0.7105390563249058	0.18217453969067676	0.7774723217736604	0.5654308689754953
0.1429411749937169	0.4533597695763997	0.7447595669161682	0.20765265170343794	0.06834899477202062
0.09238430339112033	0.07035393217265663	0.2295888651638093	0.5906848409982147	0.3245894871879808
0.9078118379912039	0.041704853005241134	0.23270661229122053	0.22295987118323754	0.11107993235375023
1.0	0.4091447025129466	0.4833743672829713	0.12752881236169428	0.46689878399056783
0.029603968451054955	0.08432109014083294	0.3137563406487967	0.05144044474403108	0.0003587772865889342
0.11643602827081376	0.0696947155899034	0.04747224201396153	0.09187483689150733	0.4780020942431409
0.6687448244114225	0.3168565085826284	0.007283697549020498	0.4836138867328794	0.31739240931984436
0.2649333129864088	0.13500742194725807	0.12912457954176265	0.34491943752223286	0.4083023074798566
0.12194726595974055	0.06909660116446209	0.02705588635092906	0.46538067830230806	0.03382726699211017
0.2933438050904773	0.11169427928110376	0.23858016209484234	0.42005757221159573	1.0
0.2766574254670206	0.45915712625182753	0.759252665164623	0.16169560787693418	0.45407804473688085
0.37722923709331013	0.6243291632471722	0.45387795154936206	0.05405776685788117	0.4667976355407796
0.38754917165264463	0.3522319435620122	0.5438721724716148	0.18073245944746855	0.018529242041295694
0.12355993952308125	0.2748366423493061	0.22049093539343098	0.42256521539926994	0.18498850779470757
0.0321929890689289	0.6261335640953979	0.8056700874429628	1.0	0.47359995239660535
0.1905799461714315	0.19840581749867697	0.1838861165372183	0.10165878092904962	0.3359787269925264
0.13061097391691975	0.26114583255478646	0.8585447611317312	0.03584598103619212	0.3254188906618474
0.1652975243019184	0.1404036696766162	0.18233713095520426	0.22844302770640695	0.5178155695239768
0.27177327767394865	0.3359793792746727	0.24686744590716486	0.41583315497390366	0.9397379483091156
0.006381325501531789	0.08331728042249949	0.07061129830916492	0.08742999542000122	0.04856558642144467
0.12217379206585402	0.5016666110038314	0.22286791629446837	0.982920709628329	0.044606781711720736
0.9915044378116546	0.024684608598071863	0.042134502731851174	0.6058954973441074	0.0804830133341054
0.013106909604194415	0.009784371884976878	0.4364722560307483	0.016535529843969336	0.05880382180348774
0.3934638389593992	0.04581923026812024	0.5372664926012535	0.125899248783296	0.03791566311915923
0.17475698298110345	0.5851811687732135	0.21153317585691986	0.1595385940716544	0.22291068684190665
0.07666361031767625	0.4052486683991707	0.1123998936820763	0.34981991636170073	0.17637641295937062
0.14617844767429464	0.22050152396324568	0.27697230813198326	0.16835439563315127	0.10437557585001608
0.5277031897394757	0.03306395908314877	0.4802051352259887	0.33239519679732815	0.41069106582108433
0.139341466307163	0.20882511231216047	0.09308217075371134	0.27812584439974913	0.031835213088477
0.12641343094692958	0.31218887704031706	0.11767590697652472	0.07759471214507417	0.5587321486305282
0.25009099959478964	0.26760657772488666	1.0	0.04990734604621375	0.6070628796667011
0.19758751422925566	0.0929271352520566	0.2341632503543281	0.5419242800844566	0.032958913589341
	0.2306955521094698	0.34944407874454897	0.37088019316511994	0.5127307669018547
	0.41071272700108774	0.6658887148195232	0.05466487539462524	0.315488359515192
	0.1412431793696009	0.47715357074882936	0.5540221523236111	0.12289780546749451
	0.1322044587335692	0.16709789925368254	0.09050851575602721	0.187014150628908
	0.06476935599428181	0.4161392060638019	0.23061843282863753	0.9501251793672163
	1.0	0.2548392903816584	0.25779535087132965	0.18437147726362427
0.08879142191048346	0.163173911431828	0.3423929369561913	0.17496798838206398	0.3634241869513484
0.3727414103767633	0.15958561809660224	0.647732007658158	0.35880135300335825	0.30751315095060366
0.656193969499174	0.0072090164241901695	0.47429619691889685	0.2434649546036935	0.6581564934459457
0.014894594798483176	0.23701973974260657	0.11797261246242219	0.1777113975666889	0.14596300951038518
0.047569866273783845	0.1009396012842196	1.0	0.2228882178384259	0.012570878405361667
0.05802460900764241	0.0034599174852513524	0.587595340611156	0.17089808708634	1.0
0.46000619903761286	0.0191812226475092	0.07878728918484969	0.023343386375585185	0.017704983264140692
0.24263005502504342	0.6260008565446352	0.4324732873296406	0.346385522504803	0.5155760599770283
0.04412157876672528	0.09601052020333044	0.007667270250969816	0.11390537456580432	0.09759426280951562
0.06270705944755578	0.5449378081791791	0.30892606698925584	0.6418287859093782	0.044180810090319926
0.30674252521810574	0.03821748644989251	0.06454037632270393	0.49465543316557603	0.01530564463940582
0.8640686173278104	0.18988402289032186	0.9860307455290596	0.42025247710192803	0.492859192314243
0.12381229711631313	0.0683361247921325	0.18595239747652215	0.46456972430342836	0.3718034271543625
0.05595386017859015	0.3682507019038288	0.4696847609608847	0.6495500914227269	1.0
0.09618539895133527	0.6182904207446276	0.12183688888463727	0.12934986242061405	0.3055287733200256
0.17141468939642385	0.22890283682592732	0.2718716033033083	0.38832884175238	0.6185599603138093
0.35517968044892706	0.31544560379299685	0.026851720884006423	0.4712698151253761	0.3851765065188721
0.15519641074766213	1.0	0.4713719902167987	0.44604013429367106	0.5432461059636724
0.3342941436876389	0.8858696253136936	0.09230576296831523	0.2489344173981849	0.5511634228132388
0.094069115500753	0.11088671727503623	0.23795035525648586	0.04110720418154095	0.3820689877450253
0.190331565396786	0.08942254600338556	0.14737476154296014	0.6575309715699619	0.4529805501144749
0.25388798301462906	0.331794589994318	0.1785164899837866	0.3907963583743707	0.10423374985481042
0.20354004184041588	0.6926168882609468	0.07173106348867911	0.33908936857814626	0.40533336042928714
0.10178940119909148	0.10364115423682746	1.0	0.10170378824559413	0.06821989732622559
0.27182776635875894	1.0	0.1808116680136464	1.0	0.14680658555164897
0.10952995525466128	0.01006557425179318	0.01392278979468543	1.0	0.3151127942045681
0.20001190633763366	0.46616010106926253	0.06886220152349433	0.79852640505495	0.6472012856921096
0.5852192690409875	0.3739016727672749	0.48220967988483654	0.48098256899660613	0.43519947240624773
0.1581224714108449	0.32331328047976554	0.01435016713301012	0.12330717469377903	0.13243888967916664
0.6030416108912203	0.06676563574214038	0.09925560093402305	0.335437729442044	0.025736943816855477
0.16120722970049817	0.20912728149527415	0.16623519254288002	0.30212841125327866	0.4195266535158406
0.2068509538210082	1.0	0.26709724299215826	0.6643507887234179	0.19292267886962797
0.2840765600500645	0.016493918526077483	0.19262176512606718	0.13962788259467623	0.015415442332350308
0.12001156918702074	0.33728071219410716	0.3820860190925391	0.05319330420389059	0.23785585002819867
0.3324580135235677	0.07725891034524006	0.3785425963028302	0.051693097526890816	0.3387810136973627
0.06042676873675158	0.0021833340770981667	0.606766013721076	0.18500707705218736	0.4771138300455827
0.09553043167837234	0.30474732991030573	0.023150952060259453	0.21348206029171782	0.6652243650825718
0.23684282258915093	0.7009099823033456	1.0	0.15861852905164223	0.0021906588362987237
0.4454853037783843	0.0978990578635938	0.09167978899756225	0.33300824668673085	0.29283973780974115
0.7284915764772131	0.33921341048157644	0.057033921611049025	0.15459720016856107	0.13556701876308083
0.05814201621264234	0.02285167821849333	0.07674592475289588	0.3729094151482084	0.40533233764789395
0.12368176729391475	0.3442260295474685	0.22783874229635798	0.9726971953403106	0.03207764583823049
0.3819966429877697	0.028652253231852613	0.011875485843192233	0.2878598157538208	0.28797299109165775
0.07568065717905555	0.4946699772136458	0.1794763880505919	0.3377623742219105	0.09508951183986732
