X0	X1	X2	X3	X4
0.34209752978891683	0.0446744269686975	0.6600220836112619	0.045955625852869164	0.011323064965460983
0.4865862153043098	0.028601703540498402	0.4454871657618592	0.3403966855217272	0.5188659873699919
0.10099720409528112	0.9157423345463827	0.8196826178167059	0.6772836115430666	0.1347105939459614
0.19985795235367687	0.361624177768577	0.3207677110228794	0.15298967203016922	0.8347230696574812
0.9747709115569482	0.6332715216304924	0.9312862094390862	0.48255548281813376	0.01561643887607378
0.5252948235226869	0.7187816839718405	0.737334174858726	0.19386533016694063	0.523642086231802
0.15914426106454405	0.6912807638016106	0.46790312978967497	0.500875648647748	0.527727103174979
0.029032385791280757	0.9312268184105436	0.8207609124715963	0.7987703356648166	0.9344706348895222
0.4871810095898802	0.17146081580743933	0.7995602261982528	0.41975772783523546	0.15894240987131059
0.8272405536146314	0.757607992866315	0.9158395729714017	0.3239377684921937	0.5200368855189276
0.5905494994177861	0.34173933487830876	0.06590146869279956	0.9552375957515671	0.7016464928164374
0.5079658535897049	0.4255739348164218	0.5280849078853009	0.23414520180262632	0.10064260899674715
0.4591225102617916	0.9595320859924008	0.3184805872267765	0.42098660850336256	0.12048259700733643
0.19845675747231917	0.11990641178361394	0.5121839522512611	0.20059596000472102	0.16331243783211213
0.32936127259712566	0.1929614201220735	0.18931658896756864	0.37602031124710344	0.2687745227953602
0.1409646750628435	0.16306235524157264	0.8565567731028192	0.5291507673424743	0.9644107871975965
0.3066984179356984	0.7137129395122571	0.30174082269700664	0.35111548730687636	0.14904158057182948
0.7925634066555823	0.623613013613809	0.6540070250997915	0.2748999752239426	0.305082333728223
0.7901732209982151	0.4523619234813372	0.7314653003843663	0.6169530033009244	0.6998491213682617
0.7570719491245035	0.7938133786551812	0.5238023144051196	0.3301352572471301	0.5239753463169359
0.4506941120565321	0.17438576214528767	0.5597133434650209	0.23077435521523781	0.748903142838658
0.6191113398417998	0.7454271784555594	0.36334272056674877	0.2167395275798777	0.7760219500719656
0.9049741300519588	0.640972870129452	0.13245092373865253	0.004393445115085659	0.4538956297185013
0.23612465117412662	0.6797424524481475	0.2673555747308629	0.47433291741827377	0.11716261378325088
0.8839358853793361	0.8849990224429388	0.13521016554254706	0.5106517328940646	0.22181653591536032
0.967773412684521	0.3430305279736564	0.027394141758867896	0.08178816213614792	0.4070604839568175
0.7246424131189897	0.058610786826967964	0.4483479427707626	0.600846476723917	0.7647274490127272
0.7750862803797701	0.5660929701253338	0.2855361826595292	0.6307723887123594	0.8192326824204987
0.09617823715683049	0.7401998013011224	0.9644905399945765	0.5625566485025427	0.7803805467476609
0.6219825773042518	0.7512921563899088	0.8667868892319499	0.058008087577098966	0.5579202782346527
0.4014344193619179	0.3358067297172226	0.5857709480150397	0.3762353163483909	0.1970239648956027
0.2617328025394463	0.6978108950384887	0.14070557162483033	0.9116199478338949	0.42789957261668277
0.34234107979757544	0.25075968220348366	0.09785777237780402	0.7657897791391194	0.7661336507456387
0.6265912990323679	0.9051185360550411	0.20689315511551432	0.5721249363922765	0.5385920957648498
0.6986778143570246	0.39526780889773117	0.08110898245188103	0.6657553850163372	0.7113470294743984
0.7248557122440927	0.43853267062306167	0.5881037477971828	0.829530000445719	0.964445123049635
0.788572535912478	0.2286310945669714	0.17710285098478418	0.5327553840409216	0.6180931662886515
0.6525833003886212	0.18166897315089614	0.627766633628218	0.6678680334704165	0.22150799621879713
0.22235973557820732	0.8027483760518872	0.0070182903244288	0.16923189394073113	0.8678781311202015
0.11211901501271615	0.6727537299530555	0.9644003293711871	0.12209625706874627	0.5693087380820989
0.7877863248080211	0.622831896048524	0.142858324614346	0.5375465472580554	0.28335289885201176
0.22750935775322922	0.9487449209611604	0.648057636948676	0.46940713552627733	0.2278655690660497
0.4018324897597354	0.6309209713500789	0.8703508073841975	0.42238008355833134	0.3556972418748682
0.6164556191515892	0.5578493283203999	0.350671668446779	0.29228731677122677	0.34890050657002125
0.7927665105708688	0.12065885640900675	0.49975120713278465	0.914573861855184	0.7532007620700755
0.45991331830574445	0.4475873541857027	0.7624336653318682	0.3529047807197817	0.9459421091943059
0.013668423574762056	0.00013919583301025273	0.2875790328477409	0.9460974140384631	0.217480084722234
0.22644836457978057	0.9978548496083995	0.6632966724477536	0.007930883519788101	0.5658894942226526
0.17827557335339117	0.5014152588362782	0.0014474025633876009	0.8668820135755715	0.2272637154235898
0.7187990099274081	0.28480311324342633	0.5296206891727874	0.30580241447343304	0.6182596138778715
0.9865494021870869	0.8713302871155287	0.7529365981207163	0.3111095140195982	0.9106222178860116
0.11411764606823138	0.4039008304285877	0.9516725717051083	0.4969966423661988	0.4344204886562103
0.8855576527376346	0.26593948151256563	0.4494385433231908	0.9787371287977167	0.07217995732290172
0.1554173784854127	0.49336624748042646	0.15060751515943416	0.7748533378634486	0.8024840672015042
0.22096203042609397	0.9866190579285589	0.05442302414898825	0.5993512791881906	0.9150734461981118
0.15183055187670658	0.32323862771059664	0.8769009263129468	0.33911808192836956	0.05659130756028241
0.5856659764794171	0.2564458512660197	0.11687101642354314	0.8192503661045368	0.4971376201850939
0.43581936232279406	0.7525491511215161	0.16638664900792932	0.702964618379881	0.39242903945965846
0.3139701349449293	0.282332635522339	0.4500241670861064	0.7446649398291927	0.1290091823967452
0.5811999913508132	0.3083531125607526	0.024790263972587878	0.15571073448310047	0.21328018217288092
0.2946546310760826	0.39896733702873144	0.04139997133529638	0.47690661681117696	0.3830651370951894
0.33157747725136	0.5795623549451732	0.28254269710839486	0.15880585946680048	0.9582674465767593
0.0853816720998779	0.7190377603075658	0.7271913194950088	0.31106744432719213	0.7868731659852727
0.09047749692381046	0.31074734211429667	0.5857711630916324	0.9812500200332362	0.3349593857248053
0.6510560245844966	0.5667588936426227	0.546266011901525	0.9563269288780097	0.6590221890154951
0.33301105982011914	0.5875161947872424	0.602331488793849	0.24997724814187106	0.6205291583876119
0.7862061690139186	0.3265223342502942	0.42784283023283887	0.5842393697865861	0.04873068471770359
0.8803131013064837	0.7803832354988701	0.5419174121170741	0.12366972574927515	0.3652043710815289
0.6634886387151234	0.576537306005988	0.06023873340068264	0.6770883281691009	0.29625313097150263
0.6798698610165026	0.07930245339152409	0.13776526499176434	0.6722632988570589	0.7038490564481805
0.987433711041223	0.2294454450531721	0.4638030679119487	0.9530653719678414	0.20942591319842918
0.8460462555416607	0.7622050664191333	0.1944350413453011	0.21666327111398231	0.3136660768036442
	0.46505535158640177	0.5358191782274258	0.9071167224116108	0.4793348335566826
0.647691922986193	0.047308572219711964	0.5296120677327024	0.23117721429140758	0.36137492046544795
0.575613143968489	0.7812931140676735	0.8704869285476909	0.7485480165616535	0.4110144181944094
	0.6140061569211099	0.003898822324722384	0.3671022254141737	0.6819752521526942
0.604767017457853	0.786295185430133	0.6684877599827279	0.41554646285814967	0.4951004618210957
0.5879265455774437	0.028092747168758758	0.19479667929017463	0.8445877420659285	0.3587066788696276
0.14944675666681306	0.30494056278080117	0.004492829752591465	0.3883225515428953	0.6537571593433973
0.020993397193689867	0.8991848219082516	0.9110517614117808	0.016501601758001194	0.28241241558288455
0.1620613178107847	0.8885001061194657	0.3852045159464621	0.3187973912271783	0.4803061985715531
0.8390312776658634	0.8781728212929187	0.7305261438440303	0.9397117888141627	0.7343986198115664
0.24089714672571783	0.05165868662859474	0.5490717524722778	0.7422550751448569	0.7508320238723911
0.791759247193128	0.5788390946780366	0.5310279278070893	0.6389056656758098	0.021053973899970657
0.7436502852889029	0.2215011094671544	0.08134780624083993	0.8271520335444451	0.509607709943555
0.03822155302807306	0.26252132590369615	0.5264484351564109	0.16499494427923778	0.8642034061934672
0.35460375431433144	0.49723533021561395	0.5850798978030591	0.7335207284826637	0.3664103562059827
0.5396712327340902	0.8216068780408239	0.7531032067130492	0.8102731701457523	0.9768214713280167
0.21989644169830835	0.3400476513766767	0.9658885037211637	0.6998601072799688	0.15545246766349707
0.9597629886946946	0.9852757182194654	0.20313929227792504	0.7172828802264103	0.7048585271228136
	0.2597320357089786	0.5104335461292663	0.8289633582157118	0.3847625842813621
0.15046613355011285	0.6253926921820256	0.8093675008820395	0.842358598249408	0.7460774863578199
0.5318817525121186	0.9886257535338845	0.6746187295000418	0.11847284808440084	0.5665028496312146
0.5573232570938663	0.6685908956586858	0.9812251067167155	0.8356325171756854	0.3175059679855865
0.7109004616147071	0.9726258831738408	0.9191616894645469	0.018073300916975787	0.03712082634652547
0.36395528961345924	0.5828316926891733	0.523248478790301	0.7130867264393711	0.153996938673159
0.9880403845384389	0.38661591215690494	0.12491081518032843	0.2083183245771617	0.5615844266895893
0.36677092380709464	0.8165500275493547	0.589289357208272	0.8304383360943366	0.526021517555083
0.877548841311778	0.32845836798459027	0.1642278248516953	0.2900986433898689	0.7002851705371076
0.1453627497504969	0.7354296997469794	0.23946561496441143	0.7720169393295636	0.4135472107490009
0.815978777376524	0.7652826035055845	0.7019442516618623	0.8660337134256608	0.5162528618758839
0.8980988681044191	0.0866125946684646	0.09997216007342835	0.3776059754494393	0.12491112721519892
0.9084639651949737	0.5790823608562577	0.28466903814601907	0.31085088037107456	0.8605552431291974
0.34289372149416975	0.46307474716939057	0.3433898953269676	0.0884280248238114	0.6043254563153513
0.9654353918764735	0.36245109669413966	0.2642418814309807	0.6158345967173694	0.1261244778642686
0.9076836388047655	0.34387227534161713	0.7586983250394869	0.0330771071822169	0.15909553877491944
0.17927658092182763	0.5557341367234679	0.7055275238931423	0.11423450281014691	0.009136523106849204
0.4132991775690442	0.6931506435160475	0.11812345835790894	0.2438362820121478	0.6952375472356218
0.581672409251093	0.14697989141403245	0.4964749566532497	0.976920617224536	0.12751110791118148
	0.20299419165274624	0.6637257247021263	0.26004636233738354	0.4627142620539284
0.7009317067953714	0.480339436209519	0.2075868598543984	0.22216004366830377	0.40145244001795355
0.20533859125142218	0.09102933186691198	0.05236761559411174	0.29899189936992465	0.5851271893686595
0.43008982527300543	0.3442586679734079	0.40358668354792704	0.9171013643101228	0.029973189724622484
0.5798742880603558	0.4280987231332183	0.9829390807076139	0.9840318690260389	0.9357340581817865
0.5561856022284488	0.4000175738425712	0.6235346499093964	0.4718220839800845	0.3522571838556836
0.1668418992597207	0.5868222872892588	0.7072055553737979	0.7469687717934713	0.4373395597323305
0.18431314690850664	0.13863879370882437	0.6315657888016627	0.6192329893501051	0.603371860094612
0.7233466263592473	0.6743866223278427	0.9034814566908419	0.9291562061594374	0.6609166954020633
0.4719709846996246	0.4717032902301884	0.8738660102379087	0.4421257701217851	0.3699260037972514
0.019012988697038158	0.8607511698502457	0.3319783813224615	0.7305887504597129	0.5976403404104813
0.8713244062951492	0.8770443759786535	0.7493069687308601	0.5394989067496138	0.010584836160260402
0.4778992262214282	0.7322616277195731	0.21868670239655008	0.858654307412776	0.8270194983904869
0.3283228890425254	0.854224337531315	0.7972599790211073	0.7174791329139835	0.5036849986867427
0.5945941347472189	0.1285336752102182	0.6043365153389767	0.5443033388862522	0.48786832944420766
0.2025141223397181	0.1425030213472721	0.19628917212530128	0.9537430154962668	0.1953102101061348
0.9893808416345539	0.24563199644656075	0.8828821742339864	0.9781985407522192	0.7182077824110406
0.14597026737881758	0.8046643451360508	0.06811423098314273	0.06260800843394687	0.3760842917958409
0.05091427057874576	0.6153773222853792	0.3139932643817155	0.7418133870106668	0.122982891633305
0.47213697307462654	0.1678229271352788	0.710575735009596	0.9494326906898835	0.5430062818305605
0.5760060284729751	0.09120711316856156	0.8969104231578563	0.4893998334983761	0.7136342826785557
0.3204582064161755	0.682690310001116	0.30363194110398894	0.01747201538255272	0.2758936781020772
0.6307511545040202	0.9759850170015597	0.38157733934882876	0.5876128306125667	0.2649074142626594
0.9305450608577336	0.8930573845111565	0.5750763720141338	0.4966326314313395	0.19736591955196847
0.37910906723901294	0.46213502957308794	0.17930110782507958	0.4908326822797333	0.16254632644623446
0.6916749293237168	0.9865761554962452	0.8760627490579315	0.4692707127087272	0.5760859037274633
0.6958477267875721	0.32169964883046664	0.6175170241237586	0.8299790905975801	0.7583058125487323
0.04998867443350963	0.6697417471735092	0.4453527505636793	0.3932558029956428	0.7112852015307096
0.188055118146622	0.9308734125099636	0.9036164729618887	0.5632092405807533	0.4578621644831231
0.5237819465465767	0.460839581122404	0.7580122484672417	0.8913386210186913	0.2166713178652644
0.4333028973176096	0.3847074191685045	0.008998358313649812	0.34947792922879684	0.46284193835797505
0.4535527388532222	0.06909689719775702	0.23058855547680113	0.8792166099350969	0.10177784294936743
0.026312052183161905	0.5617479889622526	0.13299296315264286	0.6774378858918898	0.6646414939358379
0.22282541288252744	0.9233649278062372	0.008450896404382013	0.750300440888247	0.2895647811000712
0.5164572507490756	0.09439276022160314	0.8530210838267528	0.08986342148868653	0.4236051941969482
0.19984667089929664	0.7913131168212328	0.11947428291761575	0.3994954064558961	0.450038340681124
0.5508579849617214	0.32318724335130833	0.3064664117551146	0.9643142570463471	0.2572499838503558
0.05259896117656171	0.5708893169564491	0.9244844233322809	0.45237650581084543	0.5272932459046706
0.952039885653037	0.17799424862677504	0.24865025896230297	0.7783847933378085	0.34926615119766735
0.6394292694488258	0.3294563783692166	0.9950026595395234	0.00994128281772777	0.48896007804651653
0.7280956263896674	0.03198885421153941	0.8780029366297256	0.27296789965430135	0.7151271696792622
0.1605235104283207	0.6714606391240179	0.5379933577994566	0.9045517950002147	0.8696164657824106
0.005396431748285635	0.21144032427004145	0.7259127243394508	0.2163261648428546	0.871377017319762
0.35980694766399457	0.5348489299039301	0.4568180248700412	0.8741280117266974	0.9299398432585754
0.07364148825897565	0.2951861500374212	0.8087287662152394	0.2210624048444202	0.875603599003396
0.5365148328522908	0.08266484328691881	0.8577272164765564	0.8016561444373004	0.3867150445091353
0.5092831039653234	0.13044270541075254	0.34203521476068344	0.483448705834027	0.4168883826376365
0.6572870507348652	0.38146289349444595	0.5766974765846534	0.5787774475948525	0.5663010768866501
0.013222590696326919	0.8875246906562684	0.630072119799526	0.7181483651492787	0.46843481557545397
0.11949905475475875	0.6526289818086618	0.40156539034930705	0.5604876329427423	0.2530250624032423
0.6003145728949139	0.43014202359318454	0.3366988376399199	0.6725366246958827	0.3172182658315219
0.9694356555118937	0.6760002880234487	0.1412745107139486	0.8543735278327326	0.6592280546255277
0.8446212816812089	0.4070794290417441	0.7757700708283253	0.5315633634249044	0.8113427450447165
0.5377147661572345	0.08900075145993147	0.07590283643027462	0.35271039761037026	0.09725849225673255
0.7806524900678288	0.27626921390141157	0.3731614064951795	0.1713016491848678	0.5728708184994649
0.9761325916301771	0.19785136533823033	0.29531243940487284	0.684264989337755	0.0880168911138649
0.18977042222334128	0.6666076864377829	0.5951729717083537	0.02594621477212644	0.2540358577536408
0.777644889449293	0.6989279827259103	0.8424322298919009	0.07423272005254167	0.03445096810896553
0.6354957146864468	0.38962236883763246	0.796309023811509	0.6104814915207636	0.3128711887622915
0.4145964983273862	0.11969521596105304	0.19646117155060838	0.12232053108548857	0.1273941049981755
0.27424579924903314	0.7963138799088136	0.423241100754258	0.8177115333340258	0.7229606818908554
0.12749781075199207	0.7952634097075697	0.2655986102114317	0.8220208796356517	0.32067629770507766
0.20508503480010443	0.28265258114702707	0.6490541340182231	0.27748346612471253	0.19215528049790664
0.7079310299593361	0.5697403780604262	0.9511012093581167	0.08031410935623617	0.5775157320346993
0.17814064007338581	0.22018320785371914	0.7882589396392874	0.07807235156037784	0.7209901215171258
0.29315806441808456	0.5494335558932205	0.4289137841882227	0.7108273325123492	0.15554262736235325
0.8275550980277838	0.5751802440956832	0.2000166051276676	0.9358864471475039	0.908729133090362
	0.5782204923484433	0.6456493494320983	0.7395710836746614	0.9529884013913016
0.0669633386820988	0.6329403995139489	0.8051750260094419	0.11258192180751958	0.1659931344856398
0.20101260703537427	0.010179056968184108	0.26912814514303773	0.6160070677766133	0.9770614039325601
0.8366707180497093	0.12298781809507575	0.23117255013455162	0.26821018729357693	0.6806006902911883
0.05567780037621206	0.2779432878935445	0.669098107281911	0.8778749411781719	0.02516615097344066
0.7452493042167813	0.6953179162985395	0.47184656513195733	0.8624084461967292	0.26255465615768403
0.7152898960615415	0.7061310569167675	0.11287202679750852	0.7949168814401404	0.08816072422201549
	0.2217622754985492	0.4255909332798198	0.997692054772011	0.13361924872233155
0.7778405494195586	0.2551591137357818	0.039594601362624826	0.22399836971400278	0.5400953428162449
0.622172207507689	0.2814759756357871	0.8812884636145433	0.14855224220776986	0.4665360309252934
	0.8840236188822094	0.6455201218763006	0.8602021033231531	0.41179106329591675
0.4419067613882316	0.5055567915253577	0.15089847651803734	0.8412774236289299	0.868267362099561
0.9569080818133749	0.5618967588003706	0.9477902383112026	0.9115273225791654	0.5905912394672183
0.505726841353984	0.7901507401463979	0.24036183546760803	0.32789469756423006	0.17101443506154868
0.04234630169093223	0.6928150407471979	0.5733657154592261	0.3552482049750306	0.43912139620518265
0.28978015357013287	0.03349533821151229	0.48849080533946276	0.8568785434061247	0.7907110708378838
0.5012163737012013	0.423097319710943	0.8749199262969585	0.4736543100986148	0.9524024778734042
0.02882576703404005	0.5646583147517985	0.8640706271503497	0.3185019210934229	0.9101820923438323
0.7434190759777863	0.5012005901549343	0.7978049362871469	0.9649777981340972	0.35766451830250534
0.030595622642684783	0.14094210023139297	0.14536769963343843	0.36697941201636675	0.3305647061222974
0.6713556885240389	0.7286142858980337	0.8930944899375839	0.1726436762320933	0.9018317622869665
	0.0709551262097734	0.8385655274852447	0.83305189003056	0.573770151805576
0.6747535948496984	0.13011868034558582	0.2830160631183001	0.6401267786701561	0.5633914708073257
0.5064130900197664	0.34913770039095016	0.0174707576743387	0.47608357853071426	0.2978330136610384
0.3142326104231884	0.7199373538181492	0.9472986604343312	0.8655386449866511	0.5544429698092964
0.9543707344131915	0.7986804413771912	0.32222564833951384	0.587502774695129	0.1614891050144398
0.6380294078435239	0.6542270654052563	0.9006195949253645	0.21532554468450527	0.6594339031910345
0.6065321508335889	0.5197008632501343	0.20298675366075314	0.6639529570080003	0.3658531831925418
0.6639477968381754	0.18467615613236987	0.8158643492918005	0.2837120613075893	0.4034353348286073
0.9076247757602707	0.552872330340607	0.5478777403982633	0.03258798954284592	0.6517252202976742
0.924594729137899	0.5440558619812778	0.330689983522394	0.8997242892751576	0.29877483784037684
0.3588155952151396	0.7245057945295974	0.9383966114353857	0.8764242459532146	0.8101384701278425
0.987499999845052	0.5399768234611059	0.29003416646713465	0.1829379385215082	0.13441063730821645
0.21644074348149722	0.5973157745470521	0.5003597265667032	0.5216130051858193	0.7559775491518985
0.1318175940182309	0.060059736144469245	0.6541532756360017	0.22540816273951447	0.97483190869621
0.4407919023573994	0.3189243058127694	0.7599481177827295	0.4182797135402382	0.7648439676414023
0.509369607150781	0.3444714558738319	0.48757492939986025	0.3117206175006655	0.3587735155866887
0.9446211762664045	0.052955737685873805	0.8513814707818291	0.6826846915660885	0.7408825614597987
0.93468439101204	0.5689505553513611	0.46353959175395965	0.5652392916605472	0.8243094331973037
0.12773181187225435	0.434413496466555	0.8763161432801858	0.8682428768949125	0.2547347387445238
0.005613637962061047	0.4170040584928886	0.7974235453810999	0.8581828777121723	0.25733417533501435
0.23440242460181726	0.6703973601119368	0.5334332304169789	0.3048582021082856	0.7881758580828793
0.6506581202704317	0.6053699274322727	0.7552319190314049	0.3963603175798376	0.024846944197997933
0.4838798607802607	0.6931427053744804	0.6854054488306418	0.27019818263454076	0.2061897544162381
0.783266921892074	0.3624462204356621	0.01476277582878427	0.6426997693763079	0.5791830735431415
0.35605805408762214	0.6028490998933359	0.7285932301940021	0.21006572462199846	0.26657495427681865
0.7315078303692518	0.9134910837281247	0.6106993176278424	0.3256673317084441	0.12095057241233964
0.46754796501799645	0.8414589477734558	0.7032604588623002	0.9800716252908585	0.27216245453160415
0.12159206263847333	0.09726177334808739	0.1309100342665488	0.6406135804675732	0.14352037127177497
	0.3150744862954712	0.24392489364883752	0.234646467532019	0.7632612735079488
0.21151954350277713	0.15355684646166334	0.4509847394634914	0.7582585566258531	0.8786598851487573
0.2665874904514369	0.4116507376341145	0.9627959499562477	0.6510233370305875	0.7204824348838663
0.8366456981646895	0.20540393275669344	0.7438345893044894	0.07709604033127881	0.16579841157578667
0.3350711751213119	0.41672795100057947	0.4115583348698416	0.6109667237697178	0.26004529620643013
0.5972736160392413	0.5357435434653752	0.8958953597703135	0.5119374612845359	0.04007293900789588
0.7096365468541898	0.669592812554087	0.38530528010021814	0.21018870111220134	0.4009974367203535
0.4574728690652249	0.7729349744718849	0.8821297012119087	0.7936099210248858	0.269712236534019
0.4421820539599489	0.26272244234059605	0.46605857203153833	0.2915131881194378	0.7330574790230918
0.2144092105355232	0.6203687456521124	0.7132906957953241	0.9815358411376087	0.7258008725968443
0.17475693772468415	0.14836097266330905	0.8483272451604765	0.25961041266269036	0.8284729288852151
0.25400056550649175	0.8924597036938365	0.635103037126876	0.2737665578232915	0.8339424055609764
0.8280446630200248	0.06881732950187647	0.6511180581400189	0.9441531122599479	0.9768196241030854
0.6863992805186943	0.6222215734683036	0.008837992149495655	0.06371663843631092	0.45041997886227636
0.6543392809449606	0.4216105519201633	0.5870237839070528	0.567287101700071	0.4712607315294004
0.853188295499641	0.7081134474187827	0.37584419144470027	0.8379154442553086	0.4058165227189212
0.6837722667684413	0.8679493228268664	0.19122648430438172	0.4889458084549626	0.32228955028409345
0.08016142510961488	0.4045008676278514	0.5530615170871966	0.638531231920642	0.6347113490002351
0.6880491940257573	0.1441093639495198	0.061317108030558454	0.679895871524585	0.8259574970526482
0.053665262784380996	0.2614972880108718	0.6771691864886177	0.8285645232028391	0.9208481815645866
0.49731248125054917	0.1840294181467339	0.8286120510965961	0.7042545276166127	0.5089743443525834
0.28899512046437226	0.5722705291182852	0.5182191597632811	0.49766745296077497	0.5892397832855655
0.472454965303555	0.9914158160897265	0.33273718052497325	0.8871425450511846	0.6626017558675422
0.5851695876560777	0.5021091759853683	0.8375542479104687	0.8243639894126296	0.6289394674411903
0.7998822215176757	0.8189600645793277	0.8087794504602576	0.7911231948759372	0.6225818627863838
0.6919432052193654	0.9310928201920031	0.6626290170312628	0.5941489107986466	0.584104998392783
0.8785529696979908	0.8781482709214191	0.5446607681531408	0.8222049926224124	0.6597110511822704
0.18746441937685776	0.05821034536139269	0.9374526578610144	0.7875847576935773	0.49437327576915624
0.1325911522922979	0.3809844608037858	0.7217868015936744	0.5351012841198669	0.442472969716462
0.15763131836218824	0.4577806536341211	0.003191515038527659	0.774991994762687	0.7499426297191556
0.3380892853652139	0.9694045238141079	0.650447410346337	0.8960133781495261	0.39934838684178775
0.7375839726034807	0.6220134252717366	0.803805296083096	0.5252071065874419	0.5353795027373539
0.9960424205861262	0.062075894182139546	0.9107523941679114	0.2580577720789643	0.8900860348553457
0.3618886916908901	0.6536018233263861	0.6088605703076172	0.22996430971599668	0.7077091596607554
0.4948679390526919	0.28762201070636895	0.7152449101542171	0.1585900150077426	0.3323415744345052
0.12541111710911967	0.5738425771433051	0.9665743451494154	0.09737217737193282	0.4544449501293426
0.8781377738784377	0.49415620113271097	0.8988377834528868	0.23178073448435965	0.865049280811089
0.014545643629304883	0.34647113660324336	0.28706963217645387	0.5965613387699266	0.03921378748269311
0.1509185084792335	0.7908276231359397	0.5324533940144545	0.5250668864410765	0.03875959570474552
0.01333336021703968	0.23075400950895086	0.07196480514579795	0.16135145440689924	0.0951906105292516
0.22002583008669907	0.4648786697899352	0.7333669084810303	0.23163776526329816	0.29426927702917816
0.983288815623728	0.1313420969652095	0.8097376934723446	0.009407631867926036	0.7097281219561224
0.8403401546573459	0.7879094987187271	0.38198931803777036	0.5483780885445072	0.39691670913592847
0.8376943421036522	0.18982543978528665	0.5219953224036029	0.3603942303672478	0.6077068070659389
0.9343144387021111	0.5928067295952061	0.21806068242130894	0.9511222744193489	0.5570463088594024
0.2221223446006857	0.11932474621387623	0.7153029394724338	0.7125468585325042	0.10406353166797422
0.4983519457537565	0.18985306616937692	0.3885691922306276	0.21248054645859782	0.5253009213022956
0.05896887293897479	0.8623785205081548	0.020613478518159534	0.4570800131098466	0.49733070585110195
0.8925699047436506	0.25305043964294427	0.08729121747675406	0.5372895590375324	0.7119657181722916
0.6558761748735669	0.6174195113195804	0.20388466906490466	0.4821995418226096	0.03730707722617754
0.9520904351659757	0.42858923721804754	0.6765246446728775	0.9741828700316507	0.8671493184307173
0.2449137278087623	0.8802524798794875	0.37666195889018184	0.46063568596777926	0.9488377171440403
0.9254256659111917	0.6030824629515978	0.7497695285279715	0.364599752673995	0.5980180835459409
0.21166077888962098	0.9939817027453437	0.988042750797741	0.08016529197801858	0.19005122544662978
0.05921324481246526	0.7295491980067503	0.13880701899668801	0.9710034817642235	0.5738778229423414
	0.8475470649899065	0.1085741858486271	0.3993110557425329	0.9752210648775711
0.5391931531668165	0.22780636105934327	0.7118785249263049	0.5914666559886599	0.9493037060829542
0.6288481631780178	0.1906258202563671	0.307982502266436	0.6950761039744836	0.5442786889549072
0.10023332017251618	0.5020099619126561	0.3789295319024609	0.5693856072210097	0.8091709027162999
0.8411436981367536	0.46746074720111874	0.14245743129677213	0.24788220327326782	0.36507359264390604
0.10828450947070456	0.5796958047530689	0.01968867646962935	0.6537575321157634	0.47111956144352285
0.4170399134020575	0.6566176822258031	0.7046245878388622	0.31067457340073423	0.6051027522324065
0.5254681811776987	0.4651854392515221	0.8826728070975025	0.7085286871541097	0.47019140012470617
0.48771840509565556	0.39536045110935447	0.6076705519673113	0.2952150225366843	0.8773112736559057
	0.716558654750236	0.22737887394491785	0.7313936114266977	0.43915700240721167
0.1291932345686233	0.8635004600427193	0.9639825399077214	0.12172022757551215	0.185754799430072
0.8877588888928142	0.7383069467855288	0.16544631244443586	0.6262463881040347	0.13721679384649033
0.48122132051993527	0.029120797170824275	0.016676922901221136	0.9734898449763322	0.3387832652131709
0.18437855421031946	0.6095900787500315	0.6801926211561355	0.916510766310171	0.732986630107455
0.5688249423616465	0.25613015892357094	0.19931108115453855	0.5853272417247325	0.720528577121925
	0.1373856589577156	0.5063692683241697	0.6720256622551672	0.17278144675393958
0.9741727452150097	0.07395086441903043	0.3739935340499484	0.2734059706903246	0.42063766180583073
0.8547040398175937	0.28550045883994013	0.08651120866115702	0.18274321476231348	0.5634546883258693
0.9118761092466664	0.8030363662581486	0.18481243430695204	0.8276767722880913	0.3073880978756899
0.15922103675308752	0.09315301603138071	0.49591153856203396	0.05766889807034159	0.210675576318207
0.7862635414784429	0.5129894466562791	0.3456356539569476	0.3205979687644266	0.8895306926722516
0.45130138521517615	0.6368458609087942	0.702318243134432	0.4216670880375243	0.06271108088496358
0.5173966831976207	0.6398155117808545	0.024189776248357497	0.3062902421112951	0.15423479684803032
0.9635689248301251	0.46045406463354266	0.5935975689290346	0.7588248101065829	0.2627598382796402
0.07486818891339564	0.8228358682096308	0.9689766672996694	0.19137057977025707	0.8821514817215376
0.6190144369158308	0.23840422806908756	0.07238150595920223	0.6536773960148793	0.6848991121347356
0.9971081013688168	0.6616058085262103	0.5761469385004238	0.42514773693812435	0.7321257447461434
0.41080702595136775	0.42532162678802177	0.2829406229092798	0.7367426825562459	0.6817654150744629
0.4023171902895929	0.16346272474027468	0.43453185724145293	0.7217888950037024	0.22345858973778754
0.9066556778845003	0.5200790154301326	0.6107310870594636	0.8662054535394801	0.7804203814558811
0.8207493589462337	0.2040087616345463	0.8552181866649439	0.8769944367246099	0.7722520653538075
0.8140017180792459	0.6421317822203092	0.9999846673099918	0.7746496421187105	0.34462651552434775
0.35215503236703516	0.9686581337409295	0.06660234396207709	0.27400078264360184	0.48984086275246475
0.025261731900165008	0.49662933705070555	0.22757831175527043	0.2971637043610035	0.39550471246770236
0.95564039897543	0.7676356409957447	0.008097605046043732	0.9132232630214039	0.003511034201189256
0.4868129814908144	0.7708852682852174	0.5731332765413233	0.8114429127412088	0.25328739526534194
0.6540187405900357	0.21653484072503348	0.7978716994138403	0.9823133874154212	0.5334261174547952
0.8325009223776985	0.8145750938522642	0.9427823528801966	0.7558606018126064	0.5627613994154743
0.7871501689647326	0.9106350494122266	0.3477522470284754	0.6883224008393534	0.8005109877186817
0.856200950631869	0.011288133542655898	0.78216309618463	0.049420195845831905	0.29674426376501783
0.5100647905607406	0.5336292991685792	0.5037692678100764	0.8075030192206571	0.05985415672057659
0.11966650895469366	0.6032423033345085	0.20755389032113047	0.7962799927897114	0.07780525138146221
0.9219605329830522	0.054800526697644125	0.8002559097292608	0.30268534754853194	0.927928550915082
0.28812969235692587	0.8076018380580091	0.05369383819166207	0.14007362935579715	0.4483934687902431
0.3688667503604237	0.2533255130119092	0.4262057964927839	0.8404389060266076	0.652198560015738
0.9877779355781845	0.8250788225918033	0.23295435060512049	0.534895333467614	0.40172334422658285
0.7394416261241982	0.08527296389560135	0.9413813648054691	0.15893178324642832	0.28023749845669454
0.046788151517278886	0.7508468403587725	0.7208981404713518	0.4405917730898382	0.6342510213343415
0.6900293639481633	0.531900755560681	0.7067226055641807	0.3874026197371898	0.11410969249825687
0.02342963018490063	0.5983897384181532	0.46072909584438404	0.847459933274751	0.9877314584396795
0.8384005070365974	0.0929995733722142	0.3951316525848241	0.9663589010213463	0.2667442248976786
0.7238087814342035	0.38147291896696345	0.2696023363969753	0.8907691891450666	0.1913054672108495
0.49472079069224684	0.12835419289468453	0.38136389335841314	0.1454221278122566	0.6194223707895306
0.6691239515421117	0.39806824442591604	0.8236698520726792	0.06259677498147698	0.5884883633861572
0.8552679369476112	0.35115870052970566	0.9352882332204396	0.6983920315104234	0.875252983104756
	0.2855590000306769	0.22685830206296953	0.9587349062642518	0.9806957149867368
0.24391131795777055	0.9520657540009755	0.309437748404099	0.046888327129700036	0.6869020313242328
0.4405502037225483	0.8892178514436878	0.7043830682675268	0.7622533475852411	0.8423999057927481
0.9489132068748831	0.9002833793114863	0.4703225338402943	0.6237305498423398	0.2739984222272265
0.04796598376637429	0.46392114973506593	0.30104210427945777	0.07944004298680463	0.31308184801411
0.12317962872853128	0.41761360047500384	0.32370491427130976	0.0786347097101675	0.008531628318376838
0.24431712534711258	0.6225526193815841	0.36061999849594706	0.8827610975633388	0.39010013165889346
0.38567699001453615	0.3459315259218294	0.09766986350093432	0.4650623037338658	0.9468445055447187
0.019855757264516494	0.7051868164462175	0.7209390459575071	0.9960904412522801	0.6261286889658761
0.40970635399054234	0.7463756649786956	0.7571546409351452	0.42177164627498265	0.12773011444222637
0.6877015110546693	0.44923120237967096	0.7619091315528514	0.2973010233443616	0.32893143915467393
0.21803285597219602	0.5243800857594887	0.4025878415299804	0.8058165224993227	0.17167092638991488
0.6738781068653347	0.3366782088906295	0.9703341577742791	0.8292735210414184	0.9110785760245131
0.7499669645862634	0.8571135104803863	0.6894476884832004	0.9701955419983087	0.5599973690400822
0.8742948668768792	0.5339326061897461	0.6033162936207828	0.6292775284401343	0.9898287591689308
0.2779317402422281	0.4386164950155276	0.4221497965048815	0.9935086383779962	0.6697117249524729
0.674137205163905	0.08904466871962291	0.4187130859661391	0.7012313561537085	0.6066107484717947
0.3721043520467451	0.7284496208791552	0.18153053954331366	0.2899691371343134	0.3196765868493058
0.8934052289978167	0.8359165182937277	0.8471791791896224	0.08531786895636329	0.8748126072856577
0.471106941642195	0.11468872639179839	0.32629387957474343	0.2692356308899295	0.3289974530712151
0.7060882764789429	0.17933039160435726	0.7055555799675474	0.718866456606681	0.4540391359354643
0.03858354335556624	0.10606272694510399	0.4866736644672517	0.3649183116144886	0.8648227178061346
0.8705868290258564	0.5316436559100147	0.05969899849569682	0.24702358090463927	0.3018818104800173
0.566420397671883	0.7186852912392834	0.5293637075924958	0.07571983614703925	0.3699947070715671
0.0024579719788758725	0.9647155985551809	0.85518894034017	0.4019206739049809	0.7171431530668888
0.7072866308430021	0.717350471136131	0.18678697385531873	0.33959542719281643	0.5705243655637208
0.6607551823780901	0.6109929744193501	0.6510245198229192	0.21942188951246577	0.8268028905958554
0.668584937513068	0.6340281095326619	0.00961939208766438	0.9207073830367024	0.403185033569187
0.5175368465836461	0.7150898254464563	0.10858779225059789	0.7722415835877388	0.0051965561859678155
0.8340858380094761	0.5096659791169582	0.3241927618847763	0.7439429804290743	0.0864806003975448
0.9302758444958931	0.8528365155850067	0.7109598677202137	0.5924565222894577	0.6712047375707755
0.025076179852088876	0.19285070783856295	0.8935508330609777	0.438450563779748	0.7778986227822089
0.9417708573053465	0.3248012795248002	0.5657686575442752	0.44702067749083785	0.9206037399460291
0.8380858849611098	0.7834063614931563	0.2788200111138197	0.6313450022929871	0.0347533775088702
0.14879908547005416	0.7371645314589507	0.8273982505548857	0.22946318307669022	0.2535544460153937
0.7714136801564077	0.9128956423799155	0.6640800283222456	0.2402628439295822	0.8077622404066851
0.5386824805676361	0.14721972997906063	0.05837089971993514	0.4122401634077384	0.9842975714518458
0.3821147804335283	0.5590150650433817	0.5710659475478607	0.6737985010783698	0.7036592665593893
0.8369307209373008	0.5265469534732735	0.8026145338228213	0.9216902395897184	0.6444263261095514
0.9084851772386485	0.6239104635313943	0.8248088487244475	0.6175133312577139	0.48056503576894816
0.6875360584569058	0.733090273074159	0.624601506336254	0.32970921797697905	0.5360803439127172
0.3965914742701395	0.2424045087844695	0.5484477412263908	0.03875508625912716	0.09002880164698124
0.7851486913617715	0.7460456540831107	0.6840141596835725	0.08029148535614039	0.3210087419940918
0.6183586579705074	0.4164604534081845	0.10299665465122643	0.4890903166780707	0.3497436909747724
0.6536116870144861	0.4872819012522601	0.1503010026929832	0.7442448863478979	0.23586789523492058
0.3167141316290155	0.8156870024616317	0.3257980480950613	0.3163940059579611	0.5432253079924153
0.9652829653630175	0.3922320842178004	0.6527816680451356	0.6965456634759805	0.2336857637797115
0.8829019763026806	0.07318596422836221	0.49900710553505023	0.28734686523801756	0.19839437081136468
0.23257693321499562	0.3053338407834191	0.7231074314378045	0.26067674868743107	0.6849625753909242
0.39399143675240633	0.5785514257063125	0.7746776844448391	0.6160656493153025	0.7347930078724937
0.003935058051903528	0.9282713981951516	0.4021883745393532	0.08172101353597416	0.7348093172688275
0.7940883720338118	0.05248883855546527	0.12027953602359209	0.9123358478493288	0.5086285045607744
0.1675240639254013	0.4118092344521648	0.1943658186953252	0.6139210180116593	0.14218675542029824
0.8108391107790974	0.7389677019148551	0.22960791294988692	0.11373593530150694	0.9003709521780919
0.060132799243879154	0.3777463541957997	0.34328736593170783	0.9769976245558232	0.15911726089214062
0.9302857449517414	0.3883717335131218	0.18960428234977933	0.18820994556517856	0.6922793681034274
0.9987640418389305	0.25676697346673416	0.7077441222736338	0.009981659501654527	0.14004260901106624
0.8115600471201129	0.6439096180195637	0.12140969233632126	0.23771112630467506	0.6746811095679434
0.011693735677984152	0.33244717252941147	0.07035000643584477	0.8993012736580978	0.924438784829155
0.777501250076005	0.6208005319075223	0.21549232769253512	0.7148570985846968	0.009476462656871965
0.4058496536539703	0.7363426468619422	0.5519531173398928	0.3637509452018267	0.4271477410466805
0.3540611408285632	0.8863608036462218	0.014053234740348919	0.5343563372941564	0.3636807111877902
0.9124482737631006	0.9773089121704848	0.07830357568493618	0.09863929494936297	0.04993804863130169
0.8719319706959137	0.5921615154044955	0.8582581083886579	0.07681730640674855	0.8084406976167656
0.2723859103916415	0.07269138259326524	0.5327528580735048	0.715083654506926	0.8992270818608518
0.007000395482740895	0.06546717716236172	0.32354746051895367	0.6769225506922629	0.062293541773353556
0.873358649382906	0.5614770126625253	0.6229173119172968	0.6092750019579718	0.971964587631985
0.5645216852339159	0.5989543268309184	0.410067620314719	0.8956258578836493	0.7831975793951275
0.17494654451464864	0.8847225790295986	0.10521552039436555	0.2849707321434307	0.31195016140995546
0.8028561605089667	0.38047996008820406	0.2709715551890757	0.46730284596848215	0.026593276535792354
0.08267583899062525	0.7469403829702044	0.5188590100915504	0.802740766326412	0.3362466637925342
0.9851986481238373	0.12347692125751264	0.08468980859573494	0.6549657334333794	0.43827664957897705
0.5632365689222979	0.4960058933775654	0.6134532364075247	0.46671473206421954	0.6179569607282417
0.9938685801188095	0.40572097036135646	0.6515734808423231	0.018130460704733675	0.6551729675113857
0.8454652847415435	0.06929207192987108	0.26598371866807047	0.8760024243554272	0.5340291661219663
0.6073970712078886	0.32107852374848	0.9320236936262937	0.3926644924563456	0.024415208481039286
0.0047058133818542736	0.06229045757559226	0.19647056074104452	0.26540334568279067	0.4872460430702418
0.41653212308574206	0.5019745194550244	0.16108412129980398	0.6884206263617939	0.11590019482488101
0.4143393382959808	0.7050330354378058	0.12695495452212258	0.566764787235997	0.5992178277952707
	0.6842829474797355	0.4884896907713987	0.885953905823682	0.5794850043500898
	0.04573602793384479	0.46650369391010704	0.3323380941220444	0.4293770297515659
0.044341486018970366	0.5366173576404858	0.14093062626667385	0.40075559928298665	0.18765560895977929
0.756351875219691	0.6532264648172206	0.49829642891942727	0.7254246879298109	0.2631259984954477
0.17095615396397523	0.5120018185082233	0.6056188980903272	0.5792066894742779	0.3119650293840104
0.06978086738003819	0.27333468979295306	0.13033192282619477	0.10479127844797398	0.9873820817875425
0.38063409569388873	0.5738354971982509	0.7396192326250218	0.6119872293386163	0.33782189227068604
0.751429049459338	0.7576906448554744	0.7161463533101183	0.08838810111597417	0.5318013792892458
0.4987518521880002	0.5255690734204567	0.08996709005241799	0.17658825529590472	0.314631209592371
	0.3918276468832026	0.5996578930403831	0.818102522746028	0.6888743380753457
0.7096650743144225	0.07021909791983727	0.16782795930400385	0.8756036084597534	0.8378162379433093
0.43292995700910997	0.9049642028772465	0.7212176525750639	0.8916694198332803	0.5477670858934282
0.5932938337488011	0.03037754650113833	0.130994730367606	0.06739945843876272	0.7477861535491792
0.9423103108080922	0.5966754325215167	0.9502709007606482	0.8548176599023316	0.4857669044896412
0.64205176540234	0.34660139515211086	0.1367736035545748	0.7838880649185119	0.20343794591791742
0.518813164154008	0.176260152038053	0.7371870653426197	0.7064791495453837	0.6220030871113371
0.7604741083518579	0.942971786089083	0.7542260891324015	0.7090982200476263	0.9238305744335836
0.35144855217437765	0.6517346215966417	0.06587536530955085	0.18504315390783743	0.6867863563411902
0.8008854257783222	0.8221474329208018	0.5656028902547612	0.4927662496925759	0.5404661811306548
0.18826655346645538	0.7992917397581111	0.12271348101794022	0.9702313753761956	0.949017603219019
0.8687294528626143	0.071054610397833	0.5439403757120679	0.5248182979617534	0.8655293684390041
0.9202709150307435	0.37160503018630686	0.3779848508736414	0.621807050017589	0.22161760904152272
	0.08675178028813235	0.8081931532979755	0.6516118118730612	0.8289184741120048
0.27044636705099057	0.3377354730273253	0.7483655038373089	0.3340786551289173	0.5449564500602815
0.05891689119026766	0.6984505554849332	0.6075599282624233	0.6073673215082152	0.23524961586571191
0.6456440966153404	0.8796712588336599	0.8451442106044477	0.1644444643287245	0.6217917916664669
0.3318339782698323	0.4885250132111836	0.5514072791098127	0.5199438139127084	0.47657410600825534
0.06355056916757662	0.3383839077074148	0.8404475017336753	0.8263593344105379	0.8310259913024012
0.7700632505892117	0.950268955986308	0.8521647153899793	0.7754712929768652	0.41550088541227614
0.6833379579038658	0.29482986600445893	0.5955272365406611	0.9528496737773761	0.19891311757995067
0.5332415501885743	0.6471178740550613	0.30407658185945785	0.2054144077534663	0.23929671479326797
0.4770551127152606	0.6607240957618375	0.35412515613373297	0.1647329885895641	0.5258041971340752
0.042393600446364976	0.6297294769844368	0.06648790397287285	0.7388368940734522	0.7294160676782779
0.49135898857990934	0.6050897296133337	0.07982917910371001	0.7013240156992935	0.4135896755752787
0.14342324133962514	0.014116338848652932	0.9827844606021863	0.7553877714910149	0.1721340685943793
0.2026744101507073	0.07271118516693009	0.8308289185315507	0.6708851586414243	0.004861064612439514
0.23794806205317787	0.5133717322582859	0.17091680757143735	0.3727461002693079	0.3862666450902158
0.6425448143463572	0.7787861859740719	0.2244483294656473	0.5026177412802731	0.7347524913114275
0.3886518507228691	0.7159478492334067	0.6677721875182081	0.8079378229277805	0.31276814408661746
0.7744986709394281	0.29119515712412036	0.3485411669623695	0.1439147248659579	0.12006071847836686
0.583965082779481	0.2707330815244914	0.929216409667162	0.7750275434955697	0.340522076851719
0.4779103846528434	0.3888345070043666	0.92431022691694	0.5069387908803954	0.5124500726915987
0.21797641918581467	0.37143774620740755	0.913321960686681	0.014970529411105216	0.7408516160988835
0.6641453046721482	0.17167038795693568	0.20168607920417425	0.8289699387973063	0.7785085200921038
0.07024095331028302	0.6103881767312114	0.7261560717054693	0.39520894534830175	0.6470307174690602
0.46578276447564937	0.0338975224629956	0.44415457966275607	0.8441113596809955	0.06429358804255292
0.5081008961120028	0.4477295507650748	0.24693111129135759	0.1397645293123485	0.29627488745834574
0.5530467851651789	0.37290324744045833	0.6615330632167474	0.5068050248007652	0.6785854184746105
	0.40925421357664493	0.8298693841825409	0.7990057638744655	0.3115575462808735
0.959587148557019	0.20361310711933944	0.24032575507822518	0.6863540340482689	0.8537757398422633
0.8379314173714685	0.44042924736168587	0.6126168732014499	0.20779624057954071	0.46755862563891926
0.3377589713175242	0.35924536047766953	0.5088829497087868	0.5362287168741169	0.6141016083242821
0.8480744995112434	0.35013860492292515	0.7900331806007185	0.6756738422727453	0.27912940158359467
	0.20604920390508774	0.7928085602036851	0.9868399670814737	0.7995959498591915
0.6003248524123661	0.8180008621304887	0.20243253082008583	0.324027843241259	0.45440992057888685
	0.17045793910014206	0.7363862563571795	0.42589217520159095	0.28007087885117676
0.5934452613381335	0.9912897252716334	0.5906359031371262	0.5371054866758558	0.5876430419246602
0.16663057542607784	0.24818576627451305	0.9521181547472161	0.09118555491129199	0.6656253382725112
0.9120961493685473	0.641694519582015	0.9600839716209568	0.9069651915319131	0.24855685149015194
0.9290905277309643	0.8478079933516827	0.5490104791293154	0.4873403177168464	0.4806491808792571
0.4413615731047812	0.9591641008093985	0.6983807321858692	0.34621615279199014	0.5503747645880919
0.7476427163421911	0.2569855237141033	0.5606033507963412	0.8261807561782627	0.8986440591991236
0.6123953726745912	0.6853159724642595	0.903484937577327	0.28468341085675497	0.8610409720695245
0.13737383007482618	0.49488129437113093	0.5892018913369833	0.7135953659262191	0.17829154388326496
0.3564728614301653	0.7656981053612147	0.003384926209863748	0.6830753210815018	0.12295702974429046
0.45874216093251474	0.9892648975317853	0.8217679995353198	0.5078777539778857	0.8459368023885456
0.04297064955507879	0.20695168112421036	0.1019351858139016	0.5662541067096556	0.7979197659266701
0.47244856902434895	0.5754965099730085	0.5682328849293171	0.40107242969116785	0.29634897342637667
0.7309047416113235	0.8952407788254741	0.6237593727802082	0.8261113961227827	0.7125219859809593
0.849172543989685	0.7816433623028	0.4011132570990993	0.11057902398399122	0.22294519077614772
0.11105588140825806	0.988559310872082	0.7389542787056972	0.7634632267247144	0.6175614357151678
0.7909824572129279	0.6713500636441864	0.7079077645338427	0.8585287183080768	0.3720553595724303
0.9769024213682981	0.22818990395920102	0.8276619372521794	0.6544593904537409	0.6263187333652409
0.9290918559309169	0.07645653433947419	0.9128859509822866	0.8021693122742596	0.2081604092109105
0.127390494041568	0.6364876948121841	0.7227743811260142	0.44535540998397993	0.3208276948516292
0.8052200538693921	0.3120927882581551	0.851522997269254	0.26175137693712724	0.9373356029311171
0.29824360872469957	0.5139193422438089	0.395800398739076	0.15020719807291405	0.14750124641717155
0.4063633988970383	0.43725995716132393	0.36989755209958697	0.5654185422511682	0.7688589033738882
0.37773923902420403	0.34196691748663055	0.5421479430184839	0.2811030333148584	0.4282223022448689
0.7313512780068023	0.861222079391888	0.8512079798336498	0.6469459682861549	0.8979752644895238
0.743261610749011	0.8805203970577203	0.9475970540255884	0.7540465796884481	0.05454224613539138
	0.8642099221743045	0.06663602184242146	0.6552559076302473	0.73998313370091
0.27679485832695827	0.055143226694451486	0.15294793740918233	0.6978767671338624	0.18262386040359602
0.48433033420842253	0.32408952367460175	0.2876070881629552	0.07484171577953624	0.22720682712140972
0.6717656992009117	0.5451514533064404	0.26284111948925626	0.44042807298995135	0.6034044290634152
0.6674610254300747	0.42006869644151457	0.3990530802660962	0.7500274630019294	0.12828322578210993
0.6382412087485667	0.7564538948152061	0.019643527490990853	0.12113079789345726	0.3370553829377848
0.3243160050780838	0.29541481053915586	0.166527259249872	0.2983638293606631	0.3467045703637246
0.8323599524910642	0.2403240545201063	0.18458893327797699	0.16721412120898915	0.45406113456553143
0.33647521445446293	0.9258303395997399	0.5395157437758196	0.028067831240312757	0.3101464334844415
0.3275341161271339	0.9117534191733951	0.6693460064712419	0.11480106763111442	0.9417315310322892
0.4229173401584819	0.2983537369232159	0.7651828558139145	0.26264411628683526	0.8063688042935081
0.9081415748817246	0.07134919993805056	0.8493252644004222	0.9827694961963428	0.1287546606758756
0.8901880305773286	0.3347235492213553	0.8165351017879027	0.9957569973166849	0.27136098585520263
0.07328508799862521	0.7572245293633192	0.5722445229198762	0.6416174684123401	0.6940771130763208
0.7749536820524622	0.7932485759252245	0.5741274894635183	0.6437151437343052	0.6079050359114766
0.16637127461657975	0.17190897582935227	0.9387623656004717	0.1933612637903327	0.9037272849394729
0.1129472189860724	0.34354363912702157	0.2374101156133439	0.2413451916164786	0.2019788646888767
0.9029709558670755	0.5598474022676223	0.5134030684161297	0.8598905622875048	0.779681563902051
0.14629052790547015	0.6652609011686932	0.7655981498244422	0.967628287105513	0.2442907758948175
0.019472730063976318	0.3978071862727057	0.3678168885968296	0.1755432326715063	0.6511821018314591
0.366325890317013	0.027317410039622625	0.05293511859617128	0.8108346955789998	0.2450420707502875
0.18040041151099062	0.707144297555982	0.4373320047961812	0.6399897001684661	0.5939417354277201
0.4550872965433975	0.21391702180870964	0.24045316004023964	0.5315485618497849	0.4845603028774488
0.027025688842647222	0.3104690110002637	0.7820860257882628	0.10182412454391998	0.10610518972351879
0.5208476829582102	0.4332917816864037	0.10443918898582338	0.7899642155041202	0.23138494578553215
0.6422653696828169	0.5804328998103195	0.08862637922538774	0.9071111753570483	0.3972658633020262
0.6397390183105541	0.593057422593147	0.24171357035771412	0.6800216131288007	0.5781289593460109
0.0662077799431019	0.5595380809014212	0.005816629040166221	0.0617351910295455	0.01647588955052559
0.7809318305191847	0.8610162905449952	0.08012361723644112	0.8539209511745733	0.9362224746026943
0.32190851458769454	0.12817553669372772	0.5512806072350653	0.5239846671925906	0.9149061075734046
0.8438266927785999	0.5501608517402916	0.8637393684316287	0.17527563839495408	0.5928221297517422
0.3662949953476159	0.8844295961982052	0.8343009688546398	0.13084358188162326	0.833078002094367
0.2603294846855524	0.36139768972482234	0.8609139113764424	0.7180786956013995	0.6415129463790128
0.4502141491116304	0.68177565206128	0.17539289770601463	0.24173840150741022	0.6502848374900034
0.5047679659804252	0.7708276129255138	0.33250594934773947	0.021692909977105823	0.8527548360317682
0.5553099082653301	0.7162225235284251	0.8926508157824395	0.34725027709892	0.7107958281239694
0.39160599563462783	0.6555923133760336	0.2012078712104719	0.8755268208402578	0.12765171307825218
0.02249577756696597	0.5586775823655673	0.6328771214409348	0.027531625885033995	0.2865637019607301
0.2392123041838048	0.37262918277847923	0.21873773456672485	0.6403680428845935	0.6098807079897137
0.23152385508745443	0.06835942837952558	0.9893439906296394	0.8438427841099696	0.06674512702574176
0.6933041520593217	0.4383512014637867	0.7639786310157816	0.8711179815767507	0.7671630642318074
0.2853622568457811	0.6120542382558559	0.3678955747624745	0.3448075248537592	0.7967672390922753
0.8010949062742551	0.7471031671278424	0.4705193889215278	0.0470226869517395	0.5528653391280819
0.2906643503405547	0.7041580765761599	0.38523543045257636	0.4546357582389168	0.1795504997941939
0.201945684039186	0.6118056206783118	0.35201488407169446	0.574766978487336	0.6205287869361786
0.9532332459625886	0.7859262826337128	0.42839666225998807	0.46073988398897203	0.5464286596996817
0.5535464665401781	0.6135104863981548	0.04317996925760459	0.18963628994926618	0.1522657666708388
0.9134822158865435	0.08748176944225028	0.8630978826428661	0.508690718221512	0.09186895513986426
0.484676183890578	0.5097993491270396	0.7703166183743758	0.9119301528932071	0.8715703680253015
0.8454318844539044	0.3672864341536498	0.9232611261324645	0.25994849465433134	0.10288572729153334
0.6361601987969442	0.8705329459670587	0.29796540759893875	0.6078045040221158	0.8539148826787827
0.53879275496227	0.6576719031601529	0.640149993724491	0.7324266887823309	0.9080991240414292
0.584623338273669	0.7807571337106622	0.3324929209780555	0.2821677689483859	0.26360931956154976
0.7481953502278065	0.9172895636558346	0.7543542623174473	0.39259395888803417	0.258640670681725
0.057728734884228694	0.8095603146879515	0.44296546011767146	0.9151089148747027	0.4447304383033287
0.8543878646884338	0.503599645034873	0.415849352377333	0.41035212415584743	0.5281809546533566
0.18815260001913436	0.9225525845307486	0.6873932388422457	0.2403397958664406	0.9257660457789906
0.7356898979123702	0.6715688589883123	0.8933123108814004	0.0816987938999939	0.8082868454482554
0.5052463592331489	0.03703569606583246	0.7550537967393584	0.6404914692300478	0.24479145299311644
0.6614148300955214	0.21580329329881287	0.5446337350727846	0.7943807012299933	0.8894622955229792
0.5730480477738576	0.7167965590926246	0.03645057330086443	0.8770510526914002	0.9807532532624842
0.16857664453943288	0.7216674015197184	0.35827514519102044	0.4790420941052145	0.6038370495036828
0.13336339787830165	0.2685799195588242	0.07181468093222987	0.5170751308128985	0.8169748019861629
0.9736498230912078	0.32679714026250084	0.14448939068995936	0.8493764062330263	0.38129535656075464
0.7722008900389027	0.7273695488447343	0.49122879852210344	0.20951837710172627	0.8504700656940766
0.7542406376240973	0.14953584938405184	0.5590731034499823	0.34416281455803566	0.5637852207613028
0.8388728831675049	0.8064439766834416	0.9870830716991709	0.6901580500594006	0.9191444031468571
0.857784538105819	0.2920910383433014	0.21866896303069205	0.09002013487594251	0.5415302216060142
0.8408946614593106	0.7653795781294962	0.6522065117400985	0.5223650030449957	0.22578094981281682
0.937029458625442	0.22063039430241516	0.4184125939269443	0.8646046445442706	0.06584365223583033
0.8142556734399669	0.8139377159353992	0.20256848142152295	0.23209176017331412	0.011815896448906682
0.505436452505309	0.21641043797221993	0.24932024158498745	0.40375343564423993	0.17666404138999503
0.19892914736244072	0.9343551660237113	0.949993930970061	0.7771417061624053	0.7196387897281346
0.5838249075363696	0.16448676679664476	0.4609862452732789	0.9807386675472756	0.8219044637810451
0.5328903879730916	0.3197752456605695	0.5711636321411117	0.9384898790293542	0.08873209582557673
0.9147589470914969	0.47109797729371394	0.21686386562919868	0.08401394965589304	0.33265426794393316
	0.22515591630459209	0.9704236734787424	0.7178574900614355	0.43254431219774103
0.31445108781753184	0.3010149066100771	0.5203252245815103	0.2365124623869933	0.5557625042522967
0.9365519112909575	0.07729547742949194	0.727317723327885	0.9644726376880688	0.9992516871524822
0.7461834895123007	0.1168941887148579	0.6519958812758648	0.5802666139558318	0.8438399310719858
0.6833723657564541	0.477297392872423	0.7973899637268519	0.6380129197652655	0.4829133664784353
0.0002858477836860107	0.07810008219233544	0.4834485387573252	0.6427578860607825	0.207080183521395
0.28043168441896327	0.06240603402524991	0.18696143256507658	0.6258096452539967	0.8840339108904296
0.4300952438735586	0.319889112362855	0.0206470427933666	0.9393646879050532	0.8999273096720546
0.1588695378727356	0.32209187173682874	0.5166964276550257	0.48668388608500734	0.17336160433440817
0.3088292954692512	0.8186665542015118	0.12653910218922804	0.7863415732454195	0.5398840831868144
0.33836401055795784	0.6391382826698166	0.5878147020842955	0.7544661072262314	0.7593852086502221
0.2920827320150464	0.6885768232756161	0.721101919175512	0.19351538882395125	0.3738005508277681
0.9965172750487629	0.7946365181670569	0.3827110688257398	0.9564706330727734	0.6321171108345442
0.6100562813800261	0.08944307080151492	0.7628083798606863	0.06920776776652793	0.8590658373940747
0.6167997783697023	0.04675609055569119	0.024253588628618372	0.8948135174347656	0.6850613235607547
0.8966672721382739	0.4206412022135463	0.9797516154892801	0.6342394263551656	0.018706206139394332
0.009138366922502361	0.5638949924971888	0.8645144254521273	0.8816326771804094	0.8902546113089117
0.5328280271394348	0.3193606415764315	0.6317871961649887	0.166384437311635	0.4426099589538348
0.14360795437214047	0.7255747774213933	0.19599442955124224	0.5231575996552867	0.6359167301567178
	0.6268178454556914	0.553514254146282	0.7323458126443176	0.8471432629020307
0.03016437483143264	0.6412229314123308	0.8231267606893019	0.9462993650003482	0.7851998719584438
0.25208713748985645	0.5882851349083071	0.9426480997308679	0.5823804384583438	0.8694718965649868
0.16444954304054948	0.9849910489627932	0.09482709648505272	0.5648090120720983	0.90718866845594
0.11654003703990745	0.14184005106110165	0.15713744205854163	0.8213476225664189	0.7643237739408453
0.6597752367808504	0.23419402942619572	0.6243490541415234	0.767094342524053	0.24702524941379533
0.9696825105408357	0.6137826082672071	0.303867787105524	0.5725910508505914	0.4974062020485036
0.5637359909458585	0.797234568203276	0.9514103553921045	0.33514236134784103	0.6998602360305534
0.9971649826488977	0.6059254254232105	0.6873373048903092	0.3083125753129987	0.026041405307165366
0.3652808372704667	0.6137588976127167	0.9785814962001506	0.06293784809828817	0.9575450144522555
0.4677953586966064	0.9773530836140081	0.11037276037711463	0.16078820622275658	0.9441672279809892
0.7517856547509039	0.750256669768117	0.9281817513843243	0.7350370142219905	0.7809351865685209
0.3713639272846678	0.4893856334110167	0.16784063230739898	0.1225688560447541	0.5899474424533462
0.4280045711880155	0.9411636444092258	0.4468479738834592	0.1818177410179589	0.24090079903210204
0.24497848148172163	0.05567427749597531	0.8763651618883502	0.005918729364813857	0.10598951727496209
0.21629650508502096	0.01459511975909844	0.8043856785567801	0.2505661233711963	0.007086921434132143
0.21523573813824826	0.8297246498788535	0.8728200194272843	0.6318768621947438	0.9499189233212968
0.669198900076843	0.584589571830409	0.25952869209331686	0.19497525853060205	0.10585867737931376
0.9072662848500145	0.9422701501398447	0.6081123590347997	0.6608161218849893	0.27644152229068086
0.4892251750569194	0.35577653570357914	0.3139359545724927	0.8872126745914224	0.4717652783442845
0.5333493366598415	0.47568409760547115	0.5925952806617123	0.7673421166062476	0.332970085184782
0.6375631602341288	0.1491785001978979	0.8598778061741367	0.974125931750042	0.35411469015764785
0.36999879661172164	0.5804631276770229	0.1903956858284762	0.711030118458515	0.9960679478843725
0.9590630335109475	0.8274949528488529	0.481767030178725	0.39751748427708156	0.7720746398769768
0.712961837426449	0.7958700547509595	0.7237972084033439	0.3624969812729497	0.16731219627902116
0.6393721736149621	0.4541037425139193	0.12713814369747467	0.23687760716885742	0.15191639809877866
0.37350462669471163	0.3077745835587624	0.05123294486545238	0.5869710530222875	0.05541235460520855
0.03621945931966486	0.314352482836333	0.18886551847157917	0.19172308284379036	0.44924683111005936
0.7802981091489245	0.8939584572030499	0.38928634790259686	0.5585117947631394	0.44253855657421126
0.0197426675066823	0.9865444603297886	0.5136538196882998	0.6335216479742464	0.3211098153221509
0.8390782621553861	0.7314421406245575	0.3225635573892127	0.2812342745443127	0.34535932214234877
0.3333587974462583	0.15221780495593384	0.45155114227066784	0.29887566191698023	0.8052413354939401
0.9305725642802474	0.0842917518094406	0.07296326932529451	0.9502518633818272	0.9646393222054882
0.26927116489764613	0.8268336763685776	0.9054207269426638	0.21565243337442286	0.3970948513628655
0.5672766629519312	0.7226836010997479	0.8624700901734169	0.8475942336759541	0.8544287384840312
0.8501460989765396	0.5990002130904771	0.9127921075382794	0.0680679120133133	0.43251541131891813
0.9099626169802904	0.6224074745477384	0.599946606421059	0.03262893417082002	0.9223551316015318
	0.9530981858842525	0.9257355582523955	0.3767716284636815	0.7370822963270395
0.0732604564672169	0.7564514366847894	0.2626247355390944	0.5169604972731838	0.2251991954757817
0.09607542945535386	0.783600315598492	0.33632318109403825	0.30747690838116826	0.6349581384043942
0.9064022096406545	0.7048266838196559	0.9957295024501952	0.47136499992483893	0.10343966916923442
0.20872816731050914	0.2238748130373195	0.9297994938261027	0.7387116427154091	0.84642688565561
0.11210510742602975	0.4467034863515317	0.4427052072970912	0.12370668250283046	0.6538132176229813
0.9497065387929781	0.15465320667823534	0.34849080191783477	0.4290053111765051	0.0939130795595422
0.4276139702819808	0.7875272475058506	0.6617294101486471	0.7537922764955989	0.15274680839533006
0.03624377174751947	0.5941837437481746	0.9173034654002903	0.13610705165530146	0.9804306812894518
0.37295182031556573	0.9731829675476752	0.01757750545641279	0.707214992899548	0.296863026434658
0.7063155647083617	0.8075872293425228	0.6830944722397225	0.07762954312397852	0.342472178960339
0.3926271944019223	0.7161856121693906	0.45365645892617046	0.8905940680229749	0.7772748862433324
0.2353849635606935	0.4340199735563658	0.6589573124641296	0.2640018039494558	0.18508460792412196
0.7488519975989448	0.9276923001127073	0.22772479009708724	0.16065029748624526	0.44671899663844883
0.7043437480157488	0.4173649775683109	0.44130903113748154	0.3019089428702425	0.07098819965903735
0.6244392720119715	0.9124809292480216	0.6234197676499752	0.1928012910393736	0.9990173352572546
0.6090024162052867	0.6067239121168664	0.29716248538640244	0.4949031043786475	0.05404599543806854
0.41758009246197525	0.6304493489228156	0.03712759354218409	0.38583137595776673	0.14179374632360697
0.6215329975846402	0.6172492977865606	0.17849603410584203	0.04743726401538462	0.805231493947174
0.8182885122595615	0.9994955884481376	0.08063069493835417	0.8247940090223643	0.0985261671259886
0.10444034249521417	0.20450742093067242	0.8724815006263821	0.700702973948069	0.20929123898744217
0.6329042540435603	0.942625119128858	0.5222499158196983	0.4604189678312903	0.41246575778619987
0.6121353189298326	0.4212181427292977	0.6566356620623878	0.4295035818525498	0.7286210488574647
0.7370369206893778	0.3250799152585324	0.009703522667871667	0.18518931505150416	0.8264452717922012
0.9164484413291392	0.48257862722686884	0.619622948037769	0.3178909860583111	0.579937524300595
0.28633692170702496	0.854312388590965	0.253017159506398	0.7971642138622931	0.27149865407856444
0.39870576997548623	0.8458839475351805	0.7045044721013821	0.41780127219041097	0.6929630135590434
0.14678076936423723	0.5074482540319735	0.03835990210850304	0.23384603827932382	0.2057083662924165
0.8026090783015954	0.08091833054272601	0.6581651448977631	0.7807426046672431	0.8005452875797052
0.043859253255323916	0.6824772386821236	0.6832179622915848	0.22996085868810834	0.9236702922375055
0.9753636614317789	0.31739732212687244	0.08109119175844604	0.6697659145658454	0.06157576703010381
	0.8231288867055881	0.46474526368754143	0.41746182945723576	0.919399615520184
0.018330457839175307	0.7238244044233052	0.4348663762748486	0.8987942468609824	0.4697362368668886
0.1311162378092422	0.214442767334166	0.7891632615350715	0.1452144461631466	0.070773825734461
	0.2909839970493302	0.2893273835098903	0.35163751043007085	0.9589697187973611
0.5616890116700695	0.8613364123156267	0.5618658144124544	0.29558074909763676	0.7502127498776879
0.38074347020746857	0.014158465700859546	0.9986436127355781	0.8578566404961313	0.987567210494044
0.010529272199873208	0.287183344036367	0.5020067882965406	0.10725376205219694	0.9040908434318997
0.3436890228347078	0.7821666729660371	0.29814143371121704	0.7481917384433703	0.5045519430482212
0.08059103355216757	0.23988305344419658	0.593303825875071	0.23960630874224242	0.23375621944238367
0.28121294646085127	0.36007394174676455	0.2864271412987215	0.2673478100565946	0.3940952737395186
0.020315998514097933	0.45748617805124103	0.07793707972624453	0.9008140100724268	0.7790274247799845
0.7881575841909317	0.7004736327549983	0.06917023277902612	0.2810556757927005	0.08256352891979091
0.20163446148909203	0.05460003732623164	0.6935843003426184	0.8411736855202845	0.6954602768949465
	0.9164392995333576	0.4529759408483226	0.24993774363929244	0.12264982009929937
0.41379498803530756	0.7807425574648984	0.1832565716191189	0.19352906790787316	0.9782501557434738
0.01332732120400304	0.07152240614464422	0.24995478254733583	0.7265901740519201	0.9114030342756138
0.3332259865668127	0.28191111448426687	0.6568081037624084	0.7732561863645531	0.130085092832406
0.46548439540811914	0.6175714541726367	0.7881273544636962	0.711612764214407	0.7708326156372958
0.5132433704367408	0.7976387241298182	0.7818573455064758	0.05797656329119738	0.47871101408605743
0.7569702611360862	0.1531463056380553	0.13384570643693028	0.10482525500096973	0.18873343403702136
0.17530817255953068	0.7154324512074577	0.8895334007965575	0.5333158523217642	0.4871680815321825
0.1854850667701604	0.4384152698761702	0.8368091625242274	0.6845557221291757	0.6082952891496043
	0.9285921170261893	0.7466854188024548	0.8659326540401651	0.38180483890359784
0.13837283253153532	0.4287557721360401	0.8835851581865246	0.4225435950642641	0.10192222676363716
0.14124717166397416	0.5075833744100275	0.5992569579648098	0.3126958571810551	0.6076422593759943
0.12141648592672727	0.10791831864296497	0.7392875173383594	0.2150378066420684	0.8952660723036312
0.8486415139994854	0.5106569013422477	0.2649150044377765	0.068017668349722	0.1146028250376463
0.9376682404207941	0.7461141368703591	0.5797119585525177	0.8453223576459428	0.7008201873726332
0.2974288043533104	0.36292746610720605	0.3737996240324174	0.9392197273792222	0.9528564901262293
0.974474971162332	0.6700093761151388	0.11465973583557543	0.7384668801123963	0.664643727889028
0.9395565189052536	0.8451989386986776	0.5833124462907565	0.6780676794841413	0.5970753753025178
0.8394935127747557	0.48583952787508655	0.22984834661655928	0.034954978649833435	0.1591715038415188
0.05239341268597497	0.7343356018100309	0.2966563529894095	0.6001080563617115	0.3626568184397071
0.5358347602187323	0.6708260835639667	0.8965742282340725	0.9202678720289974	0.918455486129528
0.7202870713478505	0.05544888620012778	0.6060435340590519	0.3707060821266306	0.18732278358767918
0.7377030333554148	0.8558706751248343	0.5000446453964685	0.16428239465975913	0.5529890179968231
0.41858675032901016	0.19878543567813411	0.3180515849836981	0.6163536415662118	0.660001457017426
0.523539343569312	0.711508016741978	0.27406005839024195	0.5696801917241144	0.34263848921998663
0.6458717595053707	0.08731747218460206	0.2243297592393415	0.33450465397732043	0.8188541161011887
0.5032259930504174	0.7423491560170195	0.4307899970680241	0.27408329103745466	0.5858996767217102
	0.92759449489791	0.6671485757123252	0.6729997983095405	0.5737068545964391
0.6838972775626908	0.5998443608807399	0.9460509351592188	0.8807269957330092	0.723096516192699
0.13000237146376492	0.9966439850335475	0.08158960635799306	0.41088391269347735	0.7263395106178141
0.5579910730365025	0.5363936230733969	0.373148562952874	0.33212142263083866	0.8854721100303967
0.2405562401459712	0.6449194377919202	0.21136560346930022	0.45216267785276154	0.5863732931400857
0.46257993789751684	0.5322497000812093	0.4033439984541285	0.7056614637646477	0.9535339622124375
	0.4183493935093383	0.5788456797457256	0.8120775014666816	0.13409372602611858
0.08414186830516235	0.571323621925776	0.6218117703124811	0.7002310548886275	0.3355018257463913
0.3849643404605325	0.2529530524820084	0.6315647447361785	0.190713087289218	0.09931690647231528
0.09572900030395759	0.5231311379634169	0.8721852627559395	0.72128701745664	0.042709285636188254
0.37125560607369534	0.6590286228421256	0.3261789366068122	0.6978146462133279	0.09086989092338527
0.4915398628764923	0.9068989154990271	0.0038642771002438403	0.16909143673947857	0.22770312160052697
0.9207589762678271	0.34591351557305183	0.821694674877937	0.17324807972382772	0.28232295268165397
0.8513974569835576	0.2528745886203235	0.16034106917766433	0.9042337498398804	0.6382487076719039
0.9452231007356214	0.41329626432784816	0.8899978488258182	0.8909378595345917	0.1520848088076978
0.5038334501516175	0.5855007470290612	0.5349259647649284	0.5396956795450903	0.8426065726341858
0.11258465425376984	0.7803142448263108	0.42085873598733414	0.33952548792222204	0.33987665583186233
0.4144501502544089	0.37751372166830477	0.6497875011814088	0.12140392568702485	0.7970691400857421
0.3279973751587346	0.7292310353389491	0.8610280028293656	0.4525143765179903	0.7027819700788994
0.5450680189715127	0.20359284228491237	0.11420793483348968	0.9575792872135834	0.8867094167024595
0.6348913047827863	0.6526970275603651	0.6836195854414546	0.6072040973369079	0.5739314662550132
0.779714576337261	0.18130467220545676	0.2010607874242486	0.3282037150718562	0.5201718908868576
0.5174957207533278	0.9730118145624187	0.09316552623455043	0.6669652001663222	0.3401208095805578
0.8771825622077759	0.4659663987561652	0.7421684599004399	0.40471049443247253	0.5861292416128742
0.5424737474771569	0.7376139943545998	0.11751091436597871	0.12768794542235307	0.16416593949398295
0.6181198597527308	0.051554701383205725	0.6785672231465267	0.2508225497094002	0.37658788900217244
0.3779532394725442	0.8409346791937203	0.2972516800395899	0.20845601545906423	0.1859868706204113
0.5398835761174684	0.989784275787918	0.49586369383543827	0.2216140710229344	0.2296977344645884
0.033457181820709114	0.5135881676408893	0.4777979636739357	0.4259164336525165	0.06714321303691506
0.730582266928169	0.6950085049907152	0.4695742462374122	0.652605223675489	0.8784191847168148
0.05394317940232407	0.37609769416920813	0.41659859665140697	0.8321115675449537	0.8133897686166772
0.3383342912942364	0.8935607260761768	0.21162040451819453	0.9295349581413109	0.3466478676336926
0.9301907775218047	0.6333608583978245	0.2718840485031304	0.5124263694764686	0.896143499471529
0.8859038666555904	0.7843537566981297	0.10067928290291028	0.7360034020524723	0.9887255183705099
0.3089981047150262	0.8604201854025986	0.1488892577154094	0.09153273578714516	0.12202534450899649
0.6703816062516583	0.7293051969729598	0.9923453619666964	0.8850760307790418	0.9742100081165975
0.16553873404460107	0.09242023352478967	0.8590079602886854	0.9183801228000655	0.016649693876557792
0.5884997677730218	0.6708841017587508	0.32618552026246506	0.9443830577165282	0.7876189663986868
0.7360947098438999	0.859487840038683	0.8823148835177593	0.25633606575928825	0.015279961373469875
0.10574793022506923	0.32055232676208223	0.6086011542767648	0.6520333903520795	0.029879704519239048
0.7425448288866339	0.4833872448303492	0.09592943853456593	0.8752252668411419	0.9767861811322509
0.9226567493157789	0.8992572906218659	0.9744202933795865	0.22507579995015903	0.6325957193357646
0.3255468486018196	0.12333053999247823	0.8801881855491096	0.48114967604188175	0.12846569909132688
0.5177878636845816	0.6499724308530677	0.1432578372158484	0.3160401372359084	0.034621641001674974
0.065245899071121	0.6938379351959805	0.8253390825342662	0.7754336626245899	0.807682828804144
0.2885684232907757	0.8085997226378941	0.09044023545954594	0.03955566702359736	0.6872021899104255
0.16026162616727369	0.4062249063197566	0.8086685178596023	0.24889303898117698	0.8554384372730413
0.8320923406581792	0.2697155901882039	0.8196458512030811	0.3979593886998142	0.872731680092745
0.36100072726526256	0.3830271828209225	0.8173597095689282	0.8799802167760769	0.7596898387480139
0.8928839729512865	0.022016500014153007	0.5354362903149267	0.20827787559017252	0.5182124120271339
0.05348467330082818	0.3636667886802417	0.21800571663715207	0.44212333605642373	0.9871148818153356
0.42567771815801214	0.34272647472826745	0.5483949455584938	0.48136046889821626	0.6905079168592257
0.5957839846104716	0.9821457073437849	0.7009277808180258	0.6623587320787683	0.22776701423793133
0.919817324884847	0.33363414918512146	0.573024153649444	0.38194517199449507	0.9713827067331406
0.8058023063333422	0.8843612185108737	0.4521931265922131	0.2828433768664874	0.9134711317773716
0.7025602309421359	0.9038180309097944	0.8025487052435712	0.47639051500842466	0.4879845095833447
0.22822662075509748	0.37453621002171156	0.81082648092442	0.38549005180339413	0.7930504058853967
0.9062514224054691	0.6295675857160637	0.22300129869535745	0.3087259173577409	0.5168063741874348
0.15640811476866145	0.19657194981107418	0.0278568406565739	0.07221399783421933	0.2861342438053781
0.23358107503891923	0.7304900331958062	0.7067874862360428	0.6777709692638872	0.9734846489204193
0.7524403626241403	0.5051513454115815	0.20028781546844598	0.8604828472214066	0.3504853405374756
0.6063647683538793	0.7016112765040395	0.7343637381397045	0.07516065891276447	0.7120220087991117
0.4767336577881639	0.26514413687889193	0.1645221950348803	0.8575722672189581	0.9080285286049037
0.42673888591135023	0.31791265081049236	0.8708019436872724	0.24355691807620994	0.4545479045724261
0.7269101596786953	0.2563638174311407	0.6754995029878996	0.4512960353378783	0.3610707787014946
0.3411152091327987	0.25850430241251154	0.8733377346478023	0.9560167708611637	0.6930534845152555
0.6165574429786865	0.5308146283361036	0.46725361904005225	0.4485771280135268	0.6397767272576816
0.18368744314925134	0.8683977987190552	0.5325299822573497	0.793657482782718	0.8008860168678109
0.12695463796071227	0.9835879891294237	0.8524612780819628	0.27116069337832593	0.7782959114677972
0.6763327706399066	0.8216765494354754	0.37436278923360333	0.9160208477983883	0.3338957316708938
0.360058739278591	0.9693274950945494	0.31553998875250455	0.07029614444410215	0.5175070880664557
0.9278333878676863	0.40209701898935657	0.7685996787214208	0.18828969991296463	0.18991729702521232
0.3100541245015489	0.9678410029532772	0.4695742797732184	0.4908833257056605	0.4325193732437851
0.7030162187753993	0.133323883172224	0.896155760940883	0.5208403719505879	0.01572752850915593
0.9413950680893796	0.12622521484782667	0.2857869685551767	0.5682882151228936	0.39562975184077254
0.24701680473793197	0.4298187988892851	0.6860338940018531	0.3546612167377513	0.40682875435919186
0.9062454313088161	0.3882621812902176	0.0262055275380646	0.9355278987993305	0.9593718760866927
0.924172521812833	0.9997777554048568	0.6406048006449621	0.7232211235797597	0.7060876507065531
0.2289735935456194	0.8190746625268236	0.04104088356698732	0.9654875036117836	0.37374746138888637
0.4743543705814893	0.1949741718265695	0.48975574546374323	0.39608118718292273	0.4970064053818978
0.7541453906080318	0.5154065767957057	0.13410521068583625	0.7761196906178357	0.08676030540729363
0.4785669626779978	0.2606760575901872	0.6872248602095621	0.3130226962109952	0.5100316630196241
0.8273399508523056	0.36381754180411685	0.6724272941862138	0.22061586312846304	0.593882607410316
0.572551566131623	0.9837352567497637	0.03905081890459772	0.3367586346414295	0.06597776546015832
0.034435085105420704	0.46996579169200403	0.5257261984069508	0.8360338779764476	0.28107669417744996
0.7590157164552649	0.03004341635358876	0.2322908657264987	0.5554336999699935	0.5836460209727191
0.1350802676844296	0.33258202440735163	0.10585896811171813	0.16164072030437326	0.32195525253700574
0.7930228920452868	0.15975437041783458	0.004170572712257514	0.24506039964497728	0.8305834929520478
0.3121380006570105	0.4744887641230686	0.6574683466396845	0.6450149608344197	0.36160910704385496
0.1334276569735684	0.56663647925219	0.4640000970773249	0.42464297105740856	0.13396933446549142
0.8471619825707061	0.5767155093999836	0.790063057126911	0.1610027678050453	0.18391265953424496
0.1759573395928562	0.8113889841199304	0.00083023124175019	0.4827999011486771	0.2286996730838956
0.880088119721156	0.5022326907837176	0.47722208576064107	0.9870085037683827	0.01869080057632655
0.9795154273105537	0.5618292424454534	0.4368099664340892	0.9247854298861532	0.8986659547015501
0.02683670869815047	0.41613695537948336	0.7898468022428528	0.595815678156733	0.7871569916028522
0.6740206966063221	0.15047377163912523	0.9087761815523866	0.4505053377798538	0.9324428856452007
0.5028613279604897	0.7745898938617157	0.4422941913380537	0.27901825766306476	0.7258603374905659
0.009891692918820971	0.13898151665462966	0.955473079427749	0.17955866903985196	0.520786552232693
0.21519139530472964	0.6165476818004214	0.4122950179282592	0.7859375166477268	0.05931121121014549
0.7851265147746966	0.965917498069677	0.4051991456246733	0.7466934745754854	0.9910855728932105
0.5815917403805367	0.2032650973239205	0.3897669278151533	0.4335283888424646	0.5542923201890851
	0.2657052997811612	0.3333538928753844	0.5425486535488543	0.2757599440922769
0.5250759897430698	0.10312994221248895	0.2228648703648035	0.2578252352713821	0.5204416037233486
0.7476344533867643	0.05612772845104741	0.14592083999778593	0.2727752908843383	0.8517512210632912
0.31942945731061567	0.28337554408326726	0.18193331077517083	0.8682399517501019	0.5822768321872632
0.49800709990139225	0.08335252543558813	0.3917254307025039	0.6614403703221158	0.3239214185550443
0.8625147729755189	0.9043492699958424	0.6262402164970424	0.6456042237248957	0.9955780740814559
0.2048561254615564	0.024202860575176843	0.49553022008729175	0.0003418586203356444	0.2420354326286105
0.8207620162188635	0.31670398344651685	0.09456236021710118	0.15915042007878744	0.4705160562926768
0.9458243553194595	0.11434976461820079	0.19208959739824305	0.33285321385072675	0.704650289904578
0.51484416816198	0.4917186691746631	0.9081226456906694	0.9045978829388318	0.07525653107357666
0.6134207330799759	0.6889256772492846	0.7194790663070962	0.42496640141536124	0.26711348042561345
0.49814697551809595	0.8793670110534899	0.9972655794629509	0.37545756082539705	0.6230633142683611
0.5521648486480983	0.9842060849464287	0.6026582163989179	0.5090062374065445	0.9722666735653617
0.8589035112707916	0.5178242898912948	0.8957344690744589	0.928175482582224	0.21309029314525962
0.550432775787376	0.3623475773683218	0.5765760817858708	0.5632699984718569	0.5796018438378895
0.7352009024494842	0.39373697334736246	0.32593291706946736	0.4852584740165574	0.8620930276913187
0.3292991201236992	0.3117995041949969	0.9447777029964304	0.4934150099687379	0.10489758673040628
0.677901369992165	0.9214215812984109	0.49588707341450533	0.4616138141108206	0.05074531706174612
	0.6633786272977967	0.7255189597572542	0.292201359239893	0.8919765244353267
0.32832910399084825	0.9061930453478984	0.11317319348701771	0.6656272343203493	0.9952071264145115
0.5260676248302069	0.25930284382062074	0.039381855602837246	0.07213905951274968	0.37522561688508715
0.10904723412675532	0.24912935904494382	0.4582534902698554	0.753065612256107	0.1414012506982285
0.6698062415098432	0.6975641217614599	0.6708074768440894	0.9410229731011457	0.19859874622720441
0.041175426882925525	0.2596101912046489	0.5802331539242519	0.08341458990564532	0.03111698367599014
0.6569278425922909	0.9184074305416841	0.18627883266151068	0.22709467073589618	0.46858231315590404
0.7722052439207086	0.3644409600998324	0.13413008002734905	0.24216577877841017	0.09728683638235003
0.3436327042057964	0.6019316046191157	0.11678909177478836	0.16464950825746583	0.815678299154219
	0.7396438634795869	0.9270023709869578	0.3419912524089367	0.33560637210213484
0.07444169086752694	0.14183454670662554	0.0791143479539691	0.03916491760703644	0.7476873650579837
0.6678573493618721	0.9712488519855109	0.5284181231855425	0.7422834948412885	0.15091360319187563
0.8661716570401016	0.811466873401548	0.8449323280563708	0.3068040355220558	0.006701819492820671
0.5706460341975759	0.18296946741856135	0.04768455004978667	0.09831014493779855	0.357071837841905
0.9888783364927518	0.620197652187054	0.6298447286659957	0.4824540345174363	0.024159702401533756
0.3263210366399144	0.7911259081258334	0.45406982885105696	0.7864216698552329	0.05379363925548286
0.482658478945161	0.7821280251373871	0.6215766066102152	0.4124209997217847	0.20736007670434886
0.6677679491001195	0.19419453990506041	0.32805551136570965	0.24068290184376973	0.5929879104687216
0.10457793600784127	0.6103889215838141	0.8006255957120713	0.1341604351654394	0.3336705947935835
0.13016849272291742	0.8506270280068193	0.47094793999092877	0.8688926163946785	0.8786742899027241
0.11166653793191494	0.919769771014587	0.2569526001590363	0.8301515842441979	0.20467141391528276
0.5027639916317534	0.928721126839223	0.5635394942530613	0.4991544749102854	0.4413935910111466
0.3091753933753364	0.5346622349653425	0.2604189440780208	0.2581413647690993	0.6484946130856675
0.7947530221038073	0.24821913473525892	0.7660676280383663	0.9711504796771949	0.6553959427222831
0.6090918164235096	0.07959097043567043	0.8139440075417368	0.24681996941938544	0.49320433235066075
0.27362625970374854	0.3754226521714237	0.06372887895008139	0.13052490664310823	0.3620560970246798
0.028382216453789577	0.668167579473661	0.4731512879843196	0.4096627152598159	0.04425183300364022
0.5337231704335181	0.5828670899619884	0.2725519959860796	0.4925633733824374	0.3285513167994786
0.8801512439771675	0.10840738614634715	0.7039082180290324	0.42984764591981584	0.8747862651131869
0.7215242558908144	0.6684053696825255	0.6655050171492806	0.6163408561472681	0.3651335117745159
0.052946132060128215	0.7502657742128735	0.2811728143393686	0.08323891423100249	0.2907132729554879
0.03135896052589138	0.9266512848011726	0.4349957652160792	0.5674452308621997	0.48291838269158693
0.2098026476832494	0.9873685575476712	0.4501779465456208	0.7785614969163411	0.31971830924744515
0.42282877004640373	0.4086877902378798	0.3212833639051007	0.4060570629537491	0.9039706033344815
0.23491133175893997	0.40701558547757444	0.3810649245298514	0.5780796680762328	0.21208061410736068
0.6735194071050098	0.24770147546272536	0.2635656800769923	0.397026945654278	0.030079631512541227
0.4320048553694029	0.03791088701044043	0.31847958884553784	0.21661322731203203	0.4284041494553561
0.13671924953344283	0.9578561999969643	0.22874730398141008	0.8865949945454678	0.3560312687275672
0.445604304799164	0.3607462831231092	0.3963419263303485	0.40431304973419935	0.14245434107747856
0.7653151511091495	0.14128915440212209	0.16575250991108403	0.8049200276259245	0.5413220501846953
0.1925249535933593	0.8277749917304841	0.28097273082756	0.9623760822220945	0.2945962157027868
0.6094364781663308	0.4339149765751795	0.09421851733895414	0.27646877890020405	0.3484003874875694
0.10058192572116287	0.6015824252256985	0.577341356875194	0.32705141417647743	0.8928646867723443
0.10015641161136024	0.18563451038198076	0.7745181205832733	0.798742426062549	0.824464764224956
0.8145995399216989	0.14940135588541792	0.14535877514159623	0.8921863127368799	0.2925322020846578
0.6377719931439647	0.7991219924808102	0.9795168039598317	0.3521458183208064	0.5674495893139905
0.5644746554754768	0.5180867651201562	0.918493344998773	0.7539059672001023	0.07435924919506864
	0.6985022389839033	0.0922375199171881	0.13607944588237442	0.8762255789305398
0.6354577001909014	0.45122297802639844	0.6184620545212588	0.4452480301712233	0.44158583389875594
0.18996066582116466	0.5635716882325736	0.18493540622152382	0.33563863865046206	0.36650731469044406
0.7369465650139485	0.2137626306003334	0.5198852747538095	0.9830894242181843	0.3042808672519566
0.8664572038395836	0.46165877998919425	0.3269229082993682	0.361823189982609	0.06544609810945223
0.7090122641063176	0.9438364562402365	0.4605540953577306	0.882459203688547	0.1435660014084822
0.7285063790560921	0.8312509933998498	0.7989338952283374	0.052484866281989895	0.26590620186759273
0.7358032167561285	0.5434339317257976	0.8523649870020858	0.4930713230488476	0.6888422155808005
0.3419161616822145	0.2530364944832323	0.9145968748281714	0.35382282396444276	0.14817733315455905
0.6675829394906111	0.04031524135538589	0.7122674378535936	0.5572992520469325	0.7820426414365358
	0.16231434049781857	0.7919967121895304	0.4449711380071346	0.8492624349497874
0.1268225982448642	0.4896376970286829	0.9563907156343515	0.29468977459217416	0.013426841047036842
0.19008488006653512	0.11113773808850413	0.15644939037208772	0.9096253416668361	0.4638091648902012
0.035451724766415116	0.18149480226008052	0.8209873084734866	0.31594358852972926	0.6625970498993051
0.44528489090206647	0.41214514379266565	0.7321983370626423	0.6492766991545419	0.6167967060058224
0.5446020731849002	0.964117959763319	0.6965036654275985	0.9948534797431335	0.7751966919970306
0.9460413721023934	0.2900659474895749	0.6488910994697324	0.7053761077526928	0.7066797484335213
0.5468296653391728	0.5748209968293777	0.19178645906377934	0.14264226905011912	0.2762957681147433
0.015163085874782212	0.6790306474361067	0.9925280778556423	0.27472920312750215	0.9941679166276384
0.03803884190723261	0.9979587367790611	0.523319840864537	0.7620213544298949	0.7072649701786369
0.8623238845253217	0.929399413198668	0.6227714035984241	0.5224084584554499	0.6691685757502496
0.27918720846414713	0.5250848210287112	0.30239148043216635	0.9864699939184622	0.40948151939300725
0.01621235600658999	0.9422988064421252	0.01583667496269925	0.30128692543982394	0.18366867780923923
0.5136308849753941	0.31151832955331915	0.39401943847026855	0.9286859738651077	0.31758654415996
0.4977015864761761	0.1375676250391814	0.5090950822812244	0.41997816383091713	0.79619421743589
0.23140076639836415	0.972927209690893	0.8293376630468545	0.27557005980321425	0.9493283083397935
0.729558687776777	0.09095731074774227	0.6612013249808333	0.20371220467058537	0.27535251598207044
0.42886412421631226	0.19450401854938748	0.002766788362971506	0.3014951166776567	0.6685473243307498
0.4250622522680333	0.679450900673102	0.18425347677838666	0.26824895814796024	0.7142435611272275
0.368621783073276	0.36871092134155015	0.5806252222089645	0.38311914506898725	0.2705573168321629
0.48064644235800114	0.960502728192347	0.747982675129283	0.6760206988636858	0.4161184318022252
0.9466593318579252	0.6856029601566501	0.17101395120010232	0.7773941140042665	0.4380056115005686
0.6976278233007603	0.11370126777563028	0.6570514961083652	0.8965807430284011	0.8458988257325256
0.7342895203422776	0.5553690527131468	0.56526270463966	0.18519578632218425	0.9631381845823409
0.04481111867567489	0.8145121038810628	0.8755619229658682	0.6997136972662759	0.09267407286649065
0.4389427369396347	7.570745282403646e-05	0.8658812087592451	0.30084688316668584	0.8730454775802066
0.042897108356859226	0.07714126388091225	0.18608000443473827	0.770767373968406	0.5501805256477064
0.5999418776049894	0.047075819227700544	0.9551284797357568	0.8576969783519578	0.26657495839350254
	0.8473444248645892	0.5100245200906254	0.10877321227514702	0.43518456646385484
0.17467480512010958	0.7298514387044023	0.7274561493668302	0.9416527358082428	0.7603335469613638
0.6091509377104853	0.4599750839323983	0.16535256531859177	0.3324021318174808	0.6118209039539957
0.14395749494587295	0.28360483615307885	0.9606781965218218	0.5743179330902888	0.41167701091768416
0.9995764440887503	0.8428635688444549	0.8036904211611116	0.04314264969015347	0.461727136051054
0.02132252387110789	0.3015046482350785	0.6109617159231687	0.5241992719081293	0.18854524468832645
0.5807799319362961	0.49522955509048616	0.4284493034377853	0.302383702803698	0.6825186630422837
0.4883601748676226	0.856106902551763	0.16290792790563158	0.16857587027029564	0.7643862154242018
0.4361566860621744	0.8492362089804456	0.530571661674102	0.04939876831625678	0.5367490877692921
0.8323036329015255	0.7555525078831019	0.8652663560294546	0.5157170469423321	0.7073090499235721
0.2291819858245746	0.7383590272957677	0.26376466507107943	0.4384910802790599	0.19827891117546526
0.4884266109393176	0.5739467235765434	0.2655916210292294	0.7376719771728414	0.630735340964755
0.9552138021404734	0.44878024406168193	0.08773478334368645	0.7085106634639983	0.34969960991908366
0.8170004567671684	0.04300520255327489	0.8285914421425311	0.99511370126235	0.9035885980735928
0.10164687567141883	0.6447616995412607	0.15204644055474337	0.3100928132757631	0.5925489161597874
0.4935871602282319	0.9991425190464134	0.25965162102091677	0.5849338394372487	0.2192918769124068
0.9301774759917183	0.29129908069612565	0.447381762732858	0.08988341712416181	0.41390826207436704
0.04333208906534447	0.35247543963053285	0.22369934329447616	0.8298847439628801	0.5762979330956488
0.1299884794337669	0.647509352127668	0.4836166799113505	0.5769034952751194	0.009130256970676043
0.32889332571941066	0.2744625295425427	0.6502212223907268	0.2078674311696701	0.32892765287994574
	0.5551910985682009	0.49850275279601375	0.7103555517116896	0.15447592764450824
0.6446880723252737	0.6418803040122089	0.7899887786361007	0.32193242896777274	0.44481622867150683
0.7809295160426037	0.5194428572393207	0.5774849648483198	0.9088125621157287	0.44363085242316924
0.18771408164671	0.9816626530670406	0.9479671066686096	0.1074907381272201	0.8367692641775276
0.8109479137018403	0.2853871159526231	0.15486363746620868	0.8107710366578371	0.015421046968049579
0.1338402068721528	0.7261935174712671	0.5433272463694896	0.5176805885270322	0.9084842023168708
0.5309309736246063	0.2998815036973652	0.790101671579321	0.3309951867285097	0.32518296851056294
0.8419438164881272	0.7530277747955111	0.5565289414025677	0.2825171000748714	0.08990358088276496
0.3873044980164796	0.21843950287994984	0.4063437971089313	0.4006329463006564	0.13670190463682108
0.31197091954724876	0.5520965159749923	0.18452012248004668	0.6888338419122348	0.21399109292455587
0.45185358121041075	0.4665852009885517	0.6138992770521031	0.840316152338891	0.2374135285814193
0.059771758824162524	0.043371937924777004	0.07971992795436167	0.2883803885388997	0.21486133358694748
0.2203002959354311	0.37135659740959404	0.9611597182830703	0.1493861281637503	0.7806668686537562
0.5183441134956936	0.48922160189872066	0.08876738255589989	0.22308632997394184	0.20874449926066818
0.9672981385180177	0.029175227060558306	0.8576500715611732	0.7680596074373892	0.36876066312497935
0.9787047781389476	0.6659482562006163	0.9081591862073287	0.27176993106858527	0.8185898938547738
	0.5777742932633156	0.7321855116803097	0.9716378513048791	0.09152515001101846
0.7365587103888819	0.0014578804804128431	0.9736674644687398	0.03875474811007107	0.02975686103249897
0.5168101375513467	0.9290226233194746	0.7911637267075613	0.7288836579208908	0.974514116809093
0.5155179237181885	0.41019896590909277	0.5462358861456373	0.20012914389905723	0.2994180929271544
0.9246968135091589	0.3141185661570445	0.5393249592493127	0.8893053266233164	0.9106023659611665
0.8960906092400217	0.30397060896665695	0.7723805444996271	0.9512523171416122	0.19618610559012117
0.26261915326582974	0.8942349208512188	0.7430367180352137	0.2817547416236711	0.43432670316864364
0.7653914968921741	0.37283137589026605	0.3352079904325074	0.6680656987430155	0.8646526167204286
0.53684327191084	0.8909988505415363	0.22238470860540793	0.9918201506532095	0.03888659845963727
0.5582504449532266	0.7186261862863069	0.9143563338679157	0.7873137380670564	0.8730287478330114
0.22053078237966173	0.9718547987190295	0.4543128065638745	0.16210507295236087	0.9701430939220993
0.9371831882477103	0.7576189947344831	0.771799406416933	0.6025378596608415	0.6867635059905557
0.618080689937518	0.899148480582789	0.8912241226193692	0.724987991731049	0.32857896832603517
0.24435160912361775	0.7451656423301783	0.8890546754779417	0.819003854370798	0.8998096687484953
0.6141305674780705	0.3810810691216562	0.929291503739391	0.5816979739337371	0.26758862669608385
0.9808776175322063	0.9867237402517838	0.0865512210792223	0.21150317803692487	0.4233727605080826
	0.08334854678295989	0.7256080871061215	0.6557681018739383	0.8616466827679102
0.6504977254992819	0.3347932856022007	0.12746620382171658	0.5810470373933274	0.6671052943911684
0.5921732220226497	0.007261064102601966	0.8675294195270923	0.14873834080322434	0.03415260655612784
0.8834424221151801	0.07340358904274613	0.4057256324317071	0.05407568030776633	0.2876605226268165
0.31587160555379523	0.2007393322963671	0.534182211911933	0.4811066932013055	0.9281875852857944
0.2834204732997606	0.22460893916426128	0.2970600424787557	0.11662398663793916	0.5222667979220287
0.31386752864964496	0.8554435762040927	0.6980190750909177	0.13874944783068155	0.7478350274112726
0.44300667455335063	0.1825388372408594	0.5989413999081297	0.3313006500802126	0.9279210942614418
0.3560934105480994	0.11037329014296815	0.16155484007732057	0.8761800198780697	0.16776285640238853
0.9911262782630444	0.6745269466826762	0.21371286097012332	0.44474252427060457	0.6444865840711954
0.5948025077000377	0.2274115282990128	0.8065626230746189	0.3743814464007351	0.05043747229159845
0.7725789644404704	0.4797575007572483	0.23872333713846172	0.8044574570506233	0.7544144758788606
0.8832790031978841	0.2557072620372147	0.05231371834551979	0.7441949357095226	0.04011944740778417
0.3627817727994579	0.2426203840615604	0.4096125366319433	0.6785633099007856	0.5812572288433612
0.24094565778538168	0.9462661595502891	0.11107325856927952	0.8149302495215454	0.42757868015977607
0.6908910470377148	0.6129302002617472	0.330145308820718	0.6060174412872726	0.5773813832058655
0.9993459707573072	0.3856655030179439	0.12957419948766258	0.7653073577233781	0.2635434179045528
0.2989677768742589	0.8258075547639346	0.618029094798615	0.8519916191466973	0.4886766246435813
0.42115546754847877	0.9096641180450361	0.38976632753733953	0.6287932791367927	0.3848968290594086
0.27500884435762507	0.16503568100516708	0.813346364345736	0.03242761712047271	0.9863920267939031
0.19557396534009075	0.5584786044747331	0.8522866928375946	0.9894948068283662	0.9744613473267737
0.660496660062833	0.7509654743248547	0.45751468731476475	0.29285211463896643	0.6382787200818069
0.03671897307446281	0.7445196453950068	0.7825672014386365	0.8786864016005141	0.44273350561121516
	0.12601918162790937	0.4747879196818938	0.1982349926716429	0.7843576662104298
0.8596029905113859	0.12369302131043391	0.9457363942709102	0.34241392083523736	0.00600471041074957
0.5885405080444238	0.6216157644118775	0.19920542273304098	0.053070871655816476	0.4426025418631857
0.6219572860022051	0.7108563661719182	0.6202458792765048	0.4952130110306928	0.2547626566478558
0.3317625816027272	0.7983686216870923	0.27645670689488244	0.06809792239214074	0.6786005745207137
0.52549321863724	0.20031893183365346	0.16801145307389065	0.3514433227424538	0.7940375744569016
0.6405284770981792	0.2136335776928514	0.8960446290783304	0.16991876340599854	0.10778212802935827
0.8625986753641717	0.7021635132401384	0.8875671554714435	0.49769563604668865	0.730350877838879
0.27898573915498037	0.11910332466600326	0.9946335310456927	0.8226380995151633	0.8301184344852955
0.28934342978558447	0.5441285710005801	0.1332864809673402	0.012650564568028266	0.07642673484978235
0.9894218463231409	0.23356366739678636	0.8626007594649717	0.11821590445663188	0.7777774858513204
0.6485726138543126	0.5616521421874683	0.6777346375670247	0.757103642609882	0.9295646963891613
0.43409476228014954	0.9056791042211828	0.7174944048287326	0.23161648621242947	0.06715621465657817
0.31655450336952295	0.15937692010159743	0.9107979749689555	0.3245455433009128	0.31713643336246333
0.8533602061263413	0.30989778601063867	0.9497725144553613	0.36387603934534907	0.10589937431962315
0.6120254832649445	0.9035063850774372	0.16570625601327127	0.5192585172354031	0.7783114096951348
0.8038089076002497	0.49265223210760567	0.44607086044543487	0.19462937437503547	0.22958901921773378
0.5021848002886623	0.3700064729755661	0.614923909365553	0.8453801561331368	0.7819177972164939
0.8865662793780232	0.8762504659191703	0.15969222114991455	0.9198435970803391	0.28363890040173967
0.18432396691018482	0.561667107123885	0.9240408783524379	0.1134261409193752	0.19934832420160098
0.4363424277286354	0.41532354216402845	0.35023364462738693	0.421823611900925	0.4138125248456077
0.2052258042331372	0.13481063454194264	0.9899971681050038	0.9023131964155836	0.11388315781132441
0.2079866266686078	0.9502647815828319	0.5894626949161038	0.6869497138407604	0.8732523209242006
