X0	X1	X2	X3	X4
0.5474478606491319	0.6371928803887885	0.3071260602238013	0.660524418376118	0.502460155478484
0.674698369506299	0.36768514151197856	0.49143339570448574	0.5005519298950837	0.2621319874373853
0.5871943494633877	0.6770642753367695	0.5114085375735676	0.22716987695316831	0.3289873836870496
0.5903738106912245	0.500986811518581	0.4277693842799419	0.541851736026428	0.5092012750678104
0.3571030390063179	0.5781484772974678	0.36795780655280236	0.45690868343386115	0.22072121572448117
0.5334352160942553	0.45989534623250056	0.568701602562111	0.64169020162026	0.15104181209076878
0.5728781330803008	0.5937811099628869	0.3148620360841169	0.4319099296654816	0.3496633693746168
0.49501190669899603	0.4369148840516114	0.46435997895209646	0.9114071135668685	0.2188217424388777
0.6991089855075788	0.6757919807774271	0.5411852463389065	0.022767073498662953	0.23028974754515363
0.3465952375655313	0.44743038464473067	0.5760306159858314	0.7364564471330038	0.587868910315219
0.5368264654703826	0.4386036033642176	0.5189411653128897	0.5170098108615242	0.43005429649904253
0.43199974609662334	0.6497899250843427	0.48079352919869356	0.48369800870210644	0.3559618733985707
0.4625894452337549	0.49205495450038467	0.6748923191576789	0.4485030690729172	0.49645641998138135
	0.6362604199209365	0.5141051006644968	0.6464611597805755	0.4708900154915227
0.35101423312504404	0.3230051792137831	0.6621776889101266	0.21104295434428363	0.651007156766732
0.4875658115511211	0.4547778942530567	0.5521848892936824	0.5620940985717382	0.22843140013986746
0.45322018777465367	0.37103345396899123	0.4057869273535756	0.4780888799661107	0.7400716913009874
0.4096822586711787	0.6101745987115647	0.40848446023201784	0.0785123934759126	0.7626031352526924
0.5352417306262829	0.3974017632055101	0.6188561928839811	0.6610309673380239	0.6857997659383932
	0.6366817196197812	0.2000223871281892	0.3956904666999114	0.4430790730521291
0.4864325895621256	0.5263870044900673	0.6721104688848195	0.7106365977914875	0.3817410096073697
0.46509988146909487	0.2985799515345073	0.4102748457759396	0.38203245267888764	0.3995344348003984
0.48908476302745363	0.3467051391426978	0.5857085288041157	0.29525044065928	0.46200004289423335
0.6292404885904405	0.5075948494521443	0.5186990760433132	0.5381484771394902	0.25535977989459613
0.6274347975226311	0.6408862649997261	0.5344690919138926	0.5730841289186388	0.5184245204062254
0.8377133679285724	0.4394777451747995	0.41560084287887633	0.24172308025346245	0.4074771997841229
0.41375796811935445	0.4267639657566229	0.6126907976623811	0.5437453709752803	0.36790963730030884
0.7777481847663081	0.4641660212953483	0.4595777584500033	0.66053261038716	0.4429110101746439
0.6021882106868494	0.48284089964078136	0.4841199054504225	0.38879422456981744	0.44271588798121353
0.5680056928679402	0.4422652591205656	0.47819529996375365	0.308872469798134	0.589711317883537
0.5467502061232109	0.6082340453233034	0.3852915108118852	0.7602416410703835	0.2912777656786451
	0.5186015506749558	0.6469673029074495	0.5378993059591171	0.49449958120357335
0.5734063841383625	0.7413668446403238	0.6866995061832734	0.6316966895884112	0.42252986874588744
0.7684614942244482	0.46380510484880755	0.3602312468473538	0.29961746298202035	0.7115320923828334
0.400736535025464	0.6156819243810916	0.6668771459375805	0.4865802304467011	0.4583119859767132
	0.3240663952288943	0.4438784312455985	0.3281930165742456	0.6691513463791597
0.5548818669912743	0.5151982622472512	0.43616377431614584	0.41357202786428077	0.44271624970183643
0.23158830752544282	0.5077989853379233	0.6679258114865376	0.5968953925363157	0.24815900628823653
0.5855550662838941	0.471559214704485	0.7036274916982782	0.2467788006418862	0.5102698769688984
0.2938011649793639	0.5561101649964989	0.36594162945292885	0.4115251295475682	0.3353725369321331
0.5678759841142023	0.5455760494822706	0.37397132079872325	0.7527033526586631	0.5512602470311008
0.4934132559598316	0.6635797421476491	0.39758065541458143	0.4658338908919247	0.35532339086591014
0.29140001492178935	0.5390354535871381	0.629638609604004	0.5293126334580207	0.6275784233512348
0.5729745695043331	0.12711382647825603	0.33523815577263044	0.4215157052368844	0.6913791972812632
0.33554018073366587	0.5031271920078529	0.49128522137004044	0.4755578100416305	0.2590879356199496
0.4530046846297838	0.2821932843422363	0.32289366667578534	0.7183427485636581	0.6242533986790182
0.353001009827267	0.3936872432449963	0.39097390195573295	0.4334386241806518	0.7008137345466208
0.5511285370232847	0.6484937407095555	0.4594014700276816	0.5409752545883422	0.5386149067224126
0.6414064433719715	0.5166486991974737	0.4694390282080155	0.6796058287673385	0.4592760613050252
0.3880227445494006	0.6806540107160549	0.6556818815902171	0.5691147502693106	0.6646425788453132
	0.6272563190854611	0.34427591081999365	0.45843191452820986	0.4955609132929484
0.6531953716695897	0.8106981631357515	0.7391363451136764	0.5779781992380577	0.7087303621002402
0.4145448615685199	0.43910704868274014	0.5846869594197789	0.6823821044452777	0.3480790772692438
0.44901001147659403	0.44075450173319636	0.42172395976425	0.6189525925767503	0.7141304210561767
0.5913890867849912	0.5506406977779952	0.38300859680117555	0.6606512259830613	0.25070912736914847
0.5500864417258375	0.4297152422171735	0.494350989791931	0.5057794040398349	0.7001962415165152
	0.75329255924052	0.41183506797418784	0.5928637618783771	0.8756647141789992
0.5558154315064856	0.42868171957706036	0.7504359992179328	0.5768261606261936	0.5159251990045077
0.544520007890907	0.6126221741160195	0.4733246080098008	0.7758487968670299	0.5792752853951499
0.597772106963903	0.5394091189069028	0.7412752347761189	0.2548871738472522	0.9391088042434123
0.6065015100709162	0.4910966912555507	0.6845726257555469	0.6234569877606242	0.6690825627762048
0.34547102618347075	0.6084925667476314	0.6541218428837752	0.2433095009618143	0.6462894976132011
0.6828884715513494	0.4111307053670744	0.5887532454756377	0.5115910075309722	0.384807413510868
	0.518395953182201	0.2791379101600486	0.5054323950882151	0.33483603465862055
0.5234899448670994	0.43609976352756386	0.5344174925215811	0.5664211911414416	0.7175355626357954
0.7983717276639538	0.4569681003388626	0.49622602586212866	0.44689452635105315	0.48947097716154303
0.1806270316196846	0.5056705630439015	0.3445052814667406	0.5046676642032863	0.37161073450505216
0.41577984388524597	0.4000341734460931	0.6538217018475136	0.5661066538494025	0.6394335388008027
	0.5451856166295955	0.44202560524227347	0.5498571451169243	0.7778776394877498
0.44247586328773364	0.6244992765146807	0.4194295390263073	0.9311291099528434	0.4211393968639107
0.4376847690346379	0.19237484229357443	0.6289237128082956	0.504874031208561	0.5055901837328107
	0.7471704868487435	0.3508668878416692	0.21261723016528286	0.33884829524945054
	0.570437529785342	0.2208027914013295	0.10472152836598235	0.6780403402442924
0.5257755795853833	0.7110163349299841	0.6539394097353787	0.666675150529585	0.48606376228529935
	0.4621762786288862	0.40376969368067817	0.5204961504692464	0.6137813857945295
0.22863466185569217	0.7034659528852731	0.6965596123770524	0.6240580822879572	0.5107862528197412
	0.4556566346952265	0.6409633484325559	0.5281246449242121	0.4056029063729103
0.22855967986295872	0.5001198946418625	0.27496491178268434	0.7046844433050059	0.7683390210060848
0.660696594773696	0.4789644092766979	0.7075135353183	0.4662510521603428	0.6675978465071597
0.16425070470369402	0.39835863374916325	0.5874592199075077	0.8177365496736215	0.45452986586485056
0.560574689967199	0.48515108092518305	0.4029579737019028	0.5112537804100445	0.383666404804836
0.5174223649175322	0.5663105171975569	0.36046018236780625	0.3081081394807065	0.6151149921327077
0.5233426507530988	0.47094373392304645	0.7355453768743722	0.34441618610933883	0.7080190892451065
0.36564691213138556	0.6898316910225661	0.20795258874626826	0.3282091490303047	0.4385465434712636
0.336600396122355	0.45848045113714386	0.33003572856328073	0.39054161251721414	0.4459396737722854
0.4605066746411555	0.6223576094399975	0.38213423872457536	0.5785149068343505	0.5258681120540352
0.49082387050164056	0.3774514465856744	0.6493409663105438	0.2661230886676349	0.6135648349569163
0.41467354121300376	0.33166296240314297	0.2973236136796237	0.9369205441032393	0.584016946871809
0.4726415571816842	0.3312713989831089	0.32598342421282156	0.38099307217972483	0.44052720579799126
	0.7984436572964133	0.3335629098501533	0.3936991732108351	0.46343403208027184
0.680396373051349	0.5069843934645946	0.2616278216569624	0.6790138842590221	0.4581702839576929
0.5476572061230943	0.45689671895959627	0.626071536177597	0.44532921133022674	0.6537489882891898
0.24830634724235462	0.5586029493482974	0.3686796030401688	0.3403960130823972	0.49104236504392385
0.8287336368203998	0.48777816400509333	0.2998018477463558	0.3127836866591886	0.7111074303356951
0.432901905486625	0.6455289055164987	0.4125702014906238	0.4277540667365534	0.5765049317729198
0.44686896507144425	0.7269288400128346	0.5996046897313965	0.2249991398719806	0.5979504452225688
0.26533939573173343	0.316864195251969	0.5973190475674658	0.4941777932019804	0.4762044172226445
0.64124805391953	0.41634036967560595	0.3088946783898544	0.28084346802770144	0.5576556679502288
0.30487253974706957	0.49543710718221534	0.4812493989112286	0.32068441717219925	0.5547346649093067
0.6558044201615034	0.39178455521481886	0.44886643330901044	0.5178957380463344	0.7052580991167962
0.5295171634168708	0.239691002413494	0.5312576543924166	0.45937603758252266	0.6760465090834403
0.41818210792389016	0.4535941162424415	0.4032226226166771	0.6081315459527487	0.5724436006781413
0.4763076051050973	0.7150765890610422	0.4598033566507827	0.6007793655402532	0.4333329503150794
0.5377977447844938	0.5846684924896743	0.6624166701217775	0.6623188023728863	0.6973144207447446
0.6417285105841056	0.712328048712072	0.3885831101783737	0.5386936723823185	0.7690766864893279
0.6705105319260346	0.8181539163443826	0.49416798569741743	0.5578237865615115	0.5934680747164182
0.1896074775023979	0.6168920910121054	0.45958312637669363	0.5904385701148416	0.5036535689362944
0.39449430509617955	0.21230156724653998	0.41875455059465666	0.5842667501818399	0.8518102789857381
0.5615662453008535	0.4529537025375719	0.2578112691427632	0.5063308901223671	0.5786499530403216
0.4516639327865246	0.4143231322143377	0.35570383072874795	0.4361364549146802	0.5713594099071251
0.4195855511662541	0.5211470559099182	0.5328785406181326	0.29855271450234677	0.5172559804269808
0.5127790574773258	0.3745333298354708	0.4967495894850588	0.3723299548313887	0.4189017328285628
0.5680912616157443	0.5374880844687994	0.6617591504958259	0.6672763676720115	0.4190657753631893
0.4021073237089138	0.15661767752084793	0.3994357666518672	0.29952219478813985	0.3176561845812449
0.5689452048961189	0.39537673876930657	0.39192625725770797	0.5123705521520749	0.4543418281026155
0.5503993223775459	0.3473912660517078	0.641023106027704	0.4453166098647056	0.46187771784766746
0.5345625551025377	0.48980704548928367	0.4592371422995186	0.47632154158951157	0.6232987653221246
0.4658211394323996	0.4608161960649303	0.5182109621653811	0.7369022584210165	0.42105973759144966
0.4016375677532888	0.33284415700091197	0.6527274378110545	0.4558051776413553	0.5360233891293714
0.4015501209467589	0.3666037731172264	0.2626581936824224	0.4885691999079022	0.8010292430731296
0.3266361090549034	0.5261509912261262	0.5475448385243387	0.613761897808438	0.4383438440155979
0.2941830244902134	0.2547823198705141	0.7694844752157082	0.7329331251143486	0.7144360987271837
0.3801195731967063	0.39646195294860526	0.38001960140598134	0.4507275869885874	0.662470672491968
0.7560559312525391	0.39817489413871865	0.6490024964388238	0.49674232066213	0.6038274596656676
	0.40577853305817	0.6023009982164584	0.4854438867329415	0.5148884134584141
0.5649193121505433	0.4783031495761493	0.33914999327578554	0.2997804634638991	0.5880983741509086
0.5759182919213243	0.6849575628176395	0.41727206170913533	0.6327896937270703	0.4634422944641578
0.45740648404802553	0.6544356541611833	0.3134905304502706	0.4274184131806493	0.2951157247599343
0.32719038364703884	0.4965990009922329	0.7738565516592607	0.5485966796925363	0.5946094320610446
0.6688076763322707	0.29890179496570773	0.5194118782773856	0.4623795708268216	0.6172374124241073
0.5568684049755505	0.3651192725885616	0.4110215571617883	0.47418861797205963	0.5869699350397464
0.6652166900817532	0.6473838648551815	0.4002358022280715	0.44566124791896417	0.5898324915332697
0.5009281205337192	0.5851672353538008	0.29502222934234706	0.5229481485332725	0.4835681934847578
0.4891582118189249	0.6855027849607349	0.7923465106438681	0.5271590068748548	0.40352290458094997
0.28614757504216576	0.5913923165647764	0.6239369595894323	0.3781694810442649	0.5127419000146217
0.559501856140737	0.7433291296113999	0.3991956008092479	0.6650273588173052	0.5912423579885334
0.4396403859365995	0.5290696697422029	0.41806625815343584	0.3159844453898169	0.8480641442140958
0.4842203188770154	0.6014448010103014	0.5792783802493598	0.5942095406847854	0.5058526576629496
0.3205103099478358	0.43905470283335424	0.4752983514826733	0.4879782248668672	0.49008427816285266
0.3468880640257062	0.6310727933180581	0.6730282968186223	0.8315844785358512	0.8167382381414372
	0.47167053901448425	0.4669613969347353	0.23763226455761746	0.743651379587207
0.5515285789410512	0.4767122597924957	0.19070512224909977	0.4392838228394341	0.6845287249868873
0.5279092869007914	0.5852542924852812	0.5388594658996086	0.42248293978479456	0.38823801948303244
0.7099770025665563	0.4630797022811963	0.6811681234451477	0.7827768031269186	0.5494588856088936
0.5650181032537303	0.521566183218834	0.5007600817659452	0.5806816968426579	0.8543627290967363
	0.6197347375886398	0.7210908192754282	0.37958145224542367	0.5502246285451291
0.5437109598273011	0.612788750345866	0.2549963519942659	0.6556292545345779	0.8012963568197731
0.40536045087018735	0.5245163199872261	0.7502046332826595	0.27983135107099644	0.30615452776657703
0.2872026704362042	0.6367534578285925	0.48360440632105983	0.4899116676104373	0.5634542621064464
0.497693869621124	0.7355735573070403	0.3729029693372889	0.5986148008169762	0.48332310811296153
	0.5538797973109321	0.5237475507925645	0.6966802681739571	0.342473528185298
0.44166540375872454	0.6279162744564184	0.6059146137765302	0.6286265400380501	0.43745371883071743
0.5047216314216086	0.5280680422447379	0.548525960992244	0.40050797962284	0.46999889553717317
0.6374309494238455	0.4312011055401003	0.38451127063283796	0.5019759890054545	0.35191501989964985
0.5442414696992253	0.631336955378313	0.6666978926541317	0.6836049344365398	0.6918786689716091
	0.6214087008291428	0.39751111561871494	0.6308903339662268	0.6887156355549531
0.5292336496691029	0.35767007500162906	0.42213037754949206	0.46511782004385716	0.6216539554556144
0.540438398322971	0.48035455999511756	0.4722286301323477	0.3644087088242085	0.5205913756158743
0.41707190887309503	0.516200557826279	0.6227979138594223	0.29319281280041315	0.2929265017550902
0.6543319298404825	0.1745344868373877	0.5301957043770114	0.47593382377794313	0.3200086207217831
0.6496289483433327	0.4183840560046198	0.45150083233548316	0.37182279668014995	0.5378746233960657
0.4637975449320225	0.5765461432013674	0.45988135572750427	0.665594848459116	0.27233018029808365
0.5662558580137569	0.5094313459968254	0.4474210075571539	0.7223064290071602	0.30425693560122485
0.44861801123581696	0.7010794861679068	0.5514175433843146	0.5463465198811455	0.22550638081492183
0.5665321401815605	0.5517793301177997	0.6127926727115779	0.5689698164797231	0.44058451025346457
0.3273880298302224	0.6587952107881033	0.4409630438302992	0.6363205751597536	0.40686074239795694
0.6480556828318905	0.7141156843087269	0.5323146510448983	0.7110480576879069	0.3523482402415413
0.2836430031587453	0.6903963677675032	0.42875185008750893	0.602716783588994	0.6083683035084627
0.5051868633231316	0.4208197574139822	0.6181479690326342	0.5588821119602462	0.4169148572262894
0.5702420488184865	0.8070702244621152	0.5774374753792079	0.5233717556867448	0.5542895095082242
0.7650896726151017	0.6626807111309174	0.6222326132549322	0.3730451030405111	0.5878117116206439
0.301517615193563	0.294316036608092	0.5929069858696073	0.49595349772537334	0.7865117121819719
0.4384608553426482	0.3735661365817327	0.6233214991427768	0.30809281422909357	0.463415270292295
0.4177979973981981	0.34000499700063447	0.5208935661558098	0.5313960524975254	0.3206588362750221
	0.47818186609197905	0.44940314714479024	0.8020097112448815	0.5552785130553506
0.5627678824884685	0.46380724340815055	0.5221851553350079	0.3949742594004465	0.49560056932391244
0.5950885855493134	0.5762721483618244	0.5845589521627883	0.6025556242761893	0.7481114770412421
	0.6772707987897114	0.6098919530549052	0.48612764092744926	0.36583151429973854
0.2089477771771219	0.7560978844812675	0.3018667361942608	0.5284189668493029	0.6737569644453137
0.23712440675470903	0.50130323293074	0.5173674966333648	0.6871975152800694	0.7684864551844259
0.45354818162485183	0.45755667006143746	0.5231763154642167	0.31062963420857814	0.7038334926242603
0.549312889470877	0.7030420115464513	0.32655203832566326	0.5635431169928375	0.6547824633453806
0.14116816529754928	0.7009568207569138	0.27928880380855137	0.6793613053282967	0.45559598954102415
0.1758323461515623	0.4261930277267017	0.6159665782835797	0.4727230835645459	0.27867421384088525
0.42789206070987323	0.5237704307994003	0.19129221890575543	0.5423988543051611	0.7440050207518016
0.6129460129990968	0.4052697685461737	0.43875245956375786	0.2897944842081592	0.376164740694719
0.6244875085031021	0.6778098432953897	0.5133590178655199	0.5747113689207176	0.6140834316345416
0.8018749942993563	0.5114720687939467	0.3280155023515646	0.37273187268878777	0.6894938531240112
0.6045039904804036	0.6278692741494751	0.5234109737908615	0.4752215844186207	0.6093883553264848
0.4938398224406764	0.6810836915066739	0.6807036688726588	0.4303015977662579	0.3717576940085724
0.7914664922551914	0.34207833085280437	0.2126579038434221	0.5922489475888383	0.43084230466558615
0.6035615981929123	0.47299228102673624	0.6345263103988372	0.625348579658562	0.48587301033612496
0.5170186763319977	0.5906301531300515	0.6736904788526963	0.2752429241344931	0.4597306515713844
0.537598335201139	0.4745332989870095	0.3254109492982702	0.6517900031025102	0.38372541300771784
0.685050824867718	0.27738929251544886	0.5622090385561808	0.6161946595726678	0.297927626569365
0.16125351570644164	0.39102533980307985	0.7375565790074483	0.4761260240365788	0.27148797736741026
0.49073097354505635	0.29098499961719215	0.2197310981914391	0.5896528062673951	0.49924770312958666
	0.46095266307243016	0.6080147385750685	0.47789051261505366	0.21353928807455536
0.3718272997207274	0.5755871581597528	0.4276953814068472	0.4186373993755066	0.16699600139982462
	0.6466202831337818	0.26588568847924254	0.386731513696078	0.52470457441157
0.44242873056016574	0.4796603784568452	0.5246807478750736	0.44766532270505366	0.8505989489435138
0.23539458655484616	0.6207258400689382	0.5816206586753623	0.5821558682781662	0.42032232200129355
0.4730458531414302	0.4783859423379215	0.4023057133876532	0.4476740692954629	0.5459032355687885
0.4638002896040901	0.2784304283456164	0.739538303992214	0.4563869254019128	0.5966542486475508
0.5060243551335164	0.41020907449279614	0.3383984944175168	0.37962009794799345	0.5048149026363898
0.6868394543937167	0.4688441128377205	0.5182796693962041	0.43248074092266614	0.5312657920029215
0.5389354250638171	0.45147062952675054	0.4294404967667981	0.7309089980834993	0.4967625605927258
0.537358035816145	0.3162442968081593	0.23855437422368164	0.7216031066927164	0.5922280655803729
0.49481880822878666	0.6672977909808997	0.4690515674781326	0.21160207419908458	0.5094191341684082
0.43205557438324754	0.4800808807628494	0.6471765452853528	0.2353804231395062	0.39797998759396297
0.4304462401921671	0.6163907834221459	0.28241161434167156	0.5206819149916854	0.1609155881988637
0.6474453008991207	0.6039741943744509	0.37707453619319015	0.04331622368338388	0.6579741588521328
0.4840671002826224	0.40362152385212674	0.59518773618679	0.6732272161489108	0.5100406397916418
0.7951525722387944	0.6033639454153845	0.4242604427178971	0.47224796648089346	0.8961033016315605
0.5170559045767565	0.6028816421642346	0.4471162343803534	0.6876981193730687	0.2786178659484463
0.5479989501520499	0.3368451386651265	0.4867673566261663	0.6789745378941624	0.49941283777493495
0.26441384490763736	0.46386825343943594	0.6270012786318462	0.6250664582317872	0.6398899941166034
0.5998629609834354	0.374820780960459	0.5234501162073182	0.5348845619661807	0.3939455377542767
0.49738872040289267	0.22461335542948582	0.4530511241952517	0.46499036433524726	0.37725815716424027
0.6379553946563362	0.5522945425615029	0.45276044879953226	0.4184976689308794	0.5415301507585356
0.45595749764673993	0.5590145284346894	0.21966834582929937	0.6170194241917931	0.35357376163020604
0.3378596174072036	0.4731617902358573	0.7181188017313337	0.5320921624014515	0.4869343354574113
	0.41764754912195934	0.4329777121988552	0.6872227048748816	0.21632934271781404
0.3880044560510323	0.521977900431962	0.45440234775019556	0.5554444253330474	0.665198983004139
0.6989748864627703	0.38463717222668725	0.5844967286281312	0.3357521737407932	0.7104859440703237
0.4488403115407624	0.48051750873765386	0.6073296182612319	0.5773568411816085	0.5905222996226823
	0.6111220264259555	0.5480788049378701	0.41117938453463543	0.6582017644521061
0.5847954539491071	0.6393223144506319	0.3197229322942748	0.471036445601892	0.523370771677278
0.1574812271254521	0.4032558542910209	0.5813668319124179	0.5258777535724652	0.33371083357188486
	0.5091553997336504	0.5947859173626824	0.43065876618378424	0.6152707758951167
0.17810547422754297	0.57087105082852	0.21665546204348984	0.32033261221260817	0.16247370841726894
0.4731689380921279	0.5074968410453555	0.2094752541039288	0.6894468806337685	0.5413268630629471
0.45467261314136936	0.5140025666766125	0.3041595178292713	0.6696983190394011	0.37250310886265486
0.5627507624498191	0.3418226061454154	0.7675314083163656	0.3090633631735264	0.5525466737428297
0.615281400324587	0.5172254784894373	0.5345693950063506	0.6907075205569289	0.4457008432582406
0.3220395821653037	0.3331748884882241	0.33199825767183794	0.3556052635291627	0.6712809830647654
0.36588532922798545	0.38586956745190565	0.22047886910777273	0.389150406819519	0.48413996396216663
0.5054385928475486	0.6714083837095556	0.6662322105801374	0.6056491746922062	0.6553771246828349
0.6009472576407188	0.35177202864494195	0.6081203699712057	0.37671439585162275	0.5726580451066865
0.4861620487987338	0.3075176000621734	0.416240412712012	0.6044524535317963	0.49184527784255044
	0.6053454456479814	0.46913567111097826	0.35915572954315017	0.22280693989012038
0.5764091428197152	0.3071423446084009	0.38779928563080374	0.8921992742749564	0.6252172307080059
0.5758092062705551	0.05988312798966528	0.42898952834214	0.47799315921682467	0.6628074468955285
0.3994354010191649	0.3735270351447407	0.41107608758171643	0.8393318169547104	0.710399205936189
0.5598410512160973	0.3691528537052686	0.2969070026971571	0.4157304049607103	0.2828273158666934
0.4209887867146825	0.5494324031822713	0.4701524180100475	0.5780391510724483	0.5993950421591174
0.5717621063791967	0.28806045769433153	0.6938615680709302	0.4973637594377678	0.46190713643083314
0.4136058644565778	0.6730357797709069	0.346282930967671	0.7725608853703302	0.35106957251622456
0.4930438840339391	0.5681130002162081	0.7743672667605682	0.5050975902128885	0.8227606927998243
0.5323168431166165	0.6244891438658386	0.6878849233420027	0.4033781002621063	0.5990963579963634
0.7051885566943158	0.332877546231246	0.5733714544315428	0.7210550262747535	0.5622353202226118
0.6971609545973863	0.3845788250709295	0.29233905969486496	0.4491705825916425	0.33665754569104417
	0.35889660312296157	0.4710916337374481	0.2794301686802686	0.7372278985248416
0.7669969620121697	0.6463248083779063	0.6027918939722097	0.6130137194530052	0.41344569091636996
0.5873239428459774	0.7932262478208443	0.4060974258518262	0.7053555147987071	0.874554872286929
	0.5621430699460164	0.34592358512988064	0.4525025359585173	0.6261778671872806
0.5314041253417986	0.8525674845597907	0.45297531746131875	0.2404028803584894	0.4201122980965277
0.5503184619840402	0.41772846146425574	0.5214981917989426	0.6086722450273273	0.4091996308954558
0.4691224230055923	0.425571126757071	0.577424052219495	0.1260681441615228	0.5223160551018371
0.41614728887870006	0.4604122622752377	0.4779392422188013	0.6983587602898281	0.44472347590526984
0.5462591822756164	0.45789302168049434	0.3630158910747364	0.3971318696270002	0.7984030399363855
0.2093607163436503	0.2915314083529828	0.4135197933773406	0.3418441971737166	0.3708933582155304
0.28920997076883437	0.4508619194276206	0.5842694770383602	0.6773904873622799	0.4332375830130769
0.5345403061649454	0.556165451822056	0.45699260092791805	0.27809518218785256	0.47087031293097215
0.31163178936379576	0.3947327822799431	0.4563904073692154	0.35129424917677154	0.5636448789452158
0.5824621496811584	0.4204521790902166	0.2878666651417213	0.8649376401543842	0.2781315706284172
0.6709671215260282	0.33174309472720875	0.885171976726298	0.6535929880605242	0.41791614860719994
	0.5372850839191485	0.2912450740229851	0.19502632221159033	0.4922692633097512
0.5282357610837806	0.31321714578463183	0.8748541370083482	0.8704721660081247	0.5068543956430845
0.2744016129861587	0.39149285661130395	0.38656943218827466	0.7208289583959792	0.5819896506455686
0.540166848684312	0.46583786317124676	0.5438468365688047	0.5158959286306156	0.5430561629510338
0.5561686801154377	0.2989533611100428	0.27869621757445373	0.47907655870367444	0.5627292718864251
0.5914614813495256	0.6000701384894742	0.3008614255866886	0.920103303803902	0.676878798156449
0.5369639183527388	0.5493612192970423	0.6004917967542927	0.4001934916055722	0.8305693271545412
0.6196924066875926	0.2995579828630526	0.46713992174999414	0.5777719328718603	0.3833821105580267
0.66929206771089	0.41180129895142453	0.6948462618877675	0.4177118475629994	0.6734869691180101
0.5932968008896189	0.6635667624624326	0.4785598979442979	0.34184882415815476	0.3707884073306448
0.4396729986207631	0.3977084670732894	0.45776737854863625	0.5141251277558195	0.5371071265860334
0.32883074745389324	0.30300137231149593	0.28726616523091864	0.6542227899887699	0.157793462516303
0.5706431256761236	0.43643075236338275	0.534503321283976	0.7396263514209119	0.5931398284569301
0.428708460312489	0.597671663592779	0.7678222174961203	0.6351525604176596	0.444796934482494
0.1631980731751879	0.19253779470657775	0.4116001195270741	0.48750908549740934	0.4263445093836447
0.31167528177007336	0.6484744393074048	0.2950095646956447	0.6084149823915316	0.3503698725497314
0.5289550609276651	0.4634061309282528	0.6684110772486604	0.24387939845803386	0.6219265177944477
0.33719247513000217	0.4157654383016243	0.21491048958281472	0.6124038643845402	0.5662217767637572
0.48290141518509455	0.4963518948664367	0.1052551234097505	0.5073838656631593	0.5179409743615869
0.4510779030308806	0.5848140124864858	0.6122258848429976	0.7111180469193968	0.568171272352498
0.5529398727899706	0.6505523149252493	0.5357920327907074	0.4306959893722959	0.6257397444923043
0.5250528366151157	0.5179080487417476	0.35834834413546485	0.2654820916456884	0.61552626423908
0.1940598425775763	0.4218807373010616	0.6951671709426415	0.4976281616744058	0.36159686531204005
0.5944669152698012	0.25261049988845447	0.5837486094066441	0.5286593007243365	0.5204993747116156
0.45553617548038206	0.3996983657172537	0.3729877446550803	0.449018864524003	0.6673794370064764
0.38067796437521406	0.4519978915898691	0.6378599532570194	0.17507720997003784	0.4971487804169161
0.6284859080257552	0.6213270340116032	0.42144073929477105	0.49094211612331534	0.5079552634666745
0.3573296480674562	0.5938379881144396	0.48085006912474276	0.3738490766149468	0.7625455158121351
	0.41091843501417624	0.5935723401872035	0.7509557827892455	0.06682581081036851
0.6570506622093575	0.4316979054441714	0.4807475618449495	0.34675237190728164	0.4704725000758888
	0.3973868569912907	0.5580490172820428	0.4946703497935149	0.664625316728077
0.3455694691756364	0.48515995747486773	0.47639372273295766	0.44037775265689816	0.6888545915529718
0.5515237386825607	0.5204560071587765	0.2902060571039619	0.36590150649697006	0.17818952884420858
0.2524807596679083	0.3991677486354616	0.3661458223396824	0.6068184241346329	0.7828020690058449
0.5604001694542581	0.66589860047227	0.42612971730005206	0.770060154368986	0.6136984591987489
0.33972788869890896	0.7201529158516305	0.7594678229613119	0.5815866471449809	0.37932243952659667
0.7410280948370118	0.5573410571849755	0.3340552608218062	0.5181460811676772	0.4740476602180373
0.41781746078950444	0.54623918142926	0.43263577287428207	0.461551515418826	0.45705772084811747
0.4756645740745289	0.49532833723859804	0.563689867248384	0.6247283431124854	0.33478069795152415
0.4306995738029488	0.23623945943697114	0.554690040031145	0.4572501298813363	0.3531853442541423
0.5758980158442897	0.6077873044383416	0.6228890235365631	0.6629641507557623	0.6451747370135099
0.8838019188028193	0.6151775051556968	0.37550483240861476	0.5879533832390439	0.6507971992945627
0.7361016312863636	0.8417784452115492	0.6796751047665355	0.7549201936168887	0.5237854237109548
	0.2861876311610165	0.34223012882739484	0.46599065543438556	0.5411936695898532
0.43746714563070327	0.7867911848000015	0.5690083745886004	0.35384173960242776	0.34460728521091527
	0.5317306379282271	0.44911202593415817	0.4566215403752604	0.4313546270499333
0.5792032346931059	0.3552803551603016	0.5581082728966369	0.557182149519943	0.3780901399795455
0.43698826861094575	0.5192880716319392	0.591328581869695	0.36620183866698897	0.3107915041066122
0.4069508562510811	0.38109566394580213	0.7212793243999955	0.6109433575642413	0.6317925177962359
0.3840779024080454	0.29251889555583366	0.4581420670943717	0.4844596153975416	0.5117906158294195
0.220805739882454	0.47029792008221577	0.47998713046028213	0.40983671133724286	0.5654933171389613
0.5746331859563064	0.7378827657419729	0.5368037858926215	0.47634112320967475	0.31822297293775825
	0.6757758215199833	0.41184722375842325	0.30263459626955225	0.2271714466928472
0.5936941198366414	0.6024217204741458	0.28444950183067197	0.5730442212683566	0.4994554651541062
0.6959733673918275	0.42475076330147193	0.6654077776495485	0.3171788164245147	0.5788868493043159
0.5761690011385033	0.7276370231546396	0.29140022201046634	0.533839498338767	0.6740788488520639
0.5704935324986857	0.7232809958756187	0.5829771984369512	0.23756803667052764	0.4383837317384677
0.5912840103025483	0.41356356075137707	0.4960541119511842	0.503283749035508	0.3442866063312007
0.485217050343612	0.42065177372460627	0.5455875766963338	0.44127829755801257	0.33364609217513014
0.5081902439511969	0.5948775810195	0.5298465595142732	0.5154833235094018	0.7396125219692754
0.5523345782675482	0.5016085270511871	0.36189831838377245	0.37399513699894354	0.6409080662551053
0.7460464675194597	0.5474133674313372	0.42073355508614513	0.5344260910942351	0.4714294874386871
0.5773557410534967	0.5518434286641674	0.32343440696224895	0.4281873323105625	0.7511247204112949
0.843920324878077	0.3888028155859677	0.5489282849613879	0.5220380418955809	0.4882289560335751
0.5216044863151704	0.5109966877581513	0.5622783842187107	0.631960976537332	0.42434055797313397
0.4541914037094942	0.4109104032972436	0.5502685565699195	0.4827537308032382	0.4498057249877806
	0.33103786005568253	0.5273731923889736	0.31336054439160627	0.48969887120600114
	0.42231091081400773	0.6570339519444607	0.6617849122448021	0.31976401148676137
0.5317420391789268	0.16121934328422	0.5782106338019967	0.44673604453769006	0.45705254824939695
0.30478843279337986	0.547830366369906	0.3742657234312916	0.5303100051070574	0.5548031818360185
0.44691187628352436	0.3958152963221629	0.44785306174270806	0.4545727429687577	0.4734124654712728
	0.4186816493067376	0.2926300494367308	0.4500407969159268	0.47344430665528936
	0.4595867988102483	0.47016697297980253	0.3869732781892475	0.46377269682515004
0.5111846532271171	0.45990180243812495	0.5216738467673357	0.47516700997121913	0.4515288919367591
0.35796507913009756	0.41161877373882083	0.6945486252650718	0.8085925419586006	0.24611937121724176
0.24618030157334797	0.5498279140796094	0.34627664912715245	0.3622454157577778	0.32669373382694933
0.528585942827843	0.21822208767573353	0.4957735835530435	0.5189024816064519	0.5885462627629866
0.361351440850519	0.3405282669992794	0.4422753780114238	0.6536036280697506	0.8125417816838175
0.6908049222363654	0.38681789550651613	0.47192118230420177	0.4092443713401997	0.7627179813400511
0.5896804657047343	0.6709371207488345	0.4533383599131534	0.5213368185709313	0.368880492093324
0.5098100355387276	0.07493559095913906	0.4172999086094974	0.6357924270617359	0.3780991837974008
0.6583707797705768	0.45187853841603576	0.7918134209110079	0.3889115001741991	0.49556160655588566
0.3938060384434474	0.33353580664159366	0.5737549846006229	0.6847062475138213	0.33405738155104625
	0.492269201851445	0.41685389228877223	0.3877836634089139	0.3400523527828278
0.17270298310108817	0.33631439994812456	0.5316826592433123	0.5715033880245987	0.6956259723898917
0.6423333267706012	0.5864387850457791	0.5061273191040891	0.5612508408668129	0.5838184904169609
0.6061720627919783	0.36366090793014205	0.6368962464202368	0.15237219283893835	0.5401082072858946
0.7224942396238908	0.946043597717839	0.3999531839473507	0.4281851098281165	0.5698586358470757
0.2778673191032138	0.6577746116266405	0.6951072257079574	0.5569655118585334	0.5609496777291754
0.39341889088613674	0.46741616766849087	0.24837241890756495	0.4782574964840866	0.3589132757967215
0.4642024969468977	0.5555359198601727	0.48610720219052833	0.2298069709474642	0.6192452323769929
0.7794023164572097	0.16450976645148846	0.6217424735167197	0.6040713976967307	0.5902201997270999
0.4555747412607407	0.665727137481412	0.43272210784247317	0.654967920943168	0.6061614942556686
0.42615011487131843	0.47135939890315	0.29354031423724225	0.6436638936251045	0.330131407065591
0.6167731084265015	0.2992464881235588	0.40680060371908483	0.6555526030196359	0.6935827448342299
0.5638161379420198	0.4738363609220943	0.5986072272171633	0.6257782029647297	0.20617617765905388
0.7069784963408364	0.43726798840845255	0.5850592485894321	0.5573699531356329	0.4695851480690918
0.6662624204740665	0.6936205254261147	0.3076365780608848	0.3624628807485864	0.7113734107875076
0.8001015808189743	0.414911901221926	0.5795058527701475	0.535360287949532	0.2172095589085115
0.5838195476389763	0.4847975208951935	0.6666560362076626	0.4726537220381227	0.48883795480763126
0.5995226798141466	0.6410829970403316	0.33842269271301073	0.6772243718548162	0.5099790297153655
0.4605973933678286	0.625229982027952	0.47917287591842295	0.7105149039862103	0.6040135824260735
0.4527241347486926	0.45178478798529365	0.6865425991105756	0.46966030008626064	0.2841596262809358
0.5936826037295112	0.4726043366030428	0.3087027337372035	0.2505143481316044	0.6229648961554956
0.26864168809013017	0.5643401201911984	0.4904845816872585	0.7052669976559761	0.26742825708078727
0.6255378117312949	0.557720842689203	0.44224363334150724	0.5880880640671243	0.5324441376538813
0.4040030207790441	0.427406871366352	0.4686014666127617	0.2547251675456652	0.43591730824149394
	0.6357053040058361	0.4843039888645029	0.5637250214195371	0.5848546299349962
0.39340795122402766	0.5865448199719164	0.2262507512360491	0.4490357075454183	0.5055765503195649
0.6561486540190823	0.6029218830158102	0.45578261502448725	0.6060320056423305	0.4917717420837058
0.6852771076028902	0.43729137314482686	0.684672323126632	0.3796871885966525	0.4302916560863489
0.7442421713460681	0.48434020681620227	0.34765440864154634	0.35780310045735403	0.5797527756016589
0.34444741694200665	0.7216268412636625	0.30612439928530427	0.6520009651245013	0.48466918379816165
0.31183390011056866	0.6292224555116283	0.5839631586380835	0.676829568135717	0.4697755453796196
0.3908110200368996	0.643734631307618	0.5433142380326357	0.5542113811045081	0.6135359476510753
0.5753114904596849	0.5068546680586491	0.36342280616242917	0.4426830050592181	0.6471885062454057
0.2957881229070416	0.610234446911892	0.4408404920833635	0.4503784222755508	0.9015064450486215
0.5261206410716572	0.36137049916822295	0.38089592207236345	0.6969980315119957	0.5259460937669114
0.45592483709795867	0.5624716456447237	0.5698425488935891	0.7056929564048575	0.6353166527293713
0.40454700999613397	0.574762789136615	0.34868138946202953	0.4182020810596651	0.4688510677535828
	0.5488970301554098	0.7102023204150588	0.2793888434424528	0.4069656541022629
0.19477420841728238	0.5295501527148105	0.5089384821178328	0.4329588189792202	0.4573997478721041
0.6365127712240478	0.17198388818157914	0.6267229107393797	0.34223071593738075	0.5078452151736742
0.6141298889075878	0.5346402280360825	0.7207661004450274	0.8359309310597431	0.573229274748615
0.665428180709545	0.47223151390055473	0.7309649379707645	0.4890284130462003	0.8535854726839601
0.2670534189758553	0.5207722767667325	0.422097765100574	0.5000551470032178	0.4652384111623846
0.530301977122415	0.25355364727213603	0.4202421177881025	0.622721376064362	0.3656347110526689
	0.34540139779362045	0.559425130050444	0.38460838189637664	0.37924295234954647
0.5050809908205734	0.6773949027093783	0.6566200526814385	0.5688049518411104	0.5759219187284864
0.426999623638679	0.9225405994840815	0.47962476037693735	0.6135559067046176	0.25148822513963925
0.7016463538805765	0.5663863637640556	0.29669245057106647	0.687152620085465	0.695764045787505
0.9460276225284916	0.7843693848797668	0.6207586854715667	0.46760288753787355	0.28971599044880914
0.6267452836511739	0.2851643952053096	0.5588791652881955	0.5433912619675837	0.5236238180304726
0.4249239873006406	0.6960097104105464	0.4333408563701228	0.5316662947708615	0.41134699366604255
0.6002493169773778	0.5790708185911477	0.34278299488351577	0.48067977296039033	0.6254795402194162
0.3820635452236698	0.42634422112224973	0.6559461984426701	0.5498077708596077	0.47133743819021046
0.5177662154180824	0.5787259091183167	0.8168764850444669	0.2523356672204719	0.47472742872228535
0.42511379026718166	0.3522325909801905	0.5235569930160047	0.5609911561396633	0.5951270099937703
0.6153829137467672	0.31193325927371135	0.6227471896137802	0.6312135135271767	0.5369746545411026
0.36854322522404376	0.3444450884186339	0.4591225574138574	0.5242591867002577	0.4854302987301457
0.779106304755024	0.5435187430743551	0.4911047580248243	0.4649952726165431	0.6551611765855319
0.4416145097889789	0.7462531213933966	0.3000392646292844	0.4016010880201386	0.4089319151141864
0.6153212387343214	0.40122753544461187	0.3247091283766967	0.6108099823115117	0.8063665594602439
0.5000360184607583	0.4543244657379859	0.4587970870279341	0.5193677908843009	0.21251747554466668
0.7071186360073382	0.553753460437799	0.42552657334919125	0.7991945532084989	0.4936344706260678
0.5482371583616037	0.640400101491112	0.688112714257707	0.5643222462875322	0.6641606526650156
0.7221270305977859	0.5083651266056746	0.7528312246209939	0.6127225918759035	0.32694238017125343
0.4674955177968571	0.4241184291523266	0.6329655385222087	0.6029989550228126	0.6564128092691166
	0.5018382185614152	0.329724522295896	0.4879915707265213	0.5786224982553559
0.539482543129046	0.49441117152931	0.604821286132652	0.4532656518754885	0.5484929641725772
0.4659230449257278	0.3802963633872178	0.4481596267188085	0.6650441582131206	0.08478513484970562
0.6022224248210393	0.26335195466356814	0.33053401849107283	0.5247461620149477	0.33435192659179075
0.2310823093974902	0.7415279346160898	0.7051372563980972	0.5139685020856481	0.2460339866769554
0.9025324690520147	0.4934332038360189	0.7944441994621296	0.4331737075862036	0.3309875540839552
0.7000040871064419	0.48041178234395304	0.4085973559284772	0.4444089180566126	0.5672554720507607
0.6959006982744651	0.4470142661213682	0.4258394900427094	0.5044326299374028	0.8792894436275603
0.40278436901974735	0.7465475178791261	0.3785828687501722	0.6115260846143007	0.5616799336849417
0.3361435415916282	0.36012048880793956	0.4430776469411208	0.4268061676255791	0.6803073600103163
0.3910214114644121	0.49340920652182885	0.4769499380793237	0.5992531228073572	0.44766546062100143
0.39312403561599885	0.5466357139846945	0.5875916005762843	0.45014673068909183	0.5874735220652253
0.18292921024673098	0.5897875373192643	0.3554363769255214	0.7729634222607029	0.6294973161150043
0.40609237633842565	0.5330668896569224	0.4744109933591511	0.6181165654563311	0.45076532956503457
0.3454685522980018	0.20960823871592166	0.31941575337727424	0.34324517665630677	0.4719574395060397
0.5260761698564203	0.3027811885955685	0.3881259853822996	0.46554375679626037	0.4132557430852596
0.6370350458110393	0.4793547413547248	0.4325277007870333	0.5229331624190453	0.4236467554304452
0.5677755733023014	0.7112214937179834	0.44634868948170836	0.4833177888763035	0.5513474062999636
0.39570235528155334	0.5395731589193886	0.7107829193853116	0.37744961332250143	0.4736473487374699
0.6910827975604489	0.4560664029546508	0.49890568950192327	0.6022100998118889	0.8108957508172678
0.563609224572523	0.2867273593156192	0.3948223260357514	0.39152485962523453	0.44475746904512165
0.3532379733290673	0.3197788568019914	0.4313065832719413	0.685113683092858	0.3030891928576704
	0.4866479081068075	0.5431762862212072	0.4466270787246919	0.8651362643608485
0.38292056991679707	0.7223146494169602	0.6432349784890146	0.4229910154402809	0.6939209737656553
0.6157774995210278	0.414995957357145	0.44402125719570346	0.7765866322808511	0.4186054893493451
0.5530482989595048	0.60070466985861	0.59212042757055	0.6362427337642159	0.4846263698952385
0.7065827070252386	0.4866425397692178	0.4863953284556787	0.3864999631101222	0.3517231896564945
0.8002417829939695	0.510638683498263	0.6907441817925406	0.6715062117135712	0.7071794438304034
0.40691062737744693	0.4655675936751421	0.5596559555446139	0.4771675463850419	0.4586291989874696
0.4917087516200881	0.7487707002845505	0.4504473355780462	0.5826992572036491	0.7460907783590112
0.5568164379461715	0.48167273426901525	0.4754064098773196	0.4598209358819201	0.5022203719430639
0.682220661185684	0.3904135166270413	0.31352075152801334	0.5574288475624947	0.47109509036481967
0.730541799939063	0.528070038265795	0.24162002515258837	0.45715918880353373	0.6496156538191479
0.3093600062257222	0.29032952619759606	0.5816910644891413	0.6374201000317802	0.6250628118449738
0.7466621556555189	0.4745725558907105	0.2361817166972488	0.3489996313388201	0.563981324501604
0.6692936094360339	0.5262462942032153	0.052995168648682804	0.6066760730799646	0.5786177556879714
0.2545143764537866	0.30294269693446985	0.900992358014506	0.45919121584446937	0.6826945057034183
0.535221947246804	0.6817037810901482	0.4359254260518614	0.32808099344660846	0.3969293819242613
0.38102985296267033	0.24105218697047	0.3552047816294715	0.45196921263776063	0.4558842323369231
0.5621335978386961	0.5461441579747769	0.6015724621451924	0.4871677754449354	0.5978752405281667
0.4943765723447721	0.38669802746120485	0.4918813123090758	0.82707617875534	0.480713432281215
0.3836641537894465	0.36690070691609616	0.3368328726228243	0.6172056266210117	0.22540215297224292
0.1501900875892616	0.2909613041661292	0.37700938674310674	0.26324320004900154	0.5780826347371941
0.2687610482102993	0.22668951965899475	0.5062121773020597	0.5587923106830059	0.47682581500679966
	0.5865648262501357	0.25021104530009314	0.33633750127445633	0.48963408336686054
0.4569847509401519	0.5206107785283512	0.3215957441013482	0.5217530165929776	0.48589055970666045
0.5295051941447201	0.6063843727968403	0.4552416269559859	0.3909402247341668	0.4846116292690837
0.35364115815171754	0.5253099282971141	0.5294596837907359	0.6279968384263402	0.6633295102939466
0.5972488194883937	0.4927956190608076	0.6399293486455192	0.4613212730597531	0.42287541127797934
	0.48808101786028335	0.6178111490033046	0.45657638249136007	0.28575156149859854
0.29800848132351515	0.8031697892669553	0.3796392847439999	0.7042000798115333	0.6997351537341501
	0.4101761843925437	0.12329616730985508	0.4777249111751694	0.4886644655107513
0.5177099533064969	0.4964774803672847	0.4146823447113967	0.6521747258742904	0.6427562057919302
0.4828496280671529	0.5818292126495425	0.290627053324908	0.641586729559387	0.6457829664231294
0.6536842811644975	0.7274337582753946	0.4418805531550232	0.5093223448109685	0.4994882252271948
0.5865399204635727	0.2621414170529267	0.38755308806536204	0.3977221983038386	0.4478922853898257
0.5281065791173021	0.27220936079330965	0.5483953576133754	0.6208328095604101	0.45386578237793057
0.49777555525545475	0.45069272089530804	0.528443044774583	0.3910887568296356	0.467402976377416
	0.394615547867152	0.3838107288550622	0.37496377154429184	0.3393994917044434
0.6861984347634332	0.6892306977083728	0.6053301743895753	0.1990689782482852	0.7182969818615407
0.28698949552985203	0.46485861705541426	0.2354996349394986	0.3662793428208907	0.5401996279450435
0.25931935330250255	0.5076667438021678	0.6039534810792103	0.38854301511807665	0.6126424531339781
0.46638487655393157	0.5875099169579743	0.4498136615026457	0.4183693564091805	0.4868907386966322
0.33740520826580045	0.4853177630710146	0.6435731280069581	0.5657695744866732	0.4188143207213727
0.47185279971952304	0.7445688507683562	0.5964319211153458	0.7849970717042699	0.6009045584251126
0.3470403680548161	0.78247962548033	0.5835638534769739	0.5115433885410666	0.614356887040123
0.7014851085107103	0.3102686311474886	0.6379878769868582	0.43753194385344735	0.029864206718849567
0.37074657521859566	0.8113547022453653	0.584565178053407	0.3702089729304498	0.5597021708630014
0.6316062361125611	0.631887294305355	0.6391308763349719	0.42468660220197024	0.44046915452791835
0.6175195856821004	0.44179380757455977	0.49046679529760606	0.35637415331039224	0.4720786928927648
0.31050162441798246	0.5262629045922574	0.09306552037642378	0.5780722635194695	0.6304070137044967
0.5774543114440855	0.1784277972977193	0.23999717927039022	0.54001365693931	0.3632054911774015
0.5562575299883727	0.43506279262818487	0.4585367786884209	0.36380917802388135	0.34124421791984516
0.38507740405558605	0.4605714351109521	0.6127019116941596	0.35679367835655895	0.6629757739751708
0.6649285293952881	0.6262474088634044	0.6448249463593646	0.5940500582778859	0.4726906855481852
0.674890200105309	0.5570211998349197	0.4280771852514837	0.4978702779445791	0.6180807230912997
0.5048559307664734	0.7738950473605974	0.7348140468343954	0.39624639157337677	0.6539686249564667
0.5462242640804414	0.42609203733025897	0.7630195626377426	0.4553196341186897	0.6270760198728769
	0.25957836421417646	0.705170872937736	0.41400152625334663	0.572798519219396
0.4411676152975671	0.5017629408823203	0.4649940330972131	0.3965122750610139	0.5863201531073227
0.7685969608926598	0.56908429499443	0.3978658010702452	0.675960503743115	0.6680303367381696
0.3694980280684403	0.5095119277667829	0.40469086160969586	0.6894021726381874	0.5886500484497604
0.4728988497277464	0.7527540488437025	0.7445699800461517	0.4320358881667866	0.29332159691004595
0.4283962789005726	0.574374777680496	0.6132370296122824	0.558388566650159	0.24829436254009682
0.39181869945267794	0.5419937206351731	0.23746960630533764	0.48682500539044055	0.42759456082012703
0.8500088393915695	0.40597710157861466	0.7053827907427908	0.6013318636091289	0.5010297462920196
0.39874072094301205	0.6786845440121998	0.6973787291482162	0.6684995418995913	0.547011173660265
0.4687766353188746	0.4272655209280549	0.6881344895264575	0.5857581106270161	0.5701718153514131
0.38879661868113935	0.4850055651977926	0.6595234926433304	0.44376234243232365	0.5763170507410084
0.2098947064863035	0.39247051105177444	0.6517656907384319	0.3851754771575297	0.6214246942072023
0.7018530588615717	0.3085914697972653	0.4069603648209678	0.29475903295176115	0.543796538890073
0.6461349112904123	0.3384516130440297	0.5513738200210021	0.39935543279552954	0.36715974723530087
0.6053465985159829	0.6417470446531606	0.36644679684846204	0.6726474550934635	0.4150063925744599
0.5616312349133178	0.43471790185654363	0.5153266729060403	0.6665748097603734	0.33717638412555234
0.39721936215440473	0.5707456946985401	0.663327860697489	0.0	0.6948076871498151
0.44101723080896366	0.6580928172955891	0.4163148906583572	0.72220526926158	0.2999875751999376
0.4455445354597696	0.3176430200680402	0.483022716132745	0.1531158035517095	0.2614429541231838
0.5724985207184005	0.5157894016146576	0.40890625794098456	0.528313890771771	0.3360330714453012
0.37163343586452213	0.46936706863088484	0.46358915395709854	0.5462309848129729	0.5401809317469042
0.2864714668929072	0.8981789021725498	0.5716932155218932	0.5339956406949585	0.4631356063503879
0.620927899172534	0.3488432509728234	0.4434094885311217	0.601405261142868	0.5943943245363499
0.44204401592006065	0.5043607270932404	0.4502353478117407	0.3462567435738205	0.4034978005367082
	0.39493893700606164	0.5075298201328178	0.26303644007513055	0.45671694059927326
0.3001848023087336	0.44537363796757173	0.379983636745933	0.5066656633703696	0.5072642196911097
0.4130276583568983	0.5413098939074829	0.3917991171792848	0.5240024101023142	0.6037922224283238
0.5072001657122998	0.6535085619237805	0.5378888903849008	0.37751360729896793	0.6123721950903378
0.2868988618243236	0.6152977554200821	0.4596456769112945	0.5405538179137631	0.29182582889182934
0.351326900219627	0.5137670999439828	0.4007505911964006	0.3348725846726942	0.7167334055070761
0.6442750121571662	0.44334258272884136	0.39835541564383276	0.46626349843891146	0.4282686301577619
0.6192198823735061	0.6551534926086969	0.5167556634923417	0.5818978302025373	0.516071815078052
0.32822406026650647	0.5727909826275281	0.3318404126743476	0.35747288879297096	0.4968752969420041
0.542941848126891	0.4090111650773355	0.6395742031745953	0.2840126247517869	0.21995243224951697
0.4654562491363976	0.28294779410807325	0.4130409853414525	0.41564130056290405	0.34903774664332615
0.21423746849708744	0.3838477708578417	0.4447784290037163	0.43043581795009184	0.40848745934719266
0.5250519620812396	0.3230779163017109	0.20694270839700235	0.16972264167976175	0.35398424849993076
0.6159402064206381	0.21064377344019689	0.7184061482380344	0.5883792997415015	0.2669190672896054
0.5058957488603467	0.5587672904902868	0.42768403752327255	0.3856172318512921	0.6912526176007082
	0.2421964053498306	0.30734289678518706	0.615888601222154	0.5300411823879613
0.4696319030845036	0.5279939799134699	0.6625613567545325	0.5937417186365211	0.5711829944160071
0.49682342400293944	0.5038267464663458	0.3934481967852575	0.6792461516532169	0.46333468340408696
0.45550546422245886	0.1747500867609231	0.4386012356945532	0.6190250899126365	0.39600434252312033
0.6608057786574218	0.7334671877978071	0.4148442101649789	0.387786608457915	0.43149933117548206
0.5960708144183449	0.23028190103420496	0.496272669618644	0.6976277907852722	0.6133864683918375
0.6124241885617343	0.4498988577457523	0.5708681524576358	0.500064829985412	0.3508733589921336
0.7211797252673776	0.34649134391658926	0.42108257774388513	0.4296630822890651	0.7222388830407341
0.47853184092010237	0.6740000654297587	0.36499244833150624	0.5825573471615052	0.42106560550180694
0.5442561281232982	0.6174409955491177	0.7695324321742686	0.5095472247681833	0.7783408032137631
0.3059153955728536	0.4859360683010205	0.7576697649310137	0.6444964536885524	0.5990009870291492
0.3389156388502188	0.46569692136516144	0.8325561136617952	0.5780026787335467	0.41589478260550466
0.6069216652534156	0.4750149536356133	0.6115446684468687	0.2502545173607491	0.2910042448839226
	0.6223828976935373	0.43607714212495197	0.07158351199046847	0.27415447268054277
0.40870798569817457	0.5266212834646354	0.4431511398832343	0.3478346540227016	0.31674364579396336
0.613936108603618	0.3717629403698345	0.3046535888545589	0.5505179610776377	0.4631763236389379
0.518265108695405	0.7907600977063942	0.4882381092737135	0.44107515187190927	0.3281324148927563
0.3091683781676823	0.4083244982092	0.6192931535655105	0.5913115377192726	0.5233082277126002
0.6336137965284686	0.4676364523514265	0.39744527806119395	0.39696025754939157	0.5182619398974063
	0.5140454287985066	0.6247548399221702	0.39206887437359444	0.4652722887216818
0.6385838294570669	0.5050077309436801	0.5465221904434426	0.6600524438462761	0.5658043261984649
0.5765514926476061	0.42672685243485126	0.38632094530967553	0.6932563617336208	0.37112978097374855
0.3148902406511249	0.5359012681948357	0.4727672569328253	0.5313731691208612	0.6347778917584348
0.564739160923416	0.56573279420979	0.5427000882497994	0.6331776493420724	0.4404301107025324
0.35705191610909126	0.5585772727575652	0.3030862095719289	0.43148232791755725	0.41352584177864143
0.489552802014611	0.4536308807184756	0.48932829523368393	0.40921636779003545	0.6404491614599298
0.3626350639193915	0.2812496472389067	0.3169957036605943	0.41707544774734384	0.5545881662930501
0.2064337712454961	0.4004139536088037	0.6779028615942337	0.3693741608328643	0.6309795034023028
0.3101471078459347	0.5785578567730432	0.567130994400174	0.0	0.5557559250760127
0.5044842721743915	0.4317002240223123	0.6820792572865942	0.5962216665534584	0.7863750755637419
0.5434668622115182	0.4387156535402799	0.37528711246455376	0.5170381154498428	0.6138826500865878
0.4105011054470734	0.682115077503508	0.3356562373619413	0.47179711261288865	0.4313215595092292
0.5499181175497564	0.4477861749294307	0.12981369574330787	0.7087822866255217	0.5466867966425586
0.6600969796185333	0.4518365101460292	0.6028748331707359	0.41780286635887026	0.36944043670479604
0.4120372809722729	0.49099906051303505	0.32613893752786205	0.4682641248107513	0.19651739317314582
0.534558419313808	0.5404336716280055	0.2977696818305189	0.4535765477820586	0.8186747594181296
0.41991990136634294	0.5436748057720776	0.46784798980575637	0.4491339508281439	0.33740892226443553
0.21274004021970533	0.7518404276811976	0.665763063365436	0.6170999458660622	0.45978024306013787
	0.7528000116995333	0.4186852228824825	0.6349518889268566	0.5117460493223679
0.7644407657466952	0.39690415374771815	0.45114313702406444	0.406476012111368	0.39096221428599526
0.45879157996898917	0.48703844013335285	0.36446683058371004	0.12296497246336403	0.6133606319396263
0.4757026997987395	0.45441834886224364	0.0	0.5794363998952518	0.541493172087421
0.5518402019953863	0.6189480214073624	0.42718017713767786	0.6438513005063464	0.670151146217832
0.6470623949714253	0.5673199033726573	0.7618716065898223	0.5215893480732532	0.3933760571280914
0.5106297316767808	0.22595507056554312	0.25721962544658633	0.39735608155607344	0.7725033362447876
0.48944285564402445	0.5914527494773277	0.38303591489042316	0.49854882834924386	0.5572021400036721
0.518341890027137	0.6974786265698771	0.3765543375252509	0.5336698354003615	0.5631801987257927
	0.6380712889692075	0.588640267839345	0.6187967401416643	0.3656621159677765
0.35661152715846733	0.5597987223379012	0.20851526126613795	0.3074664241623659	0.4028794408527129
0.5093279184973234	0.572337752929513	0.433135726390015	0.5460999880978566	0.6551457680215399
0.4075029687477511	0.6526550551449023	0.5107440525121152	0.7854841500750444	0.44451766116637276
0.4310759476182131	0.25547495171232326	0.27116971132968304	0.2586525101822047	0.27897347572811293
0.5545589552862881	0.49631345914414643	0.4231087146559545	0.6448025070450775	0.6137897023357988
0.23499529477502928	0.5277567874444818	0.5254095859345937	0.1650733545428099	0.45087460244747185
0.5261075520934139	0.5623437323839766	0.5550175891488909	0.43871814944524784	0.06328754949543995
	0.5582437465875337	0.36764131248442067	0.20373071802086423	0.5484883143184733
0.5059756348442215	0.34508545926763207	0.5232955657933919	0.43753018947876676	0.564036862619619
0.5937304819739546	0.7535505077317032	0.4498992132561083	0.09116068262942327	0.5481804569829225
0.46220873295719117	0.2600574768636668	0.4482370172384124	0.5504305946073456	0.4574816741531307
0.330571022349737	0.7095576461936572	0.38384984337449357	0.5552743811883226	0.46852189577035824
0.42664861617423033	0.4158747057411313	0.6430355089094126	0.6516428388996959	0.48560907141592496
0.42265716234825607	0.5150980299337757	0.3177582769209995	0.5857124172597482	0.3899712369980408
0.7282179012912464	0.5337098300808156	0.36931880847606163	0.5129994005413212	0.7786854815125448
0.48387727245325907	0.4464333861587112	0.43987965790001904	0.617209881589008	0.5397383294448347
0.5747866749455621	0.18437613525103289	0.2551376488562276	0.6508715828589309	0.6223711016500431
0.600550888399968	0.31576019730607435	0.5594615722024645	0.5277468402773374	0.7100829860327064
0.5729204977574548	0.49287195768264397	0.3324476369904941	0.3384073260365006	0.6611843222891645
0.6184310431522783	0.6562294197625936	0.5513017770184604	0.3480604052266776	0.688030711021747
	0.6067629887293897	0.677417113473554	0.41838712751192075	0.5715920224256422
0.5399929214635439	0.45455037405616966	0.23713944781111057	0.5523490235715356	0.4158588473969587
0.32071504307326615	0.37779166477617177	0.43826134043291204	0.4963882802771407	0.4183767105813427
0.6507682424481676	0.5352962320964563	0.5658039466463873	0.2952430534670074	0.6538912182923201
0.540600509364738	0.258727215943362	0.5791159358849478	0.5186930890107087	0.5998295463328878
0.4858038934955161	0.42736916275833803	0.4281064419697488	0.7111323340257396	0.358967075314752
0.41341423368689406	0.5214288203006023	0.4271362941851094	0.6763571771736904	0.5297820135199881
0.5343809577160943	0.250430723900586	0.34306655398654035	0.3896529375705788	0.8074601266847395
0.2623194824296066	0.43806301462523695	0.5024272447970708	0.31335080139317206	0.501797828161998
0.35763721407753585	0.5443598095392442	0.28134147224580214	0.44155635645456487	0.4329937817775667
0.33982290096075307	0.24395127987018136	0.3388473928863145	0.7299014854169938	0.17032641665997084
0.456722220228729	0.3161836626560173	0.7376150294910784	0.1528192039142878	0.5215458663383152
0.5246610048960244	0.5149771056598579	0.5955862489448744	0.3776517903634727	0.6015113413543903
0.7600261551924117	0.630686832265763	0.32179579584192847	0.29328245101325306	0.4549953232241535
0.5520670312224787	0.8238678252062217	0.5566443833317238	0.5012515673917317	0.6708113156468309
0.48379200905325864	0.5753185748375934	0.43064804733732204	0.610195838524005	0.5580591190047013
0.5805506919531397	0.7291231210497409	0.2849771569957137	0.841798937153198	0.22076904792404922
0.15158165269909007	0.586698365202786	0.42574810569887467	0.5149605350777805	0.31528643512661814
0.4064301180181128	0.28768629981332244	0.4007236511496973	0.5128183723330054	0.25386430813546407
0.38775763050185025	0.3849711531780691	0.2910663715942412	0.7136696378515175	0.5821915686224771
0.5398328810133067	0.3776207205141057	0.4898369339212178	0.20245147648489997	0.7564754621184571
	0.32198115270514566	0.3769524778678646	0.4804158859025375	0.5893819309265618
0.3022486414125546	0.6479382000496547	0.5464771429124706	0.6107044474939166	0.5254499907461744
	0.5296867633712439	0.2640740571936431	0.8316475942639108	0.4526511883901035
0.6604089796350096	0.3305082715796534	0.41529466677133264	0.5499920323355519	0.5514578248346291
0.37451424469711164	0.41168233058046616	0.4440280799107993	0.6209334841245819	0.5369807376909427
0.5450408327819166	0.33005534177161977	0.4842358334514963	0.4969618458459472	0.09583505325247396
0.519919436247339	0.5395628040889746	0.3588939670095164	0.6594096822881637	0.3263991790450031
0.21555157331895694	0.47011329197648827	0.6651953057215556	0.5803431799821478	0.7479732094300046
0.1937406940916809	0.4447983219221259	0.38334285293335	0.5264452797908774	0.5980984712470421
0.4912672602628504	0.723806739349401	0.579876636434886	0.5163203534677833	0.8645509931809491
0.6561174211950126	0.2940082528590394	0.5476550638128289	0.4867704607001555	0.3711281498499124
0.36904854152696215	0.4566574089735887	0.3902224782898462	0.5049675222034091	0.41241127284702095
0.45675498729531117	0.4909018206322387	0.6649852750365449	0.37369861259161524	0.5057591016407934
0.4066506495307819	0.6029614181922347	0.47501724519899696	0.5791337381989551	0.14999953587662232
0.7274449271471104	0.1492968858239928	0.44041920267336954	0.5567006536921669	0.39916049862999303
0.5795312173293112	0.5745922098150013	0.33429700375368604	0.245946588675744	0.4299694058957318
0.4420683090141526	0.7534167788773868	0.493822380560836	0.2555447611093682	0.603913125197558
0.5534757641887601	0.4382108964648982	0.3858359606775691	0.3400966624280483	0.5793150920718162
0.3097834972674522	0.3723128561397257	0.5584825090215504	0.5572083707788618	0.4856192045263044
0.6497243844628844	0.36039591800074683	0.5283141112922567	0.42494471394925176	0.30501135647771227
0.4976834265842751	0.6776021279676665	0.5315691301679571	0.23240863650845117	0.7086288379030699
0.42858958275321335	0.44848815630870403	0.3280108506956441	0.26337078479223297	0.6790943488303106
0.7053044704100297	0.4762262023080344	0.609192850430655	0.40390568751178335	0.19598941243783852
0.3842341867470304	0.6997093731592887	0.39095750689267333	0.5529339188377984	0.41733155424718577
0.61204234080211	0.3348660691851922	0.516524755874384	0.5873082577534818	0.38991393575863104
0.5714594865832269	0.488279221976692	0.5557844415896389	0.644137973768089	0.5924476673735527
0.41263981024826574	0.3726866142152483	0.5533424444990903	0.20190403574265564	0.49476707021185595
0.6056579026028716	0.37796326259608487	0.5504444961579322	0.42236850936302983	0.6208644651706133
0.40521141129099586	0.3661038762596756	0.6395735464755168	0.6127603307284217	0.25832954290657256
0.29542937172265016	0.7409183768699392	0.46320568813634383	0.542613980994271	0.7460254859180717
0.4274490713260425	0.3748037211283037	0.5431715868708379	0.3446561182860812	0.7188451422416778
0.24078039969414197	0.8672318113691857	0.4528636397074938	0.348196621547683	0.4722921752614624
0.7191456605424968	0.45347037068836044	0.3612877688767692	0.5499125321846259	0.7031766814908416
0.5146528498212354	0.508522018217278	0.867568041777119	0.7288983007234554	0.14204557602496315
0.6465482501610249	0.4272377687095565	0.5849362270757973	0.4019552900507314	0.5946967201618827
0.4925480380851617	0.3809736262983509	0.12061465436302629	0.5836930268008675	0.806182859982551
0.20758882415496874	0.4134441082731425	0.28754689185788546	0.6858348271731556	0.6283388484856679
0.5720395942233661	0.3643289277999204	0.4287836373531922	0.44157633092643517	0.48096020175171633
0.6436058107439532	0.6534823259869879	0.4443579059241564	0.4595655999385168	0.44757597066521737
0.4223262990661693	0.5711369873542093	0.4630565398440331	0.37464304286810557	0.5737674975336219
0.5017489715064332	0.4530190330219282	0.31215612653524183	0.35846499548913463	0.5203182163750845
0.6755970896798935	0.6388808589145777	0.28455248390691024	0.608310220260778	0.46756662464803145
0.7657795971704939	0.4164650277198678	0.40235913073244306	0.8693800774989711	0.47922380690243555
0.2952253550572234	0.3098988830346336	0.6761146438076683	0.7340197395689766	0.6060596250963737
0.5117708309578586	0.24654639779786114	0.04130496579792724	0.6736013597443777	0.5742981864026397
0.2815955189134425	0.5108658970177139	0.585854996960515	0.39525025674373626	0.7100224573644104
	0.707346852425066	0.2890061907208045	0.5755716638321396	0.7920741275851519
0.39099355270872765	0.62229438179453	0.5735502231567251	0.5435542308733415	0.31980930285385695
0.7088307373343795	0.5262308063036073	0.42878253715992243	0.8219071167907224	0.4116721681734707
	0.6711832537789347	0.5775691020908547	0.38785560500349353	0.5510270841539591
0.5594678987626943	0.42871222155827277	0.34490524931247	0.4454043736662236	0.5511873113829823
	0.400272312071058	0.2825994920229924	0.5613447821338501	0.41863799037315286
	0.4892572707150808	0.5709944076420774	0.5912280210724271	0.6654771852043947
0.511901212945128	0.6011489746774122	0.47177726005551557	0.5469971908874456	0.4188000272717233
0.5234797951099716	0.3544776247196553	0.45352779485585915	0.6009853655424566	0.47156678070360186
0.3366646813949784	0.5180962698105596	0.583839486354873	0.44530897808241	0.49538392710812734
0.5206194017241785	0.753827459757878	0.49487955023926544	0.6279821945339424	0.3384262395268334
0.6378748498416762	0.44401260775235146	0.6973888686840976	0.6916986784039478	0.6463569619657108
0.7488292715749862	0.48143392021577947	0.5629403535552503	0.5026504633897464	0.46225313627204345
0.5647817914667626	0.543038770718586	0.15723170729634023	0.5679261867947096	0.5079304139114766
0.4838878256130784	0.23046201478481607	0.44496399307516066	0.45271316908698567	0.5730778454417839
0.6099825069890695	0.5519550372115192	0.501396629888511	0.33222629297092654	0.2545138132655018
	0.34464998821188186	0.4991313539990796	0.5628136715127166	0.4229333410568184
0.5546860591910039	0.45802957863787297	0.3778146823353971	0.568135387691874	0.6235258691551172
	0.5463763957574566	0.44112055774020786	0.5485080323558357	0.488676332605836
0.749538555710204	0.43215445567543237	0.5463462530897298	0.28679038004885116	0.41245108937061614
0.49703112320968174	0.6361175117598371	0.594265420487968	0.390046954341137	0.7280496165140423
0.7091695941227295	0.31994406793665775	0.26363200823671795	0.6093330076221671	0.7721668891708064
0.4967445296181061	0.6360337960084356	0.33899264081049924	0.42468038679876846	0.4487902433225462
0.2542217039611459	0.376572485139765	0.522353911551313	0.3654681304581651	0.5821298914972394
0.5499035278613967	0.6145386918889889	0.34302615801431624	0.6645156748178904	0.5266357923734277
0.45239790148854514	0.378467467460119	0.4924393528050502	0.5097716020652713	0.57540036808452
0.5776518533644013	0.47445155650274096	0.40618377118329235	0.2974164736070595	0.475031490595512
0.5042777485444222	0.8108280734163422	0.7860076320093443	0.5912137140232768	0.649472862651504
0.3891536037848771	0.4277305571292092	0.3333631615047799	0.49781364220908836	0.35461940258192837
0.5362870393633233	0.2974544137533868	0.31753454147559673	0.1034384644449307	0.45436560944836135
0.61082236331103	0.5647947436652292	0.5644339782119655	0.40632725975452505	0.4214143454984468
0.4081299756911846	0.6306297340898467	0.5157338264768746	0.5149162800628153	0.6050387371191268
	0.5095609406930861	0.6903072178050805	0.5345817128197156	0.7882551508132651
0.5133499490987515	0.5533333981837746	0.2317207360682545	0.2789088492614307	0.5400328192232834
0.25107149090649905	0.3647820200791694	0.5850447924480963	0.6385417080285554	0.39123200297488314
0.33767240520015857	0.7983338278915023	0.4329651320178781	0.37906388068324465	0.5285954356186187
0.44088992860953263	0.3822408873170054	0.4653215475566478	0.5114709851117518	0.5235617583511624
	0.4156090086512438	0.46413405037678274	0.21210039083379512	0.42013388050805334
0.695306332809854	0.6228915124648744	0.3701046270523541	0.5448658947122801	0.6400521070943666
0.49194488517547214	0.766653050073442	0.37763621429682137	0.27497034926365205	0.5670353006097586
0.2668381604505742	0.781477065636399	0.366361567911327	0.5169331811018948	0.5124209217230442
0.41227065453128003	0.4499270908903053	0.7328363853805742	0.6839471600128754	0.6869315798449955
0.8061832688309052	0.6635040068507505	0.48806387856576994	0.505827171046742	0.3368921351588798
0.6812671093767971	0.21215153175245893	0.44973114374547946	0.5074888525020186	0.5606105057329804
0.589225986093371	0.7003826471848997	0.39015352191840336	0.5628854923755335	0.29622157692727835
0.5436781081214792	0.6794442124834281	0.8724599003834855	0.7039586359703944	0.35998246005127676
0.2555971374852903	0.5446780466877958	0.4577266722929792	0.4661620754770211	0.25235285920354183
0.6591164812218547	0.4274471298208332	0.6028444617564416	0.37814429959602774	0.675775690618138
	0.32999168166545156	0.39035097696949705	0.3722071762529892	0.6080312799560788
0.798028812539568	0.44628780460740597	0.4160064156695872	0.36747476890104536	0.47029769635104435
	0.4996337272996725	0.557002369822473	0.6021315853562388	0.6624856100511917
0.47451703351703844	0.5011894278753043	0.5649148859625458	0.5834130757217553	0.2629311277317227
0.5512885895883944	0.3646429010115481	0.4165120449270335	0.6416811346350991	0.6674670136808765
0.6022946474930321	0.5647765505803423	0.4008251295740645	0.527078913936678	0.32470144689559083
0.4105137313764191	0.8562326716874243	0.4698956045952703	0.8849478209663832	0.7906855409543413
0.09070004668600586	0.5138881282558672	0.7524581216077911	0.43982794215454274	0.6896760661111622
	0.47853777418465654	0.4598709348697045	0.7078860008467386	0.3325519331257648
0.5349784525892393	0.3334961385056657	0.8236594398909746	0.4802964031821247	0.33888124396584446
0.3869511676741168	0.4466723141321136	0.631181699864071	0.41014075807536055	0.46100258634718666
0.4500135000675173	0.36946431138692043	0.3973275221561925	0.4890910176531514	0.40763179973115393
0.23218600612040938	0.36695448211202325	0.4139995096501407	0.5468697284964539	0.26531444456580927
0.6724374458543138	0.6190553982598176	0.5762580820244394	0.5985406538418545	0.6184660879260439
0.6574519002294461	0.518239111725321	0.8729266463930901	0.29966016901743625	0.3836542031638319
0.3403199120256897	0.6504016047389419	0.6558078652633219	0.5453742033604453	0.4944607003492573
0.8254249023637479	0.5058824067573069	0.1213662828648556	0.6737095279128906	0.5527408858809251
0.5435709078236579	0.2853964736857473	0.391275213715151	0.5360733236856359	0.4694074310200432
0.22383625993421308	0.538692939409513	0.5273401945111724	0.5724785769647708	0.584946380407193
0.4353581972577449	0.5106767710386252	0.5022352493110678	0.3724535144530937	0.25944559957524893
0.6976733245149473	0.6926590425529715	0.3076798884083878	0.5007658750480839	0.7607548779042759
0.5195893304210608	0.72027020541855	0.47905596563545894	0.5669445773773916	0.49286564685382994
0.710871988508577	0.48272451223548046	0.8091534945187613	0.4316688415726331	0.4722098741809708
0.33033860276845806	0.6293760084209029	0.6279362172853855	0.5873737219412909	0.5808922936857408
0.7512616970948273	0.5155610901351169	0.2994186435795406	0.3889571689624466	0.3546010419254988
0.6198180219226963	0.423203307241626	0.4704992569422545	0.5453806257684619	0.3390634918808462
0.5669988613687494	0.5123168848419672	0.39120743766881344	0.5414432164883731	0.5130072420138867
0.3545181216904378	0.6085448327861404	0.7637575142826585	0.40100540492462505	0.5320508371258478
0.1904553655198632	0.6171212536244719	0.4729769099912607	0.3414414653104946	0.4697120549590459
	0.57043864226719	0.8809914732913906	0.4504905659394697	0.508610715158597
0.4103052534181421	0.3145918930699708	0.415074401341906	0.49789914635927435	0.6786579497481445
0.5767197470690832	0.4781014239664523	0.6141014148300583	0.629443494785433	0.4265515161772188
0.5701081190406871	0.3251116851627888	0.5419227291231419	0.7481918827238566	0.6470473509733249
0.6888555973256024	0.5150124943806949	0.6245119734878833	0.7316050631710164	0.5892665869009132
0.26536479689329867	0.2110623989893664	0.2977650225795904	0.40395702847961423	0.4262933698279978
0.32236269937659456	0.6219045745669841	0.6421081128227604	0.4473468607062656	0.32346428977367936
0.32701678405332024	0.2922459201630658	0.6307238412676697	0.7862589831938237	0.28373816617661307
0.47347259279136455	0.47402045159861556	0.47985125048426186	0.7387761520536279	0.4677621936221559
0.46487819762911037	0.5039531176025105	0.5582867985020468	0.4713446311334367	0.5577726972210785
0.6181127619610917	0.3163370105961799	0.35749646047205236	0.33443176891870924	0.19942720093037933
0.34049146558382487	0.4304018122166205	0.6915510121754861	0.5599079749994091	0.4831837589057736
0.5549332249992118	0.47762631888786733	0.35676972560626175	0.9024404798429618	0.36981859872437656
0.6070508150809186	0.5158877646455122	0.4405695635154945	0.6323674548374416	0.5081413689175851
0.2819256899038654	0.5419903866298323	0.4959461392781919	0.6470888003591805	0.5720487785512259
	0.5656115904169787	0.6882753591384229	0.38752885294038913	0.8020275694976658
0.46901533892094455	0.7181334304879826	0.35581326866917506	0.6260426884816799	0.6578234314610644
	0.2046108006565049	0.8700564081118654	0.6519357453432791	0.3730201810174216
	0.4988455179820993	0.8364172641565175	0.5503337216893235	0.29513166979176964
0.60629450107446	0.38084392939931105	0.4879557648774829	0.2473314522915154	0.508747017743581
0.6350898710024587	0.3280466940317	0.4545831570427637	0.36394343340837215	0.4663380383575227
0.42142465418672787	0.6875938876521744	0.47198386834049033	0.5447217245231255	0.5303427497026362
0.5004576505080364	0.4240781220720307	0.559387996966241	0.5703590643524451	0.860546639422421
0.4441816400776263	0.48984227040445827	0.7305431785249366	0.567894196883344	0.8423983238557288
0.40945742605239116	0.8631105330294415	0.3228631446857568	0.7780596108242619	0.39218830234502267
0.5115875021501222	0.8050616233721352	0.209073448868012	0.46955872483482275	0.4499118472534818
0.43270897592248	0.26548587034594584	0.6636458420980978	0.5870409676348519	0.5073777353887535
0.40046466082373056	0.5161405061170582	0.2664887534093403	0.3911387316402363	0.3886359312924439
0.3023328069664484	0.6152479381340387	0.8134416875828363	0.42802005687933337	0.4717406400316771
0.674249993401601	0.6730959055831365	0.4967078632674489	0.5284150081945186	0.49427830872894446
0.3756286750350317	0.6750910016244166	0.6445567741904775	0.6383733239709032	0.41561244850437706
0.6038670187647162	0.3742816212410088	0.5708481625480935	0.5994399169889161	0.3349597100880501
	0.6630365497609553	0.7083578945301124	0.632032820451502	0.4092394238028476
0.35492798428240135	0.3389042834874424	0.2692108047222482	0.503462181711184	0.42671434957550936
0.5643092380122134	0.6222045454983146	0.6736629046805525	0.42702495492345144	0.5623413984715824
0.40223802327652386	0.22188211086454443	0.5212548762436106	0.6587821768625558	0.19846968424337627
0.15220068582653998	0.620314954933517	0.5017669591511861	0.5455007917166598	0.695202310886644
0.39205134177125595	0.6222814094729046	0.5167750579168783	0.4925544842284335	0.4871360961853093
0.5557710089395006	0.7064761293410182	0.5631401536219834	0.4161179998726592	0.42960687891132626
0.5478845251704552	0.44289945098826183	0.6193611449025198	0.5307454745540032	0.541456983311393
0.5804939867116873	0.5305154524549642	0.462345507412742	0.431660909429718	0.4020945602197342
0.6959777740871189	0.5447947222013405	0.591547273956232	0.6167338785487978	0.555671937543569
0.4384586256018776	0.5252403083233389	0.747678569962414	0.7248664385388196	0.13914205301411442
0.4613925179679529	0.5716998401792354	0.7241266018392974	0.4448353821546674	0.4827259672482082
0.6329526311515414	0.36588359702942375	0.7228441667488023	0.7345683574709378	0.46736192046137354
0.4797566093482785	0.39454904163900895	0.6819533109888256	0.39961909034960286	0.4826929272577262
0.719155297628598	0.5417959316902988	0.6159881767565178	0.5973681437408573	0.40003185761092036
0.40818836859797497	0.5976231217432941	0.5372622020909684	0.6337636043978316	0.6263601500811748
0.4918584553268963	0.36649878582298906	0.35539467611751746	0.527739403586116	0.48973396201946434
0.6755827121236221	0.6381842300423815	0.4711244022624701	0.3405667796157606	0.8174153594454415
0.39128830343336535	0.47843901916966025	0.16300774860252937	0.4347141059191409	0.5433176034300884
0.7838927948591051	0.492854731479352	0.44776699886643856	0.5185526746508728	0.6273464863834635
0.7733002725778758	0.4679778774540225	0.7673103444438101	0.3136551176985721	0.45591663739563576
	0.7623880518074917	0.4084438937236604	0.5199688298271763	0.5973483206839902
0.5847134429945423	0.49574717622598335	0.6017585288026972	0.4258266448036865	0.5639289379415384
0.24139717569198743	0.35427445123927104	0.7622078495420836	0.4563130755234635	0.470514687568188
0.7943658238039417	0.6646038616769715	0.5858347918105752	0.30006202490622047	0.4028410881856315
0.311731625481131	0.6771016635720934	0.3339995608665446	0.35831766865676723	0.4641049033584815
0.6009857428401406	0.6800461256103285	0.28297557312013527	0.45458828532566975	0.5412584352124488
0.5448680239847421	0.8419675877668785	0.3160208441514057	0.5897855293955419	0.3358258353540701
0.5061470667065227	0.4282271523600641	0.48721127693653454	0.26481619473681584	0.4749544953485301
0.6079704410961833	0.5870362823520634	0.27076218061975177	0.44591635269330404	0.5406884059880624
0.42501816677060367	0.6741009970919928	0.5298992835291944	0.6280682588495041	0.5565300569720856
0.20809604699746762	0.4611744653272394	0.730681165805134	0.5683996381211496	0.5415681831272535
	0.5847968874302292	0.8259567893628673	0.7606554410884643	0.6962326719226855
	0.6774439381615391	0.6548565300665972	0.43854159840211787	0.6009735825563916
0.5769125826813956	0.4745504920234094	0.4266549677650306	0.6193528823117105	0.46876643512787086
0.6633486059679202	0.6334181784721399	0.4145098613686144	0.6362996497078887	0.7326748225576116
0.6163580373820523	0.7690795853827221	0.5257538167704413	0.5531687225181988	0.5997520677365866
0.27601957221955126	0.2144486674620265	0.2650437992566202	0.496614295897667	0.45516120009032873
0.01997823763662476	0.6097602881206877	0.643680987696332	0.4823302625045313	0.5286346660499276
0.733042247913778	0.4796180565555879	0.8385701622696442	0.4269107412384579	0.47293176802261716
0.5114816260271594	0.09099410257432622	0.4709986221944509	0.28994034417426584	0.3393514601315505
0.4519040333266812	0.776488700475945	0.3602110836356696	0.40948501091905115	0.4214691107664733
0.6902979031819652	0.24350879136076098	0.4674066089991028	0.8231080267002397	0.7590295820359177
0.6632101302262734	0.5016101690893167	0.4288606440626826	0.4653896258496433	0.4223759069776475
0.751273806489589	0.5213610347540668	0.6648085508991264	0.20923459719225262	0.7625905509788476
0.46793044072170736	0.4267943830079092	0.503780738993489	0.40270414654173603	0.46803392332049054
0.7270569093918374	0.37744946229938653	0.5946107092620136	0.4718616290826022	0.8580246036328233
0.6808249905804151	0.7109279560302452	0.4716000756776907	0.4210819675369702	0.6983891959807034
	0.4336109905434451	0.39758698218553445	0.413043703174199	0.4948856914501712
0.47974801964598546	0.7950647283424951	0.7901769716761841	0.4231212676982392	0.5353827328647185
0.8758473410462713	0.5699728418476504	0.5251961372463618	0.39830964234074884	0.2242499164055642
0.8142390100549963	0.24790359159856193	0.40615837921385245	0.5731292366274015	0.5079833311396872
0.5226914834539647	0.44393663404669315	0.47867183841771527	0.48476260839022645	0.3861332213731451
0.44261061286164755	0.4354015320047122	0.5693345160029879	0.423387001203768	0.3954426796676365
0.4321358124979219	0.4874532295992697	0.5610741701460941	0.4149923203451134	0.6284568420071753
0.4988661281248719	0.3668156400351324	0.4093196669790174	0.30576344581602555	0.36199063963316586
0.6341348582586921	0.5030996333509146	0.5291683321255252	0.4914700206925882	0.569123526726271
0.4193098735377649	0.5714348159122021	0.4161975806397114	0.3128614288555285	0.34255461542888677
0.5081438881821273	0.35033499368964605	0.7578451862006318	0.5269098388983829	0.36378557150686
0.5777806611886991	0.4626919363791348	0.47541079759305727	0.5909065731963824	0.41708076376632114
0.5386526340903766	0.4016631297471194	0.5417359728246882	0.38404299763349903	0.23311448474038227
0.3112376444129066	0.7095395970192837	0.7079831908041458	0.7155410279768116	0.5109271352186856
0.39547146620920176	0.34027899720698135	0.4175865332818008	0.5262745818697707	0.4638388518015602
0.2679118089758847	0.6730349266345718	0.4501392769330289	0.0866183647631254	0.7761630493308176
	0.5408538441985804	0.6542025829167045	0.5149018715001032	0.8884384145153608
0.40864738056041605	0.6027972163271323	0.5729683057705277	0.8859125035582847	0.5493377917264504
0.6206017361744183	0.45810755303219985	0.5245486599046812	0.5989223297719288	0.6743002507566469
	0.5884760700062109	0.8986067623309363	0.2839199948429125	0.7005859180617005
0.8020516005002257	0.5724401997017703	0.662733197425165	0.6062301942317057	0.46462344107771214
	0.5217624228056957	0.4885046385755692	0.5717429590101604	0.3168960098711972
0.3745559482047174	0.4006086999428169	0.6480881187773208	0.6483958264732207	0.24334191461041357
	0.24059460304812857	0.5759042474151713	0.1825436697362861	0.27585941810584497
0.5509553755162603	0.7173886642712285	0.3960053689527787	0.5205465771245636	0.4303255470042115
	0.3138721078114605	0.6375520595491779	0.6011613676853512	0.4463280583959876
0.5633267334540579	0.6172397571653135	0.3851821770858675	0.12701938934529738	0.3853576730490578
0.4960460866472756	0.5998273092977046	0.40063950925802416	0.4364256679356315	0.5889621535245488
0.6966899358048487	0.5643756575800061	0.5330025406552964	0.5596971445816229	0.41505002395268686
0.25025776778844017	0.5867833541788505	0.3385389789925788	0.2723456815029238	0.23271162785437666
	0.27576666868582983	0.388090599570098	0.5518138313037626	0.551028148463455
0.5868170623338487	0.21275699740497445	0.5798530510580289	0.5968903117444566	0.6456939322748415
0.4725476495590576	0.48505560311755874	0.3844224429674439	0.35242247691205164	0.1480000533355733
0.5742360220026398	0.7879013585318396	0.6637609739656457	0.6364836007655236	0.4931450403284231
0.24998705314978156	0.6220440728608592	0.5680145334687823	0.3723695244128843	0.6308876096700542
	0.44744759969902825	0.5012106984162645	0.4497285976152767	0.8946748182199794
0.47953273478939756	0.496294624966938	0.4799905998149949	0.21956699279836106	0.6452408378619955
0.5667945526532271	0.35441787194522056	0.6619338646812161	0.22573019856894933	0.6106880446326675
0.6041299178241126	0.2542848510394848	0.06418826851153792	0.2761015178610207	0.5393106056855669
0.6284451365775449	0.4587005648720781	0.21532188743447087	0.6451961381907929	0.47237807676546656
0.5340085128350353	0.4563398988247938	0.523259130786811	0.41383510298124027	0.4733629464620363
	0.3670454441083115	0.422725987945189	0.5335436749689545	0.5678066943669511
0.26064320136473496	0.31556362729879855	0.6807920618327794	0.5644275009997447	0.4978276164819742
0.3170361035718807	0.5042288579587417	0.6480847718516155	0.47121791060370094	0.5490861236265644
0.5396839109198082	0.5564437050457017	0.44608826065209495	0.9159218092397452	0.4709944177758534
0.531018262602055	0.6825988345339391	0.5572082389271007	0.4556278031244013	0.4387470136480727
0.5349102315257782	0.4109097674658031	0.2007326735308384	0.4778430927085342	0.6021517935628846
0.6695872231472312	0.9620960819683023	0.48202433803899936	0.5285005418227599	0.3750106564859139
0.25069906193441593	0.3176875067863248	0.634933672824747	0.502008522409925	0.6854841968157918
0.5261174658340266	0.3464725993222718	0.47963287143187494	0.62659291004902	0.5488943159976339
0.41742231374927913	0.5205029752036373	0.5249368982844624	0.2497488821213607	0.3613662248042243
	0.48405763995969603	0.2770380565759116	0.6515622926597354	0.38560943266923314
0.31780732162972536	0.2616214599717158	0.5893084730648068	0.6425577871097788	0.4027291888757285
0.7174289564709182	0.371562917694692	0.3653890264917925	0.5772605053384763	0.39870647882498544
0.6008393703211581	0.5454682555273948	0.29321159072434816	0.4222394253548972	0.3853831166891143
0.45080305666460335	0.0	0.7793926221555711	0.7312691384160481	0.625709448972003
0.6088116905771385	0.7474799870224507	0.5475806604262965	0.7050560216599471	0.5934315813409744
0.5106678600479682	0.7906643329658356	0.5361192583176074	0.5010240931627481	0.41818291242370054
	0.6066750783441591	0.38185277451643873	0.5001857365018206	0.47991807786087903
0.47484788793567095	0.7598337268247181	0.5828601732824231	0.7172093642512509	0.5161436820943176
0.6006101073936482	0.389789285325321	0.3481916602531627	0.5783017574741776	0.36147250100353745
0.8380864223230066	0.40447872163278764	0.6067438291306313	0.6129389787481327	0.46042624016773875
0.3143004511996664	0.6208179819861872	0.5802795913550808	0.4724998299044383	0.5567080193266477
0.7262525268284268	0.43808368991154256	0.44275791044111407	0.4255228853260585	0.3332218283184858
0.7167265959540324	0.5049342772529701	0.6977144396526883	0.5356487575439659	0.5086674803736234
0.5356116472518951	0.7329954655403768	0.5311084438455206	0.5824394069772311	0.40976929738921847
0.34989697582507495	0.5028793950650701	0.6360402083373639	0.46117884720198793	0.43660429168863096
0.46987183258621584	0.3353248735455719	0.6852479898022183	0.40414185093794347	0.6421933721690555
0.34052089655854323	0.4172223873414268	0.39169435474732367	0.46773178902303875	0.29926494631075734
0.7055146742967177	0.4389481834848913	0.5462065604820797	0.5834237261493854	0.8462625065712651
	0.5652533539708404	0.6227818959308521	0.655496265289099	0.8168743933308933
0.34567567139934885	0.47728085579128776	0.5633798077789098	0.23875448669384763	0.7331580059560555
0.5501189077504193	0.3845913157008557	0.5370500906252414	0.5252366312336613	0.5155379507486512
0.5311847864272555	0.554607614499834	0.42872759282492645	0.4106815885355217	0.4814095064019274
0.5133796284733693	0.7997644161611337	0.34146086425729477	0.5036302043934312	0.43424774722948445
0.5612589622922803	0.5872569041007986	0.41396107092467754	0.565798174435999	0.7218744752041055
0.3235468439215377	0.778394023283011	0.6936525598823808	0.34565438886418387	0.3456579149456213
0.616692442462465	0.4226052029213982	0.380792206587113	0.5917805177017796	0.7609184357524841
0.3355091150372885	0.6207750511174994	0.5214837895717938	0.17130238617537313	0.6064211706820639
0.5333445783066869	0.4384703928102293	0.5906587805443051	0.3134861803227146	0.42788925457910754
0.44132170339326565	0.7429491878964974	0.26261909609149026	0.7135074622771942	0.7338640955515213
0.592889880752053	0.5602000404058253	0.42378977238206217	0.8755928211696603	0.42851805371511875
0.6690745546602257	0.37151980813069	0.42381843250026496	0.7686609219621098	0.6020342214166458
0.6377861614180157	0.40811487015855674	0.7414681620447973	0.626950422379738	0.4082695351800463
	0.6846260086668156	0.4739211533092882	0.7672849778693732	0.6997446619492265
0.4187544374923705	0.5350500173064106	0.31077911549440196	0.5038131783925405	0.4259956816141459
0.5860491047097568	0.37089568084293645	0.2554239258290709	0.49868513006911785	0.6144433009725081
0.6072210124654671	0.44189640105875394	0.5029217595458157	0.568543871805389	0.516459796083268
0.7997507844860883	0.3954760419087685	0.5431943549973066	0.4997198388398617	0.2808493176588879
0.5044886449748978	0.5872863529553891	0.5014982406476926	0.4296305842072693	0.44029940957774916
0.27719729994097714	0.5465806715238073	0.5691174775391411	0.44029148005639873	0.486683076934586
0.5691822744035864	0.39767882125391396	0.5028382099924044	0.046741038026040765	0.0015855737342421702
0.7896432387975006	0.6877034454715014	0.6570876582707075	0.492948468613892	0.08980544959751241
0.6982765342438968	0.5056231920347269	0.49904268008645647	0.4021133855856536	0.3963284916574006
0.6557330077646509	0.5667044546919061	0.4256792806533937	0.6399751412845716	0.46631371907056396
0.3577236465004969	0.6420359679169568	0.6184022897128882	0.4972114899075237	0.5499578720386415
0.7251383676301458	0.3728637193101826	0.1894330949364505	0.6620246509722715	0.40036775745448144
0.3740793545079827	0.523821698268523	0.44350479241751994	0.6076206721823497	0.7664046663533948
0.6106617006914771	0.39232435062025917	0.555418594894684	0.6168097977485111	0.3916650925113707
0.4390376024180052	0.38270004724445794	0.49013137675319574	0.796742390996039	0.6507803208172073
0.4697661436735144	0.7308968986816704	0.47487744829186096	0.7485139968133018	0.31920342397864077
0.4921954427517722	0.5171875491403202	0.1986192552968602	0.39598097794083836	0.27852576070490426
	0.4923179043939274	0.4776819166044138	0.6768707088762268	0.33633680197577104
0.5875387270976921	0.7964943972793683	0.5179678793842919	0.5399723046473824	0.5088107238523119
0.5216245901020944	0.6495238737145175	0.42752036780814323	0.44459595773748967	0.6989275253853168
0.46653736086858033	0.41129792484928934	0.49721051584693804	0.6889128637659429	0.6057969188687284
0.3688297525374305	0.6918227986801061	0.7875931625208096	0.7379464695981828	0.2207017853208248
0.271769829231429	0.6654138890469764	0.4721966020545196	0.4768290879140406	0.5163677599735916
0.5733839031559599	0.31849148964706514	0.30008055151849544	0.6152515607437934	0.6852256563354774
0.5332567641392844	0.34331238511608164	0.6219761620147276	0.3065705630561106	0.6819038631976532
0.3575342661423858	0.5972850509064676	0.46138231987118844	0.6779635520614702	0.37982907151872847
0.4860285701304422	0.24250080774288152	0.8979827085372725	0.7792710540466494	0.41595183216646314
0.14521649333918313	0.6150884285749338	0.5554594993930166	0.5896479488916653	0.4419720823165494
0.5467898576292789	0.7882124935312644	0.21327287352214777	0.5350983468174632	0.598384947118382
0.13711644856307992	0.6885085399809181	0.45205053303316095	0.6901696642286679	0.47219816684144134
	0.6050043287657222	0.35910021087563687	0.761532621474954	0.5993257914572883
	0.4495060211501351	0.3579876679939449	0.7422464153494374	0.6003719209833921
0.39666719073474865	0.5172094506585699	0.3338321320275254	0.5092044068732677	0.534039638692343
0.138810196558522	0.6057399083058261	0.7544130346038405	0.6165462194008059	0.2332379203220707
0.42645132838137406	0.30627920408232867	0.453106133237835	0.6567133535881858	0.46577878543068557
0.7211385936735915	0.4343912629488834	0.3499711932222587	0.2759000017224957	0.5549158435244702
0.6622364310419548	0.49021982586855956	0.511656663906008	0.694861210184002	0.3168820880927664
0.5511523313959568	0.4907147582762633	0.43941037484838796	0.42730486042192484	0.6042969776014955
	0.8042172396065318	0.28076748770282567	0.3400757049755096	0.4278285669774895
0.6902957974419528	0.6148744117591981	0.7213512537691346	0.4978327553418546	0.6516954574440766
0.5363353332625894	0.28826773108944354	0.2458580954882232	0.49593331120308753	0.3970910879805336
0.6567696285163016	0.47996262442146087	0.2884357082297871	0.617566699249018	0.3582095435494832
0.3993915937711957	0.47046366658403665	0.5153373010863497	0.6190862488753351	0.49551628698043093
0.25750539120132043	0.3892844372732817	0.21485226380903	0.599599601343348	0.4141777320761346
0.5141512810682365	0.42895949941103595	0.47926116913034883	0.37306576526800106	0.4821102611985785
	0.3755015157823186	0.8669289741537748	0.557966232337995	0.2987664123897129
0.6680380561236827	0.5359750806598297	0.36363584564905643	0.3924399611097906	0.7859179853229594
0.47778396401868084	0.6165833527576335	0.5839580284418012	0.45727351061443966	0.5883907055226096
0.5708873515666603	0.4112038164386476	0.458630761578325	0.3033957520053212	0.3845740982324593
0.4900766906463226	0.36408481473921384	0.404051322185498	0.4020918960550298	0.47639887561518973
0.38862405515233234	0.6430076458458177	0.17401682743259828	0.5992140308293681	0.46553535422463127
0.7475711635281634	0.47975203107052977	0.4308373444027053	0.5863450718418315	0.45895191056968765
	0.4789089706805891	0.4909529946596034	0.4488856838181574	0.5749586063830106
0.5419650237549574	0.507045527852877	0.655469470635968	0.3635343490047845	0.5400873533159597
0.277165402049703	0.5934367654014758	0.631385025360921	0.8704936020932579	0.3785252241406907
	0.4814136794360065	0.46703061735088464	0.43475356446666513	0.20024720999961473
0.5893848031136402	0.38591036744156065	0.5502852080767064	0.6576357373447153	0.6764670687905565
0.8281764555558411	0.5591012223219832	0.5150490192580043	0.2986866166714556	0.5123213773539942
0.4584193551279446	0.546060188085744	0.2924377633707807	0.6124361967023465	0.5218671566332127
0.4998299806184068	0.44605014344389515	0.6459348685476048	0.4951219625586592	0.41838398921741554
0.8136657700796386	0.5268728444569963	0.6280114460441943	0.5242396095822586	0.6348608806477388
0.7223443973254098	0.41046095384918035	0.635362179146582	0.5407090213136118	0.7012326213350607
0.44130593782987065	0.4413173349771461	0.6221194241162017	0.31554412373432483	0.5258283330762615
0.24677954798083468	0.46334342365156106	0.4153502073766839	0.4980436166797422	0.38543665145707556
0.4559423130538516	0.6606088964204256	0.41198895179535244	0.7979763050758837	0.4244620946026897
0.4604179211485806	0.6271821109571614	0.4759789570519701	0.37033639334027285	0.6372684340271624
0.4965950046428628	0.6169382520380303	0.5885704343633256	0.4840322727552456	0.4325485723529498
0.18541709387864447	0.38457650001951166	0.7730651385329532	0.46347627258645996	0.6041071132079988
0.6416513083894666	0.5086349736733884	0.16450708095777544	0.6107367969945217	0.6393154459755609
0.3143687094858311	0.45613162249374406	0.6421761779193336	0.48600585785694717	0.6065362912143558
0.7448558395648374	0.33930794463078284	0.3300318734911707	0.6721998711760502	0.6345781766672004
0.5288749683356602	0.6459957109649604	0.49571027564933334	0.4281366479714258	0.35796033170521663
0.5861752204105881	0.5654427854511227	0.4934447605797492	0.5503545297504464	0.5684400680498336
0.28638962234359217	0.37450761661321735	0.7040144449863195	0.07051174271110272	0.3867488532746059
0.5551373566298644	0.6194132419577717	0.5302679102880425	0.6952226147389472	0.5350718495074434
0.790368997049094	0.5806547684891145	0.5553884215668558	0.47473650216782975	0.24074471249354035
0.47959111500999135	0.38388423954804896	0.7297531388915002	0.4230446496594428	0.41664985771369173
0.4174205929411707	0.6384558958559119	0.5219741563483291	0.573595339462741	0.6935880001563901
	0.2621763385557143	0.3087254210358868	0.4692080033461644	0.5026161650031126
0.6156946445094199	0.49720870891898045	0.6733278209312004	0.5416903612966195	0.33977104982088224
0.21713758591912222	0.5927222399278206	0.6320020999933507	0.5535303546004182	0.3021988671392181
0.5972753318477293	0.13075368378334995	0.6208187456656055	0.5382200265312341	0.6083177463007652
0.4010256002082568	0.48422919663543984	0.6230369534321408	0.5002117696193875	0.5514074271950321
0.347502770690349	0.5888836716795415	0.4599503725423102	0.6080172741522096	0.630522181881846
0.14205522957707217	0.31069162445056525	0.5161099604086687	0.6373339768914358	0.6890095604910242
	0.6573846687199826	0.7971388249935836	0.5491885841687358	0.561827799873199
0.2659431166357249	0.21388138420159825	0.6097590375117722	0.4650174986695539	0.6655385411863806
0.5244298429440907	0.49930465370028054	0.33642933108618855	0.6237818472879598	0.496778812203731
0.3341900301944838	0.44757161530269257	0.38853553553460757	0.3401345837312363	0.5105431644202142
0.3309974774840037	0.4325921166082669	0.43197719444693844	0.4976971620151164	0.5591788580376246
0.5125162391575616	0.6050186837024659	0.45917038468388627	0.4838584939087794	0.5580667470412354
