X0	X1	X2	X3	X4
0.3953932023229217	0.30140989285452685	0.2484032092532757	0.1907411970717965	0.19321007533449316
0.3812950605012739	0.6192836587247067	0.2258453725965599	0.25824988370331753	0.7393059220140314
0.0692012894288449	0.27273524750164324	0.4994057647403174	0.5182328930793334	0.4886294090118264
0.19928241264168756	0.5457213993321843	0.0809452915443954	0.47942354722999203	0.31529813308863275
0.14875784155470492	0.11107128006219351	0.32054427463964275	0.41275785211444116	0.11622729916877837
0.15072604668862577	0.2190370855251431	0.4564704945519791	0.20866726847069694	0.1034689155579868
0.3590492080112364	0.25191146817844606	0.1846799172163344	0.26676228865163676	0.10661924537184948
0.2765308061796149	0.14526844962368565	0.254950224042165	0.14627724231170383	0.5832223042802934
0.2371428811190329	0.10497901130531084	0.11479021515778516	0.5660224084262049	0.19553087636156385
0.43275090599247235	0.47110127385508094	0.2979407913454098	0.5402139685076838	0.21548464962395625
0.11627139356596178	0.5856977222960963	0.2316270803667472	0.07184680441927062	0.16183304816903996
0.14612282306514776	0.11944144247774863	0.150350161721473	0.09661976469325535	0.24129905521955894
0.43988748316120274	0.1497078626661903	0.35505968629006496	0.33972502875838956	0.17962088582648034
0.5718040663940923	0.5563233888171595	0.2808923415350047	0.4086873539168317	0.36300871766590026
0.33533896403886465	0.28360703148363664	0.4427766952923542	0.2726643228353478	0.6498859619138809
0.3097872758794086	0.36105480373676707	0.4081997735150998	0.10564168669522625	0.2951057475605232
0.42699199461056364	0.1766723167394491	0.2406641955708369	0.08134378467131549	0.22966970248240115
0.31466837016641924	0.2590227609967323	0.429142210678652	0.14138272295106122	0.412933760314799
0.28196889130108205	0.2947808674199168	0.4813058071837986	0.1742965697697623	0.45853730531588216
0.4778353761179674	0.15866201917582207	0.22797178866407572	0.27031086418963857	0.15215022185249608
0.1779701170561323	0.3423637603107618	0.22674578136584814	0.16987337710522046	0.15914821355180547
0.21303265568568217	0.31623686145336666	0.19487075063584267	0.1743559990512194	0.2159814143509258
0.2848903569460233	0.3083359662575434	0.12967390551631552	0.3757540493890543	0.17389991851680545
0.18254406285006425	0.11789462178362718	0.3258751226228005	0.3075937402656688	0.42538227579421406
0.2559096343083991	0.224220863409041	0.36638921473512964	0.09950824438684841	0.14779347916117114
0.3039090202188811	0.3736252716049759	0.19251061539302033	0.620981290630515	0.32924226933883965
0.1782212931445474	0.286146894404795	0.5566534929559975	0.18247035732373404	0.1650389048064287
0.4388025431648206	0.49810699980501294	0.38856918625687775	0.17081254100197835	0.5477964984497722
0.11397097286715596	0.34744961155064574	0.140597088266008	0.29563702612663534	0.21183751703290213
0.08463790594199899	0.1562344336797765	0.335410391215219	0.42370419944298954	0.3261906560474191
0.15673111037093845	0.19397475680664727	0.562877537308929	0.3681330145946929	0.4044822888946808
0.2854677093939402	0.576951656202292	0.14062642737251094	0.4035804764073888	0.14025452007468917
0.3348781074160584	0.21646957886568716	0.21611836815095675	0.13042306713831328	0.2500663121306487
0.5981023537290387	0.05092023546562015	0.49609596477848406	0.3044770462369954	0.5491168446718335
0.15698065998228106	0.14480088689461787	0.36968697584739657	0.7013649167948659	0.17389335965375255
0.2679576157410135	0.3685553222275623	0.22281801601601917	0.02800332419477085	0.4651361321838796
0.17887775645438062	0.1496475302814157	0.19538743135567666	0.33714826769165496	0.3610469282100266
0.713363558615571	0.20828928685763948	0.03491442000112764	0.16723947678600826	0.3261353400276386
0.4673349329018652	0.15121914297335795	0.05803468909097071	0.23073788834888295	0.35183286831914873
0.3849854601038283	0.23327309088708545	0.27310697651298194	0.12758123333674995	0.18747832014243837
0.37600698713772307	0.2877513150502459	0.14015462248990768	0.12411792542239597	0.3718711353860667
0.07471142527989232	0.5263814202354018	0.2097243023564242	0.30952849824280826	0.09077670036833765
0.13565318600920928	0.09580347422479646	0.35340018853255645	0.25276803663093395	0.2656294529892396
0.30760765142054736	0.24386460079884267	0.11441190132383242	0.3054219230219183	0.25906431553314385
0.2562633104984403	0.11385634878012105	0.5961848273540953	0.10557462535418882	0.44581880536398527
0.2825286386444525	0.06362247699399837	0.23904714840872432	0.47728865631144657	0.370263269427247
0.5501171052211418	0.32111219464008767	0.2551269758757659	0.2226068669306103	0.0316840693487107
0.11991950606699223	0.10127566613848751	0.37340944433728385	0.07694253438013496	0.07610197790002876
0.2670571841146794	0.4558050930685472	0.22489268476077606	0.31694167341006224	0.2287331573364496
0.3982588342773173	0.21944928329646005	0.38325009553301126	0.4101312000022007	0.21484560841887898
0.17360931008513306	0.2095085256896576	0.07018478645277157	0.365195927037168	0.25733784258899045
0.15357274509251193	0.1856936674630615	0.23182430316218827	0.27382150534421806	0.3926230253887618
0.42541845253267496	0.1400368569943312	0.19089562365999452	0.4100803062324283	0.09104084996860136
0.2968101806028761	0.2841558928895889	0.39362764448175885	0.13902352721476724	0.13473974094689836
0.05744195105065275	0.2990853993303768	0.4959938716539916	0.19880367405264945	0.3821276158342925
0.5399440697829245	0.7786772883451528	0.15587921883343228	0.6577526978451669	0.4337864876706066
0.22882354718910095	0.1819617539731108	0.22937914344676297	0.4014004029284427	0.14635490948581667
0.22439792596831393	0.09059155885562137	0.6006083614328046	0.3706801000020171	0.485820397131896
0.48574283822192066	0.07409771387832606	0.24334903720676868	0.276097352767931	0.25171164316745775
0.08184074604984508	0.32828836262903904	0.0316585522718807	0.15956763680628902	0.2045155923326968
0.4306867777212352	0.1435865537883144	0.04430887325586075	0.3699292737147871	0.29548357920145857
0.3992693604330619	0.16133097748852834	0.11799277458607157	0.3411176913610624	0.1462254481939519
0.5162434865603701	0.4037353638588464	0.31474944228691654	0.09178097917613377	0.17555262729332563
0.26401665070655095	0.327167281701932	0.2514928396788957	0.3324568593837432	0.25953980234195756
0.3076708199963493	0.04658116266109586	0.28572391176340156	0.13286455328248947	0.29995885086676083
0.3124003938069755	0.3443831922921251	0.4342635680858515	0.4586576429593099	0.14638878683883702
0.060006590484225554	0.17284520479378945	0.1854588742302484	0.20730270774344936	0.2613817908988792
0.05163990110767987	0.41792579301070454	0.13599222164160793	0.6047959067612794	0.12797511877381373
0.5716983778438139	0.3884762250207454	0.48280756277759995	0.2919974358818411	0.6241772961744046
0.12965408493230327	0.04197599118989668	0.4996045634112853	0.2797109814956407	0.23447073317363692
0.2748167889192506	0.08335122995921873	0.176336967074646	0.07260024267047183	0.23063678838124396
0.6163345500907298	0.15753681903081893	0.1618007331156541	0.5492150285211147	0.021715018505414303
0.04828933577746555	0.0644651258164801	0.11507496564689924	0.44311567413052744	0.3980847959276611
0.20896210461221942	0.5354969153860069	0.4997350424703584	0.2231364751634579	0.34833163120488064
0.14891825503502437	0.1044393798173578	0.11685095953419386	0.11408701744991466	0.2920081320383945
0.21077052566216342	0.27609754793245134	0.17331781623313544	0.6262937294579314	0.3996737093603723
0.17758913547359237	0.17821608939146483	0.4036166112446431	0.42501064987564463	0.4916845720454659
0.35857508467973764	0.23756207715728558	0.14698801191492708	0.2960630618403799	0.1281104598757716
0.1318031957562532	0.3348358907410962	0.11887754645733596	0.38946008392136017	0.2658605662498229
0.3900481367808792	0.07461163295303708	0.17459445598361356	0.24618501606097534	0.2908209714261142
0.2545579322428882	0.3959941460065551	0.43629928702340615	0.3489094806229494	0.04261278656797383
0.46809300390049857	0.5354305752990487	0.11796514372579625	0.4454712449816158	0.051174120527530675
0.3949084805658273	0.30492911360503494	0.051233642951803264	0.2984123569708185	0.16521823276923242
0.4276787772467627	0.14795114714837831	0.07077700541568002	0.2352406676573085	0.7733889353412257
0.3005206057789933	0.17224908666303942	0.4143435327898889	0.5174256145763029	0.23648819741498528
0.1087247250541377	0.23102308138944033	0.26167598865050823	0.5761326247566909	0.303298636292605
0.4258748141655132	0.321206694703045	0.2907925626045264	0.03295877283452387	0.5025862680944627
0.33195966483134054	0.36447395991027803	0.35775785329526055	0.1622096844411711	0.3657192606935902
0.15034449179438866	0.28880827557330885	0.009015964684740299	0.08914583337500086	0.10243265131815853
0.2982088565773646	0.25667128720027915	0.4039580572830845	0.2088701120404722	0.15473800724113437
0.0472112175951494	0.24903241358964565	0.30515197923317333	0.33046106105700773	0.4219972463259639
0.24352141886645112	0.4735812745401984	0.5219350901299872	0.1929668510549425	0.24591589613635242
0.2741505616217389	0.32692197183567656	0.22426374935959484	0.3726802393870703	0.43017305929948274
0.20389959655088097	0.40005363600150906	0.4558247983976514	0.29381956383357927	0.30728574201119185
0.7906534890708344	0.2931662824262693	0.31231327132267195	0.20787684101532264	0.5445509475625383
0.15180201800352353	0.28423081722515814	0.37367454928666183	0.1664740720197203	0.09816265069379253
0.14322369537364235	0.038337801361855946	0.009406524194310113	0.24853595061329978	0.06660164857014404
0.24904334613880375	0.2310323058929396	0.1534159482372135	0.23935838670112652	0.3189376643188955
0.18765657478404477	0.10151315677795775	0.1379120931540338	0.09168015132445752	0.3312401868023049
0.32706084181425527	0.3317308863909522	0.24427775276341	0.05312546644848458	0.20349247333522189
0.024650708906033835	0.44369292602561566	0.489349397814962	0.053937028388954915	0.1765733309441392
0.453114304578483	0.24504666716283782	0.20156611031780172	0.12422833859007008	0.15585008382678
0.7184344396595522	0.1863213016383596	0.05663195912243435	0.16516037084254045	0.3943661193632657
0.15259309710448463	0.3496439789462654	0.059245923514876994	0.3047537999054455	0.08633655151824088
0.11360232413109189	0.3091787921714106	0.2622043893457935	0.3621502256311597	0.3502445958472851
0.44051368674077274	0.18858633936014502	0.3375091724682744	0.2597243745001646	0.17492318372917512
0.08810710599531067	0.04070705774078785	0.33079089210980434	0.2674563811782214	0.3662613998198759
0.20621139882577363	0.1780511068223213	0.5200301214647797	0.24000061018489396	0.12364214458900219
0.2990177403900938	0.355152301936084	0.3741877526093545	0.2670912402491273	0.2979729480502503
0.22281041141819252	0.4907757205523397	0.18942530900443208	0.3778466914721184	0.3073433998514535
0.773321048714972	0.07797934584513727	0.48625860209260713	0.21127551579072293	0.5204720804361533
0.2861374681896712	0.5006605130845952	0.16490105141456154	0.15515103586926984	0.10882147488313514
0.4008380486763815	0.5414378569405577	0.4557149015422982	0.6028610212091119	0.16148106644019677
0.11116975689889899	0.14057637622338998	0.37975434943881803	0.2522234788067529	0.10713542251482668
0.5820931155636632	0.1940238866694661	0.6378577308212178	0.1815581806890457	0.3241313492966544
0.253944925059717	0.4804740496549373	0.3771420177861887	0.1597481214797924	0.14927239089472047
0.10970546580842797	0.39115693823175496	0.36145656123913894	0.07838534871919657	0.4652892459841107
0.3966522654526289	0.04775026465231899	0.4273072596879989	0.12467063798032602	0.4332664538727327
0.13337432353791495	0.3219337606990956	0.5374999464249194	0.19540325249084567	0.10551768474883824
0.40451814762262184	0.19391528665926597	0.5857762277279736	0.07025786365415428	0.41261463772506113
0.7086408927183616	0.11938458992800254	0.3960535422212714	0.15547258423364943	0.07826909082428517
0.22051772523977406	0.17721657928629123	0.21704389994354054	0.07452438720036898	0.27200476774014193
0.386645868002549	0.4593058056316998	0.4330643246949951	0.439291397168229	0.23111659140351062
0.22577295567507033	0.2605150049082881	0.426978110260486	0.32858253485938804	0.46437127811967605
0.07950199451372916	0.4899595233243835	0.3350954349570502	0.14445231924686047	0.540913044997416
0.42961453585138015	0.1571968102865882	0.10498528541730191	0.29484252851620113	0.048607423586350874
0.4452424647512941	0.3150690802664282	0.6398734880284842	0.16015602927203035	0.46304503748168774
0.5603580330513624	0.27311413581179295	0.6853287442399114	0.17245228855432868	0.13019192663509435
0.028028767415736438	0.21814969579653473	0.15243550548637194	0.16550162314385572	0.2899806788914907
0.029964660742019145	0.18473750820069804	0.2938610652493545	0.21683572393007688	0.2897313134817979
0.07230686255148311	0.6495246274561288	0.1719007178053802	0.173208737459686	0.37282394715544137
0.24580169080807404	0.1064530839391037	0.3506613238180579	0.2843213378975507	0.3753372471357894
0.1843702265426366	0.39875789015279545	0.10513145084206829	0.25710490913327794	0.2509460566509741
0.15340152959879275	0.1696145891882632	0.2309490024446783	0.13308963948417538	0.31714724704225633
0.01608240802402834	0.6308522675555334	0.5550835167573152	0.18447287018186945	0.2516153015268611
0.09568562512546837	0.5326870059097805	0.2760453828055733	0.22343349585336592	0.17746966483273544
0.23144868143082048	0.49126754717534543	0.07464852022896432	0.30498777755503836	0.5933807903539452
0.4540998388309668	0.36552938293216236	0.37244296259242965	0.11438673008928052	0.6864121623699609
0.28974347681912904	0.2069281877829911	0.1395379958345962	0.08115461692714061	0.3290688908287927
0.45548221754193224	0.08136504099694761	0.2509913615617706	0.15834243163228728	0.3202169368683111
0.4058736009861922	0.09370684193683801	0.3532947272710175	0.47056789705314533	0.2069975117570507
0.09654706150538864	0.5300225139655765	0.12704790539367217	0.17624291300260142	0.41648264499222004
0.6854532570316756	0.34861939192504154	0.3400950389304708	0.037153669733686806	0.2030093954416182
0.5715846804152712	0.8142276119152918	0.4088923193383384	0.20272342115761435	0.39365095346944284
0.14968308693219307	0.075003126869003	0.28134645750075205	0.13549356933665663	0.20606536622393032
0.08370353362902744	0.23225311122858672	0.3475067231486451	0.16939555852519797	0.46761201143390396
0.2678418118744216	0.18973795995968157	0.23179905750337315	0.062190591793725554	0.44211143561517025
0.20062933178515452	0.6785850022648222	0.4436932666242168	0.2439491705724629	0.24314256376649535
0.2967192262792222	0.4095670801237683	0.2176332632843175	0.3640269737851534	0.2302076070665048
0.34337543676746907	0.5429832990629626	0.2513245968476672	0.30758219153660166	0.2590737216668271
0.12466263200183487	0.20496715073342509	0.15687852391617715	0.5376743581673313	0.16744600978136853
0.4722695722592507	0.1473444663178969	0.4159258223902204	0.3679547246422306	0.060162801597613905
0.39992145984147787	0.26754030700224046	0.23979358044160265	0.23861456052966104	0.3108929876256155
0.40237600443340826	0.2902995918983894	0.050434824514467874	0.21573363045940222	0.03960190891453625
0.40879528668892234	0.25705317058412075	0.06726002070445529	0.123198911221029	0.3008780279303509
0.23388562731134263	0.19879030466475703	0.1672182404171105	0.1569132909216474	0.40574912263779633
0.23107134098807147	0.35022045169962673	0.32448584039550055	0.39285868942672736	0.05654994446563409
0.3882627947494388	0.3763420384156688	0.2401109383999279	0.18627335507138965	0.34463756724620936
0.2043133228805175	0.6093358754628291	0.3569659977062707	0.14609508944816735	0.30028091120931905
0.04344748898447177	0.1714949971015186	0.6344261783714431	0.1790616434866151	0.46724011512902347
0.18771353248892247	0.11882318704838508	0.25455332005072734	0.35992120381065534	0.33458431526155635
0.12969681840542385	0.5216602535260987	0.07364536431478332	0.1587343237194709	0.22424218839514162
0.1491111531750705	0.4145630169361071	0.3043478032345846	0.0056035913503325084	0.20519992278413032
0.4426616255970365	0.1184905731876374	0.26614550942904325	0.15114944199935912	0.2294741585045597
0.5408020604984822	0.31008122381915226	0.567989554794775	0.3190917402117563	0.5451282319847097
0.28948628585139696	0.11726484070851423	0.39448624932605486	0.4866926111982203	0.21954746806512382
0.25901934931878673	0.1690280629040836	0.1697451762657673	0.2510100033693033	0.05150240970939737
0.041105682403090225	0.7125838626931855	0.35126860277185107	0.21528268559112534	0.5848619223563998
0.3528120641907893	0.282285019099925	0.0641251286095113	0.2729137408012463	0.36210338691253197
0.14844517306907523	0.4318420914149936	0.19164937777440297	0.3180898543121923	0.2193390854340374
0.15575997822852283	0.5439284552912902	0.08545944474111863	0.40435209769763064	0.4840812579750895
0.13846400399226869	0.2293252945493058	0.1052079011055594	0.3026108106474011	0.27482068795602005
0.14924081195644132	0.34433107944915464	0.3875591340477394	0.6489640584689382	0.15500907080524912
0.2995237131692423	0.312302721327377	0.19445398011641893	0.44021311302890265	0.24271330028524515
0.128154722078097	0.3428724090980609	0.3880491973181775	0.05327235390325888	0.6003451667259275
0.6772585071119033	0.16740940144473604	0.5384205906018444	0.15401014652669306	0.13248447538752717
0.05030335926593657	0.15016343639229554	0.29102318814627504	0.578093954996432	0.1657113597905822
0.04083015950120175	0.13339733171295903	0.09569188076618403	0.19120727351914174	0.28201168772048246
0.18433292820194802	0.3598102998478061	0.24470070689943296	0.3233893976605243	0.49678781744555656
0.4797614855635088	0.381121479107872	0.09577251778931264	0.1620090840096587	0.1740217328122241
0.4119511271790991	0.1779552258051698	0.3096115501880679	0.09954610291579229	0.27856098248412164
0.14287076101906673	0.3023469199192993	0.23391946975541192	0.5532561991489849	0.37274946233909767
0.09646353598204106	0.419927132275049	0.3111370756065967	0.2769229715213079	0.6526769101083312
0.3557526165380263	0.2320150643767569	0.0755793859633731	0.3261987145159753	0.17654261005169639
0.23145637050577683	0.28248169385168176	0.39044898509027903	0.20218597709579472	0.13809299975779932
0.34330576483183717	0.09271416274602254	0.600378909674555	0.4354727289608825	0.13587813633624213
0.159433138703437	0.3715541924199141	0.08992754722140689	0.3898198332505726	0.4022803305450375
0.5357633436083371	0.14213360052025403	0.1962375180299524	0.07870237878027356	0.3703683491853453
0.1855988280167322	0.06626290300243515	0.17964525929992828	0.2177348886405239	0.3980345088230919
0.13100464569444928	0.3897060494360791	0.15716348753073042	0.02723638175273457	0.10833808672523099
0.5297834421230684	0.6225905424135083	0.4082440476556144	0.20450268332592858	0.2687458540045584
0.18377569928280177	0.21066424064790193	0.22137146190936105	0.5749296283046941	0.15232258088872982
0.37628327705772685	0.12112431538322996	0.11205246668785135	0.007814561305471245	0.09812504647989283
0.1379070897782983	0.2549962900519813	0.037449196342531715	0.08147959989173882	0.19284178195995247
0.5661356707171642	0.7003576480925738	0.4355855987835062	0.11240408377189383	0.05255628477473205
0.7267150116651367	0.029951249049700517	0.3717411289554205	0.10580015050256546	0.3057359388903626
0.27957434465993936	0.4994377063690987	0.09971106249943774	0.47638417226383467	0.15711539842835934
0.2706544583710007	0.4250453287901193	0.1521085918426468	0.27379610215530825	0.37701866611774026
0.20530647652319017	0.26884334911991253	0.33817007070091376	0.03302206945323559	0.5964904870472311
0.3744099482458031	0.12669007476288138	0.13031753758281092	0.255634219924703	0.37321185068273255
0.434709537914763	0.1740623456475393	0.2895191969849149	0.2277257877711714	0.3179268984018681
0.1464077237196592	0.45888147134738	0.06605311659539152	0.38723913782658187	0.309804013508991
0.39837353137505715	0.01659459820968416	0.28333352424056935	0.13785811381292803	0.07957634229876796
0.27661140167013565	0.04434736977100688	0.3586872740260438	0.3094476252773526	0.33571448279633276
0.09013485558318707	0.06781756975443949	0.573067233675882	0.49459233254590296	0.3102960792983297
0.2149528591709989	0.4310244770185683	0.38411655868947425	0.386084757456746	0.24221516645957006
0.48723833360025304	0.5770529000647954	0.3864195515142973	0.23707402895418836	0.2817808421171399
0.006186259940477576	0.21688536731612723	0.47483083669938203	0.16160046101809405	0.2888920193894937
0.6314110056537646	0.5392910980295581	0.2572140166060162	0.3828108378588114	0.4424133180187391
0.19844833478832596	0.3914155177074936	0.22469632212682078	0.5561150422086438	0.29391024687552714
0.4664869391212096	0.5789468437727198	0.3730138683961844	0.656157301807087	0.1082463386185286
0.05586620195001341	0.11095990719770348	0.1873145654416637	0.194274408767814	0.1484212708609998
0.6215517600591968	0.2908223699595402	0.11697363092627333	0.05022187901357601	0.13695842617487625
0.4264732031969587	0.46684307248555373	0.45189732313762887	0.34739929119869545	0.31556365075998816
0.2625327709024203	0.17852878827311697	0.22540454184970643	0.40098087239461266	0.1133467259459445
0.15796809143714782	0.3505019154811448	0.14134452445092752	0.18057104740773594	0.3878162572526589
0.37931106167368334	0.2794225377460047	0.04750285035317631	0.09022338512120519	0.5163934091987722
0.13511698892829474	0.2744592907763956	0.22663407977044084	0.41350675234634443	0.36613069694075673
0.1725200901377379	0.07880754655232106	0.3045180656465774	0.22619799920998018	0.22905773936616078
0.1373396408401589	0.08150585695072826	0.3101190594922494	0.06911141471316291	0.11258928140013101
0.07030521961264102	0.38406582338793477	0.3245705279183246	0.3210509924360706	0.11496035417006248
0.26010649721904494	0.34697162903969897	0.09368691287718169	0.19436142198131856	0.6008505577635611
0.44469158135736553	0.470379349281908	0.3239840396044999	0.26361255022858865	0.6136139181176945
0.11470582486354297	0.29004385546765005	0.29624265758560614	0.3015984241163204	0.33470053695489993
0.30787697583273704	0.4117285478053493	0.18156317139552122	0.11715176974615253	0.33335163821300035
0.2647052634067895	0.2669714434563901	0.47554549727345796	0.16821838684173407	0.23469661547650608
0.191959554799647	0.1916763134921147	0.38527016910694883	0.04838109352762097	0.10010603977908845
0.196675858233746	0.1406568105267561	0.6960114445653406	0.20584674519131443	0.18685539549982927
0.0886183270421096	0.36068173670197257	0.5561140930430594	0.1582783994374817	0.09498310353305399
0.36728287052627817	0.46160739764727915	0.20555678945781633	0.016157719537129918	0.217073410023409
0.03149889254389205	0.04239353755411886	0.09221540909149636	0.24491514936041878	0.7701079896812176
0.20266190720193727	0.08962743952706703	0.658936566198962	0.3226248847210106	0.39378450875770293
0.41657582686167793	0.5529967807518684	0.1200707646750414	0.43545822325108935	0.5120129987072122
0.2153874053188851	0.4796509804827329	0.25778005802971954	0.507828458441339	0.20527083435009943
0.1485014621012127	0.2966452282263313	0.27245382118039085	0.13583768265205298	0.3678008380995856
0.12151718680915401	0.3154151795991261	0.48348640608488486	0.47900845302919454	0.4108069668188538
0.5172382666644497	0.3591897844211804	0.11951544730105154	0.5485086449471449	0.3514208980041202
0.13639877237976858	0.33481594225516625	0.4290794447087944	0.15501084432993786	0.24822026488528345
0.08894717764842243	0.055843881236106147	0.4039556712777688	0.2688382547308343	0.2010929916744292
0.31342717574202494	0.26009602333457216	0.2627581123348428	0.11859934021640986	0.545157606580381
0.44370413363572353	0.11547797176271321	0.05563395358863119	0.06903524994205872	0.28892213380139103
0.40930481131569996	0.13314621118969117	0.2808615709967685	0.382881022620484	0.5240754729901382
0.1834213641657297	0.4501484382174028	0.4286980096708527	0.14204204643905255	0.06276684975163863
0.09589189688412735	0.14155024694464363	0.27641459068554936	0.3117398510337759	0.2843876103382448
0.4987420989775191	0.23420479018358378	0.20820988764848275	0.24073982629510407	0.2143414620367626
0.4019007348298818	0.4672239921973805	0.33096253476613186	0.13982775616698007	0.6338258223117136
0.255164029934137	0.25224882791775083	0.5204309675371507	0.28557570329276105	0.30569893524385844
0.031728361571678375	0.18747056294238856	0.02546338283530641	0.51514351149666	0.4232514156973041
0.5310168176702622	0.21703272915090685	0.26699254885795864	0.10286441570151292	0.48802940268706557
0.29959232710586364	0.3299518394090744	0.1523905734796976	0.13902467905559807	0.3140923890796971
0.22364819564714153	0.3846876488932589	0.14532365437314362	0.4869279688880133	0.5931549549590442
0.5316937337216271	0.09877254584800417	0.4750607957234066	0.1975273917225432	0.4106437855824878
0.09510630815041611	0.22804784247467044	0.19637171591903532	0.22524288870594333	0.2676896476570157
0.44588345001582746	0.3947996139863064	0.07923500900443799	0.1783690388471834	0.21751002851876128
0.5168018798716174	0.21773392967789562	0.12392755763745926	0.15435141723418558	0.12806970829283462
0.5290942306648861	0.12698878932818972	0.10512473475115944	0.43220021127788816	0.35854237294131414
0.24191218618014465	0.09301921358686041	0.27468954999515793	0.2190886289585058	0.11166244371567206
0.013849510041377688	0.3470061507219408	0.23514714267015538	0.24321184622830605	0.1772500248868895
0.2208597224164556	0.4642576200112091	0.2501807461866856	0.13179628026969425	0.17125675935184204
0.4969143201979402	0.30942789771604134	0.25104150022601057	0.5137526893388181	0.39180552102774996
0.4920488147069112	0.08974853840391374	0.20703802747446046	0.07477921962776121	0.28649219774149304
0.04201956831972123	0.31716130424074124	0.18080918750579	0.3920624303627603	0.27087175655347084
0.4978854090343493	0.5583339719869972	0.24445186277444292	0.7453006280715619	0.24362029264204693
0.3351998166226125	0.2672561839499064	0.3815089930505788	0.31757124620972926	0.4870605462443217
0.3096662767880362	0.574934676060235	0.2029218534533889	0.0784221256795473	0.4994130099726815
0.33737606992328695	0.09116828189931686	0.1839278809041551	0.07524538587847147	0.6288918619989543
0.12208207501759716	0.5265107132579316	0.23571561634921906	0.4335767958559476	0.5012425628753002
0.19403573321603088	0.3620195945356276	0.39248250179442573	0.6759018742169601	0.1936306871218572
0.2700924248809248	0.5505108245923845	0.2852124741394106	0.4636449142673178	0.2092013347604654
0.23846361153945117	0.05598626328457206	0.31218687126920286	0.25998729219399225	0.48580307196632533
0.4997057141019836	0.24005789981382536	0.2743665522730632	0.46055481895619443	0.4935308204866965
0.11578454427929641	0.47100151637830745	0.5447714309580938	0.22737283384519577	0.16337307850126423
0.11803094898803379	0.5323120077182353	0.26734349061051044	0.2831728853328661	0.1472146095248405
0.31031861563273266	0.3831125934646077	0.47594926513927566	0.24217648427974028	0.24497263058942895
0.04941217644317296	0.04559635646478946	0.12534662685232098	0.16512525923148552	0.26492438272263574
0.27319668621247933	0.24992879491957465	0.23752656224947338	0.2499066904569699	0.1974815236752863
0.4950547491589026	0.2024069354331395	0.5106699378487118	0.10069274512268779	0.41265173647396525
0.05540830101312633	0.1414681669215692	0.2200139184945894	0.129181579290219	0.1874046402930186
0.26387861150784125	0.3493212250259769	0.252685191307373	0.3410453874034671	0.14972204689702476
0.4677450878190885	0.09353949967463566	0.19657558995577465	0.3896317484231231	0.5343394902219097
0.24737856599494465	0.18351512558322058	0.5769368500850357	0.15239598095380963	0.16372781089617722
0.17588081835888508	0.5468980196176779	0.5047196059101502	0.06608409833856067	0.17710536675647706
0.42860230995491283	0.15696576105237994	0.22074195936165708	0.2672323384316961	0.4586956626309384
0.1520780767188754	0.32209967181132215	0.19534967438787754	0.4529704993974226	0.4852592903718941
0.06315367396059897	0.8006935918755738	0.33928094621657695	0.5247547246915832	0.3775802443679287
0.5236759016195836	0.6829159297128766	0.27071371985085446	0.25879715906702755	0.3812292670855163
0.41267129399067226	0.3642412619023093	0.39561975413238454	0.26309448378442774	0.14945733372267153
0.21803517056729985	0.5813553016458309	0.18956022528172647	0.038226408857291096	0.205766837604594
0.12561777923595494	0.108181698389335	0.6475082062500107	0.08406270416214966	0.0671092873910526
0.540542122963456	0.08939520030167478	0.12820949467654874	0.12578442508648804	0.2750219269847528
0.4784159476611108	0.6613288823059372	0.38768209040776114	0.13789336536219182	0.5494497205050303
0.2807663071655522	0.43922460902915733	0.11578701487664211	0.038625790240985024	0.45045501469796495
0.1873141735978772	0.12925279318134714	0.10799575132742399	0.20722118965185912	0.2643505359500483
0.40998255634903813	0.4658587857500733	0.4721174574721471	0.18798456068541033	0.5048794901631096
0.7342382023222815	0.18374683118682847	0.16711196424595753	0.36231253563665494	0.15473444765158273
0.2568018427189945	0.41004901257426374	0.4157224207050137	0.5339871352519752	0.3337412506764107
0.3747329505369238	0.39366222850251853	0.18765132159404563	0.1905777751849193	0.33636605827034133
0.0985266453864499	0.07356020271770317	0.11504862177345748	0.49252022412347807	0.2812480888774977
0.6060566530517084	0.1849036555103411	0.3818820756477041	0.5110157243077	0.6438302791205369
0.3079938961772192	0.060962232002347176	0.3226751137708618	0.16309105533493415	0.12181724886534762
0.23587255564289192	0.04660935716341347	0.23721510108141658	0.6388505665999974	0.49363580813162017
0.24331290475592332	0.29548350848258054	0.09936746904529678	0.21950410691424088	0.4132618006076089
0.4536541654070387	0.09612803512616344	0.41065388248166734	0.19124911294521152	0.132893067124131
0.448525976980351	0.30404607976897136	0.08174260252572535	0.2661015049195156	0.4279380042439202
0.38318645897803844	0.43482329790646634	0.5198166793874043	0.6607477428233391	0.3133689341609679
0.1332945845064991	0.22699304003605722	0.5397916440140487	0.08247080483251312	0.2926668600315732
0.2611824165783776	0.6717785778607056	0.15119610936938527	0.3656167105395974	0.13931839470527002
0.24575790497476746	0.16596063644460374	0.21530958229682948	0.5912762241163252	0.2608845301916658
0.6341394017112043	0.2168335656093394	0.4321070694529991	0.2483904477460035	0.03282128618240576
0.24317817238027886	0.06348380480019644	0.07138863962486203	0.4252225727686983	0.12379217504428697
0.11852778786225411	0.44962561627777303	0.21681588381921588	0.314041207971374	0.15458984768907333
0.28239503156640294	0.1287698775314761	0.7225811103382593	0.181154282239018	0.37909149961094035
0.28652976832958466	0.3237429151455912	0.3126687128087239	0.28237205725170383	0.11720668541751317
0.520719379793832	0.6601772746800684	0.19218395174913427	0.24387009082825395	0.16760481717099476
0.19433383770152426	0.2824270249493329	0.04138066625126349	0.6362032078983363	0.38826177084623914
0.45468538600548675	0.09090642782309924	0.47057712974847954	0.47579544269261964	0.43256486401289745
0.1308731401513533	0.30538594453958523	0.27894480976945607	0.08745156803141597	0.041970020836554496
0.5822676995649523	0.3561835390776779	0.46323574153275665	0.04996525522961947	0.5688448479817698
0.24174314111443765	0.45131385678301794	0.21471940366430475	0.31880685980296347	0.6380149817930659
0.41688663477226123	0.1577155208773651	0.2874872502842029	0.161822229427273	0.05411240115733851
0.21425457134033923	0.3720704457188529	0.4199448178058245	0.29007861988621575	0.18486128718822775
0.2831235675978506	0.4186479918519739	0.29733410146324646	0.19542636407062275	0.11094824883859337
0.2876455845124045	0.34901474922229686	0.39893682549177445	0.1936837821115033	0.6398557969647991
0.0540384116975196	0.34939784334144064	0.23176279057010257	0.3172209258648956	0.22655856688789008
0.11458271605248116	0.16125806080053962	0.06858367112770171	0.11308025888587737	0.3458085952005446
0.35417892196690925	0.5028855072510199	0.24971409464091368	0.2620915325374567	0.4422117252752143
0.22508838191075548	0.04892462340696707	0.18894946429279813	0.24739981741756228	0.18648670945574475
0.2082456142884098	0.22199198340078305	0.2280373351159293	0.09143668169404376	0.15858744032428315
0.05608240225389807	0.07472243618207866	0.41991311888584126	0.2818432516264957	0.3687143257910261
0.101079635415835	0.32810212089894686	0.49415312586522897	0.24512048121008456	0.04931154574542445
0.4118811250765589	0.031831475277708424	0.3014878865136815	0.3171471149107777	0.20884668627185468
0.23838416420570743	0.23786497244787358	0.29599163305407333	0.6396789072871943	0.3577154780030314
0.22514759340556417	0.14561770725703665	0.23794937625582813	0.3637115608790514	0.20256722046961062
0.13346841952776808	0.17921921013258812	0.4379684759879143	0.20098957829354686	0.24904511859141829
0.41928746963539226	0.2515628997853731	0.29253116551186636	0.10102078168468426	0.25860265372786007
0.5847587285324799	0.2294363383755215	0.4670156124628898	0.3475462762135466	0.475231897309343
0.2499233716064101	0.5510006937504928	0.17723587901293722	0.430482711357845	0.38206815162795793
0.12812444391453065	0.0832436710739862	0.24748613003880157	0.18148442027170275	0.2860155341635802
0.5307594989778609	0.4960254593832687	0.2122988992992328	0.17720663759734356	0.2900849012488767
0.47460489981654197	0.25204272152156926	0.1772720299499818	0.09174151605417273	0.18505646184985583
0.19396775761264157	0.6178159611091674	0.15325758037354778	0.382262591751676	0.14159119299421147
0.1398127328429022	0.053613346046843424	0.4016257377492194	0.3024162263273007	0.08376492884776937
0.35615926696588024	0.18217772025288992	0.35435166013198466	0.13572859628456252	0.26128223056565175
0.1064906782152818	0.17785126852554065	0.017934648171769162	0.25004897080197364	0.4073417061450015
0.28316184350262097	0.4534330822933713	0.15237694529229318	0.16344115730658673	0.169481284800867
0.312724709168407	0.42944323364005305	0.010149856721040313	0.43473967638584515	0.05086401270753031
0.13743431491654887	0.2973885246787239	0.09080539974166947	0.5550292227509669	0.19076140779379724
0.19546110916455858	0.4742656849225155	0.05229880308075144	0.5066631093352642	0.2701965581686501
0.5150833165330074	0.2426151317683634	0.4578383160225735	0.37684544078059995	0.25036344187933157
0.19315030661143143	0.2082095547296946	0.34816683409516697	0.4629516780592	0.3155351243962413
0.06913366254958982	0.22515415186395168	0.41942413794691935	0.22877306034276917	0.18797888071650215
0.165072123464283	0.1976854322141135	0.2095042800113648	0.170999523586221	0.5747342834832023
0.602255767010083	0.207797251433307	0.4791812067963935	0.5111842514917151	0.391118099513988
0.1716777923783406	0.3990434496523181	0.1406335798960306	0.170441336146743	0.4809649356598708
0.39491187221876134	0.08074032506277455	0.3097450830354067	0.2800013949592477	0.3876306767261805
0.2075446941741028	0.4337026240398174	0.4876013016345793	0.3302696108439653	0.0858930015263891
0.4226837897026652	0.1719019753297529	0.31050087934512827	0.3370130492449838	0.28192832734055223
0.20006394919456835	0.39787064902108077	0.6585275740096685	0.02977377461190308	0.3651312975601995
0.32552562066522056	0.8490007972036536	0.5206498504022162	0.44924123891495316	0.2962375877489743
0.2579691733173677	0.3696271384563937	0.2470867742344833	0.6379680048699424	0.24724976486207337
0.49118202941508415	0.2780726746696042	0.24215771509222	0.08115014387683202	0.5614605579645654
0.29477309569066507	0.3944355017049189	0.11512427054881225	0.28676942897573177	0.2389054478041774
0.33698670808073283	0.18213484772872807	0.4834892058565689	0.21123121440056866	0.07833631938257263
0.4071890021873301	0.1865663331664787	0.29964204336367983	0.19336457162940449	0.02265682730682714
0.32756814171975634	0.22753669725502226	0.40812408502969744	0.15152616676917277	0.02956671852604112
0.18422872286754072	0.06932321160944213	0.2237928840331735	0.3903971898049391	0.3326919638852072
0.3262903719928243	0.24422758377003495	0.29257463920594085	0.27796311096189885	0.2964370294860891
0.3362003947758588	0.07864757888166991	0.413926295242884	0.20813327691183314	0.11633564637670019
0.3640736397356765	0.10984268091552596	0.3735974574177358	0.37493163099651733	0.4596824348092415
0.16360264375860772	0.4684582532899037	0.08959503517641756	0.07504535177758377	0.45046689479363194
0.376503423618833	0.36946332302124035	0.2401956748640133	0.3102506299006096	0.4633548878205604
0.3886053939978768	0.4771173501443115	0.17216290211097088	0.38511558807656965	0.03924582481563624
0.29511432929026354	0.11232284022332902	0.07335144887279281	0.09347991867807408	0.1768178242591828
0.4400313483528745	0.27340167132104826	0.5055459210511801	0.15124539280072186	0.20865262300543852
0.056384861152342515	0.027652188069839295	0.39307812842738876	0.1655639514785412	0.1260298384608059
0.30505053589309344	0.1918278948258548	0.2526483281831648	0.18071533628557343	0.21808717608772119
0.5213369070235153	0.470968501161464	0.03095658860540022	0.18824211590399417	0.13709622239807515
0.4538533488869682	0.18692153624065133	0.44536885916505314	0.21998742116113634	0.037184619893181656
0.1571300486353225	0.09991632135952475	0.07386123060382652	0.27742179446452947	0.2545884597979402
0.11652341880673313	0.32209352932869295	0.14017521228158303	0.15464580642944617	0.37380304535811426
0.14220382225238903	0.22223677818405313	0.08312621366562814	0.33694163455302223	0.12098056867392087
0.5269001184045121	0.817681152531642	0.24401415156755626	0.39871015936380017	0.08461307642278111
0.36323837856190344	0.26764543027311033	0.4328618308501332	0.150512845249562	0.09551523963630919
0.16819666693423696	0.036167866548251916	0.13298245106897524	0.6331745337341654	0.08084764144352097
0.26575006421431996	0.17362597775733507	0.24374033542752854	0.10275152346320736	0.21522589313763044
0.5256295408521656	0.3291951652031042	0.27564934408739206	0.16174658807071762	0.21412379018532224
0.34898272921150525	0.5997695895111524	0.4564581442731184	0.11816198842224716	0.42455434842345185
0.6143511269453321	0.5545006386122581	0.12392692426317548	0.20740084083047552	0.16157261467312065
0.06091016529217265	0.17968087075643824	0.07459960671377748	0.027780663755589227	0.37352881862830706
0.3014917756003733	0.1981668512532222	0.28767264898426265	0.41390914469692774	0.25501714633199424
0.27216086731590505	0.5330382355262495	0.48832010427064193	0.5827623682872288	0.13552295977862747
0.24311707194383184	0.20598278620160865	0.18111784274429613	0.3763871310606	0.6828646528879234
0.28880685874857503	0.20179425845827603	0.2811644086959389	0.16694597002225672	0.22217374662030712
0.3878126932680288	0.09478551937275115	0.42866573434216837	0.1350795133196519	0.21093307911336762
0.0917148767096421	0.49122443240802427	0.1172634962230279	0.40167207794138665	0.31308199890015087
0.504417511332836	0.4362900850845923	0.09294798469692549	0.2421007461581345	0.010237823103625752
0.5195596491486182	0.11486862204731214	0.5691403483969669	0.02244164218910737	0.3406825606578127
0.6138708696557061	0.21023993294325244	0.5517793029534257	0.648986645369032	0.30359193069114343
0.4344045065604832	0.12850672223884732	0.2235281151046514	0.5182381442161935	0.06845389240302609
0.263859871572855	0.31531610140391836	0.20666525086798318	0.25830517525908037	0.26057696056995006
0.5526669485468773	0.06638679586932272	0.15792366604336727	0.3105814090156874	0.18418012663806962
0.541224846322979	0.362485783615405	0.11973043166761593	0.20710215207562524	0.35076570728542034
0.2357123490980748	0.32121613583960884	0.28098085191848354	0.10159187907395978	0.26999849573901835
0.7549147651262258	0.47036670705868283	0.15392924272360947	0.10841745575277537	0.1583009564505564
0.1971466766973711	0.08668312342412009	0.23633814130379488	0.4379845654043919	0.14235512044259258
0.38880729007023906	0.22882239921860217	0.14090590594311572	0.3097547761835397	0.44860533707248945
0.35224822860660676	0.08985833670902345	0.2026998582927105	0.2106292935995518	0.07305629905136823
0.3076423038289396	0.2171161515082257	0.1684880880216334	0.27079177645749003	0.4583457202345063
0.15775405002018517	0.26729560076383646	0.6975560802622615	0.29685474320681776	0.2584748394319632
0.31406760481725443	0.42371961474592335	0.13318804547467675	0.014367510727137427	0.14426825467433804
0.46923969602850757	0.33207499307218913	0.27926361530430355	0.15758493824981834	0.06315632971095048
0.5591053084453489	0.2558450902234954	0.17625835594060524	0.3045440408875361	0.1600538160506071
0.058038486734135614	0.27804778833417404	0.45886754029424975	0.572470807998878	0.4373231881121296
0.40146026465073686	0.12957402145822802	0.27880299166586764	0.14478927596508534	0.3101681450338556
0.5514795818916717	0.16429995986167267	0.0880675741730732	0.3955046025056711	0.38647267407647834
0.12639350731345225	0.17745463633644248	0.34042840795241436	0.3046736759868641	0.5154129266688885
0.6177887960212591	0.15813173831175953	0.17548573360908315	0.49111262634197284	0.4022875458644258
0.45224421440595114	0.5188886144661048	0.34708010839798803	0.3070362571326674	0.19593285722639564
0.1913997325837534	0.48305400205301063	0.21129613130696512	0.4695695281237127	0.3927647971540524
0.2439554007996409	0.2175700491626966	0.11378771003909104	0.025312481033694743	0.47116604522098077
0.40610774197905714	0.27395600354969885	0.5363755166333293	0.26428179854410044	0.10806035121439546
0.12740640113776733	0.30478910757646355	0.16101177557710145	0.7084584884637115	0.3004075010588838
0.5197521841324729	0.4285487135534011	0.1853546002304991	0.2824755023835659	0.11128879293410622
0.11148209939049307	0.33258699176661294	0.10318184934193014	0.27733704757520794	0.16820972649934796
0.7060848742695913	0.43651956091854355	0.12557474996548743	0.4426391308205292	0.13123138003457405
0.5003727270972477	0.2743561351907585	0.3232818381240234	0.0930860397033827	0.40700285283338605
0.08191503392146171	0.10490414650051177	0.31722274587481797	0.30010859507379484	0.29660718085113286
0.40889975504639553	0.3067376010500233	0.25504590792612813	0.3593103362222225	0.4726376271372312
0.2869306548581252	0.10825648376393847	0.4985932957726084	0.2675453280130257	0.00469023578919472
0.09739509527196692	0.07842671383715383	0.6022768345424547	0.20103637794656298	0.13564735954157353
0.43259636876542595	0.20785469133834314	0.5715434956773454	0.3588060182676385	0.41453082449076023
0.09882621222660079	0.30464346838951506	0.3458409249481801	0.4924086811674878	0.25101666975981
0.5646821140930429	0.3305321523303225	0.142490906430972	0.4381894785388743	0.11782720714714834
0.1428835554719067	0.12837034155627167	0.03361637439202761	0.08422003174589103	0.5161074298065481
0.2451822880740762	0.1567952129452083	0.1539004051797682	0.5659574737249	0.49849336000098704
0.610280920048284	0.5087593088491545	0.09003817846547668	0.22659844689709277	0.24700365862212365
0.15982751211816146	0.4433141187039008	0.45804557688476205	0.061050400490132106	0.25350099478836885
0.259064253925674	0.1409243340885636	0.12332664035699333	0.580017237448607	0.3930752027252557
0.44665065103410656	0.5341353872398215	0.1967505024717379	0.2160436547778824	0.03150140221479824
0.37349263052465964	0.5922123972080643	0.07739443829690074	0.12700079681271834	0.29018586648789146
0.5171423055199343	0.014895080864525533	0.4240728398528344	0.2188239831981515	0.10093652119405211
0.8113895553727042	0.11019087920451115	0.27192561481604866	0.2417597402732332	0.5201286213120389
0.33703921014005417	0.7104350528138844	0.17631746347825086	0.16683866980959294	0.6600673529942522
0.48735061253077155	0.37536212355970805	0.2962997206798795	0.4454612940439285	0.10558556453395643
0.33014387758489255	0.351589904041091	0.023776166243359008	0.3350989156798741	0.2471877202261972
0.07481530238669504	0.08107615717547619	0.28232293918981205	0.16528680699819684	0.0816915685002875
0.20717221938479521	0.39138682740402236	0.07572400808663068	0.5835998773883505	0.5197271727822198
0.18726016671448084	0.521488300869614	0.25902437335005474	0.18739499624415795	0.6314838154244405
0.2121748743012658	0.09987006513473155	0.0502725624577664	0.12467927544126368	0.12015251077703909
0.16351898774857707	0.25668235344160223	0.36698197608464045	0.13761019630633706	0.4068044338390149
0.1853064878094226	0.2106855249984865	0.38560272743524326	0.37967793959271134	0.07581812173259983
0.3811471973857636	0.24665160619961704	0.16313576070739227	0.5144778154534283	0.14440698743967806
0.21116148715594552	0.5580341308276607	0.01476647239669603	0.3886491218164778	0.3192344904589252
0.060909117377413446	0.05880047011524499	0.2990596051240276	0.587804487927912	0.1528872547694692
0.44033068630341926	0.7090769181344472	0.30924424929075317	0.12101741919506825	0.1990659562976696
0.1313622201442491	0.32739623230024145	0.47118513245458377	0.5252495323071253	0.3879333470323588
0.1780208685737936	0.1294883266783089	0.41095968525627946	0.15497804509814433	0.41059217477777293
0.28555534675891675	0.3408904198138411	0.19327111615842926	0.5224728575121309	0.3059660861147843
0.08985035553468414	0.1161019437838156	0.29554481130171983	0.07961349821406716	0.043027257518938995
0.2214788267190273	0.33382091115040613	0.311542618215059	0.2606417570856151	0.24389381250626915
0.1778787407415063	0.3362432533976232	0.13027235268261073	0.4453853259406192	0.14795753703573966
0.08252669914250102	0.21380962633841583	0.3379304598271013	0.21778219602070437	0.1466607510187282
0.25102819369007046	0.18212787299752295	0.3926681658052834	0.22040382509545062	0.17653419732339928
0.07120536328513996	0.45484491133202193	0.3233343706015162	0.4276795305148791	0.03508818079253485
0.12788041399304437	0.15891298368844675	0.13964005217047196	0.40690944211126595	0.2721584130859111
0.23758955494628128	0.05604535660336696	0.0618729011776339	0.06181711272130028	0.24646671097882938
0.30033987760423364	0.40466807184407244	0.06520139342186615	0.48008865297028797	0.4803283913787609
0.5110670470549784	0.27691779740518513	0.26114064806683024	0.5083029707105619	0.3036061472513456
0.4441722603595885	0.2367711791043548	0.4541966668231839	0.4966526538438528	0.41082680382365566
0.04384171574999791	0.14903180080522727	0.3470865687548738	0.5359686982476524	0.2594337197955155
0.17668743419639268	0.35372146000120497	0.1358677575643386	0.2201185873016235	0.35603113475804743
0.42402070092661676	0.29459152590618737	0.1803013303847815	0.49620660801224015	0.16703167678624403
0.8686102880426035	0.24055629746019855	0.4902791010051248	0.32471428319173773	0.30601301356790855
0.38993532409766163	0.4676285968076734	0.05664330052633702	0.29762882923353945	0.152128328699858
0.5478460965699185	0.4773663917353598	0.030652887237400006	0.1368640649119415	0.24615155491810792
0.11043847691785921	0.44950260747223314	0.26814015373387035	0.262869671142649	0.24030627491557938
0.4477191209068638	0.18196346301169602	0.08624161307794609	0.22385573517402949	0.4006563718829924
0.010103945071034617	0.27002863350968076	0.5628572894581615	0.13653302219898983	0.2520106883226688
0.09006619184566114	0.20431963083452195	0.1337814339387776	0.5136280520013273	0.49337024367700005
0.13055551393890816	0.18176882280795253	0.168178151531982	0.2939532525654401	0.137020204603539
0.2535294090900242	0.274574565595068	0.34979996519579476	0.3497267590227454	0.10754286768415977
0.1244922361007248	0.18465257054053694	0.14683914111038157	0.13692499690380652	0.1655735314978824
0.5886510899928826	0.047894710400789166	0.23589276353925187	0.28976259407772026	0.03100151035737156
	0.28419127000873545	0.03892193802332923	0.20879768401581633	0.6259074818425848
	0.08916439782661105	0.12614073642244594	0.21365307644750195	0.42628996992726537
	0.39748706878004203	0.04741717168720467	0.376705938073098	0.2773343876346126
	0.3426817809698007	0.11578131607075068	0.6889791158783295	0.06100790278850114
	0.3934867585730245	0.11893771247978355	0.5889650371105469	0.5123644927482259
	0.34514801164346093	0.3308399229760602	0.49557971315523375	0.6692072279569625
	0.265208821315869	0.33986284691763613	0.21901323084191213	0.17162565124128668
	0.29084409139370687	0.5419137785589666	0.17378880821542533	0.36647632165379584
	0.28077124938784603	0.4308631636461938	0.2454754250633932	0.28386119723387643
	0.2108623437916895	0.2685894473262347	0.09091851361228499	0.09777224890208752
	0.20402843235770762	0.41943903254599674	0.4622285933730126	0.24329160160577987
	0.07914686981670994	0.22996635491453393	0.5404097519395487	0.07506541689943101
	0.27065927002574663	0.4913046236826044	0.5183293332036282	0.1667347039075009
	0.5333803706661276	0.06421297697016777	0.31849767823445824	0.3820733838544722
	0.3567520823691863	0.2728645084635771	0.2511034837668682	0.08085269937091952
	0.5012203305184724	0.36575998311342434	0.37969940179267403	0.3326328431630028
	0.3143120838320134	0.08722636586528881	0.40484870655995636	0.4147992221166249
	0.5636913706260325	0.09281296888986297	0.22529813880955266	0.3750950673976442
	0.03155328375408937	0.1691522510859627	0.24163523628698697	0.30388292979897114
	0.2704290884087308	0.14199504553675804	0.1752713216346402	0.36321643957905775
	0.6701650358567132	0.1156528693091269	0.40076478249779734	0.14070077788200142
	0.19967562864158642	0.22126758899029011	0.05454098121197925	0.3827037413287364
	0.428396209189138	0.2736565643514308	0.2048937889440289	0.49035239491461213
	0.2383616882950123	0.05491281225482606	0.46545484613020033	0.5359142685611981
	0.15036710917102813	0.4838675905695459	0.2362104184134816	0.5221243914846216
	0.1500962431854434	0.7977247534103672	0.11171037131560217	0.03444160909606539
	0.2245384984917201	0.21431860636256067	0.5184584665752338	0.24959676614528273
	0.395769852131943	0.24678639351994486	0.1477084506455434	0.47671637947140544
	0.19172040687730843	0.1320833441660194	0.6102141281075796	0.23792666117635627
	0.3551414206146209	0.24120566198837942	0.536264518598175	0.24520294456337927
0.48865597217115053	0.2987529564774974	0.18391173759692953	0.21054569807766724	0.18958938626644287
0.28857938532014893	0.1321554518262136	0.13355863633920464	0.30226626121877764	0.10447752045242488
0.12377432491598814	0.07666387781009731	0.24466805122337468	0.3160701375464461	0.4966733513172542
0.5576350189275081	0.10825019496428304	0.22951989494431313	0.16608638015053634	0.3733958715794713
0.16971270054353227	0.0572435705002989	0.2667440234129281	0.029127978531423245	0.32219822199270737
0.14382094225408085	0.027558775345853867	0.11393144661302719	0.36356905339097395	0.2863659015468062
0.1473863770520519	0.4124327240641098	0.5274614274811789	0.41304046483280177	0.5274052933085487
0.27796035922673673	0.11481565533431293	0.495240263803838	0.732734196648104	0.19316460206478095
0.03784964374247568	0.5687683858188753	0.0569005397443342	0.25006325510430055	0.563462886298903
0.2800979906618607	0.5576000734330541	0.39732955228532857	0.577620706264647	0.2071315419758884
0.6234926266965596	0.1495499571758678	0.32569892377724013	0.17226646137871138	0.5180240777846076
0.14638153589268543	0.48320189761410454	0.19357434605289106	0.30612098056422504	0.10426540808141813
0.3862179875626655	0.08990171782338584	0.49301191241545844	0.23453343664802645	0.08811020823988935
0.31601771421916225	0.009929815321998185	0.48366218547114076	0.47474581868264665	0.12454222176986697
0.1519818162202064	0.10265503056823182	0.12402250707256843	0.028163915236564738	0.6465101118883075
0.1565600083359469	0.5391533256786851	0.08910087713346405	0.49363519015167795	0.4825062765874804
0.2765815937711952	0.346773033089909	0.24959893487195442	0.5190878141347661	0.43561051558354463
0.04679212343876665	0.0020341363429485686	0.17859034325048556	0.09948563023297703	0.15795925699845162
0.5377127696292187	0.2671388606969391	0.2258237432456332	0.3296455662688604	0.2639324783484754
0.29176757852389246	0.3035891295519463	0.41868749739893096	0.05792045137293672	0.11092561485110536
0.41179894518482013	0.2281920241359504	0.17234720590521382	0.49075891100569735	0.38201089910904285
0.399543644092502	0.19652165786283796	0.3104861031517741	0.5782084510824458	0.2806671979295591
0.1912967535156162	0.2769922791560468	0.11275778528651326	0.3828086551352858	0.4256705018163885
0.48642727324962715	0.1625833010368914	0.2265963544103959	0.09634066462081549	0.47435571546636673
0.3229607942207103	0.29186292725396673	0.1973895847542898	0.22533896784489155	0.10337638635678509
0.18841225277067622	0.3394352681662744	0.033555364959205164	0.2598259976585652	0.10016082108614956
0.12954028274635773	0.14266572161362576	0.25546963900156355	0.13401025957175658	0.06558906506898121
0.045176690879172976	0.025007054895920387	0.49858623677682656	0.364738351941827	0.3062305813815568
0.17141591462163008	0.11105337746614281	0.1894243663483752	0.06166425180053582	0.40816076757528363
0.24636061833305556	0.12964355510490344	0.11927277095640361	0.5629642005887245	0.4709234886228763
0.6346645242746971	0.3873070556706248	0.38716287366231855	0.29335095828248237	0.35077273537197273
0.21241053665913667	0.4863824093395188	0.32328395231118745	0.13671610070454732	0.27293501518312363
0.5453067941863462	0.55139267529059	0.408840216668811	0.4255824897624793	0.14080148129912298
0.25988945480462355	0.31113218353842614	0.4243159408356324	0.3084622385944225	0.3707737072870066
0.1395505719503685	0.1978367753307222	0.4243709419337792	0.1968960006888361	0.16041053223281718
0.35052266364041124	0.2987519309284936	0.2006617673647406	0.292895763437317	0.4213441994065011
0.21674830905465278	0.1250428497390931	0.5195103563386306	0.6006555615660372	0.04830982713162971
0.10088117083178277	0.18249249721443914	0.39242699411859655	0.14925203654128494	0.2426366312682662
0.24631774228592193	0.51106389673674	0.37272318199828197	0.13599094438961978	0.24083422298873017
0.22979323359310502	0.6321044574200013	0.12354362457177584	0.32838215940578996	0.0637052263187035
0.06408522185165892	0.2218036504900982	0.30341918302909043	0.07709927988540219	0.14953688082149597
0.18087252237845342	0.17518673756225558	0.23657038241029352	0.1019223816211639	0.5068603456377269
0.39502559712982405	0.28287001011665114	0.29936789978543854	0.20847621845543657	0.2153995253887924
0.059431756526558535	0.40854135317750667	0.13236601930521602	0.3014181961210829	0.4044947766953436
0.21420030548130858	0.2843460228068822	0.53907241968164	0.05660586496699695	0.04613437689037111
0.5229714043632535	0.43793667456294794	0.21147172565380853	0.5047443065844097	0.3159304424139556
0.05092758122000713	0.3252788450767106	0.5499028601604811	0.4947964818176896	0.031744620829875045
0.19611268047697827	0.220017352048726	0.5449962894434234	0.08683412698079317	0.22418313461364028
0.3650568771722689	0.40173465746839376	0.3919884795844487	0.4678367905773994	0.08665970834057778
0.2650025017937283	0.10376890066544775	0.16408342999055167	0.12137813693694782	0.14278281726775102
0.5678717926393473	0.41604427201792143	0.2740736477267659	0.14641524742541764	0.49076597391569887
0.22874269011458367	0.39523077889236524	0.13213238442050348	0.4162131642017979	0.19652300945149467
0.1653655010486783	0.11501074161507104	0.41636435148225626	0.3378510186097946	0.31048467883833963
0.27716637549141404	0.5939544156967806	0.1649795797813731	0.11756981474802469	0.28457768892827573
0.19855100125579178	0.29655706930296566	0.07639058591777693	0.35538609628873735	0.06470034651342706
0.11472093377074369	0.2507512352854161	0.49707600138427965	0.2199250612216326	0.09112023578737921
0.23715989528630865	0.47378436120994766	0.2198796640163901	0.49526663662035747	0.45544910259092763
0.16507695443596346	0.2199062790592624	0.14601961733896138	0.589522032270554	0.11433787924249059
0.676449761040745	0.15843277596277353	0.15269082165318346	0.2292303540146116	0.21880521838166905
0.15811421925030583	0.37011354009440756	0.07390580647482081	0.009388004564559927	0.31039467063844267
0.2648645192587791	0.0337625321492464	0.33883947356281513	0.13630745778177528	0.13877309919907568
0.18277760749094898	0.453127127702393	0.32703005615322395	0.09680770704576375	0.036324937512935446
0.1592469876844128	0.2424965346637516	0.39127307428539027	0.014107365136295737	0.35197461204800756
0.026991876126366575	0.2884854976802023	0.5034303882544343	0.18347248367173277	0.07596216771149322
0.12352267707720813	0.22903019051935725	0.4344505185895438	0.40198706579725685	0.552417646968365
0.12065961432658946	0.4169290659052239	0.735529966403595	0.05794513939880743	0.028783385102997463
0.5180319818789078	0.19812768259347868	0.15811437530181732	0.11455433878990863	0.2136551986800379
0.2395848318989684	0.32424065252910245	0.18492879428350892	0.05505898437140629	0.1156164473027743
0.46593906287382714	0.34014230110215027	0.31794113892173204	0.45808853346050543	0.6305988335799929
0.22842331957837772	0.2020379238946078	0.36847239981436647	0.3027788525674857	0.18249794527250213
0.2362981766912512	0.669130955694956	0.305620711746985	0.2080609270025952	0.11479042117630218
0.24694793331018267	0.1052934220067538	0.2319778223938044	0.4294261055963252	0.39772396818001277
0.06997589576839423	0.5865707816502269	0.31476455499737	0.5362844571046466	0.4809374287791371
0.33776772288948453	0.7421077087073485	0.3438349468357421	0.391268120224802	0.3474187334252056
0.129716448687481	0.572159161164622	0.1989463821846316	0.4624721487349186	0.2983239284488657
0.12958099609086574	0.4048668121491723	0.04845725618238744	0.34787453660573525	0.5134029035886031
0.44841165060291177	0.24326381062172142	0.7034357544672242	0.21526736616260053	0.07114783219181103
0.13178386718804802	0.2718384448024136	0.10532897587609581	0.46814301038617684	0.29376217772087077
0.23418552181425842	0.14823255687159964	0.40012839181416415	0.22022779292280978	0.3465599643124773
0.35180925307943905	0.27259612044501236	0.21672121107547362	0.5731319457526831	0.33073729631002796
0.3372045132295429	0.05562403318248604	0.35660669987668064	0.06523403329000854	0.08549123257103775
0.3756161490383941	0.3998423463465552	0.33103638465584717	0.28230487617160427	0.012572404753185704
0.462283617675808	0.34231200014062924	0.13213904377938332	0.25189786430967365	0.5463694778150245
0.24230789228443445	0.036093185684721654	0.5689493416326153	0.33719500373108613	0.2658899607534568
0.5874488621155024	0.26802659326367284	0.1575098529514596	0.10650307673995375	0.19620051709601527
0.2572274741749993	0.20992059210928912	0.12157470072633669	0.36444737510662534	0.4026870062447241
0.36703546649965935	0.21060006323082223	0.41420486333501877	0.308245339105953	0.5310123137379483
0.1930673513468201	0.1786470332822144	0.23038749778484283	0.0183920079743912	0.028768892275342222
0.2592908701339178	0.4326103080662409	0.09818154852278528	0.10202996964106742	0.1315264658605249
0.3333593329466356	0.5890447470587014	0.5356068904831703	0.412682962063969	0.09027501314238086
0.45859758063373923	0.46173615799066603	0.1436589984953329	0.15369795151881505	0.19889697173284535
0.15524079767116897	0.2277716178146843	0.18734735511948886	0.29506088723099877	0.2303300469896256
0.1275242464467754	0.1690707057663667	0.25292971651659185	0.0918703014784512	0.06074334809149679
0.14336039760517547	0.1638629461198702	0.27621653732802276	0.24862525522029755	0.442324247755631
0.5471557100808994	0.16905063172615506	0.20905763752679224	0.2206761107801011	0.040266202750841966
0.0395190761331705	0.21444399018334262	0.18944269649773415	0.10414360082281332	0.3454823158900671
0.2254293552045902	0.08036535946911387	0.2621524059144146	0.3542464881789875	0.19847073210265903
0.39049006650795387	0.12449237374371329	0.10188493095079511	0.19375513267837555	0.35693342232712627
0.1659534711230242	0.21069120455283177	0.338434314782627	0.19131146460666	0.564067465075
0.36064284860780066	0.2178557649356847	0.1698189716730128	0.23771923670294764	0.1397191674406129
0.2961623174141762	0.4782104853268515	0.2897159629747683	0.1697539776025958	0.40274633148321964
0.06399882759476119	0.06926235147780437	0.3090557318528561	0.32860009457636813	0.18405309434366554
0.2927790752617647	0.5148628200141283	0.6088054127333576	0.3011362722470646	0.21826054069224732
0.3499876169507616	0.09967638516765914	0.08559862731557513	0.38019172677982355	0.09340071563687927
0.14254401880929476	0.2503050236521022	0.18087608738685262	0.14545946047316374	0.218778277991661
0.16047576711636202	0.3663662528206579	0.4999586227081446	0.24207517734125994	0.13099544596240012
0.39441032449097574	0.3989869243911192	0.10467120114858441	0.6760083388615099	0.5822700817344657
0.4993136743801051	0.39152072007366856	0.0071410852274279586	0.12953229101026542	0.2176965661613716
0.017293551516304295	0.558188153308243	0.3549463969560084	0.2610918053903561	0.4768934601815166
0.48058921620192985	0.11160971357243979	0.2601824810964225	0.3949516977480506	0.269939771822543
0.22952503625998624	0.24401901874405593	0.43233687777986984	0.18530321710946704	0.1865159484594494
0.04919088642106923	0.38382024475541104	0.183963431373541	0.19512094485687692	0.4018912933149651
0.2765543437202596	0.12310760586757626	0.04598034058746673	0.3631502379157858	0.42647322681365407
0.22779455989576963	0.4121444964882517	0.218363853280654	0.5053055085835276	0.18738629860966566
0.2930030393056613	0.3753529748894073	0.33958281236902155	0.3479079214483599	0.32970963669364023
0.28284214519454065	0.09359538766494495	0.26414878030336436	0.021967432247041792	0.15301297437511063
0.31448340486954823	0.4744536164202427	0.15323162231579546	0.2533564567871373	0.2769336023972871
0.217970377091776	0.38472808732687996	0.09047848126207565	0.5176836871839331	0.05519111794532357
0.29495405362089383	0.016471396067616016	0.08543581831787499	0.4084251588624662	0.33097146188881715
0.20142622973263216	0.4441125756220986	0.08460793023281096	0.5013944503420112	0.029845942467603886
0.4752568481447047	0.10724953642914764	0.23706115001497416	0.1398631307053219	0.11729225878328024
0.2271342988283526	0.08964012900218975	0.25966712175890166	0.1569258679409983	0.7148367755294016
0.5522866470646272	0.19259414634985134	0.2950086012990168	0.2226502330277919	0.4312740284657266
0.4953557401746966	0.10726030964638733	0.0942682698698186	0.020722699068930026	0.03407884591129679
0.19991236297284404	0.21950007307353628	0.22854820103838583	0.07095401791407337	0.10951457481050245
0.031000243995429843	0.3768661544109819	0.5592227712318503	0.262279118307399	0.37585915638428036
0.28161265129526053	0.2598716787141131	0.4771137325490902	0.3060445888428509	0.3158196142155204
0.5209226518969892	0.12345029940532506	0.14168100214354093	0.13065989513395357	0.48655582548307574
0.3196858825490981	0.21580774092394922	0.32592025783676176	0.19688691877885095	0.06125964554555163
0.13002455658284964	0.1351202095928953	0.7739881179618481	0.4305942341881088	0.235382261934641
0.020954898028295584	0.14270734247696848	0.30552786441547664	0.5482775044254812	0.0731473674289375
0.2912697867314111	0.11388722475111968	0.13850842209865508	0.5363486162768035	0.46039984324606326
0.187940448908478	0.4539220657059212	0.45559543531414975	0.047566323794118445	0.2685873685300815
0.3236431986372533	0.3728663233571202	0.4686219013089528	0.22323114220166995	0.17644145222946564
0.2796628906260999	0.6410133043849757	0.3826618083890763	0.35515839358603474	0.4837611062033006
0.28577243134314784	0.2348911987523026	0.33518843365751616	0.11022205304200869	0.23252177984840428
	0.33439181042453575	0.13264511958724295	0.24661286171715407	0.12757054242286192
	0.35802714955741183	0.08028224143665852	0.3699552914270167	0.21986120498883002
	0.10018905422417952	0.2565371617809701	0.4041985394949835	0.266542498742649
	0.07678804558577171	0.23550768693090293	0.1162613072116647	0.34237565481891696
	0.1803907829709334	0.41519016549560545	0.7251240314724446	0.29899708899270644
	0.19421061852525737	0.5545275173384883	0.23255423679296197	0.10351247593569639
	0.49327259338313484	0.2192207573874569	0.250792741509047	0.16655838768594428
	0.07824950088982877	0.16057735689276972	0.3777670150041251	0.3839325824292897
	0.2706007911376758	0.28379241363428753	0.15812098194863988	0.3762465363619305
	0.26118277386055266	0.1496699114349992	0.1012575691190948	0.2849631377973794
	0.3442150343206589	0.7372262010504366	0.27156736747685456	0.09887116929555047
	0.3712735075536572	0.16938947730802362	0.3157582814409365	0.4022448566343513
	0.2221460671708843	0.03545646164601367	0.27038260349737475	0.08692497364649086
	0.5909855674762323	0.32040206459769366	0.3203859325685514	0.269034669669765
	0.7134060330049924	0.3316066575919538	0.2603927582618343	0.13816145062676988
	0.19271747609419754	0.4559682379576931	0.22360182394141703	0.17085853239524493
	0.07898680295269792	0.3569127073580276	0.19703077395171356	0.027448280534080844
	0.36283109410318026	0.1873908846095244	0.1835135650405845	0.5317523568682224
	0.35696159365298774	0.548817684672778	0.3704723877034008	0.41650371571681793
	0.49464389345090337	0.07332572214825608	0.19169910748394411	0.0703476586606985
	0.14678652050968605	0.327462925367872	0.6650879982703313	0.3780108154718663
	0.15347398399465653	0.8392574466341942	0.2240171319114729	0.45036078808125063
	0.10843080801521776	0.3509591463282896	0.2232105043460727	0.4317972326588158
	0.10695159118749067	0.10978826537417219	0.45791732861218293	0.3502576539510114
	0.5593715374207959	0.26051758959308113	0.29866236234422733	0.36048548705674116
	0.5638594307522775	0.06875977462978689	0.39941587372606474	0.13670862941787973
	0.0553136599753681	0.3216576303655196	0.5821070095014956	0.7047696922182111
	0.38348807271326407	0.13400314492569274	0.3529127500030614	0.33168926213963784
	0.32068680628883284	0.2516937133387788	0.2325667292042765	0.170073376687417
	0.15792840859438778	0.45934439317222414	0.37259093286023304	0.34974025164686007
0.09455930669647868	0.2801880321465332	0.09953051892857802	0.15855378792779867	0.022569378309437584
0.25374942351116503	0.15931783474532726	0.011258217816918482	0.22934450772138779	0.13915138237214125
0.13971279072063306	0.6143008318780881	0.20410096131961372	0.30632295404004983	0.04710430228217902
0.01942701213424039	0.22714311435671908	0.1438047666016765	0.12140958591550507	0.06143731096831979
0.2993045819678261	0.4334362816051196	0.0379632606766081	0.27215443360488195	0.13267957774629233
0.5267007332882264	0.25476873779852566	0.10688027887160648	0.24131663476983697	0.13399419795112952
0.2950856736502231	0.14269855693928143	0.13381979990375364	0.07088716602858926	0.021883002820367366
0.3103656573076894	0.2402222808630227	0.2400807663046678	0.26886288348700826	0.19833555754240498
0.2874808972042316	0.44488910644802504	0.28235505177634246	0.18417585362100003	0.3434983306963635
0.24192147567435124	0.12139601190631011	0.3320979345773099	0.3462092652233221	0.3812799730495172
0.5106220910365303	0.0694171487399848	0.48290498900959333	0.32004263381903586	0.17290068035542533
0.6255092799735936	0.4842334987122247	0.3181681481476882	0.25542924467751443	0.08746543034282943
0.06714076886875527	0.7338485621983035	0.2858453213048262	0.3151232383836201	0.43811355958974846
0.34600376951231326	0.37035102718579765	0.13943051129244508	0.11698203529648234	0.23465142568646066
0.1352575621956513	0.302015704282682	0.16209699265486913	0.16723990355469467	0.3760069985300724
0.058261489589645624	0.18389586485200918	0.25199774979586703	0.16443489155062538	0.28053431851359756
0.38870747129111977	0.5770151249283791	0.3606752364589677	0.11955751450621153	0.688633404430803
0.5988657650253992	0.17848185544902148	0.1755405991773288	0.1936760355884424	0.27211851773708323
0.029506762534370547	0.19703143108044904	0.41238983693333114	0.3116147479255737	0.6523360136086697
0.40845852142526917	0.30794777484180014	0.1574389634399266	0.03596341417373518	0.14625450772714527
0.3936066327359932	0.4484405345445718	0.4015881755625898	0.41188906448936374	0.3344055263820713
0.4302495024857773	0.7268316978692672	0.0920848199725661	0.142703884293632	0.12042092272558488
0.11737684514480594	0.1312117098915517	0.3180126633774242	0.6033754063816267	0.3548696493482213
0.11865308346947137	0.19766012412950554	0.06903363747815561	0.4070705618544491	0.36534396031960475
0.41630944207396	0.029527431151531724	0.16852189832214212	0.35036127662327504	0.22814359685074437
0.2076881241820474	0.12536280222256696	0.013548963535321482	0.40185240373950687	0.35313832228630504
0.3723901995638499	0.10742827960991824	0.1780422558422975	0.258958507366969	0.03597150492841425
0.2235667594688298	0.09025721592582114	0.3241213656673713	0.25829818813282074	0.321104158593338
0.42644626921941836	0.17590067759984349	0.2710329196554516	0.4321882561925733	0.17441200501860193
0.2435569163196175	0.31874569698603855	0.1265402886201354	0.3084582666073885	0.11816917930686789
0.2744147817982228	0.17092252477309075	0.23271484557357136	0.3865562459133855	0.2210251156276439
0.5650433942177822	0.4765920073957079	0.12383491170947974	0.21708591509056482	0.3288683959588792
0.41522468881577457	0.5016402557079688	0.3624579043420955	0.20477320675678096	0.3647456613100158
0.12345549179519905	0.17015147138614362	0.19225267863487489	0.4191123385142684	0.5607893274317187
0.14087285461367266	0.341225723983192	0.3667189295758518	0.2679189199968895	0.15556623843028547
0.4517708132920776	0.19815968070847406	0.13507503759391593	0.3305797986890134	0.3493543288549385
0.28346875915413045	0.181111356286259	0.25149835874528803	0.2684780770547678	0.19666546726132061
0.2964468681588835	0.4337642357784077	0.220404726163608	0.6238290942878315	0.4805669637063473
0.3273590476230766	0.21546371752519589	0.2394642097230393	0.11462841812559707	0.21359483832818135
0.09354361199593172	0.34965170128934064	0.17301417326654578	0.38096450489907246	0.26715895118805677
0.30959973073775854	0.22010692676519641	0.502256072351429	0.3093414027064538	0.44468933676885175
0.22402160066042026	0.21599671880752566	0.06000258202245981	0.34164616942124937	0.29412699436607653
0.39402494277019073	0.5883505367544051	0.19286818218776766	0.21745245310090872	0.1966593104977789
0.0840259978405899	0.22398694563427451	0.047956737347298405	0.4562675926407661	0.2533832349766634
0.4228598959452775	0.5690747605314429	0.19435390370264638	0.33655944245353153	0.5366093365623678
0.1781748107534297	0.10271381391785608	0.18868545144556784	0.09188305026756934	0.11760045703611688
0.6213146663876838	0.021796618711241077	0.5267847085038074	0.5450779451392067	0.14155399586340162
0.11730157334201403	0.2513257760417528	0.26208937709315866	0.3570518989268157	0.4934163761480521
	0.3911848305082247	0.17042292942833495	0.05420429893211963	0.43932364984022376
	0.2994267928700492	0.21386222140733668	0.2905305786298687	0.20886091102870838
	0.3008954504003876	0.402869805377182	0.3701433640031711	0.2087717705656185
	0.44243451780060783	0.10886736862216172	0.27828306948843934	0.31262733084978567
	0.24961530724955927	0.2141408187019827	0.23670172276376508	0.28993017027736434
	0.3280807812518011	0.3277684126697692	0.4093147832799349	0.10069463604232361
	0.34818165065230333	0.5195209161075084	0.2607569687857507	0.14093008597042295
	0.46644597615624067	0.12760291262804307	0.3216957735718352	0.6799048758778515
	0.09901756041798397	0.24603593922744826	0.11323695500770023	0.1974774841382263
	0.3414658060339837	0.36643909879098363	0.21709030121804732	0.24238730159437183
	0.43817012757914675	0.1417601160378937	0.618468522101437	0.2750796936390101
	0.41681487971951514	0.27729135134929006	0.4160097524457807	0.42710261144911876
	0.10084307088174678	0.2969250129590156	0.12023912708807555	0.5495694877167486
	0.3831652756787219	0.14771572017085763	0.6057518411083296	0.30393496448234425
	0.3407866538077709	0.19908153911421014	0.19150592068056702	0.15699638873692384
	0.1014973484425497	0.5327751055723026	0.19437000842639768	0.192981171544437
	0.4960392788429647	0.06237588571716322	0.11346689642229277	0.3069768131048404
	0.4227585017428162	0.5860850170915681	0.5065884446052393	0.5279580749207744
	0.3365478153998794	0.16321808639675953	0.5643885687856558	0.09517499114763926
	0.11402077220124358	0.3830773283024998	0.2611631011262614	0.36958066865650036
	0.2574591336273095	0.42429685379722465	0.07397985364506132	0.036034198441464625
	0.5162779914977425	0.050625458460382286	0.3620271715720842	0.33190861555263035
	0.10301450570942598	0.10718691700751047	0.5154526311798111	0.48605780458059616
	0.31710847600556663	0.49763906506588224	0.1780526254506183	0.16640233176007627
	0.2514356212998293	0.27148919436796276	0.1256686663286613	0.26456899768451503
	0.07452527045812754	0.2662949517011396	0.1272407216576436	0.3344056484108407
	0.11691011618161218	0.05900700643570704	0.41299650127159065	0.2746008794383308
	0.3935597390371982	0.18785175180201305	0.12548561970204794	0.05772928084747224
	0.09812339469485983	0.40076383999642223	0.3246263823908816	0.17602512219543526
	0.13786662616900608	0.20864883161970554	0.4247766565175998	0.31817263988594474
0.17353828062990073	0.5123417611618316	0.29708576247194857	0.18133274410661893	0.09278728223844042
0.14155211004650115	0.42525772900387204	0.1488069700455482	0.3407595873524956	0.19989185681672272
0.4960228582399754	0.5038251064245631	0.2515568790136203	0.31481144431580466	0.26113347646222734
0.09921604203447369	0.25038206187168693	0.14602045278822634	0.3826378589932426	0.152121741566633
0.462479147746173	0.1941389795767518	0.10405313484891116	0.5621828049277998	0.37937888946363474
0.23525786799064252	0.13036900192201745	0.6362837271341379	0.42828887308675473	0.5135313492267062
0.1303967110346301	0.3202312125914014	0.09409998182620366	0.2090957591257778	0.10312995938517479
0.34955011787228857	0.0406935367263114	0.12278359320146658	0.5491698364136655	0.2917931391145113
0.5686270527349012	0.39460815178652703	0.08679609795668455	0.19387795550086123	0.667966241472847
0.08853328540857505	0.08969483716894563	0.09353597830965595	0.5579090952327653	0.7040584922857951
0.3742899060581403	0.2722116141101879	0.31026924825042573	0.28019422923284487	0.3437410609392401
0.07399428929312939	0.15778029056818282	0.09069114522878796	0.2371340401894477	0.33079578555924655
0.1085101948657767	0.428397208645662	0.25505513912235944	0.3073500972872316	0.1272675451441619
0.5883819466056728	0.6284572369569816	0.22207357596880833	0.23570196167481555	0.43765258925883804
0.037356885529135575	0.05490174001073113	0.22385038103907187	0.29208284887977953	0.5553601547852037
0.10132548704510354	0.13588830360631537	0.4616399174463846	0.6914567522572491	0.17308640162524536
0.2891957937305296	0.171381470591423	0.1921840512364227	0.4631040855313722	0.21555032603502805
0.5253068058883161	0.328152645847495	0.15931053738153236	0.25181950042443113	0.36532937918681474
0.2525553336754864	0.42497528482352204	0.21973482597185776	0.2768641089808797	0.22238867672958815
0.40653132864545344	0.1351529440081315	0.37926560511711477	0.21759433513820148	0.1255555008306819
0.025087962902000417	0.0753654860324947	0.17675247331442792	0.2289455860697438	0.016710290050493997
0.16915712902044552	0.09109308067165899	0.34154326930302237	0.1105616684643602	0.5523341126687276
0.1348559274540202	0.38615340906507895	0.4977829707604229	0.5664063030395985	0.5361634515409367
0.5422435000527588	0.1912201698061791	0.1737785234403601	0.37331324658896914	0.21875619921976613
0.22927448328330968	0.12571269940137433	0.14540148735239522	0.17365472281694713	0.252559631326309
0.36522498906927847	0.5890050486298788	0.1541024102912855	0.5982608193054852	0.2682404127558783
0.27466484449909473	0.3175523033700326	0.19666407692750876	0.44713343620132145	0.44632539594221426
0.15142896197788067	0.43252640465001485	0.48291607585592555	0.14796098768688165	0.3165674673940557
0.20268337530151964	0.5925825355780319	0.30738396719546807	0.6775756892489176	0.25619820198068366
0.25966950299521224	0.13757898998106294	0.08295867822736588	0.3707267592240479	0.07361129154974705
0.28953358399136137	0.14517638430318014	0.19833944811359677	0.3409858528700186	0.0506695181798948
0.500126642144864	0.02234504473490746	0.6447892132510579	0.5544233479889854	0.7475767898683227
0.06045317140591879	0.07160998144622185	0.2701413024037332	0.18876638104875096	0.39191683334819055
0.296997190160396	0.27146252897371437	0.2391692110548299	0.3261979847807904	0.2900778256759916
0.19646944263047772	0.6429262595360524	0.02618628969376309	0.23066668796558976	0.3099495590600774
0.19921471496162796	0.13806436035621544	0.056245122222949355	0.14100600789268414	0.2901602790327883
0.1956049158774776	0.3817482579003406	0.0615229022590981	0.2452796065085078	0.1221859423010647
0.5629076701282517	0.0835365435396468	0.2654162776610821	0.33087097853955366	0.3179449999265201
0.2383933621579095	0.1250196635068454	0.3342359694060856	0.15311049428158507	0.4814930033459726
0.12265364765918224	0.25118851543161846	0.4301431115257455	0.5356156775866532	0.333378103738641
0.29779854092001545	0.3278779058650101	0.2646984148083327	0.4531335471540585	0.08465062632893541
0.1964682563465696	0.49593576403951906	0.40659163421019984	0.5595205813878434	0.12059061470622608
0.18857485760211076	0.34369539139820043	0.5012519260824653	0.4066499783200663	0.043057739409879725
0.3828498557160664	0.08598875917310526	0.4027864499154805	0.19541675444541456	0.09963149416908122
0.10657876151404715	0.24520762502667726	0.5783179608683124	0.22222857315312766	0.09205958928591423
0.4039732022841444	0.372865776297416	0.5078875721605838	0.2642655141739958	0.4125019999732112
0.07571683091689031	0.2682053944188251	0.22606424391975527	0.07437729433239504	0.323711398821438
0.45347274138660554	0.13361480181836072	0.18254328917622267	0.23364902835271775	0.15832530633773495
0.31682529372847734	0.17590734278518105	0.050080684414635264	0.6353461668882355	0.3055836751540493
0.0465030915610041	0.3146732865138324	0.724531775077259	0.09138940925799474	0.2741742565171555
0.2042068677370981	0.25231084805321685	0.19233073843780732	0.24381459181701742	0.13438047440836956
0.1879533349909292	0.34542517257627675	0.40736044985697123	0.24235098991652557	0.3074947784778923
0.16164670417701105	0.04940474817493096	0.33767555580378417	0.2221168029533316	0.3375481367395282
0.5040848515750337	0.7867328364228457	0.22629787057120812	0.42399337258706143	0.07089607665741939
0.35257881058766666	0.19425629003302894	0.7615798438845872	0.43663035759863655	0.29776230761346156
0.05361549688507882	0.18193362004600036	0.149315735249013	0.19683330216231798	0.22616210605289203
0.08880294948186991	0.46621692294994155	0.3023276282274222	0.11707405419335629	0.2811434021059985
0.41166002245343164	0.15763470365582608	0.2042805248203307	0.4175779941088345	0.345930386763279
0.16134152872524715	0.186665808507583	0.20342338034642718	0.46742766371012584	0.21142529037098295
0.36917737213125384	0.10257350137512361	0.7488493997107285	0.30270324288955075	0.36750915521738764
0.0564699824844708	0.24028386063856302	0.5879190108493625	0.2446958546914382	0.11308949536833761
0.2552698935257013	0.2653929931859666	0.1540166523645589	0.37261331824856375	0.12689339019957263
0.5518076674954014	0.5324656142294047	0.4984990792023268	0.687782420184106	0.297954480139314
0.1766471094380932	0.27285913886598145	0.1496370352444384	0.14512397292731358	0.08465057890209929
0.16066460289294676	0.10301904837105737	0.16297129286756418	0.6592077257032999	0.36923442541987556
0.7056980554825311	0.18652868979370016	0.36593166696655643	0.1876331503513297	0.11202893063368952
0.3350991294972419	0.15713398897161845	0.10879294074515458	0.13702645589914436	0.12408806413841988
0.40023189271526605	0.4627935603762747	0.21020830268409202	0.17626955546115006	0.3000724035070441
0.07992942258935352	0.110067719744875	0.057274453367248554	0.10125406431639086	0.1700101471974987
0.374491733384456	0.22045584228503146	0.3715035864362756	0.49839014920163927	0.3832069903200474
0.3378565689229156	0.45212830037034646	0.24019272925028012	0.541973669991492	0.24194000596771256
0.1461279916798136	0.19820282760690697	0.26412161593576566	0.30451710118618597	0.13068376986108204
0.17790718340696168	0.04231842220895601	0.22076081940598596	0.10625108909448018	0.35719577927621
0.1925794703569821	0.429825226279768	0.11953765768152816	0.10323019446719281	0.13652846560566417
0.38377695407270984	0.20349451257524565	0.28908421135965046	0.45408745459338273	0.239895321665918
0.19115444969757173	0.19661572228003826	0.48647708215044644	0.2820170670466976	0.2209366507496397
0.13744287263366786	0.20520360845646984	0.19038122837460641	0.09399964650041302	0.39971528358605984
0.2586029480638439	0.6456644735614172	0.7235352720554474	0.6016482834760015	0.45174014381078875
0.12753111579767346	0.23185597293911395	0.42854333532865585	0.6365637412252109	0.5035475085072657
0.2119090234320745	0.29524489345229415	0.7741241711468878	0.41097859349494886	0.31423958507091004
0.14473934316956438	0.3098592965482207	0.1180986067310299	0.15024495863500864	0.10375439606497129
0.04006547317156808	0.1586414838091826	0.13699355607381689	0.10511954986389674	0.14877003160700814
0.15378859676602033	0.31803858039243377	0.35360652460805386	0.680744094459439	0.35977465501085737
0.21031971139565273	0.3960346857181163	0.19571325797258307	0.1450300964058799	0.25769975007622936
0.1712963256000694	0.1427519276720387	0.5296387918802548	0.08888587122878724	0.17343276662450618
0.5523989784431269	0.577221078081424	0.5034350817319757	0.4302289847705185	0.28475642080700864
0.27490992669194336	0.20907099051697567	0.25864396666438844	0.3809584637318595	0.6680251630919697
0.102340231488533	0.2388712409662321	0.29406798837083703	0.4222996663679363	0.3502686910944615
0.4009868224897473	0.2464663836074576	0.20772935063230785	0.32630652933122006	0.21262182246172026
0.05629317219381476	0.26204653626086827	0.2290995712417701	0.18660932580757822	0.29244350133549785
0.3040842518807558	0.5642755333266499	0.727640386091504	0.6890839672135256	0.2121596836015509
0.1711218122337375	0.2015038806406459	0.5307596934310349	0.24440393676191127	0.39638771831213593
0.2689990139889808	0.1167688983180014	0.06039904944716592	0.6336241948111752	0.36107486654828497
0.3879471298359561	0.30716363660374896	0.109593236754571	0.1534016343735102	0.058536672867328256
0.47162846661362773	0.12841099243317688	0.12864234245070008	0.3352656042906436	0.7008223054161764
0.6714989955405312	0.10749314911610061	0.06879763297411112	0.4516410656757636	0.198107397031218
0.1571570542848599	0.28716543127869454	0.32467175167412793	0.34391174950849973	0.11344057283957028
0.08226153487866426	0.3090967271328948	0.13038120149513155	0.4209029523179364	0.20163738256321284
0.21707754044054367	0.31957382372535403	0.33855574466187144	0.40058346001433176	0.5334804359847228
0.166791817394703	0.3240336181111023	0.5300342077499751	0.3716217550799645	0.10700020160611982
0.5172667853620165	0.44586140561874277	0.23088047930928968	0.3480194355538569	0.5524694131135527
0.18401713088332944	0.3824635352501413	0.45227068192605674	0.34000534458991183	0.5216261058216836
0.07679592188562698	0.35212934113804767	0.09743973232948724	0.4370373852527146	0.05221152306019576
0.6393658512510103	0.6217769409244668	0.21501689747068836	0.29264473893792053	0.4113508830592286
0.16863317878192643	0.33101214203431745	0.12617970586028057	0.28960347331503195	0.5565967707465859
0.18087109833660409	0.5405166718269345	0.1452559913405454	0.027760923571938666	0.573471497769863
0.15625684097664028	0.4947986585832815	0.37228668558302874	0.30114683411174986	0.21119788754067645
0.31448750254874686	0.41704183224619634	0.4600490596209904	0.19531951455607405	0.3881617096037357
0.34946434400195714	0.12193056047726837	0.5650522161772863	0.10112017400946154	0.4424412789878746
0.3881285758674069	0.40758348847592885	0.4303168718889272	0.21716119541246687	0.362532331108531
0.5079615253159788	0.4445994931884085	0.1511065650215852	0.2690430824044532	0.20537699394321424
0.1897010084549211	0.5329673666315249	0.13573043864009318	0.17049959011387536	0.25748024325126867
0.2839613467124684	0.08637094623132456	0.2315927485235889	0.35349188449742114	0.07462790369279469
0.134302645341082	0.04327840577457038	0.16720404191177923	0.33516036834036655	0.2065551521733153
0.44707290717064596	0.5539436766584237	0.07488823613564279	0.19666526617035338	0.16920079160258927
0.33644759575183036	0.19381964236483953	0.16217083311227057	0.24887544785166257	0.2963121814441706
0.22363261929029202	0.03599861060325396	0.2939310468491932	0.27143231304658105	0.011766098644054979
0.10945312331627614	0.13657037146195763	0.4484234666203477	0.26605417168905654	0.4246373308542782
0.3165410062396117	0.10414807451312476	0.16936784403920604	0.2676177400672618	0.42910996994933487
0.21320395467531145	0.3240659241640662	0.1849589639438535	0.09245261521564052	0.13300708240755826
0.4512644587352996	0.21542832602743964	0.15825660342108924	0.08990914929109112	0.197330063534131
0.432068329386478	0.5361178625123486	0.16799688088540976	0.3420743600283734	0.25215043204889814
0.16890796502544053	0.20940851331147414	0.40327369591630663	0.35087732055640664	0.09021206443140409
0.2197178575100066	0.2816993169231009	0.27110215755365613	0.4623495041680858	0.5285783907289833
0.1398084133352891	0.040937884914343255	0.3029045132960198	0.2647627780438234	0.5897363775651595
0.30145454203690203	0.2331183775918762	0.20954346374113317	0.18031093889634672	0.21914510824789438
0.3907122927676728	0.2976390766930566	0.1909558489926109	0.3826381084760327	0.3265069802626047
0.4878521877001058	0.3141450289787493	0.38029998824919886	0.36077941134958985	0.15529523051323893
0.3286981440050485	0.2538404742073042	0.1951322165204541	0.7004574370382828	0.2711696858144166
0.40568918059331877	0.08710759345715048	0.24899861116972638	0.10094190529261118	0.348333644814999
0.4670363783492119	0.32058197967521473	0.30122638009504493	0.09217667550118412	0.3062161719647331
0.24116888576314427	0.17887208874999516	0.23479985634608583	0.1999522705546192	0.2921880883335887
0.08176312276239299	0.32981932913786405	0.6468561052643438	0.13839155332750183	0.2216015863098107
0.24212577401351734	0.187266573774232	0.3216218669557962	0.18933666649824787	0.382259557140805
0.4428813907089542	0.4934041563416318	0.33880120345694686	0.3929474187525123	0.3080715615033148
0.12273549740269063	0.037553753004849796	0.2799670383382098	0.11342663615433769	0.1662186707636059
0.10734409180110661	0.34299534056682146	0.35132137948232856	0.4165831575311863	0.47652812916792087
0.7239581129079277	0.18048964777003698	0.46952775608622865	0.4345540247179822	0.7445753887819342
0.3827099901341948	0.38813239811324574	0.5554246947111029	0.13621941468244897	0.5195064485395822
0.3489604335366503	0.1478272070331231	0.2192453834539961	0.37330280535002497	0.24017339342594654
0.3370506003900165	0.19465631158661764	0.44439747156800435	0.2857946183250091	0.4374340363767356
0.39638109164742974	0.4506483973723903	0.21253171253371672	0.36920499751198055	0.40891876782028225
0.4765119836141083	0.37247494916558316	0.13960977986717382	0.08425515964294882	0.09770742199777692
0.5753447670448416	0.2794376068325911	0.37086826733463163	0.3319150834672214	0.25344345378914757
0.39465410970067827	0.16484869393624713	0.48605090004300905	0.4939479579511909	0.4429882360184774
0.2291115557553478	0.38103990683001115	0.4539385617515553	0.27672227275810335	0.4097340250026007
0.24794768591719232	0.2913497383512331	0.5370239037547115	0.33411380617939646	0.2891580641601299
0.1478079374056594	0.5393130729156788	0.4753191192894519	0.07875087147477418	0.1282599089244575
0.12188602261454158	0.3811933626409065	0.3475437511031774	0.14813646560363072	0.17385449426690452
0.16879593372189655	0.41374310627906224	0.25655706784573706	0.30428090972247446	0.5922141465100423
0.5156583713085864	0.18796560803290072	0.3670856515026803	0.17710664085105204	0.1331283969909703
0.6100458839917294	0.16171453306947955	0.3805375942624871	0.1720618411918306	0.382292419311956
0.21132690328179413	0.31498521484396	0.24576873291341395	0.27885129453978463	0.24947878876607338
0.12636705781439345	0.292296673248021	0.2553403580377245	0.035060802583539344	0.2325413529106912
0.24722159671057364	0.10728333515403261	0.297314097673614	0.20839407821883912	0.3418885695884859
0.0878586637769606	0.43977891954588627	0.272233162132094	0.5192930834304358	0.2257861886348442
0.28252148399644506	0.5593751020034284	0.25112568585221207	0.3940100696709233	0.33737362032832674
0.0348217098158348	0.5426015089983048	0.03888363659911909	0.3388569802692675	0.3663203106624721
0.21333577686383753	0.18577235776639597	0.07715525867000217	0.09710054964605923	0.41475005481297306
0.6189749190602947	0.04796061679471977	0.5704446578281201	0.32300548524186773	0.28078676789834195
0.39020782473117865	0.2993199689814002	0.2878812818448619	0.10618793773894493	0.29115957791661634
0.3865162264867591	0.41963346214196073	0.09151856013535974	0.38007279130779437	0.44491533711001685
0.257753009786137	0.3381885930874553	0.21470878151389328	0.28264892235013767	0.06915073560485341
0.4627695432882126	0.47342633572172865	0.7834488973170776	0.38388993464170507	0.30092259347676276
0.6354215866087138	0.16135543638925468	0.2781311826044873	0.2131148390947475	0.11990390560710813
0.1357217228947545	0.5152533119590526	0.04487040878627672	0.22240584207094058	0.4232708635885781
0.05499782765487401	0.3068202605334992	0.05809614087389178	0.2572005578200437	0.2034453885103176
0.26444127207555157	0.02825769673273795	0.04748025556852145	0.28987278896842933	0.3158451670064829
0.4441505128392786	0.43134899064667	0.20414893301884046	0.14955553007627959	0.19594640343729902
0.2506942832136343	0.2816779426575857	0.28602912586002543	0.21651186150343724	0.5359220391206566
0.2488241705464902	0.2912102935450486	0.3197084500933857	0.24314094683067422	0.018974807221978682
0.220514059208926	0.29082197673420185	0.11379285351401772	0.37895555405710946	0.3207425606801092
0.22401530713576168	0.29560682969832763	0.3628205275483725	0.4060799918416118	0.5072428921375057
0.15653833667257658	0.4202351085266907	0.15016202829868114	0.29944218241408643	0.5338644280213078
0.24722013788957534	0.4598426652529965	0.47182605875756783	0.09557649379405511	0.22342095636035922
0.369877184407013	0.3784464457030366	0.5439847926888509	0.22780607093049174	0.09522948072519204
0.3281348135471564	0.12073890251426077	0.5166580820195048	0.3362076098766037	0.10738995648620538
0.004962913564273613	0.21578963806571755	0.34332262614160325	0.14244793397752878	0.14614947160990224
0.24837148620336863	0.6404778249313592	0.1936980237136009	0.4031460677520342	0.17991301059597606
0.5831256606081786	0.24516423690308678	0.09217995686019895	0.49857763707104014	0.5741056087543889
0.3212080911131743	0.3384652546221479	0.13918384598261493	0.08503216517565343	0.16998465662170292
0.5897378825814692	0.3716594128165176	0.10225328318894526	0.4513316937572586	0.16939939751263802
0.38016057359630284	0.4881990206054643	0.11727951174754243	0.09311136367417853	0.2735454085975579
0.5640100318259272	0.3215287894911428	0.36650974662765073	0.0339512483635448	0.32690207928759485
0.3038742630696846	0.3401610434354639	0.34120959922517063	0.4023474028503253	0.42647546837092426
0.07462474860514268	0.40700710257079825	0.12248063042370903	0.06561655617053797	0.4745293456975475
0.2671207455101729	0.6103205148492229	0.48167338387862396	0.19115400935751276	0.2556240972073035
0.27657222565970924	0.16174324375406318	0.3773697649946017	0.6962728643592422	0.2553918699524017
0.24751631198056556	0.4139475249065697	0.1336742700153596	0.4836639856501947	0.4295323730169694
0.21360838743200114	0.44488188435166026	0.2869990796913	0.015647443222191	0.31930448353707264
0.10784872297689646	0.14893178568558935	0.1039770284601553	0.059205357449006304	0.35377925850490166
0.26230244103735906	0.0690134597234324	0.3190381951904789	0.46755439509196556	0.3154791944872219
0.31343013761023064	0.2792461654976367	0.28613989809258805	0.17092708633227724	0.14207165052055215
0.23327905296533002	0.08781478700994819	0.15802428193778112	0.14418458123916444	0.3123139322858995
0.45942941039191054	0.226283799016307	0.47459926570333943	0.498754391625606	0.20888278030670138
0.3055269428224387	0.5309749972744949	0.32167489344203126	0.4234793430229197	0.4515237653101306
0.3749386575975658	0.4126379572685992	0.13206013325990884	0.748099127002872	0.3526658974020833
0.13262784447827813	0.10358938853665628	0.25120170488763377	0.1475857024668076	0.12133423089170246
0.09210094666493421	0.3318893519184902	0.14162947930066305	0.5662676044251448	0.42872185426889203
0.8295516688303493	0.24230914352981064	0.2378883324008932	0.33998742617217875	0.44038271351319597
0.13390623889108427	0.22587180132822648	0.1609388592134872	0.36862983681154	0.3454862869212223
0.3499182654346472	0.42841281096747164	0.3178941852373392	0.37421150536446585	0.2569568192874782
0.3247826752712489	0.1031116674764027	0.5734636176185554	0.3664277441444319	0.40638846562963726
0.16832970334825384	0.35728182612488985	0.13372629025792448	0.1233945660382956	0.36795463620274177
0.13693316632046568	0.2334199723178178	0.13924312109038656	0.08779237350455166	0.09457336301117035
0.17959337995658753	0.28964666059650657	0.15325552173353452	0.14831924066982258	0.1132776727503514
0.064417623885393	0.09296087743342321	0.16625292231727612	0.3459912542506345	0.35485564902369143
0.3129876879011958	0.6186896006012751	0.10343232276162381	0.18284011159523983	0.28204485660943646
0.1118695720027462	0.1762081264292663	0.09133357603150732	0.3181105888148681	0.225746519074881
0.16112025822579995	0.13391079065409728	0.17422947327513835	0.2752449586341666	0.3734635059188941
0.32358522510719945	0.2194400309449375	0.2634293586876262	0.15032565319383276	0.2964338776593533
0.07065619043777092	0.3618136538057681	0.5733852689639365	0.0749626905161918	0.2831388081150123
0.2487569515945495	0.41331398171268074	0.25666351687760347	0.46087630336086616	0.003962396371491972
0.4822777267955016	0.27864384382523116	0.46686219533789736	0.05915791142830027	0.17675069069573301
0.23085279770171846	0.19629547578594692	0.24441921291278015	0.4470889348969153	0.6207116003236198
0.09293218037929861	0.14468179344764412	0.3823325531284556	0.5729008859378424	0.1238803659340377
0.37273765100822576	0.1527591207272744	0.07316256366088304	0.4712214339221258	0.26090703977194446
0.21353610518387203	0.21520957294369242	0.29072896216529054	0.25181566406971256	0.2703591864570742
0.3099621882152309	0.0946986065311474	0.23389477116866486	0.042814075024703795	0.44894639363933914
0.2925468150906285	0.37329774068614757	0.19899275314675247	0.0967898013717185	0.1393014843394333
0.15876783737261266	0.2199435438751726	0.4067341397869882	0.3344091429999094	0.07813475016214012
0.2351943151837296	0.1329338877720783	0.24854293328561494	0.5637413536661459	0.39382602621324486
0.49658578353645333	0.35906031353343637	0.12365281889646225	0.0889160598955552	0.2972015635779853
0.7719577807774546	0.4560947273949439	0.08090602246502526	0.392599361997624	0.2882511459079417
0.1777494476038908	0.26896523478586915	0.04769027102548744	0.50765639334081	0.16073701006510047
0.48684237222675003	0.3965055877255872	0.06850776922986612	0.24936140294798276	0.24775046931804845
0.5666729621339216	0.13663951095708174	0.5862743591367345	0.6284145770621536	0.047089505289053396
0.3910619622144341	0.44368132914925773	0.5301424286589547	0.36082100464007	0.4057384974932028
0.40126366156112075	0.4001573444070908	0.19668164537897778	0.47642424108391285	0.15216732882508083
0.5071970104967809	0.217068218414336	0.12003492067958445	0.3546656879922697	0.5093325426045652
0.3602265746008909	0.18974597504201549	0.021630971722875272	0.44205698107988806	0.22105772221560863
0.4856707725831776	0.11492259318016246	0.4134912878229724	0.11443558780345096	0.16572203004501024
0.2031292074194256	0.3477694190576661	0.3898067099781411	0.5378448072593012	0.13246959284567866
0.43030572011727714	0.0832974424876364	0.4846118465876592	0.17047663286018766	0.36520827826140734
0.1781789350445769	0.3325143918782274	0.15985329256586742	0.4832643125738317	0.44970359566299106
0.21807966715440594	0.26400495383224665	0.19826320383233725	0.32703838574970956	0.08447429653723357
0.158963394605877	0.19172594693286954	0.20309327313762393	0.47495254424484107	0.1525238506057994
0.5088771588346723	0.2640017953122539	0.3132740587854852	0.08401001791668967	0.4058494983279487
0.6200353815043362	0.1509844414944205	0.18387139544394324	0.4182790056759425	0.4898099383615867
0.22812405216924211	0.39192433693695	0.4763198050363561	0.31524689986076115	0.3118224923013862
0.03816677023365117	0.3389988489862524	0.28118007558809255	0.5423331679975577	0.2526237910616467
0.24507062189444329	0.13798741326216332	0.3042136652988363	0.2151093586529334	0.08521777109859932
0.15132845744988685	0.30411819348506086	0.554850139360981	0.13715353031069016	0.22387299410446893
