X0	X1	X2	X3	X4
0.7706182573374483	0.4263886563899602	0.10264565650996284	0.35960834166787775	0.6330861056320282
0.4842134094672268	0.3788685568312154	0.5628782084257447	0.7494715026391379	0.6480225199199128
0.2318580024294739	0.23067357051532222	0.4067675611123883	0.5956641678228128	0.7273194954239867
	0.6236869351120375	0.6511765515059639	0.5736330536490845	0.518895104929345
0.2758473921661312	0.21418154378504428	0.6087504926816445	0.3585649038783667	0.30250739214589134
	0.7277662212404676	0.38185290184614146	0.5727086116191172	0.6479421404163098
	0.5787228044141293	0.690132136221467	0.5498038367660176	0.4018385791696167
0.42236838372445357	0.48892177639303236	0.45931557671636375	0.5393558231465003	0.5488973364090957
0.3927136318842434	0.3968939581247643	0.3580042525446376	0.48804208735587035	0.41751817442371286
0.4480191738964852	0.5324721514190959	0.297960616272755	0.6955052041210071	0.36293488227374143
0.30163259941431975	0.5022974476784814	0.5116942041432168	0.44783032694698227	0.41375512064066394
0.4574268085444133	0.42948773858607836	0.5085310286600286	0.6142855782135885	0.3530023876838371
0.5089386416100534	0.43014929279548425	0.48620945219153533	0.44954833849303366	0.455201311906242
0.4865335613708058	0.5094305920325634	0.49548118424555776	0.49274488561936874	0.4699817604853754
	0.5592206132692725	0.7972757421335953	0.6434345243473049	0.5734877918119441
0.3359833203964771	0.35872932898481413	0.3239648736111307	0.24481277365015258	0.6928196740181488
0.34262219054063625	0.434477756960192	0.4513377640720053	0.317736882925087	0.6732873493077401
0.3935291197665607	0.6345763758211648	0.35251921755065135	0.5005724665920599	0.2989289577950545
0.6806322778457071	0.4255613110279473	0.19644503544253966	0.4966510730758365	0.5513796378561355
0.6112680065582016	0.4994649103228193	0.6221778787250635	0.42171568410888494	0.1847152079092005
0.7345000583783214	0.37363528667246965	0.4246645438190063	0.4598484825306153	0.4012511147104842
0.5027732493302943	0.5104281221636691	0.39614742982394885	0.6289452571083369	0.4343399502432304
0.6875107769021385	0.03845496856054202	0.3238083228870995	0.5011908117129618	0.4930045806274557
	0.44458278343431135	0.6628310854828654	0.529301873077545	0.5126321881595302
0.5556549095227299	0.8306029600698536	0.6207308316072603	0.3833425418603134	0.6321598372963007
0.5359721121356817	0.6653469252316863	0.38108617935854044	0.6896946296847527	0.7607885072348985
0.608004612963244	0.4632284157645566	0.5827582568475704	0.47562477154191746	0.3406821032374233
0.5258673283735763	0.5467255141613137	0.20405088869678006	0.4055572125179819	0.3853070658635125
	0.7014491737433018	0.6281070618501335	0.702341802625054	0.45463289218315567
0.5057132010973432	0.40189859634384356	0.5031901814250413	0.736217330399795	0.39644851019546656
0.3779299225986774	0.43007496794777816	0.5435610996637584	0.7815608114704581	0.6949378470399938
0.4225924874034197	0.44189788273259617	0.7373127557587459	0.42507506348355945	0.7804278569473778
0.8379915527205932	0.26042373776066075	0.7421824174216597	0.5655652613428916	0.2513028966922716
0.38318306231900945	0.7088199804911856	0.475646294514043	0.2775451952864627	0.39278505062965696
0.4179282394371797	0.7010748303480884	0.5566197837190757	0.17037576974077237	0.6392118169966223
0.41828582484845944	0.39845949875511666	0.33523438644040804	0.3275640087893058	0.5643300249347801
	0.6676398763190069	0.4108378720820448	0.6285623793961744	0.6625261437729593
0.5394275649998002	0.5852045273615648	0.2601198654926813	0.7388589098287008	0.48256247039497696
0.4886817186492874	0.5998656884616561	0.4978283767875047	0.7763205076250129	0.14989299196556863
0.6124435148856539	0.5420502222333444	0.4436736433055025	0.5967672223123281	0.5542800182966008
0.4345985635865044	0.12366502791818522	0.47356586858644195	0.5181906896003078	0.7627867822640683
0.3588358917491861	0.463646171647708	0.7809496348514987	0.41700937663746723	0.8436405021275968
0.2969553123415825	0.500910006031314	0.33373434688576725	0.42040158447526055	0.2827564342036519
0.5869828473751411	0.485644888968332	0.583898034386392	0.19311737401785936	0.4663629187496646
0.35702819024867716	0.8233902670980565	0.2969276024280694	0.36977887496362505	0.5078065129648506
	0.6626937268432278	0.6968396944755373	0.5775628231050481	0.6385055615258644
0.21033674384493453	0.48090440242632454	0.607269062432936	0.3836827008197873	0.3112910307398976
0.7271968082614393	0.3931986727135528	0.6682575610092409	0.41687184219572637	0.6872622476444672
0.5255595703878362	0.7507168882960584	0.5258760468074422	0.6058622491973866	0.4913266493318321
0.6180652031454135	0.43172653059948496	0.5126310662959203	0.567931239006393	0.42852981646116944
0.4025207483090279	0.44918852737318593	0.6499017018538659	0.436561505823856	0.4890348213442975
0.6111796504378233	0.32821881370227063	0.8784074154622161	0.6165013396896247	0.6990534278315605
0.5061721323950236	0.43025411778782424	0.8403007129687995	0.6110571624884138	0.3039356438628411
0.28345989757262535	0.6072548668600286	0.4598766873376951	0.20564481142136354	0.59070772399778
0.6192468104773535	0.48192717250215655	0.44314109389971557	0.4701916024011209	0.5477968199701702
0.4947012786448364	0.441809339856602	0.2586486797051502	0.538727151140674	0.6075547053365126
0.46990388103153763	0.4331165525197049	0.1986516703501309	0.6046398557697079	0.21927297438336227
	0.7031454043292139	0.573712201927087	0.4095068067952519	0.44057686781277333
0.8864408584225372	0.41988447658134115	0.5751381955551332	0.6923419855234684	0.4785934061516359
0.4836017414362495	0.651186824791705	0.5745754210451385	0.7203409945897955	0.6150219969322491
0.3891053356866057	0.5465758428139288	0.38943494440790044	0.46503473331799544	0.630792369651552
0.5675571586981891	0.27527038259852793	0.32041914866549864	0.42336940606287127	0.354890854295567
0.39258802333722476	0.2882303976923241	0.35969604216205736	0.6040796692173851	0.3887995086678012
0.5068742666370172	0.40471483584329254	0.5438841711611472	0.5376288874568449	0.18464390197811373
0.32226282000881906	0.5367470573014497	0.7077118040526315	0.41002332592292123	0.2884322927308281
0.5575363628445018	0.4866131923872554	0.5132925172442302	0.39469686323328096	0.6821816809963949
0.3712095924634554	0.38582494924709276	0.20706380277175943	0.498824150938476	0.6583586488300824
0.7175395393698301	0.6873755601865587	0.1970093509394497	0.2020207709942524	0.4492763109523956
0.4546485079491524	0.5130970443947575	0.5684815100508792	0.5806437129328204	0.4411877828891687
0.2917953699199811	0.5689604812779104	0.38616497420126183	0.5133035846725532	0.37580918746499353
0.5627343000417292	0.5260913446969345	0.588211177980089	0.5918082391108365	0.22555959119477115
0.5166115739567395	0.6380867124665297	0.25391523066963384	0.6226954154162234	0.5025671530127409
0.3982221044014785	0.41337265585751903	0.2884617267426828	0.5251120562356723	0.6984070941103799
0.27964392485840783	0.48853914568153584	0.2603475104614405	0.4072330184698303	0.586871916594574
0.4611126311768139	0.630291755714415	0.5113001582932114	0.5883734145285127	0.46730918142209227
0.5188825101376217	0.6731593641050009	0.44981301898637716	0.08390012802819699	0.5451549290537163
0.4088910009426374	0.6550717682968838	0.43721255066291526	0.5838149924614051	0.6509540594766867
0.44462867704252557	0.4457690358913412	0.29411290298565834	0.6218981168949	0.6049578478294154
	0.4559475016921755	0.49150924454502487	0.4250052605272749	0.6642492069655013
0.4895288079921824	0.622253332327142	0.6386358316613325	0.8178637617732712	0.5130896956140978
0.433803694730068	0.8088454505736545	0.5212275083559679	0.6036420430021624	0.3669380864189876
0.7307527203230898	0.19811061120630533	0.7886046667582473	0.6855843929342328	0.3470510057954859
	0.5078660442468	0.6286417333061897	0.2976279353096895	0.5542274975889122
0.6385724855288027	0.26011894104845357	0.6486535701458875	0.5658330960343585	0.6883946508064116
0.5142463744876173	0.6882557230643906	0.5363590349850038	0.573355152308555	0.44268282522886104
0.631057125994767	0.4192998247366987	0.38714621435856694	0.5163449241848246	0.47490279335020247
0.4426050888117018	0.10926770035957546	0.43464526356377936	0.6477174080977215	0.5110272292731796
0.5368902255100511	0.6101133525866439	0.5554281245097027	0.6032775059064368	0.4483551929395068
0.410609297598491	0.37566267187704	0.4406128708363663	0.7138185934318484	0.3829088948519161
0.34817686345582033	0.810215130281466	0.43344637951224707	0.5799508059984365	0.755207763488579
0.49199662299094155	0.6124426958648557	0.6088195437481642	0.6959823520486387	0.36792242722966134
0.33543810325444573	0.42565476529455226	0.3018919796520449	0.51034370379208	0.7047137003812081
0.3863621323567763	0.3771251103531642	0.6108172637476701	0.24530707007001823	0.23386305823649736
0.29886600154954235	0.5380205052083692	0.530152789581462	0.568292158334065	0.4391642609570697
0.4754225264292747	0.554395294110405	0.5628965796431499	0.6391342104859372	0.47308451655967837
0.5692166713402758	0.6539892779288979	0.6778236617397754	0.5647211080119507	0.3588195158618846
0.523605240029805	0.7415662177865479	0.3973038417813779	0.23948718514929887	0.572354823864885
0.35242161039348485	0.4186120861533536	0.5787572145735649	0.5786292546696868	0.4583278653127366
0.41181158086897796	0.6151629880952115	0.6348066739349498	0.6623999429305772	0.35330979681128294
0.44661427209400834	0.4132242386931275	0.5805701036869332	0.8150968019757511	0.5404514967454619
	0.47269052050237925	0.3727411491278747	0.548878278273321	0.46361018323236836
0.37900122153063365	0.3409601966890619	0.4084789584763427	0.5801412762554429	0.5605987328628992
	0.7034084707698477	0.42993137157485944	0.6146459506330816	0.43620173966722914
0.5536283500100502	0.4352775460749818	0.4997821056018446	0.5461661033011848	0.5085032217830349
0.3700951116167248	0.3366644235526829	0.48655649578899707	0.6618004150068046	0.613808056651413
0.5219474098324259	0.4004076846073375	0.5140717068646192	0.4194669421203173	0.4563431835905197
0.6223908106440728	0.5458730752150618	0.5920381276363512	0.5875951459309794	0.42188274513662366
0.7734899844347343	0.4986422996632645	0.858892953265735	0.4324993189768097	0.22269034291048
0.5761458483491385	0.6864348614405144	0.5645304029540736	0.4761669072760668	0.325062953576903
	0.34959070786465274	0.7250639868028982	0.5363461273092389	0.5727667622748156
0.4211716853747236	0.8750759929185763	0.46745459548730106	0.28838539689027093	0.190181078744026
0.6443567862165049	0.5689812594508941	0.563930582822654	0.6105105642509342	0.4447849789519993
	0.47612247487427656	0.3908665782607315	0.2699988334193812	0.3678723345344555
	0.6546872879135013	0.6127898078618788	0.9089250320856526	0.7393009191304262
	0.5572357026825052	0.5128180793269566	0.33686285377573766	0.35586528804935713
0.5363881485216015	0.5344182275942592	0.5015011944742126	0.40476902684164423	0.9762168889707549
0.690272492132083	0.3420557261736349	0.41529343357660536	0.47935999421908226	0.6134485724268882
0.32245838861596265	0.6048870610638267	0.3873145401570469	0.4212103220136261	0.5996529696341495
0.33913302116736926	0.7524324643728197	0.516222351880704	0.5854180045152724	0.6554765681878623
0.567659696660591	0.7611969292029233	0.5263082333784688	0.5869163799239636	0.23269376241169226
0.7053874952270762	0.517667429472229	0.35477781003076414	0.5139013968790498	0.5214076470882935
	0.6458255624170716	0.5674475472334767	0.4957425309317462	0.6620128099236442
0.5310158522778993	0.8295391727305583	0.5359578569094696	0.5015378776235145	0.36666970726472986
0.677312541736744	0.4751550472278321	0.338034925291894	0.7534021392311605	0.7084606123719873
0.463974264197956	0.21796731495064497	0.5512529212923242	0.6198554554320791	0.352289740251978
	0.27914575299661165	0.45436737479178096	0.2476513730245342	0.5803508426335847
0.8287505144820843	0.6178492216950742	0.3677826791838769	0.6305237661652079	0.5002503910629679
0.6510729324127198	0.8593190074816304	0.1366683836037692	0.6113253122714276	0.4077442034474287
0.28741481116035744	0.5467389884094245	0.6022057124369774	0.5344521868523918	0.37587219056288484
0.5993891747599827	0.6425545944062918	0.46353123620351144	0.5313689694409353	0.2995495049632239
0.52057311970532	0.7491286477875257	0.5794784347373548	0.8118942449382419	0.7563938847319002
0.47637334540188175	0.5296934411955976	0.5342897482324634	0.8541984126029538	0.35457568463864136
	0.5488074794998037	0.42306471022624825	0.36917594119898106	0.6005746814353219
0.6074307820674214	0.4814987231854395	0.4112456061407003	0.606015909193007	0.5962728135325362
0.7214079764690993	0.47637560594122424	0.8867579850711675	0.47891913010037995	0.5772933110695452
0.5953598617164959	0.5745554245069384	0.6195436080834232	0.5654078016272365	0.5773081621274171
0.6474306047484326	0.5461790576108785	0.6547238530402575	0.511882732735986	0.5129573013267872
	0.7847366720131674	0.34583947531006276	0.5293772750265275	0.5320968935632121
0.6295545283672417	0.5713616474893152	0.1307255569306381	0.8021521703630694	0.3728054143960542
	0.5195152852085151	0.6267723937235202	0.5061200071654778	0.48544612840438606
	0.4865183952254125	0.358007616440736	0.5578493675832175	0.5479637623844786
0.4629848779731948	0.48677304572984265	0.484750413326087	0.6382198426806992	0.1715841687592546
0.7322259103262528	0.5259334335770646	0.5293290248408695	0.6173291602928662	0.552737779643348
0.16988748955304747	0.5677575327961564	0.45322120418600287	0.6787385800441721	0.402321177385596
0.53957257079871	0.49362160636365804	0.7367792221911663	0.7103407916574809	0.5981574184012257
0.7796596739890919	0.7442002078258334	0.7071607422449795	0.6322899872173937	0.43986885860046915
0.40551565695378305	0.051537440416645715	0.7070421567507543	0.253816241621254	0.34372396697606533
0.30696184490384826	0.5257209433832171	0.39300282813167975	0.7258553931018533	0.5756441179817846
0.5966879068889115	0.6168203828904877	0.37365903382447324	0.547024121485017	0.6395366047987774
	0.6840619143417174	0.5013548534571415	0.5136298991162858	0.681660809302735
0.5942456575932561	0.20023228475819438	0.5432486994117071	0.4928805021313214	0.40927003511401905
0.7293267417543136	0.6996934717390183	0.3448080694041616	0.5156438073692808	0.3596114055089966
0.34026306042938465	0.4602972765699318	0.5761603960527837	0.3302431359729453	0.39061345097163797
	0.6048349584441312	0.574228232683177	0.5786981740191033	0.39071497432652824
0.5421294545054431	0.7365466409225093	0.33338782739142475	0.46969872337167934	0.2815979455693702
0.588860899509724	0.6044723530289342	0.5892528408484452	0.540629870148058	0.6580447530968311
0.6402371778011812	0.6173345980813674	0.5534333984034496	0.2816889378070846	0.6081298570464827
0.3672445970380608	0.6877533750980367	0.5152921000168863	0.7371830934507553	0.3779030798140535
0.5894456841845679	0.5372200185320544	0.40978668564018955	0.5754005702350625	0.48978199319689164
0.6760247717841541	0.5954110465032476	0.30911691335479646	0.5151787088126518	0.6022756027843843
0.43887488472608677	0.593199801273636	0.5240835879872037	0.6573934324125981	0.392130719423415
0.38964133732977146	0.21638503157778613	0.2987395598561549	0.70780384029504	0.48006714678371454
0.40270396092529853	0.4751120585975218	0.6065891476615834	0.6535778775152538	0.4959350782190845
0.5146621020307315	0.3410254072008546	0.6245770652868924	0.4355309212138514	0.6216526712620583
0.6120941916642492	0.6626626687137913	0.5485359957398295	0.5439689965371699	0.5589561825089838
0.5696735631702421	0.6146907339008865	0.6141831003114813	0.37763658882083273	0.6469627286639317
0.37075839886038814	0.963400167180216	0.42136919252297994	0.6042135202473768	0.2840868245838717
0.561230827082143	0.5160971208237557	0.1733627700933242	0.31674897545417235	0.4898976356558879
	0.5431664382722723	0.6338566061743898	0.6544263667634498	0.5477109843083487
0.47532267030396746	0.2761194218346844	0.29017796843693316	0.16424898755406972	0.4926509257951936
0.5505490824426282	0.643902127399147	0.37538307263450726	0.486734279365841	0.49569244892548964
0.8387085175524605	0.43455748404841155	0.5033331525157796	0.26142037693812314	0.49957832286362325
0.4758283245984002	0.6012880390834322	0.6130782421901746	0.5989761653668002	0.47525284743357515
0.24784437503749734	0.7082377621833961	0.6242274222198572	0.42956180172059727	0.7603306755384142
0.5504691103898036	0.6376325885714375	0.47062010892154593	0.489533075926802	0.7361127169308501
0.5407473292981564	0.31550983567793095	0.3843564435858466	0.6172997494502935	0.15908471690745435
0.5078498315378721	0.9200505053646804	0.5517299925219467	0.49266568429288504	0.6259343095440923
0.5031164675486746	0.6186267682432591	0.6048723773533041	0.37949762186009356	0.36729772038981146
0.5387467622417013	0.5238352959940409	0.18728685471626275	0.5867910169706324	0.15789583525113948
0.26510656764754736	0.5747083437265217	0.1119298184341818	0.4412833690312854	0.3216142323866774
0.4495300617484537	0.21525504371446944	0.5345097917915117	0.7365346508096149	0.5066474706404744
0.6613662458306665	0.6723578752774955	0.5933606064275821	0.4985192477189191	0.3976642543345838
0.4876012633336189	0.6572156751854872	0.39811743872036326	0.5010742441900462	0.35974204061443754
0.607287019908294	0.6458192585322214	0.4571455493825045	0.341241331928612	0.48136326616890035
0.6761231262639518	0.761745082199238	0.42183204557090836	0.48015331795936966	0.535659827746569
0.4049033178236061	0.5990816369659921	0.6986170024854393	0.4707149457620879	0.5391585226322044
0.49792026048187	0.13396669895344065	0.2766162207786733	0.60072610687958	0.3461072308591531
0.35161388968295854	0.5353221213866296	0.23671032682551407	0.3733635896342031	0.09365706571791349
0.3120647934337321	0.4611228371661652	0.43820728595772307	0.4885158239984845	0.484514110164715
0.30802628481178645	0.5946398429379013	0.2650439435418674	0.656159701225631	0.460643192084986
0.31335492503263424	0.27394625455863636	0.7630456373163014	0.7627690541163306	0.4811157925529595
0.6126930561535026	0.44819009413966493	0.2854851086887727	0.6026379338222084	0.5652348301607334
0.43232712769456794	0.4767632772187136	0.5698569920175186	0.4232307670442622	0.5711212949906715
0.3857757027669021	0.42092846811330836	0.33012622931729346	0.44685006324993004	0.5191841533322575
0.5521021550816576	0.5664613407309123	0.37661555242098826	0.5144871417558106	0.6776469403857588
0.32961668020367874	0.43325419174279617	0.5334639248207146	0.5392357238405839	0.6353195177880032
0.6510053730460293	0.33172096397171597	0.5421018874720244	0.3495705767845164	0.32954064486055534
0.15725651153517325	0.6869388846225308	0.5443444995390164	0.3907441825999895	0.18910489376650752
0.39271455825974105	0.6531787652466814	0.4373248010265599	0.508438834759012	0.8309176592921304
0.5495356708925988	0.3870336786134447	0.71554532283372	0.6873239956721158	0.5504559335297994
0.6434867970087458	0.4290592773304807	0.5796455589902156	0.48201723858441586	0.1960007744353297
0.48351399391828037	0.06123379580468268	0.42930348814952823	0.39667627400374633	0.40589314915156754
0.7146281077183755	0.10339636481365153	0.29675355042457324	0.5693753250338043	0.4167609674820197
0.5027571464066775	0.4518227732423064	0.42161983877691445	0.7400932560048616	0.2990691343890187
0.3984547323286967	0.4551137987319596	0.5379581936721113	0.6255043133362145	0.17568103504695698
0.44351368067290653	0.4918073460236204	0.34211297562988047	0.5509870543584915	0.6147361971290328
0.3377660676133824	0.8091287554702407	0.6048174226232804	0.6270088669875516	0.6477271882787932
0.2723521121802753	0.6622059355524761	0.7186133681136481	0.28564242077237395	0.46932697926749445
0.6142391571391772	0.6822496312220994	0.5183540382400952	0.5291648133565331	0.5259306893095976
0.3691250932494682	0.4978553303542807	0.43969106379675577	0.6099513807835455	0.2862379392575479
0.5418921592069097	0.6022742453885397	0.7428204822628823	0.36760440143399603	0.26744086827280644
	0.6083765295185611	0.402399667095639	0.3024872875305145	0.40811099095645026
	0.40196573673010283	0.5623598553361269	0.5759593101670302	0.3889267322563964
0.5196065882523472	0.36809482875028365	0.6026046639964686	0.7102496045723385	0.12909252777264335
0.4486476188792905	0.1959293898700429	0.5188209374276731	0.28519170764875307	0.4467757008508583
0.35855972973158895	0.5753315273750778	0.5823503864415026	0.6494531658683941	0.6042074185917804
0.5234087400193457	0.34078649808769157	0.5691890716974476	0.29561375314693705	0.5684753664292828
0.3021006338302049	0.4968758640883278	0.38611458455096975	0.6002301157473117	0.6026010274236138
0.20600909499008535	0.43212570182907956	0.5776182698916523	0.6061426284174757	0.18563275152229214
0.7028177868494615	0.3792607985610506	0.5421284312024753	0.3156643589603556	0.5392889082035435
0.5531832423613626	0.41846790090847696	0.5175337524169957	0.5387396282274125	0.2848653168582037
0.35526289898099844	0.38988678276662053	0.5400456133262344	0.7456356406507793	0.29693427856468313
0.5791939832895054	0.5144122377456627	0.21316824149075703	0.6136561946938743	0.496405258769541
0.548644706708876	0.4098253292444488	0.6420036178095379	0.5683582945057969	0.5746183749132947
0.5106442393949413	0.6136966501889216	0.60690604605861	0.7265171594264804	0.34630142681380455
	0.49510954472976165	0.553734852206835	0.430561513747212	0.242898561498409
0.43154605509792576	0.46182886286381647	0.7807502871940304	0.5336715710221747	0.6514624827749822
0.42628507979752756	0.289288158990069	0.23455533316593685	0.2794649066800122	0.3551056917391233
0.6665370982432095	0.4452827048137599	0.41766394166074255	0.3220679265346776	0.46030079538399354
0.503313298900065	0.5668097146163781	0.57863187384247	0.31391351086285235	0.44349821520803845
0.37495616943792925	0.690942321961439	0.26136706389139414	0.321545718080108	0.7439979557812573
0.5131705189000668	0.5829045327227923	0.0696966778725178	0.7407709502068016	0.38161563539736987
0.6482801389735693	0.5375325803714253	0.5439640622283841	0.3601812751807406	0.37642425425333265
	0.7373273151680293	0.620207251495404	0.5369752634461569	0.47416654606640146
0.4834390757722783	0.35823914446366845	0.6155364672657487	0.5652745951107455	0.2620278472692703
0.5688947094574215	0.5411703090375743	0.6924708574718338	0.680108942645292	0.40480068543676073
0.344041515097526	0.613718337572327	0.07723284014223447	0.5101214753770116	0.7110119897232997
0.40397589578304793	0.44321875787555665	0.413986783218108	0.5403457781296909	0.5177021552615814
0.601464259662583	0.4802650322033024	0.49311512769397736	0.5934737603582841	0.5774120656166125
0.4817890082270129	0.4556629931431185	0.6578759597504581	0.603233076863466	0.6331938426067545
	0.6680780948843019	0.17853810575992618	0.378772786668956	0.44865384267267716
	0.42075825709457887	0.4960734417971306	0.6082201053087867	0.6948680531944
0.629818269108185	0.4564385042083783	0.3370375149015483	0.4365086768111449	0.2529331396750049
0.6413082309165079	0.4286663830919659	0.4370070284425267	0.549438049365354	0.7123204550920161
0.513227926800491	0.3787150366003968	0.7907689599098865	0.5147871947918353	0.3135745860366395
0.4611382359781291	0.3464659544880735	0.7710553142478157	0.3456951301822035	0.5073702414593203
0.6029467374462885	0.5650861456071768	0.4670915607406207	0.4726784827410911	0.8267802869159321
0.5659982373185738	0.792783782804803	0.5577168463037463	0.33578618887662587	0.5899746773010589
	0.7597197739221331	0.7068162049094403	0.4431137771321661	0.5825442558438348
0.27290674319943087	0.4481327174459743	0.4251918053862595	0.480352287638522	0.49107601435413145
0.2547225573320267	0.46297337828285295	0.32452672711974845	0.7616904865661747	0.4254032356444982
0.0	0.6503801413382034	0.49833777535650703	0.8936508358316624	0.43681885460029574
0.5940331558613039	0.4870779828055388	0.49853142316251	0.48216711209622504	0.5058545562335668
0.3618769926769971	0.44518112108993796	0.598134333557927	0.33242269921462114	0.49706718826643287
0.5457849099514633	0.4606687638100537	0.47761721833751963	0.593385115944824	0.6913129708979558
0.23558851696447392	0.40344250802924525	0.5021950412096997	0.5007721084356739	0.3622133475731361
0.6607276573572008	0.4728969232355001	0.700219714873917	0.5517743940323391	0.5733442017695339
0.3883664419850572	0.7538204163643617	0.5660960988675682	0.8066710894562635	0.5235228676421367
0.7004871143818016	0.32316273393756006	0.5290510323397761	0.5484066808691157	0.5111098889524271
	0.4713105456056046	0.7856472195177433	0.7185834387682665	0.5960919162188554
0.7045605861438787	0.424847562516301	0.7426450096005981	0.7932875867755563	0.3212883832368958
0.5563413373345891	0.4462516583469882	0.3266888804613316	0.7500218532973546	0.8070864546989115
0.5397642034321912	0.6540163527766685	0.7419538857364477	0.5230734829378774	0.4314602304584174
0.6497966782475052	0.5744058486735175	0.4563365335129693	0.5585605094400642	0.3522535861925187
0.42322944121224265	0.595538281254283	0.41095168024342055	0.40616077213808566	0.6926998453132791
0.6000842317559535	0.6982846732731465	0.511820154345821	0.7448922037518803	0.32614059371322757
0.6310096106886767	0.319357903646463	0.7389168415455216	0.7674290498509044	0.5175103398868873
0.5896431099073858	0.3361786872968758	0.3636815046785086	0.6009742013326541	0.6828732985462472
	0.25383837966464423	0.5275291143329572	0.5703761778400268	0.6166851298585075
0.6281386642573862	0.4264110415859455	0.5697554906793287	0.7520181184566551	0.7177362432386729
0.7310629225906061	0.3211361584063533	0.33696696600583365	0.7184034560822394	0.39786303162933867
0.6973383606152059	0.5070030559380054	0.6957149129624369	0.4947190199205201	0.5644399538196809
0.32932349443290465	0.554293448781924	0.3001765637490274	0.22078837682507996	0.43654279669534235
0.2894290279240741	0.4873265055152092	0.685890973220401	0.5102905398858422	0.5783005664756427
0.6086042676042964	0.727029632268646	0.36614285444872235	0.3291095914021315	0.6156748352373764
0.49106643293799734	0.2823413454524876	0.4326839628728866	0.7756942825796034	0.6999818125527695
0.5838791649290375	0.35266457427181985	0.6483488082747202	0.4726348979336605	0.4285639801873095
0.4056895541462527	0.5174853020968184	0.6722525375083601	0.6337218189082308	0.46983010095051964
0.6957488177287038	0.6298150788074113	0.6009044846783872	0.6330395563215331	0.3339042454232778
0.5182780344074275	0.3425788299477828	0.6357975962990727	0.5096920877490966	0.7613498393588498
0.43866742283372345	0.4833492695322685	0.5623939999147703	0.5364011219583494	0.6807987871964449
0.6227509320517897	0.2499478623457317	0.6670707643843414	0.5292941780782034	0.7462390686453841
0.6976027902678068	0.6694909269676467	0.8330534904967523	0.331491264770591	0.400366865323926
	0.7221398652142943	1.0	0.25422990537251267	0.47379041358590596
	0.4689976269943376	0.4821455945015666	0.7746168600092317	0.6617026300843756
0.4573825671142757	0.6059553682323069	0.5037343149230967	0.8323908918070702	0.4070463272703157
0.6566566758671346	0.5543626490778281	0.47962717194502824	0.1947180710744404	0.5484106919718142
0.553617926315741	0.5657469603046114	0.5805433800700202	0.48486612733547485	0.6267294437135393
0.5349947529554864	0.5283776008588696	0.5535113406848254	0.6875080197006185	0.46732626986418513
0.4125955823675302	0.37252350715217136	0.3372201782342887	0.6233020591358357	0.65757306784694
0.6107501490054885	0.43414652958248895	0.3161490668303416	0.6568509918818419	0.4094350329715101
0.34075270400363106	0.3001735580908718	0.1673286326515364	0.31743612417799616	0.6162100555213819
	0.4363362613936798	0.5359581874482198	0.5373667466696493	0.4657894748875781
	0.5293024809244566	0.38631704020684876	0.6665262117006641	0.6431019652670112
0.20775191630875067	0.6344608701456039	0.43877882738031754	0.6446412865192908	0.23148384876640946
0.33914025005840437	0.3623573449365285	0.5595908971363958	0.2992775940193146	0.6888116382416912
0.397846473951193	0.6053656058298749	0.7310976340456397	0.7140203377410894	0.5545421570826571
0.39193743285310856	0.11792000106071318	0.4212228002706073	0.5459373267721839	0.6167244044789364
0.24340760485538476	0.5619680776836692	0.4752327002920802	0.6610246238164288	0.34924102786960176
0.5485550118114135	0.4651773683755297	0.600524063766923	0.35982214704882515	0.5980129278457296
	0.5932231823280604	0.17201582777515875	0.4620697765634437	0.46753962438882785
0.6979330233275813	0.3231498492116874	0.626491355745485	0.572960960130769	0.4866938907810872
0.41225408496862187	0.45766178164062554	0.5519111825168612	0.22162647372339234	0.2629806142753447
0.3905989833382291	0.636664961600752	0.5296053418603733	0.683849685618712	0.31344621241081966
0.5928375804534033	0.48640492245053496	0.20495089428703456	0.4216434855688288	0.22895602146395577
0.5224120586050602	0.5964577746053911	0.5653148474706128	0.440528820489061	0.3446006540256734
0.34970483809424024	0.48985134879384473	0.5299250519955859	0.47251435000721626	0.32676150044429986
0.3887291011661825	0.5278621394868775	0.45854513410477654	0.5208754991523386	0.53148724357889
0.6538444328434345	0.563068401981771	0.2630317985885613	0.5419964312488632	0.6812047291856484
0.3347599859006965	0.31245661888446147	0.45262107670006596	0.33419062688892837	0.5784230820805052
0.5180108886503751	0.48063946899698473	0.6455864840139284	0.6302489103278198	0.4066101540848919
0.5045198511429158	0.5864686503931261	0.2035578308212433	0.20932171913912703	0.3953208145701883
0.5120024129072186	0.559543931302756	0.4975421202933922	0.4074142518642863	0.4971331069775644
0.5205511975421264	0.6671338736543855	0.4795024591465756	0.75178856993075	0.3961029139938024
0.5017281131777694	0.8038474158446112	0.5374710515566902	0.2895595520094752	0.6435281008465917
0.32678793425593805	0.5133166961945099	0.4701578529054914	0.3233583580613432	0.3741859073110339
0.7696641154504672	0.22382884351457422	0.1822071150943492	0.6225490475581448	0.46245948023053524
0.6268413894328557	0.3465674694566274	0.43666644498382107	0.3321377673633014	0.27386527855838416
0.3716835938133146	0.44077984750322946	0.4581732782440835	0.5133705890009255	0.6691535951862221
0.4305616699281371	0.4901178579959575	0.3298176634478746	0.2832997819390288	0.3886464523704055
0.4662002855517709	0.5630866419700937	0.5767745618874729	0.43317418880888553	0.6381766050242341
0.6316662942950697	0.5104511791609567	0.2121446685849259	0.4951771806898027	0.6374900248777526
0.3195691896439203	0.44706800100614597	0.4243577614360744	0.43145903994079376	0.44827695054149796
0.3188063921589113	0.45109098530135744	0.458004827862087	0.6378688380679881	0.5246000574039281
0.6111730278859125	0.4367318007713203	0.34926844723546085	0.43916214736380405	0.5872360997293109
	0.4169030619582077	0.632477377397084	0.7579132833271096	0.6868764707186603
0.7303786160573691	0.7534886432537038	0.39872760543006214	0.22523573130706792	0.41646244204691163
0.49479344880202636	0.39705612954341507	0.5699426770400711	0.7366227114727801	0.49813581583907796
0.39189836460401817	0.6552397345662011	0.3456262016179067	0.5694868880976108	0.32330916248596825
0.4413839424921881	0.5844752471845818	0.5626220963755437	0.4668754217080404	0.576215634987497
0.5538051316254083	0.4597742950036276	0.4394032116354422	0.37456836228834045	0.39345265367302695
0.3449404845218715	0.5785119905764731	0.7676164511672683	0.6266600594243652	0.7412731390290214
0.5124033706978882	0.45150801706003524	0.49488289705931626	0.42470920426322123	0.45330948950706906
0.5413139247823985	0.44402812667565233	0.7475026858668214	0.4463220837298314	0.4162405380227379
0.5308477959041293	0.5833023104009252	0.5770776088576238	0.3640587551266761	0.769090872026046
	0.7242607694132293	0.4158833598246021	0.5546040194098933	0.4057008232848129
0.09703390264912916	0.5392926911776886	0.35538075919501155	0.5285260928059307	0.5371182749435874
0.5639497482960429	0.44878195269801013	0.45626969400442563	0.5140552230580836	0.4175587673035207
	0.7468914533338608	0.5068451155603368	0.5317154556256972	0.5405100471936026
0.48183525003544325	0.2640743933187135	0.39480673494814544	0.3733087384095007	0.3733090377021451
0.44222113607866176	0.5445335479581959	0.37911071835714494	0.44527584159391026	0.753593160805609
0.4759455962784341	0.4483151363969422	0.36844121168214927	0.555955050728239	0.22660395449777898
0.5464081544319794	0.6723614530308851	0.4930081486559542	0.5483995293469409	0.3455055823749344
0.34850926713622526	0.6260596636671049	0.46681150112823344	0.352473247856549	0.7691164764325441
	0.532559082720587	0.44209660911944787	0.5096690741732096	0.7305572666160449
0.4741936291688516	0.3778194940045452	0.48934626010786847	0.3881680207471974	0.5125045443498051
0.5034277167511105	0.5509359632951955	0.6053733101784353	0.3648889080228659	0.6087909878866551
0.45115359935874405	0.3750771009710182	0.4798941619809865	0.4996617345345445	0.6895713653857162
0.33753551719723185	0.5954811388265643	0.6076994122692296	0.707930664651534	0.4992933955472373
0.4948811761102924	0.4236394607766646	0.6039742942264683	0.3106071596387249	0.5977583340746604
0.36114798237979423	0.5147476139719703	0.34055380476094543	0.38907897099630834	0.22547378936240206
0.5849660237544714	0.5296340985371194	0.47355168026255134	0.4353898871930831	0.3596123729035423
0.3534042235757849	0.4696827553179481	0.5339120842917839	0.515249067998333	0.26827338454969407
0.6948279163652341	0.567740531531599	0.3233648415034615	0.5231950506372108	0.46096741937459623
0.39908745881762014	0.6091051537872149	0.7168907022546143	0.6808645943994436	0.7297502326660648
0.7360956111344866	0.3850972265276396	0.5091609308562007	0.5074905874859977	0.5678494469336511
0.3059471139709644	0.6839703117409871	0.5628446813352912	0.5282672066325295	0.43953441841867213
0.19056410999134138	0.5048921235518828	0.585173498682123	0.6081916874404988	0.3445808873042875
0.5515118082512532	0.3905228312479685	0.569604694608424	0.7665341981882056	0.39714730265374576
0.40838618807779054	0.5138162734094245	0.5610804606801939	0.4631491173127219	0.3838417665783693
0.7815470569579589	0.4304400452552865	0.9147531333440018	0.3570479620269179	0.6211350154121583
0.5288478948020059	0.38372723022459443	0.33685144047988996	0.4651496791704937	0.5398855570994284
0.6366617828912912	0.6396927955940775	0.330951185090724	0.36985111356159633	0.7780979571854381
0.5089366830169082	0.4106290181393907	0.7025630588033358	0.5869893759461284	0.5284986528840883
0.3584132685746449	0.24458825954466046	0.5088094564371697	0.48920591979050454	0.7329184925964608
0.46359288890909384	0.5771964671543194	0.5358645691865483	0.6372202854396792	0.3693184239221051
0.6087538059005836	0.2857022659246081	0.5384940186114238	0.26401683639370255	0.3756615864693185
0.5058851241462985	0.07383012265132768	0.7987731704573738	0.6160135865733126	0.3571595694940052
0.5126500762990007	0.6462536102582478	0.24854534209745185	0.5645911565097144	0.3754628998200087
	0.7301869033376341	0.42415472292925893	0.3650581537771276	0.30014413029866704
0.40601055638685835	0.24760709879993292	0.44756112950222754	0.4446393017118156	0.30573649143558035
0.26149219805165114	0.5717699850531072	0.4882033790885919	0.7089954059890651	0.6737740803259963
0.5069029257245738	0.5222422694325796	0.2772678479696436	0.6238268685020733	0.5082891370173198
0.32405322623163796	0.4209751899873808	0.2892021993797949	0.4284904074221074	0.5354221883419179
0.5241434908786038	0.3153368087268995	0.6652454563295408	0.544423393552409	0.6318941803753615
0.37071141816777886	0.5153985014842845	0.7263193897063657	0.5256607914635729	0.5619930010800983
0.5825682914841978	0.5050832928275116	0.3270133318982225	0.5466108903137581	0.5068025259091222
0.5331417609519624	0.6170265889847089	0.4976310771529696	0.5552692217222007	0.4627441960956721
0.674119017918987	0.5014647798378837	0.7077915146496984	0.5752832770404853	0.49437883504725916
0.5715710505287623	0.38347832706743773	0.43809898343803655	0.43099462275116984	0.35513809712324657
0.557445129913581	0.6674387371643586	0.40328779732411124	0.5114527435488058	0.6389159569842874
0.37054356200040095	0.7023116059576489	0.3670885689340375	0.47966425144486086	0.6621034245335183
0.856087756561183	0.25506576105876644	0.2993822546461693	0.4035121943599727	0.5292916567409848
	0.7143932417007208	0.4661196800121399	0.48116963482138736	0.6245646307159138
0.3683149350208357	0.7610780946361144	0.5839390433293993	0.3926574826506982	0.4842860277909248
0.4763788017791838	0.6641599381969309	0.4633534189138374	0.5717710087532806	0.18732704863359262
0.45673112540708033	0.2852276947268705	0.5701620170492107	0.3076771184736524	0.5962732925137452
	0.37513609569369	0.45205914399345626	0.4262985796159461	0.18863676542426547
0.29923172951712484	0.4558497529217539	0.5918247697340552	0.5161072657676983	0.8572096604561645
0.28499081258059544	0.6614343036633812	0.5167143169441654	0.4760188965335894	0.6843728098360847
0.41399000269226477	0.2573089360949597	0.6177680368992241	0.40702698223140604	0.33938708025174585
	0.4976341009721936	0.2663602663519248	0.3529154127415076	0.46346039526525323
0.32439286270939166	0.5933113210075615	0.4199522282399888	0.3344364443347008	0.3931297083787411
	0.7717712300288424	0.26549923010659887	0.5135095160992981	0.5454511745001293
0.4878056682978062	0.4643419236110454	0.4058631112472005	0.49858201239962574	0.20160771976065428
0.46103614647725705	0.6882897473983798	0.37478354072751047	0.7402510794542906	0.48441417250270724
0.4874404436546363	0.5053827002396488	0.6991031787787136	0.5059172887423746	0.3346689000642653
0.4448858919920811	0.6075621000429001	0.5121131139491663	0.22975538659721761	0.22449848172193515
0.5470862266349162	0.16736825246079473	0.6737938665731739	0.3819299962440766	0.3906683923797571
0.46828626607124074	0.6838667902870073	0.5106066465477778	0.45823395786664983	0.4135336654990729
0.30895833822812535	0.3901114020856905	0.46024756839181247	0.3334740435619894	0.3640219248095425
0.06862208322209373	0.5315366599993947	0.4382177178541916	0.34937609329989977	0.2596000424207431
0.5222532933955651	0.3847203635835011	0.5622666365288884	0.5052175126564936	0.42790940379742753
0.27072925645961987	0.4595321947968574	0.32949570951331736	0.3852153387509667	0.10537094865689949
0.598476189723553	0.37426057902614224	0.554882301115954	0.15442623201587985	0.6406880440053662
0.5633656307204575	0.6769973311334141	0.44747559556323924	0.441602703641549	0.3419434109071743
0.24315834781744128	0.7042767408452456	0.5427293750087343	0.713078807895969	0.49173913625951315
0.5657511751095526	0.4437533252256262	0.6406907578888584	0.49856571665594307	0.46622503084717243
0.38415709712547746	0.589243749236298	0.6020868141277709	0.4730625227098664	0.6395455420678403
0.48861722549220293	0.561066372795666	0.6503599285297146	0.6498286821150062	0.4342900325420843
0.5198384250556838	0.09110078159130676	0.4796972250373325	0.5516692940006546	0.4607264779032667
0.413042779444018	0.4380040695373411	0.5530993548269635	0.6355535470329634	0.48113201624783486
0.8068246924512461	0.35418643465847194	0.4765032440484777	0.5177453407315022	0.3275627691469625
0.5218702462586052	0.5566233416712522	0.40590308915043877	0.6813809476017475	0.4952201295522725
0.5748485486055226	0.6900551575327595	0.5467080718316967	0.37603626041151705	0.5893094911839976
0.2803338189687786	0.8643881917058742	0.6821074043061363	0.4728692818940471	0.5840099343128976
0.26952394631623333	0.5218691981929815	0.34239360340187114	0.5376331462718007	0.45332188010124713
0.3881328846181614	0.4296498838020489	0.5003299570404389	0.33583328273848656	0.4244904267632893
0.5774710104461768	0.2736372919823489	0.8354658829173228	0.4586327551367241	0.5727132724183457
0.38097210807781273	0.7108028285416976	0.3626575047336267	0.5624992168006928	0.5881580350372967
0.4814947095732658	0.6078024389207942	0.41370271650249785	0.5883179454965732	0.24805696426529336
0.5809266048980314	0.4531810832131454	0.48954865713696194	0.3978383740460661	0.47411020770631
0.5209634825179987	0.3447067394960217	0.4317164770670228	0.5208681673067261	0.4567155498155612
0.6905857482025402	0.8916400533330969	0.6975418783641476	0.5901753183904153	0.457098616308141
0.4951320519618117	0.49648384347081215	0.5330445616660319	0.42877768408772693	0.4331424614606383
0.4474982606403423	0.2917331188809073	0.350390480747116	0.5686317322027682	0.46477274123720436
	0.4322846276442631	0.3633641440217986	0.31541482649808195	0.764013586993265
0.6481743141309998	0.27161539440648064	0.5301145407864113	0.512777829836135	0.3329137020968795
	0.21614828182683588	0.6009791410533987	0.43142967998259346	0.4926581276184695
0.19582259700443244	0.48714907855492434	0.42284422042457287	0.6435325318849803	0.6392024808068522
0.7233058652716051	0.639037285172758	0.4873174544504429	0.4367728316862163	0.3908391053424824
0.4685261669135468	0.4310915373579326	0.18081177473492788	0.5336238927766611	0.439971581124398
	0.6733639569244592	0.4397395872567117	0.43198431750072097	0.4920418549882337
0.5703229027051642	0.31865161675140247	0.4208319634721335	0.6255645000633506	0.39205245498507807
	0.42442838616008755	0.5089503295660289	0.28916433843565015	0.28405300538744627
0.4391764541111102	0.4720417414461809	0.3863561618112679	0.7361891388727291	0.5614786973995193
0.744113300027595	0.49832526530891497	0.399919460576322	0.2796117156745113	0.7683727565124022
0.36043804466329055	0.48881205621860346	0.6968208510998236	0.5555586267687809	0.5756859509390015
0.6509419217878811	0.5868793177848072	0.31166357556525576	0.5560380772625916	0.5077527776527618
0.521189268795374	0.4770095642598823	0.451855143706866	0.36334025726130587	0.5003469041398725
0.5964791332675321	0.42603966139244437	0.5693166403807328	0.38804690603580094	0.5169276322275197
0.44142112290492685	0.4632653352867074	0.6319203446626054	0.6130405519584227	0.4854199618178774
0.5301205719625006	0.2819131321362902	0.6946132794545763	0.543635596159366	0.3689993605235466
0.6923984585379412	0.861020300886437	0.33735516046190045	0.48385897017099216	0.4504190037877131
0.5866017747146018	0.5434102065493805	0.5234025878915887	0.36022970759494455	0.6193276980522411
0.42873676260523363	0.46319618404819823	0.5129263495147559	0.5662831453510135	0.5186218726946608
0.3252544024307083	0.6670575001841826	0.5562805133523704	0.566924024922181	0.3485719762100609
0.4134603250163991	0.5898758894051951	0.5630808815024863	0.6756956101071981	0.7260405180033613
0.5347990296261486	0.5247800387401267	0.22858072750340688	0.7665481902268397	0.6261236111425291
	0.4971477619572398	0.390251007350524	0.4900567830776248	0.2501667111504681
0.11679412956665189	0.35131328166542636	0.4931857899944011	0.3969202096087619	0.2460138308839601
0.5423456438115587	0.3354322145361689	0.5277814047005287	0.6036530606581203	0.5885622818270045
0.11859202273643193	0.3292368538724564	0.4167163957313161	0.684425011928697	0.5888468819388969
0.782946826231767	0.6864738291909821	0.40480948695371194	0.3694402425536749	0.5612201052679492
0.5076829710726944	0.38964558736606947	0.5350128684208761	0.5763884579899868	0.34231313588359763
0.23525574546717803	0.38331814286231597	0.5970848524152766	0.23951606272524922	0.4060632892195197
0.45385620167184026	0.4595229472087474	0.6126083274664759	0.7010793325047282	0.4180791038636687
0.43619491832686746	0.12387584829162832	0.33749841819022397	0.14109023510987462	0.6477353755876774
	0.7124948393468574	0.5143711630345184	0.6047114233644408	0.5473812517542861
	0.6667011640234872	0.5779092191605418	0.5102012830802363	0.43802363039746056
0.575973505406386	0.3270219691262786	0.21692768278397834	0.6431504649659471	0.4698700518233003
0.2947330216142864	0.30717908008808464	0.2841773363168084	0.5283575490733493	0.4670968122612771
0.29220533700883367	0.7831338372880444	0.2932778065017778	0.41166793679198155	0.5408630698052802
0.9100072622810991	0.7926618609158439	0.4868949524379369	0.6625905215754316	0.30912130801714144
0.36873454576185366	0.3883526720623888	0.5884860537405212	0.5991132716311677	0.2942538084114254
0.5109730951554499	0.21425514892656874	0.5528694761287133	0.40860714040636753	0.44260519234226936
0.6291677121102374	0.6493525406675625	0.7585541434610718	0.620338466217226	0.5060379868832554
	0.5803717265188676	0.29973008395754613	0.4650335444210316	0.5585866179954982
0.4562379143105997	0.3974630833684776	0.10450488095674425	0.2848836816798145	0.4697167423945448
0.6235629379786334	0.49078353016792486	0.2705502984441527	0.3644887657778899	0.38008360637651534
0.4302739959644835	0.7063420157161158	0.5128592508047279	0.2474274125540159	0.5143281395589122
0.3476355792682866	0.5520982291628015	0.5536598223967725	0.2688564520938855	0.22414973591638726
0.7434784454410656	0.45280609385323717	0.39228833605187563	0.34502653815228584	0.8066842934772691
0.3929023402538421	0.3393525714120575	0.6494106467951029	0.5259822064477006	0.42413483914780414
0.5593455154666946	0.23102397348720977	0.6583761705645115	0.3393537667688669	0.7773315212905562
0.46732437851002046	0.21111750766551193	0.4812212147555076	0.4469471325790217	0.4498702724420403
0.26518603139139174	0.4050238773811153	0.3713567978094184	0.4401221926433058	0.7129258244961444
0.417403622876305	0.6773271814128672	0.692206129507772	0.7964123000967077	0.5556937554415718
0.554404342623846	0.35038581219196646	0.5066217834270416	0.46171958666096924	0.679671763377305
0.540047384629861	0.42797658338145195	0.3164450616315149	0.24624742633868496	0.5255262440004324
0.42466685140617755	0.4858696202259326	0.20247355699202424	0.5583088688906838	0.47801223857554404
0.872096653100671	0.6128720396477414	0.29515672953624267	0.26541318701267	0.834015436381553
0.7198457359542821	0.38203017941402584	0.5119938556225266	0.5122612259952342	0.4642282375316671
0.29790489184570584	0.5017164856404447	0.41317063330712456	0.3925660767055553	0.5108650922073132
0.6663545970084573	0.49414656189100326	0.5341672470974566	0.3152197810365554	0.3031259690061364
0.5830719012624466	0.7132752690172801	0.6798676095819459	0.8834725518241807	0.5064276659274337
0.4095357569355334	0.5732062827249154	0.576106534529431	0.598407596160932	0.34394490763704594
0.46557445065647773	0.44211069046689894	0.4616958092293854	0.24906046113169453	0.4735114860739705
0.434225096021152	0.3580732097352903	0.4893019574921594	0.3550787264067113	0.5212174124045024
0.6454568178508806	0.4926210142909466	0.6524307924885211	0.6681584384945845	0.5426886624487748
0.5218167912931997	0.5477902740922469	0.6444290741604976	0.8052616049711847	0.4040522940217551
0.5337018810174841	0.25390134795469216	0.10346883153767236	0.4234283279671554	0.4736531592636133
0.6481095334000704	0.4423781822454991	0.4345703380797855	0.6081791228178984	0.5060028591323446
0.4457618146030655	0.3905230366244418	0.5556461607498399	0.5517011486046901	0.43239569346980355
0.5624179111600651	0.3291661593274508	0.5625133126844755	0.42427506828293876	0.45436032084221983
0.7901491460910126	0.3279390248787016	0.6405273625674835	0.3983726989326579	0.45359359578432046
0.38554886532813776	0.5880612176572604	0.25253015726174194	0.5424478077283191	0.5878916302779676
0.42130888716356746	0.2416802621730705	0.4815844290845945	0.5578739413134314	0.3318275201977393
0.5410866960016132	0.47518977693787096	0.3343214396857554	0.2324478866915805	0.529298885308783
	0.6049329967440668	0.500177380892562	0.5028869402537604	0.6840265136405861
0.6409367119798286	0.46384852969797086	0.3333985501777487	0.5653239272326591	0.44645870435492535
0.5108792433347603	0.6663581665461425	0.42141985062046633	0.5674277645528952	0.39910778496542615
0.8726377554513015	0.5814458834908587	0.08892268056285914	0.513766136104468	0.3787718054197052
0.4399922846099363	0.5451662397727187	0.5561657043061117	0.32913290944521695	0.5235745954712969
0.7274897462634492	0.5045498516517949	0.6424286672406682	0.4831244434595899	0.6927479625897579
0.3490913564001337	0.514800874217228	0.5789520010766142	0.4946479499819552	0.4578900444674572
0.5712144324780473	0.6980780100028375	0.3125951340853852	0.6001694317669872	0.5760311895228911
0.5578674123249729	0.6910750971552049	0.5849131181352377	0.673668695687304	0.4335340507204503
0.5214522944830557	0.27568932174063454	0.5429245162709498	0.508089214353826	0.30595489919825747
0.4176889004565593	0.3272880992533185	0.26065328892877476	0.3018331665227541	0.406671922083473
	0.40164791419031043	0.40987101219868943	0.8477263130309957	0.4587447399410441
0.6249007787831463	0.34962725103906134	0.5152386738824585	0.25502978936752085	0.4004271694064093
0.36923431947705987	0.45014273889610834	0.7392744252534739	0.6604719919546644	0.6538969299075381
0.7582218094794153	0.5185762442288706	0.4117603950449734	0.33014420323621213	0.5204590020076219
0.3763166500985519	0.46662619875146055	0.47184214891391274	0.399831262481421	0.6531001666415157
0.4469835242758196	0.5719262390836137	0.6776921917618265	0.6937749589991477	0.41260544913227776
0.7312716353993444	0.2604543248392944	0.5224642979773	0.5315977061167481	0.2827519653842132
	0.8471141041286255	0.3364988612268514	0.5525962892763046	0.5901670929127973
0.3245954608882856	0.46144068266805927	0.5994578740675784	0.47260779313333684	0.4308197280267582
0.2920781199088284	0.4447936319271229	0.6054998768456663	0.44338128549571465	0.411530168763252
0.36882616198377177	0.44872856935890554	0.6417528898315336	0.5663860405444159	0.4056769446899104
0.6458682044953074	0.5156712045507765	0.7496934837425026	0.21737667476126837	0.7667169230428645
0.12626928730420328	0.2249377183608817	0.5118958260531555	0.706723691875638	0.5422731476543463
0.36397871844444685	0.612233803615137	0.6212915647446917	0.666484231771726	0.584670815669771
	0.6044731202593595	0.3717809722313395	0.12244637043216482	0.4462601104425373
0.5402560359887102	0.5464936749408358	0.24320291024398705	0.400957526986937	0.491137466382134
0.44734882047883356	0.3845658230197412	0.5039649607470527	0.5977673251229928	0.5567227508159829
0.5901231030380862	0.380708531814484	0.5326938281025818	0.1358569456262477	0.47349656101141946
	0.7526337755763232	0.5339331122567263	0.5271516132074343	0.5730421634962783
0.370225521386019	0.49420473411268007	0.350549550611703	0.5039741376058678	0.5288039515588906
0.4237776592834274	0.556286802736545	0.7654809147366797	0.7398346469965015	0.45786766595340656
0.38006327603169987	0.3407617757309512	0.46227276305800824	0.4289254780438901	0.3880678283312294
0.6725490135859875	0.49909087590888956	0.7403737619894146	0.26328269260680265	0.44112961930836275
0.5996426051407047	0.5087761162991408	0.3870518532822962	0.6667657416045795	0.4990989130789244
0.5422509818593569	0.5296400617228615	0.4671726152892076	0.4997353803171582	0.736088397957548
0.19650637571725507	0.5705489092425087	0.6468905928340419	0.4251094545285977	0.32471038590745294
0.47295815863703666	0.40523661141549966	0.3512295543075238	0.5173876862799176	0.41269379305339743
0.46298994095884294	0.3392612232677334	0.6008472054434367	0.28389098085970804	0.5797570293947756
0.5328317443711249	0.45564947175412507	0.592831889891368	0.3553157144036182	0.5649843021339217
0.4223312345104153	0.5052607521196458	0.6030380019006354	0.46567710711326044	0.740173799686385
0.5132827862923924	0.7080547831892808	0.6404339367329384	0.682061333892757	0.4022478166916374
0.6474339766592685	0.5265755799384448	0.6085434567721777	0.4743961683459962	0.43608475888202936
0.6649642093400112	0.7521468270565398	0.549872691797507	0.5798142572578312	0.5769283054465352
0.5716771696841326	0.5267312928785672	0.528715051797033	0.3130103411317722	0.12866246249167818
0.600625310214657	0.5224346697632216	0.725230415410719	0.5527984131779812	0.5731396403079557
0.6477586885234876	0.17605844093961287	0.5459773617335227	0.2641392649300135	0.709362547593123
0.40967029335148614	0.32040590141287295	0.5263651857721715	0.41763667073143473	0.3897005135158161
0.41808756905007016	0.6370010232296915	0.6038039050180303	0.7190130656566429	0.3052485257868296
0.6472858295603198	0.7729036687211641	0.7453609444036041	0.6338775477423867	0.695613179967765
0.331898105211501	0.49626485458799613	0.1920722816248143	0.6074378207744416	0.3023059893791303
0.8236237733668307	0.4411793929046853	0.44944870961013345	0.5483504529125691	0.4469319171915722
0.3615572235224939	0.376125491321487	0.2955365566261297	0.4003463342768111	0.5813817586122828
0.46359017041088124	0.37919045356842895	0.1951538157034063	0.39089942637836916	0.49814797233600067
0.6310347155968972	0.5206014623715826	0.6504365173781258	0.3954346897744198	0.19555582714181852
	0.5006909115259781	0.49445905200483276	0.47256037735624984	0.40993330550677676
0.487034919950643	0.691363641122907	0.5346162709474916	0.44639421069278823	0.610186353951337
0.72055648015147	0.40471951228613795	0.437419105403787	0.466272601932788	0.3854598205326236
0.3855286111987425	0.19205054582738804	0.48551884231888726	0.2715264564364193	0.3898784989026136
0.40753921081103867	0.7294088538786118	0.3252195336871994	0.5654473588666463	0.616343351433748
0.7403368083676891	0.5283130126001221	0.5897034614364723	0.4239575394808085	0.25974882158718515
0.5872832118475632	0.43595420179854766	0.28779574250616985	0.4191699931316989	0.5342012810661392
	0.44576202814737964	0.37931389745141053	0.6185185352382755	0.5281869077156511
0.6059882467093862	0.3950610188981388	0.7991677362723517	0.3829120478519168	0.3208714636414904
0.5713402126322944	0.6808981673477779	0.5550210719354361	0.37184129510636443	0.43392911277491675
0.378595521886633	0.6908324393324073	0.5214922293522954	0.5866351039616405	0.5614557374540968
0.5450292665409172	0.534896733800979	0.40845653682498734	0.541605439912882	0.7787021769484748
0.44364614304169103	0.6379972689905796	0.3632650604777989	0.5567751371678947	0.7804535481808381
0.3106818808341613	0.5917389913660491	0.4631313391337472	0.9003754493023709	0.7665060409612328
0.15844075935280255	0.42183499231263505	0.4814708496306103	0.4294106886270238	0.5006504927191021
0.38627438604786335	0.4886920931962061	0.43693526048366405	0.7270179161765408	0.22359715204751435
0.5604692670424867	0.28973297274305215	0.6158889014486948	0.4756415230950749	0.5434406824158371
0.37699952142376536	0.47371092310783697	0.8780545798277574	0.4006165223874874	0.5483239804895397
0.5695523721043494	0.5466765707189103	0.4136560869187576	0.4179743995577715	0.5006958191464297
0.6148206801258647	0.5375013083230372	0.3087713469140261	0.6173369927553923	0.6413624631168506
0.5185875054038631	0.6627540195946003	0.377454491748445	0.4386248595755656	0.4337482448242264
0.29138819462310794	0.6057602484486048	0.4597429807363857	0.3487114457599136	0.4003305162278764
0.2765872231358036	0.3162055463221827	0.725832883188362	0.7055869340770206	0.3362246822724643
0.46335494937171656	0.45532319489206796	0.5983624454518407	0.7336988592335149	0.29553006135735443
0.2468904069875144	0.36920346723050723	0.6734699022431252	0.5174591235832308	0.4748871333257485
0.4336590276888944	0.4798904649825873	0.4679922447154704	0.4050416383944896	0.2757341516572535
0.5632075206474322	0.41744409780739455	0.5941433813730251	0.29328577041036386	0.7392186277671018
	0.49922495316404375	0.6230244785631027	0.35830280372469364	0.7396308974221367
0.5542455756236888	0.3278855718518459	0.5620424193786812	0.5298778555403532	0.572954706459253
0.7000919120168455	0.5775584125798626	0.5507922005497552	0.40156333428851193	0.3882084975053008
0.6088206577747245	0.4257609386241014	0.42305347548093314	0.6770571570008935	0.31442858657061334
0.4579029055885657	0.4931615377799752	0.7728629058738341	0.667672365516351	0.5316260486476969
0.46104000078831103	0.28753856698488084	0.656826053096337	0.5952606025498594	0.5617034052740381
0.46147949378123104	0.44479877859301004	0.41967073355230905	0.6338593777799632	0.4927590310245044
0.4387363718004586	0.6739659742550067	0.5279823852444324	0.6725015096373796	0.37523256735337707
	0.6137067587299139	0.483462108465898	0.5633440710042777	0.5561108753358223
	0.25417256461401055	0.2688874500099708	0.5087562656125942	0.21800149255966383
0.6424425609437483	0.8150079610135089	0.336620485384556	0.22505293544412508	0.7672098197645811
	0.5675755519284131	0.5117767446634118	0.4473673427352983	0.535717475048435
0.5968723112743346	0.4921326447421504	0.3253838147156232	0.540184539551868	0.4970268321007947
0.4943083420990441	0.43267980896366387	0.20282587483829373	0.3123975268702923	0.6474985830299872
0.4093110943906295	0.6410508724972585	0.4000305456502582	0.21373849594698596	0.43564176978588137
0.8218145939563298	0.46729930855041174	0.4906437152570179	0.5884776942947381	0.46379300165077236
	0.6734944472789273	0.4637152085186845	0.3567293442205344	0.45830098288492466
0.3690757630771566	0.7079130425191029	0.40685120116727186	0.4128876281955358	0.35444091787529935
0.597554043362031	0.5260716307691038	0.33336833296943347	0.16811562731938992	0.6127350893873075
0.2948416861957304	0.642104012339065	0.695120346699623	0.6131959066964974	0.08663306792284275
0.603390245166137	0.640100367378649	0.6056806974943124	0.2663077002747066	0.45790765790903065
0.881357124989394	0.5737447546355137	0.5274185913972765	0.2503903999852267	0.4178572482454532
0.5908713538419733	0.3297312460867777	0.26162728682829794	0.4631611564316422	0.5512438262463916
0.3944661155723077	0.531235310883517	0.5439730816291866	0.7796601976508284	0.41969293601683616
0.7095291291740605	0.6660474942517891	0.7725154517593148	0.6275514767651901	0.25814761187275936
0.223363272667349	0.34992787973455275	0.3780817094670286	0.5449836563796627	0.44584664376168365
0.8285787788048135	0.4464490830232842	0.7302916290645481	0.4836262355652672	0.3526295738229347
0.5532284898690825	0.8005200104366225	0.4398778921594233	0.6207455110240742	0.5850457637271181
0.3292219434360348	0.516590983328344	0.39996620828589374	0.3435409804243566	0.5643110431595144
0.5158048601364872	0.5193006720004922	0.7357251329301258	0.3310676702407481	0.8155904440679865
0.6467072577703524	0.4493722657722542	0.2905948385346338	0.4324486436484801	0.6481801480727246
0.4581571844002732	0.4390939869749343	0.5714706179753491	0.5820776232608629	0.1570985965794611
0.49363283267304514	0.5856935507988743	0.22522444242389256	0.49520292677354183	0.4312270414886803
0.24599463076501638	0.49402461506396855	0.29323241533678757	0.543643655292158	0.7320390867153161
0.688346765800035	0.39183658020856843	0.5330313897865255	0.42350767914837184	0.37683395089572636
0.3417871795868616	0.28868398877848517	0.5683278649009423	0.4524972421578199	0.565279918821193
0.5202275248270559	0.521607804967336	0.5362903399461071	0.390339012048941	0.46017262756848115
0.3881746086875944	0.4694720070575883	0.619795467480517	0.9240326886230913	0.4143924480908292
	0.6850761811739791	0.5448350324221614	0.36112592034287705	0.37431637291202213
0.718162197592377	0.6592793534337688	0.4484149646316321	0.6338087921341433	0.39380965721392225
0.6704304988486608	0.4684440238219155	0.31445605998753123	0.5583273518475248	0.627207548723464
0.5034687651633264	0.40190103095082946	0.5998855337139634	0.22588239366268498	0.5423399382668145
0.5996810868251661	0.2476909167546193	0.7428844479837189	0.6325017366742705	0.4083837244607704
0.4329022814974828	0.8365510366046893	0.4823863462954759	0.585772142108896	0.6384590075926135
0.44337530628510496	0.20202909481795048	0.4747749973978739	0.33846063723041686	0.635807707092245
0.2930292930882974	0.5360331535397911	0.6402546381613221	0.27250082049039354	0.1660342672177757
0.7821044504194443	0.23915845419083842	0.40239849677557915	0.44880563304356136	0.38284287983057247
0.482034952436186	0.4903371150229609	0.8100727483139014	0.6581219639918637	0.7205532347964331
0.2893637220529393	0.35959902283344153	0.5396779780026815	0.6732907342359644	0.48543107154207144
0.5027476297926058	0.2581795894214159	0.6031080568549224	0.6124495871027889	0.41035045380206814
0.39467653567337857	0.47627527102837564	0.42965051829126116	0.6157007840172368	0.4986169340587237
0.42926696473124276	0.4433045213956331	0.4569859275901048	0.3582956533019687	0.5749443011721151
0.4967342840440667	0.5417687832844419	0.5944776751768773	0.5651732212022089	0.4173842913406421
0.33699673238731975	0.14953004841210196	0.2908736354467569	0.3294029975818704	0.5480115007322179
0.605624347186267	0.5182882141645471	0.3748960841811086	0.3983329221269555	0.3785673259702214
	0.7281884899579132	0.5053711955815057	0.48943223912055767	0.46800443622330434
	0.58578325556201	0.27954213467659295	0.7503739572823971	0.4892754284419237
0.49928462805845414	0.2251244970563382	0.5372255380390625	0.5229701540301761	0.6625228471143552
0.6001234625486674	0.5281997844460421	0.6374308009870003	0.5617004864474406	0.5900426497374696
0.32892013400381764	0.4613913939130972	0.1462379645808889	0.2580255121284828	0.6381454200203965
0.45312187083898636	0.2871351470372964	0.5964450882181516	0.6006660227081816	0.30028510487753435
0.45754681154946214	0.7572496181474258	0.7406294909465934	0.42759917250121204	0.4970863130514139
0.610570759877095	0.5444144758846238	0.28930571750052647	0.3289426327227274	0.2796790752757223
0.47624028259296314	0.14385160004604924	0.7305010149602629	0.42110973531675955	0.3386255076002107
0.4521635492052906	0.5076819413141777	0.5898317163861991	0.39989272229144535	0.6291734010501705
0.5999342281509668	0.7053680534417777	0.4542246829296953	0.5069260954105005	0.6154835333349955
0.7125700777630843	0.3080808414728191	0.5800617900288157	0.5448431103810295	0.5155010411057495
0.3642397468889422	0.4735905383394053	0.6071872136994406	0.44331912052123373	0.529571199360281
0.48674957873430097	0.5023467802680366	0.23376780423649535	0.36155924300512343	0.42481342763842117
0.5754964032470824	0.6415448637958586	0.8576722248797424	0.46257451611145645	0.46296909155008886
0.5030111485917038	0.7403147123517752	0.6856246297536501	0.3585734674022479	0.565580907387753
	0.5732457893158357	0.3675731345257636	0.6209693569383145	0.48919985933857035
0.24662173864274858	0.60417687160226	0.44022482362803905	0.7615857474183333	0.42591632430436654
0.5446636119486596	0.5559944232411376	0.44751777285441513	0.42167545110200216	0.5543235535603683
0.4276820982952126	0.2974541056681074	0.5614417673966918	0.7666228592699535	0.29676653541194864
	0.7256793564158159	0.6387924826231743	0.5084763485030575	0.6157020347341274
0.7417654401819499	0.6457051121695919	0.5212013342635491	0.4513575880123497	0.6497368179019873
	0.27106136626478416	0.5709702368816955	0.4844918480092209	0.16105614787163203
0.2911218855146057	0.742341170547791	0.39269276704565986	0.6733259298935808	0.7224305207743265
0.5246581174959645	0.5064554210675377	0.5615420884962045	0.4724278707166729	0.5520684870045065
0.5640153381867178	0.5997694345641387	0.5332305962800163	0.4373315394679021	0.45199758016744324
0.5991063639137189	0.7483291545023801	0.6271810523553311	0.5025444526238985	0.5794978878674806
0.45512126756930277	0.35919147234124177	0.5027737254639676	0.7350540302060367	0.665297603467688
0.4252076628524572	0.5100106618872627	0.4417534203123999	0.18116720714137433	0.5244530538705698
0.4533937058129783	0.52704652422001	0.40490388754598816	0.6272987818425698	0.6474356764478657
0.3177242457467684	0.6115081076107385	0.6456706179636682	0.544093783160637	0.4188334616943211
0.49890672873599234	0.6447425553481639	0.5088321932217078	0.3567282123711038	0.46349038275608007
0.5950029852237771	0.7363818849206581	0.6126330793968482	0.5365414652072059	0.18218273016380881
0.7509953140947865	0.5044832522973627	0.5298858076612875	0.5110738313024826	0.7397729124856132
0.38704005579099987	0.3948673710581121	0.4887216451419807	0.44827523167539995	0.5349904864649005
	0.5588664168147157	0.40254997199944753	0.4601602408780654	0.18389888135211666
0.3396083685043739	0.3373703003263748	0.6217178656362204	0.6542761368006564	0.4732061010715994
0.7321200139664668	0.8415567692583276	0.43268288013056627	0.817204496706538	0.6936874245809175
	0.6684434146514419	0.6368345472909263	0.30799524272360146	0.5009831631509903
0.38483576825268867	0.5328233711632392	0.5552843383436712	0.6508196703285036	0.6310116847047174
0.544819509155131	0.4856709839952335	0.4422561726003658	0.37353784653143607	0.6172771916573556
0.48158357834645615	0.5900992028243136	0.2259755032769205	0.469273853010461	0.6308404335626787
0.5141254194871867	0.5813545399204578	0.5505760418372184	0.42465488166436194	0.6307214014539947
0.42988382050897256	0.5234724994464279	0.5320271942534677	0.49749804993740604	0.6244258763779551
0.4329232698227117	0.6624669938987411	0.5220866578884816	0.28016490513805786	0.5471515725037769
0.46425735797067025	0.523099529016885	0.654733410535815	0.3694022809790715	0.49051756728543827
0.5398192938555149	0.5112057653320772	0.6206852259264817	0.25143322485487396	0.4339653368279881
0.7129647127126092	0.7187451654333019	0.4266280651850871	0.25127305752316154	0.4725044884535612
0.5412838489492939	0.5094267505319425	0.55061229806171	0.4675102246295639	0.5276653151769635
0.6697367112860649	0.4476995166554452	0.6249530632825883	0.348041791926008	0.39148715461909767
0.6693932025414815	0.41827252604289944	0.3913552636105947	0.7032262679088122	0.5379528755436271
0.5686955075738026	0.5892222635787059	0.28319664779620835	0.39000828722441006	0.49687845704219663
0.4552253324914096	0.6776153245225186	0.565870520936879	0.7537213557360619	0.4412119508172031
0.48877860442071464	0.486568625341093	0.4241362659614668	0.06411459082382695	0.32232089075817844
0.5746875906594593	0.44095631019773446	0.4360882877639983	0.5567648005166941	0.4195837002027737
	0.4531221072029236	0.3787276801151943	0.5986308659894372	0.6498248170263328
0.34041990884366025	0.6104924389186389	0.2796293950166806	0.7267923973074886	0.267353594676057
0.38862871722045284	0.41827895902364803	0.43359118351911524	0.44236469895642516	0.4983623170663291
0.5811735165144791	0.40507733666383144	0.6852934929964987	0.543916900860283	0.6707079882004443
	0.6894638717018113	0.557626051329024	0.0	0.5020740853928513
0.5737686985255889	0.6025461692141116	0.4783517515457883	0.30578524473469465	0.485064122211387
0.5998390501366944	0.5002976791591233	0.5466056839340505	0.5530982730274038	0.47195799600656546
0.5143552956003132	0.4780584266548209	0.6977698829089642	0.58941092325191	0.3940288387969434
0.1911758937225274	0.4782550985689904	0.5874180967720858	0.6733593707420359	0.5758787237617476
0.4819034424447759	0.36376053380945333	0.6103599424735365	0.6337014147831523	0.12079554507793716
0.36892452254353697	0.4337711256291286	0.6396779045360311	0.7727030031129093	0.4948891244742499
0.448665344184076	0.3302422401772137	0.5736246705568495	0.3528931888935162	0.7946959183697152
0.4765853076950486	0.36220216943059313	0.6385292034804548	0.30481536187493435	0.6177393392827883
0.5259529705013458	0.2691576625580892	0.37304010174812324	0.5488991597479689	0.49564047491302954
0.5342515998783437	0.5843116224754992	0.526692652236146	0.3340931014099195	0.23274690086799835
0.6320205595175846	0.42185428459911145	0.5202808438597221	0.5537549504306599	0.6014434886441103
0.5108302012143928	0.482802145500441	0.365365524301831	0.5303655781373193	0.5708925660990403
0.34843055551841434	0.48103771017437236	0.5322871658720048	0.3879377335959631	0.5134929790528004
	0.5255052238832641	0.342992520168068	0.5669777346781184	0.7353005795635471
0.5957665123374724	0.5697215001026512	0.6507043563439767	0.901619244116773	0.5911912398456091
	0.6072674522907685	0.6021239579744831	0.6167395710809114	0.5687585994381296
0.34450285187249546	0.34919443149713525	0.3664516792007527	0.7264658187471493	0.40079593550896414
0.7495951805442076	0.3765738969847095	0.5783488157010898	0.5616582070407082	0.42414332686016704
	0.7705585106810869	0.4188927241123759	0.6194908572862963	0.46123055248035744
0.4025574126863591	0.528728548771588	0.535825938796813	0.4501029536884123	0.36965840028573993
0.4538840078523213	0.2230659458619062	0.48431297185269384	0.479956335450311	0.28447119797903536
0.5440228557544274	0.5658527534658921	0.31534447342284083	0.6286235781298223	0.4689380311902664
0.3640841185358385	0.5044871652618251	0.6267840766688554	0.5665822044258162	0.726208225148654
0.4837343049428141	0.40122250835770834	0.20075321433593324	0.47078259975560516	0.5880051816643437
0.8513376571083308	0.3864818321621376	0.49813308008540935	0.34021563693377666	0.41431650358184363
0.4391519171717749	0.4257386659617758	0.49269631820408705	0.363507127554062	0.10296624134562557
0.47846803344008754	0.5389196941531532	0.56366539170806	0.5549717523416303	0.6744913348726567
0.3389936516660479	0.4931328175444537	0.4363667408649192	0.3967073365648675	0.5583152993103381
0.5256201699360762	0.3028114367274004	0.356182402602471	0.5507674964679227	0.28551239037095116
0.7271861788846007	0.4698598873089668	0.3618273726526778	0.6811176805411692	0.6016344394060602
	0.531381623958232	0.5408140162050634	0.3826474951974022	0.6254719170233242
0.46948808182195434	0.20550274837485755	0.38376821073951456	0.6354663333394863	0.4029413892038734
0.4688459334848383	0.6468196256141655	0.2893633362912331	0.5634998758012536	0.5993757858675605
0.6745856813520413	0.3561842731981155	0.2886089642809484	0.3742507080928219	0.5313131700257292
	0.4273714858702962	0.6518450449310896	0.5697956174884617	0.3743257187787488
0.6884086694527658	0.4589429155436892	0.3888159282452965	0.4144426362947873	0.4162054056659755
0.5375447600068392	0.20272158089641829	0.4341297584465089	0.4968734085531544	0.5326023130831353
0.6805906302984155	0.48453762858273924	0.7756287680199175	0.3604964172384705	0.5882361819881294
0.7713910188743676	0.5531039379269018	0.31874058795196514	0.17039128721556107	0.3918844452608329
0.5941822562638813	0.4466123327681529	0.328044122316018	0.4312291793737357	0.6183957990896087
0.10323869806043239	0.3357224278945167	0.7633479150811678	0.3926410054500997	0.6479882270186
0.6862347269203155	0.5013298057606045	0.8013898882391165	0.7903008057189255	0.6158540284585672
0.7979230908734922	0.32502698395724317	0.6322203144991075	0.6019400774748838	0.6372029819543593
0.5895323172535597	0.703705168453538	0.5671884382059555	0.6203058343289967	0.6145098862394546
0.8076007300727378	0.49715479388766287	0.5252022254279397	0.5782762337364716	0.639920073391798
0.3626679353495358	0.5554770201597362	0.5807161050966907	0.3190945661764319	0.6217070600382484
0.48260589016793576	0.6610270581054737	0.47061058226236135	0.265254321344064	0.43739994511082825
0.42472946461212585	0.4683182684880079	0.6275019546497969	0.5056417777608055	0.6665013150637482
0.1854847152889541	0.3238206992553121	0.6582688996629393	0.39825035234926875	0.5331754193114601
0.5177238864279459	0.7135622413772283	0.4907498993387846	0.4775862340119949	0.2664175662357627
0.6261725261346408	0.4003653767188518	0.4826309755338172	0.514890623544664	0.457990166152094
0.6086245302349478	0.42791172780780645	0.34722214154403935	0.5724494276784774	0.20863185670494988
0.376750982342658	0.500021376755516	0.3383225919704099	0.35168053046057296	0.45918552806776025
0.43089589546794543	0.2934172715989903	0.649495764070775	0.38598063813236233	0.34803639001547904
0.4251151287332225	0.7242169041858008	0.2133514658810715	0.35117507897433503	0.4093160451173772
0.362581967271805	0.5014636519228455	0.46426409336984	0.3308581202082287	0.31349243089032125
	0.5636805479388348	0.17172319706373682	0.5211999528864392	0.629640326701485
0.28840687027981454	0.581118387548195	0.5581791064262008	0.5703454329226405	0.19987331969224353
0.4921113468755619	0.532330365860049	0.6202094261071726	0.6882024065525253	0.5856977793997781
0.4167118576392879	0.4416215233247465	0.31216829943458685	0.42625232388643614	0.5440671217912283
0.5571421301806627	0.42270567731301223	0.5308641218208013	0.6851367226192019	0.4757278363557959
0.42839354802359053	0.4976614555070758	0.5370648971783795	0.6294057865458242	0.34703129586803155
0.20781505353422647	0.6641699598084447	0.47458026755233934	0.4110190924788733	0.6481310324727124
0.6191172574430122	0.3614677114903114	0.6346214720960264	0.560718025357594	0.4876717417941634
0.5300786965737986	0.4968859135659211	0.5829681623710432	0.5765704015076082	0.4139571533174505
0.38285983598349715	0.3260902012787156	0.2430735163653132	0.6954678335374234	0.7214632157228534
0.5685698158031287	0.5765488556193845	0.5646211655115357	0.39262483547520716	0.6268211100346668
0.64736552565216	0.3604968413781004	0.6726350117280476	0.3634182840533085	0.3042023956206689
0.41070141834275736	0.5340406848919926	0.45836760485158556	0.7358134346657025	0.3324560660048326
0.5927724340552316	0.2006830526395719	0.21407149571540884	0.27711723779276165	0.45008219942035244
0.8155004010328604	0.461806849568401	0.5579875808323322	0.6581792965863064	0.25615772585593416
0.30314126881478365	0.5205125669380141	0.7219696961139728	0.44724840126377563	0.36129171040637864
0.599653077809912	0.2507350740255312	0.5316934959472385	0.6314708015789381	0.7030805689225759
0.3790554355842693	0.37778792490038543	0.31282826372633654	0.3522451394336274	0.48389121208357266
0.6354911083932077	0.4775528405706284	0.4277471148200204	0.5815353220141061	0.29555489836060606
0.7885721745516666	0.5994865881453577	0.24418683002311442	0.334563552529195	0.6837881174724172
0.5739973501763667	0.4563455541830632	0.4653455204980526	0.4963123569129317	0.6639874825051557
0.6384024750131233	0.5873350180998377	0.04895587351995966	0.5468356167306072	0.6024364734531361
0.7257909018626931	0.24134409607161825	0.5870383244543892	0.38592344295313746	0.6418993084840233
	0.7170250737781099	0.49426334009849066	0.6774967220120992	0.19212151976391953
0.4975657792483707	0.5504941281896295	0.6048793765001053	0.6279518593608862	0.29895812858846194
0.3784736328236392	0.516344193274058	0.4784174620625336	0.5155410946459058	0.3479590903494095
0.30021918293978067	0.3779822668211701	0.3459720005686292	0.43862022115627114	0.3811310503612169
0.5645801688946757	0.4067036257342867	0.34170822489096575	0.29776801915479556	0.5731730494569518
0.6221242307617685	0.11462879902895448	0.6317843265801755	0.5671707010196386	0.23649897674504652
0.5350783584741152	0.3233503345330689	0.6180049720679603	0.8264957608590701	0.5986774956318719
0.21262936015044712	0.6137458644405305	0.38973434384218447	0.6785888821020647	0.48823175291180715
0.4389234224506075	0.41557719980985447	0.5848089496133736	0.25315398543161133	0.1895376709933144
0.688627634570352	0.6548699857552924	0.31688982000057614	0.6299898875487345	0.499496373870058
	0.5722722472870296	0.4055509346114363	0.8033299292247452	0.8721954932847586
0.3821162224069366	0.39442637772098355	0.8680831099321089	0.5995872913844293	0.3644195914902761
0.6493528870574657	0.6474906179055113	0.4301247081335207	0.6019943132204889	0.5013076510094163
0.526061268124508	0.5241472437295488	0.5106064498652273	0.6191150886023339	0.47635677766190404
0.7747821119666494	0.2390931527843925	0.5540505219334353	0.4579339024584943	0.3308308689365502
	0.7060145475120554	0.3510351208292285	0.5143248143345626	0.2366536718146002
0.5747233239658294	0.5509140192227431	0.5866616691319765	0.4177302183922752	0.6341295493069975
0.42711398796206085	0.5109195525569864	0.7119711970407899	0.5433727467052086	0.2573736339231511
0.5124494576945858	0.5879594078265205	0.46407233888436733	0.6761239900156069	0.711497153113854
0.7247761964142633	0.6199111539826064	0.6144620751287667	0.654347374257699	0.5737810270533598
0.5286162148715781	0.497314652751022	0.09499966350462469	0.34918434901870254	0.21124592928030778
0.5613254017250839	0.42792671825750317	0.28481680709558727	0.40153499346779764	0.5139483373111864
0.45532527255282035	0.5496893689189026	0.643421604942289	0.5775763236350475	0.6971261989985967
0.3674099708306269	0.3552519002853078	0.5840772028388882	0.5756301805732703	0.665463395348187
0.8338495242871816	0.39431844880526357	0.5219698327467107	0.48563164769538947	0.5321413898136211
0.49818594261443555	0.5567317004873554	0.3683967118009518	0.41366625785310057	0.3189405000728199
0.7063268198185876	0.4608440413778418	0.3140820274164693	0.5817782014365839	0.6183804844581214
0.45214411499780804	0.7082733114173173	0.6777998696113888	0.637947131840649	0.562049770494414
0.22679994090418	0.775497404746599	0.5612026351198814	0.7174728191724399	0.36306924180896955
0.41055819453291476	0.5787930050026595	0.48863828169569234	0.511386006426154	0.6435381001391588
0.4716153831219698	0.6642701149031645	0.5761265241338194	0.40424188764273555	0.5865229843569759
0.382231033429979	0.7219778384972723	0.6825109435528609	0.4639807235790719	0.8850960098948262
0.4437873196309178	0.5906667814183706	0.49465833692865474	0.673012377908834	0.5089201461664525
0.46088867803747713	0.674886136412932	0.6268968307460274	0.40931567596821516	0.5339953376261035
0.32380596724897365	0.3814304314507414	0.5683041163665905	0.6044914344034381	0.5630996342332348
0.46285931109983136	0.3406853852457067	0.3930643858956979	0.37705340264921455	0.39073848784019466
0.7012315421853647	0.33712032199925157	0.42496132851665824	0.6443682954211378	0.7096314157606983
0.6967357039737984	0.5012566194794966	0.6207445866183519	0.3066898563767851	0.5755705243795687
	0.6222443444017691	0.8478727224787603	0.6800226104744055	0.49718476224289077
0.7004392958192224	0.42130668534136134	0.36962361725309645	0.4826654014832014	0.48171506155519467
0.630230903752933	0.31871770042238684	0.3583756425674639	0.4205320259401934	0.7563742145042159
0.36157757592680306	0.42233056659255913	0.44566578431984044	0.5600739007492971	0.38225722247110305
0.7254429556756771	0.8147954530256063	0.29038323975780145	0.7093274051111237	0.48261723377725657
0.6685730692459091	0.5050472432897156	0.3923521589232438	0.4519744187576397	0.5028073422299347
0.3530431947982394	0.5789213888657289	0.2981957436877332	0.5508932216942865	0.44751186011662153
0.30995423355314555	0.6664135855384171	0.3779448831890917	0.1385465996266714	0.69313258963968
0.4890885593297349	0.5597947477027194	0.7445105174869828	0.666422644174572	0.3712286085484941
0.4350862180163889	0.7421368937315276	0.25400570161444924	0.677861778960085	0.5237497597847927
0.6854238473836812	0.5527785763919444	0.4205878842865582	0.7618196152225658	0.6432122326825985
0.322164954543473	0.6878253703189223	0.46824008936896644	0.3212741514108465	0.3373640656016254
0.5820218829811223	0.5299922506229341	0.5552185245340773	0.6125409672325491	0.5597266212273798
0.154660368472054	0.5395922640914936	0.6719381528583205	0.30143667511732597	0.6161350682220743
0.5546665314331937	0.2775856635676809	0.4313926614350216	0.5692158730883472	0.5127011654650359
0.5622975630473095	0.529859024035056	0.5324765148923131	0.595977546417182	0.5140549100859015
0.5708516660507682	0.7569912284979379	0.47787936906787404	0.6829564618908874	0.4710352644631876
0.4267319965472642	0.2675826041973776	0.6394580448066786	0.21853045161098095	0.6711846728026855
0.07042690337662398	0.5106554262658328	0.628603272274452	0.6167142384071241	0.3784449339887511
0.6693319412869622	0.5265732784666675	0.5248640441120803	0.6238041011842884	0.42215713866031845
0.3113072573601433	0.4587935138497484	0.33815272934249524	0.2633106719664783	0.3155789676831711
0.5435961377035984	0.5255555395349601	0.32505084087793257	0.6294112510756659	0.35483569493253836
0.6869201160880795	0.7517186471630813	0.8000078027505957	0.28687274628326914	0.4105156287905441
0.4203651951744311	0.38526465276732025	0.6352752950678462	0.7277640520163815	0.4081748520055539
0.5894588247339226	0.6204619932603114	0.6915887228868276	0.31940447699202823	0.2985102346050267
0.38493486333310584	0.5131527657022724	0.6566361859990625	0.37855508755871586	0.7345673615176883
0.45187391253512993	0.2792238064190472	0.4808566565322006	0.2764614673401751	0.2886965237178021
0.1495570398089927	0.37683705897560604	0.4615195262260908	0.21435860680256147	0.41300738213319316
0.43780591644870265	0.29826979523511316	0.5121929539206892	0.45305053471720014	0.4844794937690875
0.6425289779320339	0.49137041006410537	0.3489594793460989	0.47977651139160515	0.6834390588531042
0.39701162383504973	0.4973397366512978	0.5226113802957955	0.5373256842640066	0.4745816107496677
0.16620053668902768	0.6253112498433783	0.7324408908509299	0.6229326989992617	0.3786744807802054
0.7593341265281058	0.4085565107834915	0.44187735130095257	0.34142661376644834	0.4505757968278358
0.5441590953475974	0.427399032954724	0.30995943235395385	0.4718732273868587	0.46655946007245536
0.5495181678598203	0.366916836305071	0.38636434573678063	0.4945631884674333	0.5908492951977086
0.6571665492051181	0.5015260816274538	0.6437734330103967	0.2826228368560339	0.6926637249276847
0.5576751929518684	0.5180329664418163	0.523050438683717	0.6067528510477597	0.25504373707563127
0.6532386136234842	0.4786034796583156	0.8529261520402566	0.6719095961480227	0.7546177891639083
0.2968557480244749	0.48536337891215137	0.7077447253575551	0.7104493094983905	0.4412604361699316
0.6415634221833679	0.26169831059436455	0.41314422339741996	0.5295066315408169	0.6828242677309655
0.36203862382624896	0.5339589325305597	0.5048547335568138	0.7705632595091992	0.44376886330678617
0.726218071788371	0.41426375015596006	0.42749236760156356	0.481480870057476	0.393190397861152
0.5241433539232545	0.762023178255472	0.782740715705243	0.908748080785636	0.3477080692677709
0.4324901537135215	0.2986299484779316	0.6875631677573893	0.35344554681766654	0.33429977111074904
0.5305362212790521	0.7656406477201377	0.6907711597397381	0.4381427400727834	0.6169534933027015
0.38802762870051777	0.5066156427235738	0.39135124098810603	0.5480163327090598	0.3932343188146418
0.3528133959589752	0.6322517003599413	0.6280604492278697	0.5184163234279568	0.5542274920312361
0.17198247616237397	0.5252233745553562	0.5165383232328951	0.41474074486536117	0.340385839011257
0.592561934825064	0.43969085718821876	0.17935955558708094	0.615510437105676	0.4440323503701062
0.6447270440792011	0.3941591741944388	0.5665545276518728	0.6422170891930238	0.5161872826787506
0.6212224569130195	0.6300211763454959	0.7474016382441374	0.5640345923459702	0.6309690363562094
0.5670981425075188	0.3069754243198865	0.47965848766932756	0.4270503975201765	0.45403227593964346
0.25359299267539814	0.31230047937208844	0.44624109826708913	0.3632661222031526	0.5739223419682098
0.6990106700742089	0.20109962459926953	0.4129871333096133	0.5289118967516536	0.5947230407323393
0.6699051515003648	0.5833317236584112	0.6000117287123368	0.48380017542363896	0.4418013916827592
0.6286573584793845	0.35696150756750866	0.41005494598934455	0.5101545500893703	0.4880992588876158
	0.49508587808775606	0.5285651951240196	0.5480825598762117	0.2960654728080307
0.5055837631994068	0.5449169172771116	0.46169885729928545	0.652887415981655	0.38623993057547756
0.5064967124731604	0.6072941920613706	0.7260688838519493	0.3679179830061784	0.5832170442613955
	0.4295806144073578	0.5502233568406586	0.44725182587086965	0.6627822482482428
0.30629137455160704	0.42068688789132924	0.5715634838900918	0.6873810797176301	0.34716181627542103
0.5410013679102065	0.49132734095393343	0.5097986798785246	0.7251141739580292	0.46205474346167297
0.6091589443969345	0.4407516631817881	0.5976935961378489	0.6126100186272121	0.2624739299046997
0.5203637527813159	0.5665886683615634	0.39515483383725847	0.4104934523076906	0.6181974567258
0.39539589214310916	0.24090779927060968	0.41959714460431347	0.5462363502499179	0.6126636619866952
0.5370340913040387	0.39353818429853576	0.5493475882984502	0.47277433442927264	0.5261019328930254
0.4549412581163725	0.37164321554473606	0.4598208316727936	0.48866714721529836	0.49466465553826694
0.4723192588912291	0.5715387593481935	0.6310061902002451	0.6142253712061985	0.8436057194611686
0.4389978271426408	0.4156642415216657	0.6340163942749334	0.609678969663674	0.47701217225840875
0.6408269003226182	0.3501444946744794	0.37081228647562964	0.6389743985769213	0.44057111225710444
0.7807611433534656	0.16174537397924338	0.4554787612304789	0.9041058563676363	0.2484276743226787
0.298819351316291	0.42965479576746396	0.45223395033651964	0.24878098668877766	0.39763542882219904
0.7150333811101854	0.548290389478045	0.4119812543909805	0.6124037069363697	0.385830418977633
0.5732007101239441	0.765320712923796	0.6052203699858326	0.405166644527918	0.47341050940809626
0.7741937736506099	0.2965957275544847	0.5670414172302412	0.5740695238646477	0.5721872254280939
0.44574770081441073	0.44852245561862236	0.8010734031625911	0.7164182406403434	0.34863620654056043
0.3119986332597828	0.36058841569510236	0.3274607248862951	0.5052572798024476	0.3642572924559842
0.4230907369855661	0.5793600138977146	0.561400220387132	0.3693815484100271	0.5882424371434155
0.7654942887708697	0.33499205004479027	0.27197089438260075	0.3576016979648944	0.5322998652918872
0.6513964973850169	0.5907409530660185	0.639347694035155	0.14211377662697255	0.6689290675825851
	0.5957959820007751	0.41298417113109864	0.4047056576564637	0.7348706494084484
0.4423648168988532	0.5867762896019432	0.3516833781185963	0.36687570795331903	0.6144714539625493
0.8218419512990712	0.2655011900619101	0.427146380457297	0.43355915577370735	0.6681014732962369
0.547625901522083	0.4550651836805059	0.27270787541951674	0.6482286129950652	0.26945585448306547
0.5519379618906008	0.5333278341174328	0.48972108437318684	0.7731648455223028	0.21917820316686532
	0.6317237688812286	0.3643682355050001	0.584599110656786	0.5408226137103469
0.5987514750666239	0.577117157697773	0.6842439197552106	0.49421309430075283	0.4072508028271233
0.6335851795202089	0.3968325927716403	0.5371259045363398	0.6445139910662661	0.763490078376972
0.4804374094037199	0.28511778391098896	0.6074882566952591	0.34164590643058085	0.5362854399813746
0.5796753746179532	0.542334403356738	0.6644588870060079	0.41028190175358537	0.2654031991548498
0.49092033541055635	0.6138406225719406	0.23629931230119688	0.5445291190449039	0.5690871267425849
0.5485039859628614	0.6171712183767831	0.5310202821691402	0.4602431598769863	0.45878843413296855
	0.5348641253917853	0.60999028749185	0.36694602623396216	0.7012179844692265
0.6485899629639532	0.3821810120799332	0.428870588276823	0.5863961813725187	0.6374289556530026
0.401415669968839	0.4502624470712603	0.47642183221763496	0.599542379275786	0.3953078872755012
0.5616588177309517	0.42615519765559934	0.4781971725475876	0.31894594277092914	0.652867888595787
0.746219405968791	0.6472037502165553	0.6662419232360465	0.40826260831787053	0.6080682403179082
0.5113182912345757	0.6757107647345072	0.5374143666521616	0.6132411471828179	0.39370078745487813
0.5216119867800583	0.3585131875589166	0.6779309855394868	0.7824076487595362	0.5339966731577359
0.7641991452087967	0.6880636564179478	0.5056754040575748	0.46392089212374477	0.3112718411632348
0.5247132221793989	0.5489469053316376	0.8657942899969825	0.6864729087175928	0.4779870372745967
0.4075334238432749	0.39581328085815193	0.6799245818105639	0.39270953903811867	0.5607389950381246
0.4850165697298283	0.7087705214939973	0.6313438189592689	0.5022095134079719	0.6073503772040417
0.7043047039475454	0.48550306667338616	0.4100914717356852	0.47530380889857166	0.31321406966986853
0.5427519073642796	0.728132957662425	0.9157039380926668	0.5558659808337498	0.7107056163491239
0.7292109772970732	0.5416688626510806	0.44886667242010825	0.62862862668023	0.4957159264443714
0.7249838458082924	0.41405163153362634	0.8010706932290664	0.5964651570134651	0.6876301091783196
0.550726012748169	0.40453992444553066	0.486092965653645	0.6340698921903696	0.7539725357417362
0.6420125180887083	0.11857476788088489	0.8366489371939789	0.48370698049072125	0.4792724287934991
0.5681979848023014	0.4269992826126465	0.3702888902751613	0.3564390546123487	0.4402970933299802
	0.63529342894386	0.09490213113659639	0.565212128235965	0.5999430926993072
	0.4834943964360787	0.5746326146299395	0.49126052280099164	0.5645244146108688
0.3182280995879142	0.6749913429294561	0.2311145733907939	0.5664679678144048	0.5582005470150664
0.1765190635043242	0.45862509122343204	0.707421898337321	0.41147118158758417	0.7568900355463056
0.5643665612576552	0.34563114971590647	0.504109023791438	0.4471646474459233	0.8402393467161597
	0.441253367975337	0.6930246608873353	0.3886862874050827	0.3780422137903682
0.5194146835983585	0.4997168052090941	0.43134359319940835	0.3105515893197973	0.47885957295077236
0.5675493644616759	0.6486282083411155	0.6696816327296825	0.28668144797126277	0.3624663761050447
0.5438738259188585	0.6186991587031699	0.49055873145465345	0.44755116688308555	0.3780176155173786
0.509281231762515	0.3213902825668153	0.7694462404186367	0.24557327328495965	0.24541362523721738
0.41893310711195964	0.8874287889892901	0.4827382692487058	0.6078458671659218	0.4696299836207092
0.4876997173431311	0.6162280495218438	0.4403219225748568	0.4700393593805027	0.5966661981974273
0.4233293704081001	0.7530419685577194	0.7628109830667235	0.47019625523098196	0.2489933624616587
0.3873842314665666	0.4444990945869906	0.2607830448821884	0.7365410153597579	0.6195027879122377
0.580367922518194	0.6648878761273878	0.2522686668989995	0.29590430374252685	0.5427927216348244
	0.7835221396439281	0.7193347605995329	0.32329892582410846	0.5134276157397274
0.2521030445381479	0.2033911682152882	0.5434477545816976	0.49994686165506885	0.4253192438964016
0.5125521958662188	0.4222221445775189	0.23300409111772835	0.5185765767008784	0.545704867118083
0.4424202601125397	0.41585554588776547	0.5671672940845186	0.6605352952417093	0.36389565797834206
0.6514811671059074	0.258141489512296	0.38553901460591183	0.18188218369009482	0.2939587901865695
	0.5280315543650361	0.4582303685469982	0.5864407335630815	0.38917706384643974
0.3580074186384945	0.37631661698561975	0.4426537045517557	0.3930185278109198	0.47017806845871407
0.5850331345465621	0.7239757626533582	0.489763411309601	0.3929876345033637	0.60987046426745
0.3847653780760307	0.4230539827939096	0.5327747667841006	0.4037408474590243	0.5296098406601478
0.4198516027105835	0.4928710764789892	0.6435842559110525	0.5063788501360377	0.6909491249650751
0.6450111378549447	0.7296612297622764	0.46979612114903585	0.6358782065716382	0.6000054899000656
	0.7509313139778521	0.35655814804350733	0.5103072317415095	0.36519898074609647
0.4375696095574222	0.3189820880479294	0.44050338242636944	0.7017793849481224	0.5705707702829229
0.8540627728444837	0.4180424474394666	0.5863520876695724	0.7890659519966813	0.6299206289053754
0.400435742689283	0.22902195609483708	0.4162709933976382	0.38671290056122726	0.47984454718964614
0.6845352863419021	0.4732867955695748	0.4325688825088372	0.36885620758658794	0.43736751598683826
	0.44203352086407705	0.772290570045724	0.6520880090878642	0.7996711399856493
0.5448519214484727	0.6740472739953296	0.7924206845476283	0.5950128520092978	0.5301941703760811
0.6039578200086516	0.4709816103391605	0.46192998938891333	0.5008266868466965	0.42057719100514845
0.743186828509158	0.3815771396015214	0.2546708006932238	0.5155045145068189	0.4153008426904428
0.4520947201487294	0.3354206259012264	0.7088174240601477	0.6300549258448477	0.40047433905401436
0.35096477769153706	0.6468469139092184	0.6039834793713944	0.6424633853157611	0.5315504478773255
0.39707830563695184	0.6207499813249715	0.6017430941840684	0.5906567195667816	0.5324642589451573
	0.5641007012991892	0.5929730390585924	0.7560643294384177	0.39706869925976157
0.3221794805659815	0.5363348241804803	0.508713438160804	0.5164955956250037	0.3353559351516477
0.3467211386477077	0.4116880160884659	0.4216290117951557	0.6434927844720577	0.6604741030643445
0.5502315269859817	0.5272458307768413	0.4314997053612276	0.6786061916144558	0.37870052630032763
	0.6764324824486991	0.2796720740006289	0.6125821149364731	0.5522404416872376
0.2667041673116935	0.49296465953416996	0.3691406716212266	0.45169147286262806	0.42214490679094485
0.49294876495624684	0.37013797343645105	0.4101547031392373	0.6462358999097839	0.27557161830776467
0.7080500170781067	0.3717514260633981	0.529542429371789	0.5194820467025595	0.5867611693564186
0.642191656234092	0.4289300452912487	0.4577284038295007	0.49141082832574556	0.4962162514330837
0.7164180596090979	0.8881910832409096	0.7335037726919964	0.27782628304165263	0.7742446455004309
0.4357253645843017	0.26185371810464597	0.566488680449809	0.5135932027633979	0.297363142070788
0.7367328914478176	0.613921793904356	0.5171284034175238	0.4941396304757113	0.6791389109338802
	0.90770804899392	0.6299028186375486	0.572284675768739	0.37895892117671076
0.24652242389661083	0.42880868609998585	0.8872939312780025	0.5203555149233082	0.15771556987598617
0.5053219396961107	0.4367652088000489	0.28123627143564717	0.6148783607285612	0.6739954802149537
	0.35646006421563214	0.6378202416489691	0.4209392473765004	0.7610915411122972
0.6647848743863873	0.46088722145416566	0.19692286801650463	0.5056826156839964	0.4689792694519793
0.4130412713045108	0.40622672843562263	0.4089849266014996	0.6388870921491919	0.840883598927052
0.7519093183811751	0.7262983761109613	0.6289020434080212	0.42655898979521256	0.6411844382749585
0.5184357459391652	0.5290289999073934	0.7597838408354459	0.35749956781759473	0.5775304933756414
0.4304743237991057	0.5904960839161095	0.5150470836796505	0.5920394264142764	0.6064713581661224
0.5271895954592681	0.8619182520858548	0.7407424938940453	0.5140541490476941	0.592399117117182
0.5184392507584642	0.5296297467732075	0.4745274318602177	0.3866909108920626	0.3978252841641227
0.6208957805194626	0.5055549832820069	0.4858929047687853	0.7764356774106325	0.5258556191018602
0.3824319440962615	0.5254747824146921	0.3811526304113353	0.3829729871829554	0.30824642283943177
0.5218829677833468	0.7355072746244629	0.3944759298246532	0.5930099821575336	0.2903676291135456
0.35207531135267056	0.5035839156018929	0.39740991249363133	0.26096612519302664	0.6496081826974606
0.2742473594230128	0.619227334498713	0.4031212637569797	0.480520516863932	0.42502566191986685
0.6833403912339275	0.16454275242261301	0.7191164799153749	0.6232549312991386	0.4743735028061874
0.2839924572053871	0.5662365449273167	0.3859288406836556	0.3234899198725617	0.5557463128411064
0.6748402454670821	0.360320547418608	0.1858135298016175	0.20350671183327734	0.5336016814021549
0.6073205460717328	0.6021832889508716	0.8432044095421223	0.5856732596216637	0.444280398062317
0.2870088194003289	0.7427096424643692	0.40807593638627565	0.5236565642406613	0.29140753703960165
0.5185016379577356	0.2885074650723426	0.4125122784493751	0.31345074459491684	0.5784804214317296
0.48500239323111616	0.5673178689168137	0.46903987619447896	0.4115884351754542	0.6638256684375681
0.5331613629861544	0.6109546579565089	0.7709921340262275	0.5363080663227412	0.6749933868015825
0.4340621782471699	0.478309540888477	0.5137587535883719	0.49950181637954993	0.40190707171175133
0.43410443180607977	0.315782586152426	0.5278686520320663	0.4624557378814121	0.3970928890840644
0.45188974307233953	0.43112588298323345	0.6177435019986605	0.5900325225228615	0.0
