X0	X1	X2	X3	X4
1.0	0.42278378596183464	0.16325856427555682	0.09875625315588298	0.18431232246312895
0.0782111347473038	0.0748479973046284	0.2469828802459295	0.1593393958809989	0.2539041411894262
0.17126134397576184	0.392099127666648	0.372459147185546	0.10100682988509052	0.9379030929914023
0.09395082030165844	0.10991221710969173	0.4188663269386067	0.038378628935120424	0.38299040456986916
0.6599860848163122	0.46816915332291026	0.6726677834280106	0.2179764989427123	0.09937117322697209
0.7199340601295294	0.02084341214962979	0.18504281511742104	0.035189439323564956	0.3765356646481973
0.12676808574895537	0.2786827291495172	0.19186018454010653	0.00997061892013602	1.0
0.04861432060115576	0.460705782867569	0.2948470321421667	0.388904390794971	0.03483294269473495
0.2575540133224741	0.23401201817968284	0.5332864317625977	0.005329608880219135	0.9797794534451828
	0.8474678952189612	0.07998633724216002	0.09227068091590791	0.17874543515630534
0.23557385028996022	0.2933962013018921	0.08838902353091721	0.24332497588446247	0.19236123576045924
0.07171216459719386	0.28309381823158564	0.245965057319819	0.007553269274445477	0.34572102933448967
0.10037532536778847	0.1644445961037672	0.050076952762731476	0.18130077025446437	0.3896728138430097
0.2585951562639614	0.16338965375323022	0.3771494472485929	0.2854543098515808	0.06541142076285147
0.34491256508281004	0.07212820918401762	0.17683088501761157	0.42983057351541265	0.16211759804198259
0.004857567718467957	0.10543532121939865	0.3048219127987773	0.3809542898362133	0.24358036590971524
0.25950498005795825	0.23852299941347843	0.2861458802313022	0.36093977098551716	0.015122998252625907
0.33452227001279916	0.03684977357292852	0.07116986810922127	0.04932821236791821	0.303343950422058
0.05639099928243904	0.019467706147966377	0.02480707321673044	0.14457662083865092	0.06405884411222477
0.32630565658758154	0.23804154050756773	0.386940465401095	0.14601633610583514	0.6915770856048297
0.794424064118305	0.2677441241228112	0.04048242717630269	0.8765512368795065	0.19918990952968726
	1.0	0.11938973706644415	0.40080093562601815	0.11710753583142143
0.20585117391460392	0.24956508169488845	0.49197514000914633	0.03440754679704991	0.03584940501941772
0.01291548621042851	0.0962638754708312	0.2343795105098327	0.02856349505408064	0.5407928660884015
0.7689634286649805	0.04530386964248557	0.5713068992776611	0.06780841873564131	0.6169797238840938
0.08704962334424253	0.49939066709382096	0.01214661821294447	1.0	0.07332248400116313
0.45698741446257357	0.33142942848916496	0.2921576186888334	0.028505072905444618	0.19850315914447836
1.0	0.14318517889112667	0.006725245434583033	0.3031361351046191	0.08257660646341393
0.11264102717821473	0.3149526008970841	0.07880714512415705	0.07622562411372162	0.7938404766118646
0.414781904348089	0.13688804326523227	0.39297264770585016	0.024411834553007182	0.8136651763568857
0.4351069386784662	0.1019536648246517	1.0	0.2115446130449034	0.14706577419177405
0.0726011389778549	0.6050325892165096	0.18432305024434892	0.18470440952053724	0.21399329076517967
0.06314482727530936	0.16289812344029958	0.0911912057244616	0.06285160941205042	0.32607686897496246
0.05109732955920785	0.06643992647535099	0.2788373667026935	0.016008724249692578	0.09839640998393136
0.6340012993743516	0.12114009389894578	0.3611916185838295	0.1769707190675853	0.298639337937526
0.11163993815622177	0.251298678506121	0.12694278264455613	0.27897232377257125	0.24199096099412126
0.77292084741013	0.0784337780672233	0.02252827065774368	0.33594441838850103	0.09913266068294237
0.40379753701049576	0.3098065563993407	0.05951774957952317	0.08449204725588152	0.1542557725573065
0.31675832344065774	0.41896362241720747	0.02504865111073332	0.2586714991007414	0.10542872619286413
0.042168413717808655	0.13538171581484898	0.49459036376943855	0.16304922320850873	0.2598187288202195
0.2443887602413871	0.22194574351791224	0.14388334968699337	0.6773651555504608	0.017427156055296676
0.12537364387496985	0.45500028127392916	0.7785712211519105	1.0	0.03265048294472562
0.05243132245237488	0.09031524151054104	0.3355284412759691	0.1883609219755936	0.1017533773299022
0.4760114778311507	0.26677858332127763	0.11074161592413857	0.10423992497487533	0.1326845873981794
0.26686302257666034	0.1559702780789267	0.22000574789486396	0.5582021781223833	0.3535625766689022
0.7566215436312429	0.0617220382682053	0.2849155142639108	0.6092253781370789	0.14398693417717576
0.15634752185799108	0.006776444688540833	0.2271746446765983	0.049513890664429384	0.10808168928508585
0.1917299397952956	0.11401088422083988	0.16198828993451095	1.0	0.08228860094139377
0.07466935085515185	0.22944643903398604	0.4416289181187014	0.05150178263425663	0.19865846456922773
0.09507065139663864	0.07167857825104496	0.10413080405371483	0.6142991121249016	0.775911568750446
1.0	0.1937161672062201	0.13143474328468374	0.17927078643867014	0.34554219688582216
0.15557270598158388	0.663965141555955	0.24235507700398204	0.05530641787359389	0.7689520373481344
0.3423035088925543	0.10535472249030696	0.6375708872421961	0.028934282444120083	0.4335812984506991
0.8360575961502655	0.35225206075307053	0.7232008312922253	0.2931124169983709	0.13597578071522953
0.18881807729626862	0.07279687874198984	0.12390262296219298	0.4311554743163517	0.1691733096986399
	1.0	0.7948237002027901	0.3474434731501159	0.17107091294735133
0.6025956463481448	0.5916283718184426	0.22466303057849546	0.008042253982036974	0.05848745870529205
0.2814186172295616	0.0439385871744619	0.03282333214827869	0.3857532271510045	0.10048713473335548
0.32951103239161605	0.11791332053745175	0.13730012792484456	0.03189055028387337	0.0546878260614501
0.4060583726977714	0.016068927359104763	0.2240870488739862	0.005206392038927314	0.7081948688806547
0.29740579146430485	0.5576373526872406	0.27058100803581164	0.36478453583289455	0.03458910524742159
0.3093811071760945	0.47728282014377343	0.8644326218277573	0.023518277440855554	1.0
0.1648682255480687	0.17174823255713506	0.845563704321644	0.16143050648698312	0.02436800152227142
0.20726014702462858	0.1456547651861689	0.8786748043045944	0.5448291066586449	0.2600822676083001
0.28318426611974573	0.027150545918454883	0.22577111742013725	0.019007406211888313	0.38588568932032424
0.24706935595884852	0.10085284493240852	0.05302997440241394	0.10347337266545414	0.38209913756877417
0.10587456742073043	0.3321726460513849	0.32646992227742694	0.3303862321755559	0.19730909678509745
0.07375514745127061	0.1231662093581953	1.0	0.15989582219421938	0.06206336855987995
0.26630825205923014	0.10947488000577671	0.13094270886999623	0.3140630545716275	0.5958401140926441
0.8861403588628757	0.2529614272854258	0.6193277436370851	0.9277619643798574	0.15773456872094618
0.6307500066718225	0.5013407323017438	0.406494159635249	0.2868079067440151	0.13447339025884608
0.18719864474039186	0.0003449021853503446	0.5329686175839573	0.4732110512477761	0.1435679280463913
0.14914487793663447	0.09935739042291729	0.09550074854682933	0.0166941121680369	0.1409146562853101
0.020002267901313948	0.32948844276000344	0.3234070119548498	0.16058265917941555	0.06390816871738847
0.031459816264452496	0.016253460224512503	0.3351837016295905	0.08915579813916563	0.6422018179461676
0.2475769486755935	0.015186348754494844	0.004756542679044481	0.02097372448254374	0.021983321837012747
0.5048753224462857	0.08338036083320718	0.01647359267723413	0.11528062228422983	0.1414720869191546
0.05352184686074663	0.3587529873600549	0.1707990906247888	0.11011027235127267	0.12374610134775607
0.11779815483640219	0.14335509120363898	0.24174893315049506	0.07843465620401989	0.2847022337667538
	0.8764291975577135	0.1630099104024809	0.01884676082557553	0.27273469350819407
0.07149055672088107	0.10547221353835104	0.13069870510127518	0.08253257338684966	0.35177173072275486
1.0	0.4752065261423978	0.18209844216604365	0.3005401850274535	0.2633066098045332
0.09028045590181796	0.05652230543985331	0.21023199154774266	0.1688772684780736	0.03254324208089946
0.09775911643048645	0.20835487888297782	0.10491203557569802	0.3946673336794323	0.28945662475172
0.8862386799348506	0.27332096838508135	0.26721282501230553	0.7403225303127592	0.306560274384609
	0.7677855591173199	0.6409295484954244	0.8639164997687511	0.3463132396979981
0.288663955703125	0.4667910313018478	1.0	0.227670054749455	0.3460095514344983
0.4329263970789466	0.40476130381150754	0.05439123069136167	0.7562889661506441	0.545447705611004
0.16528348768065323	0.10175404244019962	0.018680805470611857	0.2455910925112813	0.23979176824837725
0.025398818076912615	0.06340838124395033	0.1729715977309849	0.30876154355753427	0.24847936316306557
0.2944487294705179	0.36158585501261215	0.06301640032557031	0.1259720532512385	0.10084394636404613
0.07754463503787777	0.17703217586041234	0.13500726642071306	0.8137742777390785	0.3590442616138466
0.385487114278989	0.016778400084974273	0.3943040854563937	0.2683671507304075	0.4571024395865855
0.07404932538118641	0.5200900601293468	0.07732449015306322	0.21683120653717422	0.18395373607368834
0.17062682122314807	0.1998284597420274	0.021929033385668473	0.252398327927967	0.663741483597969
0.35159918038014965	0.36315046800976475	0.25082472337740047	1.0	0.1787899142446627
0.03718058212355003	0.3795885048102637	1.0	0.2612898810990043	0.07645237364011585
0.04053628151666186	0.05686530145417838	0.3478079566734437	0.1845861874273637	0.4431096536090686
0.09609721791118346	0.04797918526618091	0.5389416598383461	0.44323518025423797	0.16559806564718446
0.10919924171125818	0.3356924265243217	0.35738872869546107	0.6352586463531892	0.087476450173813
0.04742260686312278	0.14381468169540484	0.17488944350239213	0.3570260225179092	0.6217422631812801
	1.0	0.34732756324977226	0.603906425111814	0.06918032863726266
0.02938426402792428	0.2894856041010317	0.053075624271782744	0.18541712936702567	0.04370582672582481
0.36894337489112533	0.003906448782619909	0.08174539927833438	0.2807878906493813	1.0
0.6161162762989895	0.2054751843092282	0.04388689075400597	1.0	0.346920820264535
0.19219794630082718	0.27657548592587305	0.16708720502159136	0.21324523622031244	0.511244394126202
0.02864815331656064	0.21060950212920468	0.47569890454526953	0.012605456301397002	0.04376744746163775
0.026517011909769458	0.43503044318238016	0.2590290954542901	0.07041845390981605	0.3274224279391459
0.19108000856778468	0.5705664625569751	0.19781536317931991	0.38037817137081587	0.48316784762024084
0.2059201093063938	0.23415102787897396	0.01280358364200738	0.08656069032439742	0.05878348178356495
0.12878534563702385	0.4033385200202428	0.5219487864711984	0.27366698465596645	0.140412401962149
0.37190829192869534	0.03598792236751853	0.08739164559163283	0.7198746640223052	0.22987528558343628
	0.9529990316137319	0.49601003746517836	0.14606235441031382	0.1446610920716423
	0.7250188977322164	1.0	0.13325978981284836	0.09000746766902382
	1.0	0.28461159465882974	1.0	0.1915469954592766
0.10251321487767218	0.6710182723180164	0.09625376756608583	0.20876513684195927	0.7943468331433138
0.5236875649233261	0.16866071588996004	0.6110118485032571	0.7718908557802223	0.3243805344829152
	1.0	0.08336245186001053	0.18026390108297982	0.011479717280050672
0.05618233467833312	0.05273646271013071	0.18575008976199586	0.28743410511326767	0.004444721982099115
0.0294948431780861	0.3140585836070103	0.11775291531749271	0.5586800744276449	0.4573372444327404
1.0	0.027383330068348158	0.5440689757790178	0.39554319985131503	0.35368421395849875
	0.952555580290121	0.2829331759787272	0.24963662408431295	0.14778281393085407
	0.7174537980443983	0.03355821078744914	0.10791355825191064	0.8162112947941513
0.009993009275053677	0.3098975314581596	0.1080745564919478	0.2677953637959282	0.002101566118181104
0.6638031344626493	0.1353062133704647	0.5638304591552282	0.3251091197066861	0.9245771143678182
0.38532324817361757	0.5122504149600133	0.4952286402394467	0.12366833120106804	0.34541551212443694
0.00458706554160592	0.1951498728279392	0.0297955692777727	0.12146812129313818	0.17471005207827658
0.5269827655612803	0.09555681364559783	0.32273404901176267	0.348488792696472	0.31437024893795984
0.46710434746508717	0.08129853377653899	0.3940587844331033	1.0	0.3432795894244023
0.19959707733382065	0.4376841825776328	0.1027980378033695	0.19547796362018569	0.04514487914159597
0.0766956411293751	0.14478847166913594	0.1468708419195284	0.07709717675185009	0.31009076005969155
0.5215219199322664	0.39500741196693384	0.015359317911993828	0.5221938235622718	0.17807215977071594
0.08850183603119495	0.23724001881104592	0.1967433573157186	0.12971344815647812	0.026370398006307996
0.037791324624324364	0.6083283453064691	0.10660907170580329	0.8903019193523078	0.5471426815389152
0.2688345653475687	0.5863757834535123	0.015499390208797677	0.0685075390309701	0.8307729988585001
0.27826949399041734	0.12232881918959115	0.31645155781143547	0.3763885003272872	0.1129727377397008
	1.0	0.08667914778724818	0.9720271266834073	0.05210967332016852
0.22587289299889737	0.04062860269078261	0.40869604962496897	0.6599709218310585	0.34547770086806423
0.20089215802372667	0.4031391865403194	0.6851546794652262	0.8807679460288805	0.13272501496646827
0.1270795076331721	0.03786579146504141	0.4448372190254837	0.6406008572047519	0.5368626987776222
0.1699066733979315	0.038652640463799195	0.0393194604037878	0.28918374687815973	0.7579187060825033
0.3254898062503998	0.22658360420275314	0.4625335020135658	0.567888317709891	0.7042328320402321
0.005357179505221577	0.14676502477317682	0.029417311663537855	0.29186228158224614	0.0623216600927136
0.1579386351608818	0.22226562060256244	0.25093792946943305	0.9688114189428859	0.43180716323378165
	1.0	0.2354529709560413	0.43445485553590574	0.39576591226049823
0.525820930273494	0.6131803101263119	0.15747262599770326	0.1153659364070937	0.24864711823220847
	0.7804403655434664	0.2087097175965022	0.22425735020614884	0.0552375028206771
0.020134468647089076	0.10148921689725267	0.7471990697531361	0.03272935421123111	0.31177081749740615
0.7503266696609577	0.36834313893223564	0.6110770075262603	0.09447808197506541	0.18428812404814565
0.3798519125988779	0.18754060272613707	0.030911786716285562	0.047592860045775794	0.31822894478268005
0.2704146969747243	0.02012961463528532	0.264875712501451	0.5244574854602433	0.0003619261317633243
0.07176900133973423	0.20271518694259114	0.3214581908608442	0.16691895559625597	0.024261056865317435
	0.7560063874240662	0.3051774876921283	0.5630726170580413	0.2037144445613358
	0.8261983641107217	0.5813085012156619	0.2891848558146604	0.3679532517071972
0.3834735567871731	0.16795476105423274	0.31304082529611266	0.026698782145095364	0.603404764317716
0.31635201373521243	0.04964022640752062	0.008002270903684324	0.4128746806187292	0.8283752062403273
0.1427545504799934	0.3310226750320044	0.028525522749573037	0.333753371436681	0.41662248912389854
0.46897427467579744	0.7072142281049452	0.0909359355573242	0.13031699880069467	0.6930076177190334
0.5110020396512163	0.1279575364453053	0.12788215083257692	0.28785618182726763	0.13637262420571297
0.22966198852732467	0.19348266644424492	0.07747578587039068	0.08592429911226052	0.11588624092607416
0.4483285870770798	0.16324595854515153	0.044361907832168854	0.06139001443138033	0.15883562338652266
0.44950772809551065	0.2138085161839867	0.7161352497857244	0.44947675835855366	0.010873037352694067
	0.8477572210639762	0.1609021385395963	1.0	0.3104144605808227
1.0	0.03107544917798749	0.14145226908690067	0.1086756377589851	0.389933441349749
0.5970576863457533	0.07757357394807607	0.23840288527171993	0.46798389366995596	0.19283776154303672
0.04015865716975795	0.020167964484231197	0.6187069585641963	0.26653459540631774	0.3431229154399086
	0.7542384393475566	0.03714535991608534	0.15365046381773448	0.2001354253707964
0.18394608066169763	0.4106377802409308	0.1521676622319138	0.46615734357061656	0.8171021279687074
0.003509234419020519	0.20458336018633785	0.14293340874408286	0.15950933365174516	0.331470380789722
0.4748482355997101	0.064705408417629	0.45970847428175354	0.46080488284248805	0.5158856830693805
0.6610293339558458	0.19532270353370051	0.15278831977846338	0.17196817136007184	0.06053199363367482
0.04802488647882133	0.1500905404041271	0.2621695087151271	0.2320985408433733	0.07087343281691538
0.06687904557323626	0.12887498246567447	1.0	0.16888965553053423	0.2934113843111975
0.2142378164246008	0.17028868437624495	0.2462206298148002	0.30963606872618427	0.05334359048492056
0.656838730681349	0.15021880579761906	0.05734742115908941	0.2127954144207562	0.24360681374654442
0.30405068430780724	0.13135718299023408	0.5577190240733071	0.15647077843927096	0.3461871277799881
0.17227340191585216	0.6741831726829836	0.02389253311499197	0.044729331931452176	0.6082968486762812
0.22266615524995462	0.21771332497371682	1.0	0.021287765424386578	0.3729597922294853
0.6862538998825878	0.25565194437480115	0.006813563671835617	0.310732419019141	0.1290129469764528
0.3974139139731983	0.45585503470236527	0.5401963988006399	0.19794516710604956	0.02083763796767137
0.34405430339304544	0.03832834581849446	0.018135872958667167	0.3956397426917081	0.3855382806935246
	0.8516281885976525	0.203030562479535	0.29830161200906463	0.5384487001898708
0.18410431416028492	0.06035383764161628	0.41249553164116626	0.23870265095287674	0.35294974889433783
0.1899928897328402	0.4282016371979858	0.0876502096749424	0.10641980942246147	0.45374123253255194
0.023417776564207737	0.47192083043396543	0.035861008153719044	0.033002334615988546	0.19131902402093345
0.06571907730594337	0.517980320650429	0.08846028699314869	0.5377867568950037	0.05222088529428783
0.11148310209057956	0.6934687387403056	0.3914382510759093	0.2758253617021386	0.239651649086294
0.7588192248203846	0.25640428052384917	0.014815185960255694	0.9154581655982224	0.18079427821358265
0.7588922621746099	0.13624221638577388	0.1342926295591109	0.1963403565913798	0.435596800125087
0.04524636332745983	0.08947805169555872	0.17372967257639035	0.6916785368133933	0.4997499779714697
0.14826444557901636	0.04303543657715309	0.05549020388493288	0.194963625534616	0.39007675304863576
0.5471181978946723	0.593187877621059	1.0	0.008370777901050485	0.7606876904565609
0.3214861910679238	0.11249037094169874	0.08611524199571301	0.2108077595087793	0.41518324140944507
0.040701200008225004	0.2800952697751751	0.4648214745516086	0.47969863742439844	0.28689558645985347
0.20699534161337094	0.4495065818085841	0.7029538824778496	0.019262379723921568	1.0
0.21195333092520804	0.033252975059364004	0.2894518301626887	0.061793353309798064	0.22388407653754255
0.2806206627472743	0.6798554551632706	0.775340883015451	0.20746974515487163	0.025147376391264742
0.773436361388205	0.35314037176904284	0.023330808565242483	0.30067126335870503	0.045626062350279516
0.07920894544027358	0.03679743006630919	0.14281848809245737	0.14379654879376266	0.25788301919550366
0.1745919142389944	0.009010444565400233	0.012641951140298353	0.05715995584085755	1.0
0.013715864992317401	0.24658392853096991	0.1777219518934496	0.9042120880246293	0.26295701950182326
0.3334203096880497	0.024684805355218036	0.4348245110508417	0.3707300308700728	0.6377227609026183
0.0512272967226211	0.26629488310624605	0.114532543658797	0.4569913895861834	0.10999605830112731
0.3585435980236086	0.15389446839380366	0.014711206534322585	0.10047709723496127	0.0345738499211845
0.3897400173370999	0.30760242652416453	0.4969120119954134	0.20936737280677412	0.19525296886335178
0.13811750860931632	0.1531389773671432	0.31119408038166557	0.10501898704896392	0.17292105344135075
0.05277130267524654	0.23487438579250053	0.19524183590677194	0.27646173973296045	0.1763160361226922
0.14768681051112928	0.4256998319796839	0.7015341331820435	0.15917717547009536	0.11459450308155755
0.765025460969879	0.07062035772625833	0.28642505946307634	0.018133557097952144	0.9714774591190034
0.3518349360424683	0.5120116666332957	0.3965362001583716	0.07507053151917785	0.032403090564954676
0.13336549018053478	0.12830914670217916	1.0	1.0	0.4026604589395791
0.5802066048047898	0.19477305344414617	0.14423328626205434	0.23627789965613774	1.0
0.24312108460142257	0.0721110912994856	0.356812880706092	0.0861015102280193	0.6079729990089946
0.22258809744721192	0.6246472781254531	0.13798516740456473	1.0	0.04372307715676438
0.08095785388402345	0.08920713585776485	1.0	0.6871751452698586	0.10509259386370104
0.1286037253696665	0.0894980257199805	0.23553723249102468	0.5474121237269713	0.033626888706075476
0.13140331750938555	0.4889973461150259	0.30873658322862674	0.041196375884144563	0.01718514882823989
0.1112511887596711	0.5518430299873481	0.1275548435601723	0.301215696960786	0.11306108315171193
0.09274765217919716	0.28418006529610207	0.1457857509549772	0.08593796902039118	0.2100743779786013
0.06731548491420275	0.06398066939542751	0.14397868694028965	0.19536264606050296	0.2713796532899168
0.08920717737735233	0.06559558165747972	0.1983856580033688	0.0816270539815578	0.10139341914527958
0.09977456746065065	0.23589430904211564	0.6055474879376729	0.41748177440516615	0.35307268643900896
0.5168108798970529	0.02212389606201679	0.18422008400509624	0.0904975305113923	0.03505332216579942
0.5097152919799783	0.021169269455886878	0.379387228646125	0.11691508211531652	0.23551226827402666
0.023750867277811945	0.04019332774250532	0.16725012583810447	0.3179358975603083	0.015741058960782397
0.15086431192134042	0.3293280534416722	0.7907891287319563	0.026333936768557626	0.005613126096262499
0.08087942620053429	0.0010920614821661192	0.12530640612220736	1.0	0.10994715791691805
0.46579875952003935	0.25572467686795297	0.31542184503629317	0.057605867646255846	0.2723126488847885
0.13778668300068042	0.27744775080387474	0.172939317892811	0.011656208739501886	0.9901778654581789
0.14421675110143556	0.31518618487076616	0.3751507026881155	0.1725465750251656	0.17591153532499287
0.12572776428141352	0.3541263267123662	0.07899113888144746	0.0975059893649415	0.3024919921750996
0.2410022003812314	0.09204947212582486	0.49450276261160214	0.21729567965351781	0.6822685737202597
0.12135656868448841	0.08607440110563068	0.0834059092622545	0.12013712770895378	1.0
0.7280705422243336	0.20891735910966575	0.1799132569397305	0.16215022896004458	0.2136872715416651
0.1505261596284369	0.017288621141606543	0.4568063251514296	0.40822730578402383	0.22406350726588375
	0.7770872008082373	0.00561790823108814	1.0	0.3595154053900301
0.30155857773714834	0.08204161707153583	0.24731396427588698	0.0583310722891276	0.09110620742773165
0.009318866002981681	0.03785674389007896	0.12995897397292439	0.41611279020643605	0.051053406814777214
0.1447779502807818	0.179407671440004	0.2849517210441706	0.018447710435604878	1.0
0.0008357374759985985	0.00980168957974688	0.011249767313069698	0.6046968505228781	0.5932008910610232
0.056667503206814504	0.1674318095062531	0.08770386674600683	0.005851653714901611	0.029218509941283752
0.5192514184298096	0.08311736955601604	0.04247643164447173	0.5217666009031409	0.29640950041722053
0.012289025256088859	0.09758911185287776	0.34194836444044735	0.2725448238590846	0.012611960693060925
	0.7969349909493875	0.44253041030975254	0.17885602381577745	0.07578628578093397
0.4000423536636729	0.6671669445945457	0.5588329719539922	0.33861976154246204	0.033986590979568305
0.020951879548894402	0.48946815821669787	0.29267111355466763	0.12685729346954006	0.21839717638880388
0.29996171726872634	0.6880406825308599	0.2452314632369869	0.46050327045949463	0.45107489150686847
0.2961649027678045	0.11861241047889465	1.0	0.34250027894333146	0.04832008738652518
	1.0	0.08847308312206081	0.3501764595785137	0.5505896072052615
0.23261236905252158	0.3649079647783145	0.05083294551665058	0.1744749993452702	0.258467894217641
0.9642333580168034	0.41359555713906987	0.09904586400084393	0.14781590707417655	0.32139319299031865
0.5642292295439656	0.06598386054092806	0.6346876383269202	0.03766924722373245	0.13468568180482604
0.27557490437949844	0.289684144738682	0.1801558588807816	0.2938752091713124	0.03233128056084305
0.18544872703711834	0.019390330151381883	0.011045907260332942	0.919216867332789	0.021474551749815753
0.11186516109224816	0.10366541293006484	0.44030655628442716	0.04193497605297255	0.0391943575098089
0.11620159781592519	0.48169491153396393	0.0854210517754836	0.009253289637538525	0.30577528527465936
0.04175333622026528	0.10388204348404238	0.11089926471305868	0.06136429274044398	0.03900633119493221
0.07296127510748572	0.16146617272412442	0.28879820861979194	0.5502355986405236	0.27030876337931764
0.5813173909153306	0.26502615487994685	0.31269765551930323	0.9754729907780346	0.02058077791599892
1.0	0.043383633921092186	0.0007722064161122585	0.48074782447353437	0.23737194618861748
0.36446903688735643	0.6922058770103434	0.3102424359896821	1.0	0.3159161521907152
0.10775682120903116	0.007109947939685547	0.49472534992173434	1.0	0.12687782611003998
0.05114175999376144	0.08435182491683547	0.06699976154812731	0.9188681829790517	0.06605808124194572
0.4149362866058289	0.1393277381465046	0.6180812556234584	0.2389564398866646	0.3178180621530047
0.42198749262691526	0.002191767030942604	0.6069104041491403	0.30843502166967324	0.5192949733758215
0.026546803017437472	0.06701569246422574	0.5583422639598272	0.15343654320143668	0.16565460084887698
1.0	0.5926880614043336	1.0	0.5839845987255275	0.3133909566281576
0.6505131554520177	0.36137582714195926	0.4126219650172	0.07145678462649126	0.007232566852644268
0.29370812302237476	0.3187810904135672	0.17167501901151574	0.10353114820039465	0.029447544933019786
0.044174132854745744	0.2237451675105614	0.15205556521959546	0.4685178438277506	0.19192425548276482
0.19981287455681487	0.6835847580633535	0.0876915968731346	0.2903581244996512	1.0
0.053674822755396985	0.0756022585680168	0.05272972907488038	0.2217925182295612	0.5819045335858991
0.7838782710577871	0.14624544688186975	0.06293008762417092	0.04324822671192382	0.08133798846042979
0.13369678218388242	0.4883285632287521	0.41749324646903896	0.3175280843561117	0.4165252411481433
0.017224512990198948	0.13715796968210087	0.22259965331695142	0.009889691868680139	0.03902644086874123
1.0	0.38299330826224093	0.04265973435313304	0.011509721160353025	0.16442290783015825
	0.7254372146964868	0.20718338704225045	0.05435191605518062	0.05059112337754236
0.3922015676051208	0.31559036877754626	0.2619644514553016	0.02474136658587545	0.34543327761900117
0.34568028878565693	0.014314687178624472	0.07839424226432098	0.08807427522704872	0.15039398440356042
0.7824104063653365	0.38800519897315594	0.03064972065890926	0.15293953212682637	0.6100954272265156
0.0727137795180514	0.0769052594801349	1.0	0.6565889132793947	0.12120663416187114
0.30966838526481305	0.27291726823560547	0.0449269003792784	0.16572038636764305	0.03886042996571233
0.26600111482738426	0.2445442447507012	0.2693454061637339	0.013113426321775864	0.09104203533141526
0.530544728006469	0.02346426570763073	0.1378168836006556	0.38812801659291823	0.092514272101151
0.11936887484166182	0.003161198745770336	0.5414250957502862	0.6817938576439594	0.13743724149341052
0.24148139751461964	0.11925467782722923	0.05953591719656422	0.15308977316381547	0.43663263047875384
0.12817902746821253	0.1578008510848494	0.11411476374091965	0.13806630893781918	0.5084057194023422
0.13472816602112608	0.07167065324247478	0.43238328602602727	0.39963742934132795	0.02809033816288627
1.0	0.22472661886734946	0.023138992616572873	0.8772177025111264	0.09874472681282624
0.01638258933005145	0.2693002995274622	0.06117286533863326	0.15130170056906725	0.029642767462178546
0.029906396916140752	0.1098429121970824	0.11643502726284252	0.17336951247087404	0.07546934962441947
0.013828717798799106	0.26081543232308163	0.055131733939434165	0.11093261338074874	0.020249848672541305
0.06616992212845609	0.2864327243923086	0.34292857102405655	0.049143839795982455	0.9528407022053648
0.6649729938973464	0.08844982998337898	0.3195193868100949	0.3487192442812946	0.06244429720688815
0.10410711508946442	0.0786488710447172	0.16537976616739988	0.09433680804904351	0.1545418046426188
0.20645125885096394	0.26468366796587234	1.0	0.3372225492399625	0.016053962327728967
0.48721063187897024	0.0498747816181557	0.12662960132576204	0.0736743715908482	0.08238294725415088
0.1556284377777747	0.12425604322785586	0.2517376435670302	0.5732837017398519	0.06371229925975143
	1.0	0.05760594624840419	0.13095654536368145	0.22966761523410173
	1.0	0.3946209610989188	0.013752735475872857	0.28123927078191996
0.27046137205229237	0.4131101744441366	0.06008982754859203	0.26587583604162757	0.29001046764911553
0.02065537337937581	0.24423913730011168	0.8432324806605095	0.27217312103847	0.2965569511595432
0.4505300029131793	0.06197683294507635	0.05576136370306185	0.147916188922013	0.06669764942697459
0.04497505761345768	0.35683606356423253	0.041573438865835	0.7134758742607598	0.47451557438628805
0.06575004817216737	0.15686866361193733	0.2638296678034798	0.3703629313056659	0.057435161533346185
0.6478177237863805	0.1700578241772374	0.9219303747218816	1.0	0.9498619100949448
0.5230946885150954	0.0633477225128894	0.2235070946501459	0.20698966974806904	0.014495380690571068
0.09043424204749677	0.05092651821888542	0.002200205787449115	0.26100787355241356	0.06804802173842701
0.15303331900957517	0.2748796759453449	0.14564970611484832	0.5880020440718448	0.46904727606827756
0.05583784278090515	0.39300833922135364	0.17641946018319665	0.12610103841347345	0.1762136011115021
0.8007165131658504	0.23028922075663466	0.19956860927613362	0.1606291349612354	0.5007927762121095
0.2649315973468746	0.468034617514835	0.5771615333893714	0.5967796120331467	0.434316941244731
0.17898654343106962	0.0192703926095333	0.25962778287612936	0.2966861297288855	0.10635853060166943
0.021135807011643713	0.23586711255618725	0.1497378030603199	0.31600140413089656	0.5069312873284229
0.6700440418270183	0.1314836940740929	0.4468369155642775	0.07277439996110693	0.1923214447167276
0.14567498660132935	0.2967950398672592	0.723904126082743	0.3269655928506443	0.486458798246428
0.8018306921745285	0.2747431429936272	1.0	0.4614707417458036	0.04803442134244324
0.10454950376315678	0.321060383674288	0.3178875259790841	0.2858036980090433	0.03364516502719873
	0.7157931592702652	0.30561364388011786	0.3181024508615326	0.08887358769056089
0.7482784864215234	0.09916293011562317	0.11218838686435291	0.027888591615601168	0.037952650822575845
0.8499273088756845	0.19249662465946457	0.02048616646747803	0.06820687123689298	0.3356287066662644
0.24968527337940072	0.0947480521595375	0.22319710909584167	0.3243500680552624	0.41863819461409385
0.07247200432702808	0.13260524465772144	0.3010438426721242	0.49069426106949465	0.45220505214838697
0.6808774694449723	0.01662284176307017	0.4945167766449994	0.3010447662230981	0.070455399762685
0.032382326164777306	0.2516536390602617	0.32727423441769854	0.024690816392817446	0.09937539000717438
0.06064680133646547	0.07965888361749447	0.06505619585095351	0.19062607610941731	0.3294263403221631
	1.0	0.0855917072691629	0.24235515659394924	0.07920533275132066
0.2994600099848884	0.05824630074804349	0.0039225948569911444	0.626971894645478	0.7824824426209368
0.12835872250799032	0.5369515317955411	0.8759106418543844	0.026014159689590564	0.38059481136694995
0.7816305254111492	0.17260376925263	0.11080967236158604	0.08328730294554441	0.022636563748388523
0.375052215301487	0.5584252544043031	0.17234433849906314	0.2659964678042148	0.24423770172897785
0.018832339234863136	0.05220387297481231	0.4050164993538891	0.4137630525426448	0.5267843836734752
0.07532560104944674	0.06180842213954586	0.1491410083801733	0.03775375734429482	0.0726624971910084
0.5300328142583983	0.052194746491229675	0.9568904774627794	0.09778698919329189	0.5625865664512526
0.340481498104059	0.04892617556738204	0.1107719500985396	0.7802698194278006	0.05840603351231104
0.43991345062278886	0.5228416156022281	0.0542519376243543	0.8589564255707232	0.05224725917193856
0.6750375323908435	0.45123971540207675	0.12820187760617316	0.15435052439484007	0.00602612088360641
0.11707517851007429	0.05361500636710043	0.3122523484759491	0.006216781103953301	0.7892655568885253
0.2849832714279803	0.17066866599461022	0.06131542092930128	0.6773167218666387	0.25635754067735067
	1.0	0.06584216764383757	0.4889744411029227	0.6226033751313348
0.0017645030883525364	0.16811301916117913	0.08162269809997433	0.2998001062919308	1.0
0.018018789554708273	0.057174805842558886	0.09081147948749682	0.17543340182608666	0.4353665918172006
	1.0	0.21626324150209997	0.09759528498829442	0.38119850574923947
0.020712567381779557	0.13164368789714825	0.08036031389435876	0.17861758133574557	0.8048101091758619
0.1357397967112768	0.24586694724635932	0.002078088670176664	0.16225427503352555	0.05093614553676354
0.0283143237822071	0.06330607082112645	0.016832856119384954	0.13878709041385798	0.22314309606368812
0.06743735059549974	0.18674314545854048	0.03261520506693775	0.8708452263308433	0.04123401570367417
0.1311359159250062	0.3857142386446948	0.09037381501083382	0.04877199449763867	0.2865589865138534
0.5461633435616338	0.25123261041161493	0.5692729952312507	0.24271936549178846	0.0018997899561775272
0.4715648947444584	0.3408377424707491	0.22540966664848772	0.024383536511197772	0.4556631678060723
0.12329792607770265	0.1542432807712358	0.11329244098629301	0.26695463373530626	0.02424043822749202
0.055824806509968135	0.3724134711685621	0.103205582011674	0.14237840212866792	0.42463222426078506
	0.8369651752659588	0.3404693761775272	0.08944793120038509	0.423723352444775
0.005083450068053011	0.40960774537637107	0.6472460715709498	0.3143686915194515	0.06309659215333167
0.1447446644540032	0.07994540458675033	0.2112162358700637	0.4343309547618051	0.10168461820264557
0.44865538978049757	0.4553759124710639	0.05347570425872511	0.20135619393541113	0.3252304505826153
0.29001822938501	0.33690335825990286	0.45693805387529357	0.016688838047415264	0.6951510057745388
0.25154973076014986	0.026244605206095433	0.3283838890016471	0.26671012696271196	0.4803120904724994
0.06728726104929326	0.014422885333662962	1.0	0.3851328011892325	0.13022968198090978
0.5379684882505383	0.25283200375473114	0.9663132781696218	1.0	0.553947089242774
0.21110925535811467	0.07410575597753348	0.039500180327881704	0.1181394664322126	0.08105162240483256
0.38272849554268645	0.09122802581255204	0.3405895375694015	0.09226644380729583	0.6538743956725792
0.1995361025829922	0.030453031883021852	0.1128329687597791	0.027335588350686668	0.053660890686640116
	0.8405770410845408	0.26309937154066426	0.8354103038783961	0.9753901205309418
0.376160240866853	0.007998636999955193	0.7522401029911372	0.08939253502474205	1.0
0.12564530508912655	0.03748619161978428	0.021959897163556463	0.2941392533800589	0.07157409387966707
0.39047281738330253	0.120995498102494	0.2871085919818216	0.047252972802522865	0.011926391043586455
	1.0	0.5212793860700645	1.0	0.21032737264459633
0.3358681432891009	0.08930663537170082	0.07481407307295503	0.2751061759314274	0.0073534593133354
0.09040510396974913	0.002737217433976848	0.04473878041122158	0.1734398122709683	0.08139985834956967
0.01285950513541607	0.06249396973908483	0.4213558351961329	0.4178361555753101	0.0879357516783354
0.122675162928117	0.1592911180944253	0.07031739090775604	1.0	0.14657478306314245
0.013506774777735923	0.33475700702526273	0.31964856865138924	0.09828154852144055	0.11475175657444077
0.19587509456000388	0.347181991119004	0.29348623095437526	1.0	0.0512575470339919
0.10275752651368512	0.2707154189622151	0.7042082837867272	0.18670617925861996	0.2705831040413293
0.09810446510632766	0.09983040020654431	0.0016453035127832903	0.3000160015675714	0.7622696216220097
0.4483594261180911	0.19729874241976497	0.4941494333973001	0.15118684267949686	0.014994164963616344
1.0	0.11361666169620988	0.4283015747872694	0.4828927817798708	0.6593174196028224
0.6011074020187211	0.21242749993394341	0.07196479560740802	0.3329194406106451	0.4511658079872683
0.05851276397020311	0.37083902861228274	0.022699513956197504	0.14009392817093452	0.5088461052571079
0.45775951576013013	0.19654835066549986	0.0906427414586731	0.5699636748636209	0.05768499320091405
1.0	0.4663772318251475	0.7857606208514144	0.15207306720599464	0.1818356684032645
0.4126314262098438	0.27958165121003037	0.0042155302196960846	0.04615931312735679	0.08135670461413877
0.5542706492565932	0.6558820505027098	0.37472355782931005	0.21472103452414673	0.3471115181154481
0.21183210464432223	0.09788962214259164	0.18987787564290629	0.036964703469476855	0.09802780840633969
0.21054404328032902	0.16093521172150788	0.046269635212477185	0.2608698777931372	0.0023635641711809772
0.49370364654692456	0.04756207318925594	0.7394833761176453	0.0073732030247747535	0.16297983466858268
0.6979092041702223	0.09849015433397204	0.013044913306495364	1.0	0.4887520686579778
0.28096756745131	0.16654493928283462	0.2116977758157622	0.01825584087753938	0.07882522534987386
0.6659422853549156	0.3577839685596844	0.44308082274543553	0.013335501485830905	0.21919350361078474
0.7212152817199592	0.1301518935387904	0.14604007417651302	0.5142216188520532	0.03457269135632838
0.18625188301664433	0.16807861518806605	0.5783354424849384	0.27515043140939327	0.283166475733134
1.0	0.3421301000982339	0.05748996754823576	0.0417999539238424	0.872061616280855
0.3624829521081227	0.05469191751777505	0.5746108821487055	0.1696234865663793	0.5220014888943549
0.009826920673185925	0.12309696022397255	0.41977506295561173	0.21430849573929114	0.5013071935434616
0.07330997243128201	0.057808103051033316	0.06858348205730357	0.030555137080700158	0.2737145539760851
0.9375865970146269	0.08779700651126489	0.054791334794984624	0.1747339426486335	0.43780765069503724
0.52659001210856	0.27229094082879185	0.0330812381139414	0.5602047995524426	0.07918835800089376
0.4074224312472359	0.6110472958766172	0.14770763844684173	0.30617020774493664	0.3793727859130879
0.3627181328555732	0.0738854364823829	0.379092889635658	0.8511557304533114	0.14956593643523836
0.4545781695795652	0.40511456738855117	0.19982814997935625	0.16797196045467724	0.09783487254469404
0.8521641879992266	0.1942319951831806	0.2106872984405026	0.013506232305875469	0.10848450368309123
0.21401371348298398	0.5896112025696675	0.008971673247401413	0.44591388905521073	1.0
0.12499293571507779	0.4700630229630931	0.07392571351150634	0.04793752759297659	0.08571174601534384
0.662924938375355	0.38593869217706817	0.19317652399336324	0.37472935072003305	0.0028778557859569735
	0.7293830147913654	0.3627974523877445	0.4154873460329354	0.30809672597857213
0.3056068703130273	0.05159919976705878	0.01841144192338957	0.6533793676872527	0.2323515781664968
0.3648181893656256	0.05439529165268835	1.0	0.04293183415014027	0.038469397128065914
0.3257969647031836	0.1265498237150169	0.022036069156281042	0.060904974062611465	0.15012465049710313
0.33823978783907516	0.010700194050851802	0.287203017829462	0.1473826725876839	0.12052479373413638
0.007019461003956713	0.00883254980200812	1.0	0.40021945526820546	0.1570106889632289
	0.9944845421937349	0.09767419738703324	0.3453902674855376	0.6118006198525862
0.19316219470882737	0.05605991356858573	0.22450512703661007	0.107309557913315	0.34841877444115504
0.04924082278966881	0.5135078558036281	0.37776150164072947	0.22176885340940805	0.24074361631769237
1.0	0.18072129904682901	0.46185201963305395	0.198005220858915	0.3145434739662317
0.06039013820709967	0.3166419526198863	0.18996119217159296	0.6500905959010631	0.5841052785056062
0.22505476708094058	0.2785706738516297	0.3152298698088028	0.163936223441223	1.0
0.08336149833682498	0.1521531819817184	0.4059406861073927	0.09420387917416549	0.07992319740293759
0.08997922656080946	0.4468486661873784	0.01166823088158858	0.11118457827096016	0.06826289978389476
0.6999655680052854	0.13615525914117627	0.09728516224148093	0.053121055979288866	0.6404373623647698
	1.0	0.22555106688054433	0.008415703441052585	0.016181881448393817
0.6605188592676788	0.3159237473720098	0.063476910584797	0.16875589482008102	1.0
0.4065853385048684	0.19658415769791812	0.06407886717388886	0.3173108592903243	0.014312571798197171
0.5434284814437873	0.5897178598024639	0.32933257002020755	0.03876821000460907	0.9769363568329945
0.3971710736315134	0.1078966689045294	0.07925778523150967	0.5223098187897374	0.0019743879767067964
	1.0	0.03248498165932731	0.24138052980309216	0.09577469841433094
0.27025847299847017	0.20928382492187253	0.4697493715727194	0.8180262501423704	0.0651411883694237
0.04415116260041891	0.32647419114308746	1.0	0.5693180667289639	0.1514971525673943
0.1835243961144456	0.0022386542295119403	0.12239091101517774	0.021709924109000252	0.37517738348713414
0.48082580567924793	0.022203753095622034	0.2672295165317719	1.0	0.10383825691878962
0.07126404457145	0.1138460256277774	1.0	0.1759448850610194	0.0486528610999755
0.28051639198903255	0.1047036363221092	0.05938565172480703	0.47738087331048606	0.05344123968079111
0.1996845082074616	0.0672886729288311	0.09165938081472608	0.022457389146365404	1.0
0.09142954849808088	0.012346818153670756	0.595777520854411	0.1620309117374378	0.26980205043218014
0.37595329434979885	0.06634577989037747	0.042543986061076094	0.13985917173959633	0.16479881328962173
0.2678141044465338	0.28845404784160644	0.32000962569230895	0.17757704574504635	0.13994695644538893
	1.0	0.3293624533551788	0.33619752680360687	0.05267053305576356
0.09825452755151622	0.22176317712402657	0.2732684670792217	0.0035921031047013883	0.3135730639021009
0.02821511058751988	0.06865365895320567	0.12638159112634534	0.7215857325942879	0.12926816490651444
0.2639093128072428	0.057036187637096954	0.010640974736990728	0.8395778313706442	0.10060647897260673
0.021463224355330997	0.19893383508588797	0.41103523793735103	0.21916675674525446	0.16516559684878745
0.32565126589195975	0.02602710233695399	0.3001534497188852	0.3414369723704642	0.11453903688458049
0.25573852328267127	0.13095567318494822	0.6436282962746831	0.44038451347478696	0.006118946029056459
0.09670713538554847	0.14390853091904168	0.13426622233685537	0.002037289997229503	0.12244588571751913
1.0	0.007487150238554997	0.15663480730677348	0.1783384532196398	0.1854782015286299
0.14992517937058275	0.5626489377475176	0.1883113809647472	0.0035288311624234766	0.1088700569559497
0.03879075939830369	0.09588874603346613	0.14419610862115553	0.06083250098976896	0.2035206644067413
0.5287389321410696	0.40277381664321027	0.045136003246119244	0.11582258358582583	0.4512313570035615
0.5061726829453057	0.3460495940962704	0.014934803037331058	0.5259582223324785	0.16803569644402686
0.0807048767215474	0.042277304073848346	0.6382463895880354	0.05939715172589126	0.20920189991802293
0.3645197957772695	0.2967411361430047	0.21612278981422844	0.056931732256612896	0.1020388267516433
	0.988525834785156	1.0	0.03076928384764746	0.2520653343836464
0.32048435586063906	0.12131078392477918	0.4919673610619796	0.44176602057552194	0.6826592047353462
0.29015348860833	0.394266376290062	0.011750240436170888	0.1957750848582033	0.09754437682356053
0.06395839841977016	0.0027598725853828047	0.05093002325749148	0.49818452547672903	0.4178022700792386
0.5751339819867289	0.6897466396990497	0.2364770567323313	0.6121996677780119	0.013063535088876607
0.18404409122303172	0.009237470882813544	0.05610149984342702	0.07094191474483393	1.0
1.0	0.24799995600682415	0.6538569049112534	0.053324688168821556	0.4584907448855573
0.08345680641160516	0.14824734902395503	0.08711353953723536	0.020793868144698482	0.2804290286313827
0.505666790868774	0.05354086612404583	0.5236917602413499	0.37265237967086856	0.12769880066042444
0.011872464311523022	0.0036405270546195417	0.05556308812943848	0.23932381885642973	0.31349072162426966
0.10350788519366844	0.2181805587852875	0.5000669679677777	0.22353910441329283	1.0
0.8468814987660573	0.3272381373591604	0.40179475939939296	0.1743028174520043	0.27971368608502595
0.2945219030245192	0.015294034508018684	0.003968223570628119	0.4213893466896476	0.17052972931663068
0.6605055835298285	0.26827433865942024	0.631914323622504	0.13122192480011288	0.2241052217931364
0.27240248151719426	0.11183538977863097	0.031248633591630905	0.36225605860883187	0.108333702354945
0.3209662624403316	0.07684013847949875	0.07615772963388089	0.45900336690283244	1.0
	0.7443952595443871	0.0778831906794486	0.20945197269327948	0.08245816782646916
0.2616512577974697	0.011567205139250093	0.03653562616981018	0.6467787671534247	0.3016593080409825
0.02529503009903482	0.1332136555893383	0.0033833700369107723	0.05292706487935694	0.34493076177442417
0.65551316465255	0.4153264239936387	0.18646701844613117	0.06926493478501276	0.13796767760311632
0.4847464959722382	0.3380959395711726	0.03056001692907612	0.1336204948150932	0.30662794426264117
0.41620790620440906	0.015964282059771205	0.015464345805650589	0.07887782932705382	0.23995189726793592
0.8572192192781627	0.026217933158740044	0.20581630772304257	0.3429339961553025	0.6011460783747159
0.2662302683417494	0.053819170849661896	0.12192948664977304	0.34415939587227157	0.07304536234462013
0.35142622783706673	0.10718259613198755	0.07973077798027906	0.05748427093573658	0.11252662877751206
0.9099415614608817	0.7028126650087159	0.3750848439881198	0.30093550809395897	0.016324809403129994
0.6013683913191002	0.05368526942787228	0.4553448639160718	0.5151332942101733	0.5736217597388752
0.029906049504543602	0.2045702605614733	0.9731983773511188	0.4451240525749288	0.19764822650624994
	1.0	0.2716057775545293	0.082203415312655	0.1642938482315693
0.3595486366268934	0.355679069059614	0.4032262463411358	0.5741351217888583	0.010061878226234623
	0.8288144144296156	0.3174898590148545	0.07112945162855057	1.0
0.3265534108831672	0.7152243861102293	0.025343182391666233	0.6770255632710142	0.45892804799175135
0.3672301613193088	0.5693687383750681	0.7176968205205773	0.9014772750400224	0.0039023105908631453
0.13522600207697621	0.14499884270074076	0.03683785355209244	0.189634032113546	0.33231652548006835
0.4657439298071903	0.27991384119752677	0.25018330130096755	0.3991664817432538	0.06098382068419848
0.06458721219979696	0.3669890704938485	0.5302896623683577	0.09017527915058215	0.013479565419589879
	0.8923869324603803	0.19357691269193714	0.23552669657369932	0.6814339796954932
0.19656914601790823	0.40550313373440405	0.4702327496034034	0.2594385862041168	0.35919268767595514
0.04848037010021383	0.3822443846263455	0.0781929111692841	0.030356529499069657	0.0015686732940508132
0.029627079445816516	0.45045956711888196	0.47349735827539124	0.19764413541894085	0.1293277055321001
0.37401455279802526	0.5131525397513776	0.03563188178312368	0.009159628643315763	0.5208647089705954
0.1991993882698608	0.6940584143109599	0.15940575679542687	0.22413326347143914	0.2361710680935101
0.35206209436974495	0.02271819077025933	0.30331825670142104	0.3391917548465396	0.05919856654570278
0.2086291636252992	0.004730238415899836	0.1963703424727022	0.36397126522246476	0.245574860675368
0.10685121610019256	0.0028609368964531206	0.2602006518994204	0.0813591923820689	0.34025757365745307
0.2597042920437248	0.371810936805727	0.2832908440327995	0.6758965662162201	0.5669196842188367
0.05163946029580919	0.012454989993326572	0.20597002429472933	0.2459891336976324	0.8142439316785008
	1.0	0.1687615383950913	0.16240248838975194	0.25880935795598975
0.01042627564329175	0.1273133861633356	0.3679868452301315	0.27048800168132126	0.05464765382413161
0.15718362964860436	0.2352774149144925	0.18145930022982534	0.005421485563751915	0.37994071254868106
1.0	0.18350652965289374	0.06346105660505881	0.3473993891247876	0.40892950882955914
0.05073018526318237	0.1368857814094527	0.0007614858313439111	0.12708913032101543	0.14969786205086402
0.1334296627463136	0.5507432318788417	0.4361807431170209	0.16636733828354539	0.5162736331075546
0.33352668313922756	0.37181789349742156	0.4859041080605307	0.2956657195240522	0.22661133054729188
1.0	0.02259434046245139	0.014755534571433176	0.26445721187889804	0.13900982181509397
0.1421852976683411	0.1511771570741024	0.20701845803822427	0.2850525048130652	0.3174690013614554
	0.8194723858354217	0.091554792657611	0.5400673233469026	0.011179651742337888
0.38005707436179914	0.6788399036028369	0.07376944419085588	0.1752872772407596	0.27753556538360497
0.1450697301909055	0.10792887805402747	0.7908278421229412	0.3302934675735958	0.008997528532271827
	1.0	0.38083061591626416	0.9776418210710206	0.4483609945100188
0.5058982065661974	0.4808195160045871	0.4200929388344277	0.28069884691129865	0.2950403227676263
0.14222428797217393	0.164253574149467	0.01205102544344641	0.45559245869913184	0.14249650475935335
0.09187895762009572	0.0027484760820005037	0.05171406542233078	0.26791445666968783	0.3358638993202544
0.38445836241271436	0.3500286960731902	0.08216091414929381	0.14933994699296577	0.28547961795485716
0.3706797693860488	0.24625634409942068	0.23224086253276724	0.3987015310922538	0.25422544220610566
0.0703087114263017	0.1909790123157968	0.020649562651598646	0.11302564691868171	0.6949183310388459
0.22604078042782932	0.4011947858744036	0.30114619500073725	0.4614764175161449	0.4416523656911383
0.2400342965214633	0.1377053422021231	0.27263936458633237	0.11986266415088867	0.022762231662598345
0.32911201389004846	0.07802500198803772	0.6128582151217883	0.030646743571064325	0.09259199302695713
0.31477161677733245	0.06574074160553109	0.3658721586613156	0.7998977208325679	0.1329558924606934
0.17397347082561854	0.4700334409068166	0.2607588090785439	0.1551766800990009	0.39038641619096787
0.23737024032092782	0.05048731736662134	0.41834194483713133	0.008945315996781215	0.1216376089453384
0.03221611449988748	0.4873927582780677	0.15014676929212728	0.6888961111472197	0.3661565434655494
0.22240839724998068	0.2056416921007587	0.025825031641530296	0.5472139320544094	0.7719582725874671
0.512610516743188	0.35535159267220556	0.07018442281848424	0.15350292070216706	0.0005369018115868098
0.25058630145479044	0.3440137973509973	0.4491780527056276	0.1725551690816143	0.1338840306401211
0.4969956613097333	0.012773256605064306	0.26153176152917024	0.7163879743381992	0.2841592738310105
0.22383190704278938	0.3561510831982741	0.520251836301115	0.28356416558779163	0.2921970724731253
0.17094885030321172	0.17156395423814977	0.5374701057093529	0.5038187220319438	0.0922541709943151
0.8100052775739438	0.021274240010333796	0.10961612089247165	0.012573879466728744	0.5131397975915103
0.040956145101313	0.0505860537653596	0.4742034009770052	0.004748444897480625	0.036305414445186514
0.208113459056086	0.13351000346188555	0.4260303118552843	0.0529100369044001	1.0
0.15302369907221217	0.2226288908983445	0.3644260517903714	0.8175078979322361	0.5153582226968069
0.21506366736581614	0.11136657053985165	0.06752595142743714	0.06466311964327531	0.22593347613082673
0.10073192394075393	0.3099863225314651	0.14099229352683068	0.10738690958465713	0.1518922205389648
0.3170905881514697	0.6782611641176118	0.6613831254398436	0.2438942706921966	0.41213299643883367
0.851947640892204	0.0940876416487781	0.11609326370860598	0.3443544041882418	0.21769735814382973
0.07071393330134647	0.558820551053115	0.46663058969517984	0.3916173728991635	0.9913586874832641
0.22810815912461802	0.0766773821854269	0.2925413050783322	0.4200364110783465	0.05764629918487624
0.2686258382407998	0.17663296461124098	0.03274966113780773	0.04156997237267546	0.2773614779082198
0.011736972231006115	0.2648522334677294	0.09632663770371977	0.7788441110744838	0.6202664798228327
0.5152669309958691	0.12071546150809181	0.12234714797981971	0.28424424890172034	0.17636040574591638
0.9577523350645398	0.4301957329203208	1.0	0.0233699526806744	0.8647293456720511
0.08700623189351499	0.002915645268058791	0.5052984687863675	0.037150233377582345	0.01663655579563495
0.2483388107799619	0.06303210347533354	0.2867338412552849	0.07811618782155229	0.3421104668057168
0.593295835459106	0.5680217751454735	0.38400870280772564	0.03399916177634434	0.13091709696231524
0.07854393045939768	0.182844275562793	0.4572553816984802	0.14922652926908725	0.5210157267959482
0.34153411964047803	0.06769643378884778	0.10738071743032908	0.17363136581920718	0.1574576975792052
	0.7937563815543317	0.9097265875212267	0.37398905916219644	0.1532116620242677
0.9279291890638641	0.5488318198754174	0.3665403101281885	0.3790675286082053	0.6277953476615511
0.11438658712237562	0.06886241490417268	0.10224721431997415	0.056837941976724926	0.26915420401160794
0.1875462140358668	0.11688587711476855	0.1525280760256564	0.0710830691254673	0.050819280064526504
0.6747499456589757	0.14450542650329068	0.22753851085100177	0.2081023930993893	0.08617273855350453
0.21996436210301795	0.031588123607177124	0.407447338474408	0.28525465670536193	0.20715052442274762
0.32221673971384424	0.07361530395532317	0.12352627479889758	0.41160996239578407	0.5727760054984894
0.1471930390646669	0.7027322575254635	0.618155938414613	0.3185394362557813	0.042296444671100546
0.1265958028654791	0.30676436001505897	0.04506572956822883	0.1927518301448824	0.08460107885094838
0.24313222086782707	0.2473854393947137	0.3201777319310387	0.0905786414669276	0.020922418633374937
0.0653529887549427	0.2214399832479456	0.48347312624836547	0.3368108492923457	0.2995483831350691
0.11912339202747853	0.4273647258642432	1.0	0.5858197158284821	0.122487141046757
0.1424201550193885	0.37281619463655213	0.29420774181876497	0.10495302085222423	0.01686650694207161
0.08565068459809021	0.37022390884830003	0.277542538125367	0.018129504153296647	0.02004736819432017
0.026758225206956154	0.033483310394156945	0.05810722025098808	0.5224108321793014	0.8172851095107122
0.2712707398186364	0.022683002418796856	0.06236451409744071	0.19582143316096903	0.02334617435659841
1.0	0.2161163206367403	0.12018715628345447	0.5552106225426499	0.38255012858561166
0.10335916072825752	0.09036077761371623	0.03536870984745367	0.317860450826463	0.7086202348530478
0.24285844857111313	0.12259725829956548	0.05434880184477308	0.09555873338358241	1.0
0.22846813488856116	0.016815222432554826	0.10308454717831318	0.7444627600260869	0.11074686629955133
0.07562121021561613	0.35395596936211543	0.027319954505765565	0.055498148979253654	0.22507214002895448
0.016810319743672444	0.18280633989705491	0.17984442631938916	0.09035004255355963	0.23703894658878424
1.0	0.2663797390261136	0.21089872442629012	0.0710157663124407	0.5954426598743785
0.8094637951503744	0.08561715615260977	0.2881539571113456	0.512392289668782	0.3357349108966293
0.31331010272025267	0.255382760246875	0.46591492237767623	0.4936904530412875	0.2844415358137348
0.8942373020425229	0.36957031910562665	0.4826375795447886	0.0305864189005487	0.07993187883982672
0.049145214009633786	0.13520937294751187	0.021268148230806555	0.38804150066368726	0.1582414313869212
0.03391512212543191	0.5924569455929904	0.5229959791390598	0.523036768350991	0.34200384004404044
0.04513240096854377	0.5257416808532777	0.39556103038415924	0.04536018379333216	0.10246541719287096
0.01153230101555366	0.2496916897502346	0.037766786692477024	0.09563511166651548	0.015010342067680782
0.3778363766623818	0.5547141034045814	0.31260970026191537	1.0	0.007514369067206402
0.22565352732727348	0.22265750391310304	0.2562910130973114	0.17693845683369616	0.1556913873980085
0.26426894794038275	0.32668487521801476	0.17895156345096283	0.5638466910837004	0.11111634861110407
0.41555145178950553	0.18831077137978836	0.34913831312559124	0.7057515194185588	0.02321116331248187
	1.0	0.24701560798466957	0.27685387862584593	0.07152063172293995
0.24926730354576715	0.033484960781366944	0.1436599353005969	0.6058128587602071	0.02623591553406115
0.019042842842641697	0.2819045029766219	0.21656092538880925	0.061785233856959734	0.2714158590771581
0.36976840066555516	0.08360887410325558	0.1685721066557895	0.09620352208870046	0.1033866795880488
0.01823779564337161	0.4924308833741741	0.08048948409080618	0.04449424449824894	0.03237971244476754
0.15924617359149495	0.32366812742384204	0.3445133076753595	0.371903447537372	0.2023902904251614
0.41304356638862333	0.17939480938146415	0.03597386409397155	0.2770283083689337	0.07351962641793203
0.025200328465693016	0.5015587949785503	0.03978149849791873	0.2850634585904535	0.2876081812660502
0.058919291052121445	0.38749809777343286	0.025396294000780365	0.029670533128525307	0.13845756867404052
0.24416613875367388	0.11584864774043303	0.7771374501952735	0.09373606864610158	0.27437371634888863
0.08771860095599714	0.13743873412710678	0.22078447262462858	0.4995749452755676	0.27781250967026033
0.23998116252209753	0.2019142884113817	0.17759076504605328	0.1571670437723596	0.682387738700392
	0.8033445731322816	0.16966242748111618	0.12068430866129683	0.02123072846141796
0.008990685344709629	0.28604187862370517	0.3100590156989769	0.14150741697319358	0.09156272740443078
0.5644921367115989	0.3884340405293288	0.2853071384737765	0.010966756527519406	0.06112726710496044
0.2777197488850109	0.2536996544567927	0.05357604120353871	0.26430315220021927	0.11067143601822833
	1.0	0.46264386677143254	0.20250372002886385	0.13138138313881742
0.02873152465378707	0.01102056208996297	0.1741136343179447	0.5869895725475841	0.4546630490698847
0.7136448238208418	0.08447806826406594	0.11936233447296338	0.37507379177909655	0.09393626054603553
0.10554806260908686	0.6540699480347906	0.05670807801632738	0.03137021497261224	0.03418635630583739
0.2304926271009863	0.02797637359657695	0.05511603680276464	9.457882755862178e-05	0.37401157077593766
0.24754956045702914	0.04389579942391099	0.139222763746816	0.11417969791161192	0.03440812840869777
0.07485611436801147	0.1427694398173269	0.09318558573000896	0.07800976754754761	0.13558154836767164
0.10014778911035038	0.28341090103061733	0.010297167116655855	0.6024392335770311	0.018742683105609392
0.36545091191513596	0.0037506045769343495	0.038915639773407874	0.3582944768470999	0.8962455791542036
0.8029845079081058	0.05186367845205073	0.10714107293520309	0.013871742414869643	0.2605894474987471
	1.0	0.583176308753507	0.24154869377874905	0.229723190767562
0.17788855535520395	0.07977827659535673	0.184534747341182	0.9653450341107955	0.21383215907819916
0.07936911059373565	0.06211288305496992	0.1955598810631871	0.43302855538089785	0.00940973325490914
0.07429089385645936	0.35188736925999664	0.6447454678103507	0.002311298380484217	0.2609368334633959
0.7718326742814827	0.3419479276644628	0.2211940757985689	0.09155045644989178	0.4331684850522261
0.43301505262696677	0.0016660622454692186	0.014275159598177262	0.04480652874233204	0.035494706577164595
0.3868629613086711	0.1157017583682157	0.06092637962202668	0.4372182804326632	0.3035530607194699
0.12079642803261176	0.09260837420378167	0.48315480865158333	0.310093238984527	0.46601097952096493
0.0003905088560055516	0.5918438120876446	0.17864171867273224	0.5589306894335462	0.41312082712788084
0.29892709551104546	0.010343509431842896	0.06215726150293448	0.24626467860471035	0.23278937143012549
0.14717730951354577	0.09345896325917939	0.23349021992173125	0.28165954424773915	0.1612093903027097
0.086575463878505	0.27246141040199384	0.7004129343293565	0.2711920924239751	1.0
0.16995532740915267	0.2676487416312747	0.12686498076626992	0.010324531097392326	0.5593410344600258
0.4663655115123987	0.02079088827434127	0.29827127779589513	0.12993022133139276	0.029802139684262072
1.0	0.030542636450057076	1.0	0.08697477491660542	0.16237216161959575
0.1129571616024154	0.3813941171566835	0.20896445264732758	0.47326411708129923	0.025777615210236655
0.3649422530050171	0.27654530535211724	0.873684208690769	0.1579561330181388	0.28443337574420346
0.1679381265487318	0.08968536812322918	0.6270937292115458	0.4077678731270748	0.12794995872919593
0.07466093471120082	0.00858533178572323	0.15463835047405577	0.19048311433172727	0.08103081174539925
0.35337523848488	0.32134200485960446	0.07460300641507363	0.019479663741558368	0.4301108729356006
	0.7836632611316784	0.35955131280723823	0.2724941912491264	0.07489610002709204
	0.8006912978991362	1.0	0.7913753419654227	0.273107765488018
	1.0	0.11807757029322367	0.03783614446380174	0.17968295320229596
0.30699502033154075	0.03724232630015998	0.07174336547623252	0.31964652054488973	0.058029064328616056
0.5155337878237766	0.42237004954283713	0.3624518727693489	0.18907076785953122	0.4855113512270945
0.3666733649655139	0.6767483180803083	0.5158676666413359	0.013011603439934035	0.17811673065757774
0.16911486098893136	0.0753866337427436	0.08043219514589818	0.2693391919112037	1.0
0.4582163070643055	0.02841772256091945	0.09361837246808158	0.1781496894481254	0.17065895264651618
0.17351832092100397	0.6412677131473552	0.6676719357074461	0.05759556105030542	0.03865654294116749
0.02771223087725159	0.11142634143748135	0.2088394990411136	0.17007309113032218	0.0947497848131798
0.20795165318577835	0.6083841727522544	0.016083761231598184	0.010266331480162318	0.07741533636491497
0.12147453560032369	0.1620275098192783	0.12472119764757668	0.002419411401786339	0.2197919736135381
	0.984605965682416	0.059712966207379335	1.0	0.2809220935619255
0.5077719814243227	0.1463037309441894	0.3075799746650408	0.8947271177694339	0.5521072433407039
0.37054149643184187	0.30846949438020954	0.013843600330762677	0.05185278666612041	0.09606666608063189
0.5454786265693028	0.049735405229803624	0.06540169140554214	0.14645056126632766	0.018692247883566337
0.018428197986476953	0.4421175790230007	0.058062056474462484	0.23164433765314707	0.09870205809776392
0.1852956898905343	0.3105619015681409	0.12012837821379849	0.01751585054503121	0.6764296467299366
0.04281278026009845	0.5647310212008115	0.33383294336907104	0.8293209398475272	0.011909825696147094
0.1403721205457752	0.032697029234559756	0.2193711085086291	0.760287378757106	0.35818570753200746
0.6216957592375236	0.12515715435358532	0.09065463160605053	0.9580357981829393	0.40194393115884147
0.007741625327874426	0.10448732076417495	0.4630100898605457	0.3046470918158567	0.4083319610166061
0.21957784610387102	0.485700017982567	0.25148016669417583	0.15107310931894477	0.005704631173850587
0.4986904163711137	0.033324298527066365	0.2741211530746371	0.19167239304812106	0.11546036671601274
0.045936264348306034	0.09637402789488948	0.03720130203729874	0.16771525331689824	0.2608020014487974
0.09320714125814575	0.03071519148035996	0.7985614223216154	0.06841920511463463	0.0006750169894393735
0.06066448275035187	0.091430033445132	0.017264086244331355	0.485448873627004	0.34364387823667947
0.5836731156063518	0.3865357371992703	0.00514170899629112	0.15199661202315698	1.0
0.28810812781179396	0.030605148181781165	0.2302639383587082	0.24350226962623578	0.737852029042214
0.007182457470616582	0.06321356308019728	0.13131373351365888	0.3425003900445034	0.29416654984007523
0.11048314101936499	0.008642551620956021	0.16501408993964017	0.08407764908497846	0.19791604242429148
0.13736416025400122	0.4466924345165852	0.6116214553907448	0.4931558644578684	0.31256697674849304
0.09178419261527498	0.5216997876169244	0.6051692667243954	0.31011033949356	0.2074204059835104
0.04651785979675642	0.13370602184365074	0.27096998574201303	0.5691522835361927	0.09962821562424666
0.018101150860840496	0.5695709619766057	0.09970077511173576	0.1592345937382773	0.008480053620602706
	0.9053560137434629	0.4135294827103472	0.05587459195219432	0.13040633757156575
0.09576780531028539	0.14465993900382348	0.41310210626731964	0.15272851985455999	0.22928949599733545
0.2774978443863796	0.5458050527877817	0.19911701317748476	0.0205081339799611	0.02151499444533294
0.5525988255387628	0.20510179767969255	0.6244598091566804	0.06055309089520678	0.10987267861928575
0.19623916207678746	0.3328543081746784	0.22294318135865787	0.08195480309130784	0.1813300907172863
0.034400988844669037	0.226753875113418	0.196074949751797	0.43455649706337446	0.21011313440288001
0.3034669864075291	0.08995452801766744	0.224309874471574	0.3638450797641475	0.22988926863693904
0.2929182971127321	0.18513319480605503	0.7526948303402837	0.5556482644337951	0.04408302635123266
0.9042888841797122	0.06840397578595254	0.220752502123902	0.054935644368420765	0.21596377156490112
0.5597515854759284	0.010079883642102407	0.45207513680033556	0.7472043922701214	0.279509017555636
0.5459155719865716	0.41687526593753715	0.3785994234986274	0.06544427638209163	0.0767437067697135
0.4951046650309554	0.32549363433013373	0.19424706070795209	0.7920041195476091	0.2992276041677155
0.14684741332932982	0.20243037140063466	0.10306072441609539	0.04950921256197264	0.06951288173786799
0.3425034405590624	0.16579693504453616	0.1261772488897225	0.18042371143949568	0.7936685363419469
0.6425821413965231	0.2715835814938116	0.3159005331314297	0.1849145413085482	0.12283764793151412
0.4591241591899491	0.16015757392077878	0.4757420618786107	0.14787434698040722	0.6575883126356794
	0.7223870185279244	0.11482588596910376	0.01965061755628826	0.2671495229632976
0.13852194084377686	0.06039547508556342	0.45885675336564113	0.15898994209466208	0.021700503856625624
0.14718589522921882	0.4790840052787593	0.5344590965964204	0.5496084663727092	0.4227208395959048
0.2146668668229216	0.2719959668388521	0.47588643712458634	0.1492111679489255	0.0880419636533329
0.19206721682554131	0.12313134464681845	0.23482016455656923	0.2757020550030458	0.028613747051200202
0.11369843751587506	0.42087107005837415	0.9138828245995503	0.30514252205798725	0.2275961222752228
0.020654860841519997	0.07763828702888097	0.05377668051266649	0.645731999809392	0.007910413617827869
	0.7407960899226179	0.13469123696801039	0.44173662044232426	0.25885489853445587
0.09893299131580342	0.24428070025143303	0.07849840767963868	0.21902945178473546	0.07583946581711648
0.36933893210549035	0.12691536030633177	0.00863042848037806	0.09057202540907239	0.009578392955405092
0.0067677540585364205	0.12479125207172408	0.10247976976753417	0.07136096235563322	0.03857112981141002
0.013970040475543285	0.12957872834224818	0.12569420861572667	0.05365260654481222	0.09762248028565368
	1.0	0.18700252011224408	0.06624298679738622	0.3343767962686261
0.03760647338759637	0.5261864179774035	0.1863530945922144	0.08616869348284258	0.7795703952420119
0.02503480564896201	0.1327054056200836	0.050651674179558445	0.11159139482303929	0.008565220978597727
	0.9063238878802947	0.3140124164617591	0.023343713191521454	0.40820517724308475
0.09527837029261457	0.44831645665084957	0.22348007536482792	0.41191228040007094	0.2756521173487795
0.2540430290400454	0.4603706115803615	0.1735453485921903	0.08393418470843418	0.9962754191027002
0.21632813829349248	0.40869783470688126	0.07115004022899887	0.6762127385931588	0.1736839549125509
0.8843653816489855	0.21384626071923676	0.028807723170443552	0.1837984665382653	0.2085410127945817
0.3199117885494147	0.10532646465246027	0.18921582627559286	0.08435002764262692	0.02332527086864646
0.8513702136781501	0.2629914540857279	0.2872359675624707	0.9397296476097652	0.28553142326822617
0.15557551824111454	0.0266095488868623	0.3116203792135265	0.5777674503800683	0.28853272058344626
0.06537873360758982	0.0018357888959637063	0.4773971594482287	0.6527900293307135	0.06839164058341538
0.3951174134362748	0.6994855911953841	0.14534904816438138	0.313424680373321	0.15083536279134233
0.06685262583012314	0.3116987146421862	0.4654258115542567	0.3691546915608494	0.4985488972132951
0.04588417908450581	0.6886825888343767	0.0426031083760628	0.18726153998765752	0.026963926709026285
0.006031585960885808	0.49065686989129487	0.19444856732486393	0.34258365700142945	0.26404124495448006
	0.9233104585138312	0.1333691469438248	0.4320110879757462	0.008666237113687162
0.024603104416177312	0.04688667840056054	0.0889296225289186	0.9486979443774161	0.1428669495711275
0.5170482637876489	0.4617992175628182	0.7344812141474681	0.8099064808924143	0.07172730553543004
0.16429250721362335	0.2406304519464398	0.16297096370694072	0.03838709275690712	0.2988562397559942
0.036026836863287684	0.14874665938232165	0.08420974661066968	0.1531263333168892	0.30414783965861797
0.10078304753190621	0.1582142149889076	0.0651952608835724	0.25948849794986584	0.3823129588002632
0.16333312802616143	0.023356503424574907	0.3593468666545672	1.0	0.3952880573102345
	0.9019093810965689	0.31544107570175745	0.2585411897272374	0.4194961881965286
0.09005397215938599	0.29826434844751776	0.6246448363512622	0.049051546370434226	0.8542532703206728
0.08516157732380704	0.3925079288558364	0.8951327375197544	0.2255086548636205	0.8854190631572681
0.43460346032079944	0.2024204080627698	0.4506900871411057	0.16416275136595374	1.0
0.11631420104540523	0.09308603187011244	0.16239693325063162	0.34080485478151096	0.23410229574305905
0.2691244610326043	0.21924791023668758	0.16025586861300012	0.0862399865889139	0.6434640323693895
	0.8432989006758952	0.4591404664376807	0.15265092777868944	0.42015356637035
	0.7777906271543948	0.2804112117082631	0.44709197558329056	0.035441388306954986
0.4022608730756984	0.1842157404387057	0.087841001851107	0.1296452930540328	0.16385725599989787
0.006422327522964452	0.38876342450576584	0.16166800531000097	0.37322850373114774	0.23399077666385737
1.0	0.29377985564360765	0.1139347280968696	0.0023373592070837896	0.6291268339083433
1.0	0.12500210546878027	0.023229869885445176	0.0685034401011993	0.351305426079046
0.02024403869070898	0.2979529578156997	0.14487975260396407	0.4700033811432351	0.6094969744077744
0.02506371115783062	0.14955631637008698	0.3990275127307817	0.39216919419530144	0.5719948551248474
0.9869236502205959	0.5748421008225241	0.12122956094433847	0.2638328143209059	0.5904666235110615
0.16411940617920365	0.1555333566154169	0.3096067619574072	0.42974764084273176	0.08723098608700271
0.031135808796599936	0.16284267377276407	0.15250480528191296	0.4770825201882029	0.06570903923101515
0.01388509495330592	0.199246543945136	0.25482835287605105	0.08685711088598418	0.4239103561369743
0.39599236477651123	0.10825576530359626	0.08624070141467585	0.4285076521444063	0.2906782378214013
0.03169015840334473	0.10138934603863706	0.015951007948508962	0.34579898209401244	0.062018627911525
0.22296838213717218	0.13518975307541034	0.5926480534509653	0.24177310704136887	0.04170373447937277
0.4144727805937424	0.04176549753392532	0.3951953881811548	0.7095794979823055	0.5799192622400616
0.2954190485954161	0.2415787688329681	0.7721054648574949	0.17558363645083455	0.05981371908224433
0.17008356932440286	0.5647262660827842	0.06617099704663648	0.1064689314437229	0.042485544010346946
0.14309372791884079	0.473210219909576	0.19305244006929592	0.029571465007519705	0.04994946220989652
0.4894494676816673	0.3167292053146434	0.025842292010253443	0.31935641490391065	0.36277573404983615
0.2701888253046123	0.3570446274343114	0.05658295288246797	0.19463538381178547	0.36599298312581613
	1.0	0.45288668834900525	0.04008453014467943	0.3162026778474577
0.2631457611089833	0.05831041388384361	0.038851742758629494	0.5060729380646253	0.0369176931452835
0.045455524116721706	0.3327198964576522	0.16413893069393085	0.655580860104583	0.1560160694296802
	1.0	0.03475325865981278	0.47477457940617984	0.10150909195552421
0.05027667657685422	0.32539139435643566	0.042770129554863194	0.15321994487781232	0.5122144936269538
0.26323171150257646	0.30731661222069445	0.16474825363603066	0.021996886792332332	1.0
0.04380869874480115	0.013044643253117577	0.06194553789154763	0.2863754473361992	0.2281770287957871
0.11915011210197415	0.2627992446601335	0.19149424295504267	0.22233168517684399	0.03942216654763972
0.3121175525851379	0.175637812692295	0.5138067834327428	0.0006974005341079256	0.11041702062947127
0.15093283958425968	0.1199759516493456	0.3564113944909605	0.22720970076754676	0.4272947180428645
0.004698937845754695	0.03980990025196149	0.3973331011780891	0.21314405552068313	0.2898213962135931
0.01551838238162981	0.21315028288114535	0.4910058901918906	0.4571229315578206	0.36650280469275204
0.03297729149219532	0.39501178784042384	0.35371287792600786	1.0	0.5343004461315788
0.04879949863038887	0.05916697687544318	0.1347322291899546	0.1484784035132123	0.2570802252865411
0.0523940403440042	0.3223070635486511	0.3385654656530006	0.29291000195698186	0.042479465140150774
0.3468345155432762	0.24835142360811063	0.15201354462618202	0.6214038322371122	0.08518229027940788
0.016270309612671768	0.23217527175615282	0.1584847087870489	0.26057666418217	0.18197256822994087
0.023252375838751508	0.22859032277760225	0.010198118184000488	0.34820235817289197	0.11101982916852358
0.15071129377894227	0.12661679476920448	0.5480028648520731	0.19103385814753931	0.2073701505311495
	0.9608827064485527	0.10075961709000887	0.6973698777957086	0.21226750368849753
0.13316555590787404	0.2589962396509373	0.07412395747124455	0.9614641934345718	0.32099364414526393
0.011146365100905437	0.1403420906757543	0.5169658092891852	0.9429729965640132	0.3359016923941646
0.03308074015526534	0.46580748177652703	0.8378060647212102	0.10290053378693025	0.16628460283029536
0.1731182719691708	0.48803855747672303	0.058934983557533446	0.07989013562803461	0.21702683868995654
0.21481389360932293	0.2434049414178488	0.05915266701361574	0.1312093239630249	0.1347246554811414
0.3828884893750937	0.35612054268505616	0.5560102123602347	0.1542944352656739	0.1842250372431368
0.39795037300030606	0.32823484848519596	0.23355310665945597	0.6107091453466013	0.13700692817165352
	1.0	0.28896790492267926	0.35715591598021273	0.7813867318721269
0.6892830687412276	0.32213485243036094	0.07017794873293498	0.2849101164786308	0.4785046936128725
0.07388696665880555	0.21123049571674837	0.04119127939831493	0.30899320927574414	0.18963702387099837
0.26458154209971674	0.020760956885695674	0.8593622092104213	0.0586151237567077	0.07611775086680714
0.19376105492127788	0.10094836335484315	0.15598747441118155	0.28576201167369747	0.4451252094157501
0.08749569116473609	0.13802718699042552	0.022650581801899123	0.0954679751748244	0.4333282968309036
0.10464246873503838	0.2162689821188853	0.2630240308887792	0.1586995990251444	0.1634111660825405
0.005035046550205655	0.3565435090608282	0.7646787171724889	0.04199738252025025	0.05254458344380663
0.004235825119421425	0.014712888382628658	0.8974717617547024	0.1954176934162449	0.2275616548113936
0.10978011016195006	0.447996861760753	0.16881707024471237	0.4129972162070753	0.2631978669207907
0.3082231582189372	0.23793105542896423	0.9055342072888835	0.15965513756925848	0.24214652535545994
0.16039497387470722	0.463015579317671	0.3124538646275024	0.7573739007143855	0.17259333089024237
0.21406366219978729	0.399431693745204	0.017606449438306027	0.082494828750898	0.5463116287581194
0.1136938461743092	0.10558600713609573	0.4627434983650787	0.3637845592462385	0.5191485757814772
0.44202035997975214	0.24548929531571245	0.45974056868908214	0.672885878374198	0.23547442837877636
0.17131528397082946	0.08382836035764775	0.013890602698530223	0.04965465535950258	0.05238833859523311
0.6135687319809345	0.21102244859950828	0.013312039919540072	0.013768458349272901	0.1646814234525824
0.008785550782391583	0.233972988983709	0.059500733559233056	0.1968400430235717	1.0
0.4776158922843192	0.5186031148632968	0.2546987857971986	0.4564293480850674	0.0054398526972170335
0.034781115234262625	0.10865278819224586	0.2912579757116868	0.0860300727307413	0.4955625056132945
0.007093079728533899	0.43812862656008117	0.38168981309690153	0.08097226905748116	0.6215494443874258
0.37227580051965153	0.19921689476729953	0.16899501152290305	0.33084810681263827	0.2315336990706528
0.30515244609450315	0.12706175574042278	0.06546515275456653	0.25414679889451885	0.24473619227877105
0.32555474413638846	0.1791336052414878	0.06803791547884452	0.28439828837186365	1.0
	0.800686300785168	0.19298434117491167	0.26345540676124696	0.15716433966485485
1.0	0.1632965353501444	0.14487981655945448	0.04431938363458859	0.11079287336048795
0.5865178715022743	0.02436521906108177	0.0610292056152581	0.07439134442268541	0.055953013927833396
0.15906573766248097	0.054264039267202066	0.3918104455799292	0.5750331132503931	0.14589590095087968
0.9900062533707631	0.4575398434566757	0.20878387572865142	0.131767580676249	0.03484127540680979
	0.9207667580418465	0.08226251185132186	0.11573080003198952	0.234692636207411
0.1453455028965962	0.06598024845720682	0.13639649966734738	0.3348152350885186	0.6614478398791988
	0.724378393116835	0.26466725176657097	0.251545699622253	0.21490422958001917
0.408890725847107	0.4375622758025401	0.05886102363608539	0.10520783797333128	0.258976153093013
	1.0	1.0	0.08651642864366747	0.1244143202504824
0.3759105081964052	0.3107170171782699	0.5769153582806599	0.2081157276746694	0.0454997251692751
0.3682159302674834	0.18517418522677637	0.4098720975412988	0.06825079694372262	0.5276857678316398
0.0011252373996433447	0.12655386294560564	0.46742175732928426	0.1308357350940921	0.22195814743822387
0.2027904063517653	0.2497535978365873	0.21587023831807695	0.07738513499627765	0.10366928373509733
0.08272302384541101	0.00683494822078454	0.6424232312444835	0.42673008581521715	0.3289203684958147
0.00990327669553416	0.10499461057120345	0.5387243782047512	0.34376105408823737	0.07681490680416253
0.011441001781484595	0.18287745805851677	0.024470071834495358	1.0	0.3763386727375952
1.0	0.05953568209925407	0.01074689262519762	0.007759763060810966	0.16955964628787243
0.1256749815107415	0.42357433130326144	0.1176672940264353	0.2986457348007145	0.20789445143473068
0.6786851551930162	0.21925650761638601	0.25517057822698425	1.0	0.6705347406169543
0.38181973350118775	0.5395619845397928	0.4588181847386028	0.4787198785132258	0.022191347781775634
0.10293214721354658	0.019914782452592743	0.07122132217447513	0.12396146343549516	0.6496290105509328
0.4883674149800276	0.010512340330418903	0.032920338504878514	0.22382285333771082	0.11064186952644464
0.04047412347853127	0.024363480058844384	0.11973793041627656	0.296931502981245	0.1809721633376452
0.01488156652090611	0.08943332441360073	0.06602482550149058	0.21908313435998616	0.5895535305826793
0.3010664220936441	0.14202004813376218	0.3139648696344793	0.09670127313919075	0.04602794905309265
0.06560818261835698	0.2060222223513515	0.42089439780232296	0.3963143401357954	0.0034723732275395904
0.15645292538403696	0.14663161524305168	0.05856806980814989	0.010632266355707718	0.3530522998623508
0.08851684489153926	0.5922378066004509	0.052252659515029824	0.1523497444771157	0.43956945785934903
0.035036205925261174	0.21387877130364694	1.0	0.20328306099047538	0.037366853217877256
0.09008173753051117	0.2974074940503318	0.15443944233709225	0.3373373761576395	0.45005756136127795
0.6117102968299675	0.0061535236513345	0.5559019590453026	0.6392272709816204	0.20403577692688943
0.07847639713532105	0.271213935599577	0.012027975326775171	0.3192354870693172	0.6705910145175186
0.36287455693801207	0.12819331844619983	0.010170723743239872	0.12124411158384472	0.9391764424101083
0.17216498554006204	0.21362851349796444	0.174176129235035	0.1281569684230906	0.14928258817374565
0.4464996809304547	0.34729805029485883	0.046095083147618406	0.08035050469081158	0.08912621153806882
0.3731879417860248	0.6861658468171865	0.062136396794605205	0.08325001620163784	1.0
0.08574595180956512	0.06479442990565822	0.23527651611034553	0.3544518868185747	0.4989135522835513
0.29489721162303945	0.07430011116164424	0.08923528539076211	0.6693621999312467	0.6388346684755365
0.10533372363509988	0.21221441768375665	0.15819708689896292	0.09894918901785918	0.01826055263600261
0.1146747618102942	0.2780304978240059	0.2790943792802193	0.0692449039084843	0.009552197809589423
0.0030627680027815202	0.3176058067754821	0.09965698367114809	0.1324599714819783	0.043310100976927654
	0.9258300469007028	0.2971874601605752	0.18703777926092116	0.16465605506041145
0.25921564971823907	0.14421161878309027	0.15468716175370006	0.06276050467446495	0.025201306543913168
0.48782623602007724	0.34015418256647584	0.13180712961020405	0.020729320866694517	0.13332305894955498
0.3415863690398071	0.23075169803792495	0.13577993184234322	0.36478279559572935	0.3231328071044538
0.18977723576172925	0.06986241582962595	0.1758302780693472	0.4489003181048201	0.013572511672451182
0.013711313840242066	0.23679140425601486	0.5197764751856458	0.07854014435537943	0.046341586439880046
0.19834886929961046	0.33640964485480307	0.17403855119021747	0.020621645278218057	0.27078033017065967
0.8869024896295931	0.264806237962015	0.8817902625959952	0.27674769170806235	0.3971633517348006
0.028171772173561312	0.38912243603350244	0.6665571093694219	0.18821100655907033	0.5215006795358156
	1.0	0.06093036030241962	0.7084485556141813	0.09752535070350292
0.029730922981880938	0.0021393450372839615	0.8029695824687016	0.4268000812061621	0.02043203393087577
0.2807971518805229	0.0733990739942591	0.1930903333056816	0.22862648585473627	0.00928668265904665
0.16799536371840787	0.08036580078737056	1.0	0.12934093301159438	0.07384302006434246
0.10552260055679741	0.3998819061912786	0.10286233475795901	0.06529830033151686	0.000831559616348644
1.0	0.42588611621749384	0.15753877067706412	0.2134367948640813	0.41129026742486585
0.1492437606782783	0.36725166794374875	0.09531901592949306	0.36348746190251896	0.03492682755187949
0.24510705846683176	0.15955331927633704	0.12800014786095895	0.028745353438874126	0.362698608286077
0.08349754579485656	0.2540031168262872	0.2702504797958947	0.1536822009614864	0.7912388219533794
0.15985441445764415	0.3912631455968672	0.4824508911245544	0.33418502430740626	0.17675888918419727
0.15776337299097906	0.5348843253706529	0.2628051672616604	0.4070757469822904	0.22766287802055712
0.3075306591720347	0.16424677559141757	0.010700059517863014	0.10320843231175948	0.25974047502091024
0.14692215185920815	0.30401072991065087	0.17533686500374734	0.04373660239242413	0.04951854943646301
0.10640860706009916	0.13190578656688623	0.47591250869086343	0.6262922207489591	0.06881840491834962
0.10066671465098685	0.27599003947757417	0.9665002365133155	0.04108264360011059	0.1583743189764618
0.038271479875047455	0.1641690535781097	0.3221964227101781	0.05517260749665894	0.02119576808017642
	1.0	0.8912165511424354	0.1021723518955363	0.3814896320650344
	0.9727221242409976	0.08139427675460195	0.7502068065638618	0.1564036864545702
0.044184900229736146	0.11193943156224727	0.4926227971207367	0.39347530576065565	0.38192740548072834
0.12467686567157667	0.01370567640481565	0.12215031859353372	0.13202776743364178	0.11915760271646533
0.7451409604024819	0.29934143519200945	0.6323145630634561	0.3919576468850897	0.48540960581887355
	1.0	0.0679364265104731	0.8996174194770924	0.4206776982080202
0.0451465698618331	0.048525734947068896	0.23305734101246345	0.0038389429506342433	0.5931560734548481
0.2564633411868686	0.05735814470584841	0.1650965544494831	0.2775850711906005	0.7304091993668947
	0.8636893432729273	0.46527533983865854	0.5819740729987091	1.0
0.05761790069438513	0.3219691613347762	0.29607681864623836	0.5151976592084444	0.3908972558766108
0.0027344271611661848	0.10801794885491973	0.3047442208865277	0.2751419706295401	0.2457896979935937
0.266775712674336	0.07168817577284001	0.29428682074518675	0.7117722962773059	0.615805391828544
0.10268741792672738	0.25039601836855657	0.44846518882682557	0.2782337695487702	0.13268041364833916
	0.9768330755220462	0.13703580705331922	0.010763849832352056	0.0033930416206142894
0.2824577211929543	0.5086108188704883	0.09636677574752046	0.13495662428750202	0.058081758321171184
0.013689336752701004	0.022233443074044016	0.05280410762337572	1.0	0.17310237708223664
0.15329939233033635	0.03308271755139543	0.30648902813142187	0.5544059204061877	0.3476420138921703
0.01757805223593737	0.023839151781413735	0.08147018456338025	0.23700522265016508	0.21845929256191057
0.28761060654649384	0.05022938287729616	0.09734207016340568	0.6127754382000035	0.09170245725566668
0.30279654110212395	0.5614920611998919	0.4240311368087329	0.41833426296123316	0.05879962388419577
0.005696168751065871	0.10724522691245296	0.4723115323933442	0.05847179510694626	0.21965123570671463
0.07007982024852791	0.0998161459267378	0.33189062945762554	0.08930965163239014	0.017987600367555766
0.019976025926986538	0.026102106738746564	0.12847862441454314	0.1431084997780718	0.11670918913982717
0.16951266603997683	0.027182418532384952	0.24476765271270468	0.14845839525038423	0.2585312434324387
0.4131337183418881	0.5685818121317985	0.1717314259490053	0.40942789365913645	0.06055495344225247
0.2975042140289502	0.14456538404785318	0.14020211347226247	0.7438769898081611	0.14207875130006872
0.3345134693705124	0.17355988974800332	0.189213352599843	0.07186014306323107	0.1631050774818599
	1.0	0.0029658269800722993	0.09962153556689046	0.00935396905306687
0.8320289832135408	0.6547270913389739	0.6231381113358311	0.7733893478469144	1.0
0.027856787390994404	0.23639753369560565	0.09843434526470633	0.11370492205138594	0.02786260146285601
0.33804018359180577	0.06232227674055891	0.1186942229772783	0.028549352310382792	0.018615818363722805
0.04296254412030623	0.07251949818527183	0.150108683264477	0.2800381759510652	0.005942302953819172
0.23140283850933097	0.28052214852984697	0.14195010993042825	0.040809705554704215	0.37430666888509423
0.25212318608428075	0.07213866140751675	0.047288085648596954	0.025085174703562006	0.43728081668963636
0.1143356848100561	0.06571578287269256	0.6541855041439284	0.13728077866738997	0.10124076329791215
0.5282309436002758	0.6223033148733755	0.13840558771149358	0.14028668413516399	0.2557797867920074
0.03566196971557274	0.5344380636901725	0.33597700618370824	0.05550410117411756	0.4444561040757675
0.5893562477416298	0.15503201025963803	0.24507758919647826	0.5737219291253138	0.5798950856773841
0.01971616130837935	0.5136661640880914	0.20248830421005115	0.1553914966629591	0.06405642908768529
0.010383957002876162	0.003603405771953725	0.537324026479635	0.08623518763353381	0.05238143273203124
0.4000256740756685	0.09012844527653238	0.4681337074020137	0.11068621275939802	0.10078532394322219
0.002004440326783314	0.02122258971607181	0.43252596277045535	0.17222094885548686	0.34847457436236506
0.06092843541051078	0.11965669102165702	0.19851985967185395	0.61167487907737	0.08350863288149854
1.0	0.17454262542841154	1.0	0.6135627880662252	0.035698294272866776
0.15200957451600766	0.1667960133135377	0.22475862442546476	0.19816316742777476	0.0929491222545925
0.0068943053823551535	0.02864691740847846	0.6207051690893396	0.14410230761329584	1.0
0.3211349274529612	0.19196513767185003	1.0	0.23524123997785457	0.09560213916422129
0.07789473630781457	0.22129813306510449	0.047468283499919245	0.6500822071074419	0.18368182894815147
0.14977537680919328	0.6927010190184432	0.46596617332328993	0.28689650203206435	0.37250614026059986
0.2523331170996096	0.030260335386587577	0.22428163959757252	0.1721192296071504	0.3981381853216768
0.03765216657103003	0.06922639965902734	0.6157375206801868	0.26898962270505816	0.07502774416978968
	0.8309868830321746	0.26915487666046656	0.5920352202623392	0.14144882022129074
0.3848865609985292	0.015218665448905502	0.88839263785327	0.4874398383929473	0.4296619848365139
0.25823075328805895	0.329747495089395	0.06645979486387632	0.14284445294756748	0.5965039581661734
0.2576490952742733	0.36948966487610885	0.0015991430723880352	0.19372310938687462	0.5047327092032693
0.21261195759332716	0.20607065732158694	0.14710243942282974	0.20455536520208115	0.15444867180693933
0.07540406837734949	0.04433874353971928	0.40010196317324037	0.19192334882041087	0.1793441264825731
0.3653574351845383	0.6051680684266748	0.03972743444296278	0.2353703397897693	0.1520034169201013
0.228579478480673	0.19622516897090553	0.10002765735447638	0.4082180049762397	0.8849348717043475
0.6383059972563901	0.5861098323431128	0.1818738048403686	0.5463787758688924	0.3524492257141567
0.7094128712839544	0.08556334338278966	0.94422080510269	0.26754958189608513	0.655165085087087
0.15170949400994135	0.0003095933487211971	0.2552575444671438	0.33981671613510206	0.48178133693657793
0.1638060445537959	0.0036604790228884003	0.30466542567098864	0.541835237995873	0.10241368043467391
0.13101380137125357	0.6233230446640305	0.61233835833298	0.7846415458390308	0.8387939970615922
0.2361094140516008	0.07058739594403339	0.1393469776637137	0.09798386009490839	0.20276348590635404
0.11827086266683093	0.1876335921499241	0.5470740288354309	0.007847922440994288	0.3548539407327057
0.25492779363587403	0.24649626874564445	0.23117764274250857	0.2024198797796753	0.1614772075592296
0.2046608881760076	0.0558228630075314	0.17472709801790046	0.27495047054067806	0.012975559984290116
0.16939297471828563	0.3251133717109341	0.7830166891038493	1.0	0.4960731165822346
0.05267741441336976	0.008381520742892747	0.17079070943513364	0.18186836833561862	0.3276240208276609
0.036958700079628745	0.6583144251111613	0.1371323927959033	0.016317020084792824	0.14044552857449588
0.14679464823097987	0.07920545772795975	0.044607335157837394	0.2902897320001494	0.16001692164585538
0.9839640310039067	0.1402852521231267	0.07453417859932529	0.07253024619250384	0.3650230478774101
0.07762292168840183	0.1699738850677089	0.39828962405415463	0.36381585409749284	0.33923192993190887
0.4344666516610228	0.06704314431289134	0.03234341166988558	0.1305255945959793	0.2723179686936891
0.06105518326721173	0.1098317680781301	0.7191131379364154	0.29121364812761485	0.05246167031663229
0.43654914725505395	0.04275955676417069	0.6782550396292703	0.8152173030176405	0.010310652063396724
0.037434108399536765	0.06262830279019656	0.3165370215955971	0.19090977613165852	0.13630510363850445
0.08169767211438171	0.14276592391124293	0.032486920512100205	0.11505944052255486	0.5710173577039604
0.4456210017420695	0.16722506328590414	0.5957520147153545	0.25403424006114406	0.024719620291345844
	0.7288796005144556	0.35008241689205155	1.0	0.7052991160331439
0.1483693385598872	0.04073197419072258	0.40947014732886305	0.2887454680886094	0.2044361242711409
0.36207084271307927	0.23943109320611303	0.17463369328478304	0.2558796643646499	0.41637513303957535
0.4654616929683563	0.42118252542918416	0.36595699319105884	0.09825692986884893	0.16100327207492326
0.9524780388636832	0.09303221060441981	1.0	0.17727363405101443	0.01871752606696496
0.046277576827936026	0.007468304780854017	0.24498592815499046	0.2323317758404065	0.2215361949611987
0.06048005500406772	0.25861733589376545	0.7738413947243669	0.2388330444735377	0.20612471081486758
	1.0	0.5007764029925471	0.21844838168272515	0.026819231883604664
	0.952898804045383	0.558431836183498	0.7804313167537785	0.1444583943989101
0.05443141090104929	0.31327595867395513	0.2585573065951194	0.08233227335006428	0.04027845152747449
0.04691773884428662	0.20820781948647404	0.2665924548774543	0.28097096210763184	0.4618885234320855
	1.0	1.0	0.01508637639937601	0.46582752592688603
0.3688689306911668	0.6367977452286112	0.15905594862860942	0.3511526273268647	0.47209475224709296
0.13119702250988347	0.4846891833916866	0.3599094146313568	0.6092355249516119	0.016041580858277324
0.18019052313987713	0.09289698691372093	0.23408295992787725	0.3418486286158619	0.33785490264033957
	0.8217638947531367	0.2496957727580702	0.056467175699095554	0.1785379961440944
0.2073334502631939	0.12661634142636471	0.2213570878191169	0.21255438879422778	0.36544855838340207
0.7660913192243949	0.6365818822535803	0.9395547878470097	0.29585437895105143	1.0
0.050479255916716405	0.031097305523014585	0.1356967618861668	0.4520699049139495	0.037906651931607104
	0.8331928676683716	0.03273102404401461	0.15895150470603026	0.7530476169248861
0.9675085197738194	0.020672355882280728	0.05644381729033153	0.0006287820762155195	0.38973577831396716
0.23578061903339412	0.5184898879379238	0.8178592591347463	0.45166434122297117	0.37432129798847064
0.9853523059160476	0.13977430238858815	0.13342347428655071	0.05952801804808339	0.20499343809948634
0.2707710369163957	0.11891849712970251	0.19309769865931317	0.2569992526637203	0.043728830370298344
	0.7770721452824599	0.14213840388304688	0.021923717730313392	0.04118987764528146
0.009697052212611863	0.49390745997951313	0.07206272799225143	0.0955408499448565	0.2341981776411444
1.0	0.0911951768244823	0.859619649962588	0.053186832485103364	0.08257295360083765
0.1256017836272707	0.16846703950266784	0.22580404851560482	0.2584917675447681	0.2456869452449059
0.07457350337501234	0.13211391543647588	0.025863503897426053	0.08225278486659542	0.23590060853588363
0.26539438914410407	0.23276830809628896	0.024920222347628827	0.5877898450896958	0.3302324580634694
1.0	0.17935241519134784	0.21958933045056656	0.7432166270443171	1.0
0.36838074974649027	0.1979510453279966	0.07841746368283939	0.02008038099488069	0.006950235239113717
0.2578095301261105	0.13312199509443992	0.23589253108261699	0.05964335459680605	0.10291653589695124
0.1666758101984748	0.2643193941584565	0.5159103989608417	0.46011378634956146	0.21526015307740878
0.5336371913661409	0.2788222850550638	0.34322875091361205	0.183116447058609	0.1617730317438598
0.2227760510108785	0.09191168684484362	0.30935393901108704	0.03817717573504758	0.03649664013184107
0.014954859468771444	0.23242545918591423	0.3283903993405204	0.40607699110211193	0.004303326695018871
0.10201965792964317	0.07221838584510118	0.13759770864599513	0.14540818103826803	0.3425045716078922
	1.0	0.003118635828898314	0.06809388555883386	0.2778371389939287
0.2050758771670443	0.19509586475211974	0.8346399324816248	0.45868391634644196	0.14627730177702353
0.1768103685143829	0.1540185317761325	0.37613665524590945	0.2798994535117225	0.12996602905133517
0.9243988315714124	0.05335533448841767	0.3514195248572326	0.40572609749978183	0.5726041788693335
0.05771574626141313	0.05602821271286464	0.44347809930722054	0.041678965720996164	0.09732495193506167
0.13887049319733785	0.14906255971146581	0.6197902777032347	0.2498093421036095	0.7183999108896684
0.05074943610196919	0.004957126024178578	0.1401921522651488	0.14324088712434135	0.6532642571788744
0.06927611328590064	0.45892226342771825	0.015807453339768966	0.48976885078422594	0.17756318115056768
0.20001304887903232	0.1712382142817532	0.17593909330805527	0.2652159845069751	0.49773317857620597
0.1448956680638771	0.4968879400859494	0.26573652593369385	0.4397873963398056	0.22601563632297253
0.2966258022984942	0.06530848624475821	0.04551414722632616	0.30190662607814767	0.4717671660234466
0.03993106860159917	0.2751172595467519	0.13751477201578674	0.1256676580719462	0.7207585764894249
0.7376688784259938	0.44965347458363103	0.788615929920124	0.5518087148637274	0.5974817707337985
0.4582436888087815	0.013859881501388525	0.46279514056687443	0.09913442397255527	0.6776378457515569
0.5544282091256049	0.28282969959014603	0.9340014647230477	0.20982886380557172	0.1856999076692292
0.11997113172711645	0.10302089858586765	0.7364692962633622	0.1266775868667663	0.21765214593549306
0.47321961216471564	0.187496846346514	0.27028567916143165	0.12589333859167523	0.4819048710501898
	0.7590478296095701	0.3738069374406112	0.9765781003716679	0.7386408133974957
0.15872367891985886	0.024266705568787805	0.7007367181033731	0.16437770055104167	0.03103583159678625
0.47574940360352674	0.05681122969330696	0.00024918987269447124	0.29925421841771577	0.047986821598737954
0.36360494925255366	0.10711234596822351	0.06290507140234645	0.05733070440587385	0.10621827650094132
0.306180007449987	0.014750989282177824	0.23271042043254497	0.6939044128141015	0.7365642922821118
