X0	X1	X2	X3	X4
0.5691524029183276	0.6245260792533054	0.36059118342171337	0.7344420209309214	0.5111183502391788
0.5212348111898658	0.7407502155823376	0.49675427436047015	0.5030714220700283	0.4273160426154691
0.39119515927406767	0.6312638809636377	0.5186246928258843	0.555606303907089	0.609763380387594
0.39764690973201566	0.6829336448253088	0.5623734556575599	0.35732168548446774	0.47184711007422575
0.6864980176876806	0.45118797985330344	0.5997414614158948	0.5869958689821994	0.2655521533584164
0.641574678304032	0.5918012686631934	0.5213808998447458	0.5507371802762887	0.49037141860886196
0.4633957253444748	0.35981524524648234	0.6247457366854768	0.4933245074611282	0.6500882625038286
0.4491028076199864	0.41003277967574764	0.6800100968199202	0.6296922584095314	0.4633608968120368
0.5971515301910318	0.47151023929414787	0.5887018306179345	0.5002660842216993	0.45754626398893317
0.5321318980267591	0.5525208272742358	0.6367007936078054	0.43420100192773237	0.5558908954200206
0.5513009509449288	0.6041535932228812	0.6935136430300495	0.5164139249094543	0.4193459270548812
0.965959389434558	0.5741459054862046	0.661503153621896	0.37280150454664057	0.3586420212716713
0.19159662336734698	0.6653906640052928	0.49518669282002703	0.26512050130027237	0.44498773687556786
0.49490509129458216	0.46311368529327734	0.49447650536627225	0.44670035397111835	0.5344470451362899
0.2672103142745408	0.7968457618335194	0.36728287365701084	0.6132931953787144	0.37445127074432893
0.28057438429658654	0.49356153544010684	0.6142007855969468	0.650463711831778	0.3600018724049191
0.4518505133466228	0.45409091605850227	0.647539822628376	0.3639525267051503	0.6978530869111522
0.3761471668067961	0.3560352493355905	0.4944209065939313	0.41220315235380645	0.42840863210357344
0.52532295474779	0.3752490909439436	0.4881961097954031	0.5382415736089746	0.531257643927978
0.3576492171457853	0.6042359482977123	0.572668380118473	0.8440423001634912	0.326880234841756
0.7474776177837666	0.5792487034050023	0.5062647860381178	0.2364396581512356	0.6378385495035832
0.6265034460755201	0.7328067543009747	0.3076395370631354	0.4679114974543945	0.5164719811275565
0.35079870621595144	0.7112114781198907	0.7169524752298754	0.41083515031415613	0.4868823148659628
0.5481050960637701	0.37060188021555923	0.661616816881536	0.46909489535209054	0.6894820735897191
0.5408471693169707	0.6033808165971488	0.3614257987623478	0.36048666670712104	0.356785081056029
0.6189012169598531	0.41295495626867895	0.45455786241989615	0.427181961365459	0.4101094239280846
0.520524871385979	0.6337539781600513	0.3200800279111421	0.7180086273797484	0.2555344326825437
0.527238002686697	0.7501261175192967	0.2989280247498691	0.5262026581380058	0.27301415625054953
0.33624198691937435	0.350973037623757	0.8402370736639951	0.5093650212557768	0.4695999208981596
0.5570572497904965	0.5865409753705588	0.28995041707845337	0.5299340261678112	0.48256882030330356
0.2545054293499977	0.3108567957262486	0.6602697161625956	0.6041406374415583	0.3880563781263464
0.7251984378120278	0.15320672982229733	0.3993133147936788	0.5368496800198276	0.5238822412220542
0.3919826225996944	0.28752308186488906	0.4996989699580238	0.589320897983047	0.552762566781617
0.4122297619617376	0.37827005253971285	0.46473322071812756	0.6196846907404435	0.46135739359854844
0.46045771321078677	0.5724425318564992	0.41695989975636366	0.39862672579198083	0.34955925519091746
0.45827554311485036	0.5717767077756215	0.3364345150495786	0.5611746804595832	0.4241627302227596
0.5560291535551988	0.4560338664793894	0.5157297824297312	0.5105861876672527	0.6584387085943916
0.5810232609521508	0.6810720422910042	0.365840771052925	0.48793342764581643	0.516281557583744
0.5125606748374398	0.6373101513479728	0.4281031240638184	0.6417226355047093	0.489073704904711
0.5707618784050207	0.6228118461210034	0.18875712571668596	0.5153897161642849	0.7882952144413834
0.45451669237161674	0.5146045630174227	0.41341971608941175	0.3773364086647604	0.5259354521372056
0.49718435782401205	0.616755702611927	0.14125004135466723	0.5984115396918621	0.24248455379961345
0.22303024813160546	0.7881359810790229	0.7384121168647738	0.6624130052189011	0.21648306320060254
0.313488400744187	0.6631562716339051	0.341247469515625	0.5806252274836374	0.8782158273304563
0.6839191394006973	0.5468707644215068	0.24886416888130913	0.6455229967965942	0.4260014957756755
0.3758300840106074	0.693725877320844	0.5443118895716955	0.6816584988771495	0.5445280846451424
0.5040183944280376	0.611831785191913	0.5427753098076717	0.4770723552776048	0.5331442591706805
	0.5714881572431418	0.49036618973275037	0.5227962529749784	0.812194683135235
0.33806553017730084	0.3702028647482323	0.4162510711106047	0.6335026410023268	0.541715981559332
0.45725159137144833	0.4621973011540225	0.36543984915232436	0.725395868490564	0.6328628970092254
0.13461565282956867	0.602193826316052	0.6322972240506056	0.5477796022112091	0.6770074862509263
0.44986522363197506	0.43323428135782194	0.5792923209854027	0.24238577736172123	0.4694996609310494
0.42735428536885933	0.4628122683538518	0.4939172794999933	0.7595806158179172	0.33525754265065877
0.6315020713354829	0.6647455155329355	0.44872678577357566	0.335327693922764	0.5213611658738423
0.4905432543395982	0.6288934876535724	0.6496560937680259	0.3591158576472254	0.6004286658149226
0.3958649750894108	0.509411385251992	0.5504069698020563	0.6956101564146091	0.7400450343421032
0.4145615855116637	0.35526513315332153	0.5149333045091229	0.6336387877374634	0.455916613566507
0.4118798957857847	0.363527492280143	0.21745527075139204	0.6448962977002072	0.16260885481377668
0.45018888738704116	0.4673609213472203	0.8490013619833814	0.5080342516980527	0.33236352854034146
0.49288534915530247	0.5609515651673561	0.556499638415905	0.3388793486846325	0.5391639898386934
0.6129952625891983	0.3879068334152212	0.6525095609190212	0.5012567097123581	0.26552066193927043
0.26818144192637805	0.4781395083778374	0.7190502994278865	0.3863159981966296	0.3225364930799702
0.5338393544207369	0.7485722668887452	0.6017653106162254	0.472152742613403	0.36715322485277213
0.38035328019754827	0.5397707358669299	0.5313498879358303	0.36888609262676814	0.6352093504364973
0.4126646461090339	0.6245594433623927	0.5310026632052376	0.27007468010180724	0.49169858694933316
0.47371562113852045	0.43620149267253705	0.6045356510847744	0.37013720875660694	0.49378567071247526
0.7250522726729836	0.5483889926747428	0.5367512052737885	0.49800558701893616	0.5307009427051853
0.4444402922534556	0.35022382193073026	0.7540173332749849	0.3540040155111743	0.6221589573395128
0.21113362393520174	0.5680226019990647	0.46054993923936355	0.31471853889540474	0.48193619833546364
0.466155582021198	0.5456684417129989	0.23744950231179307	0.4805692324542057	0.43849078575532197
0.5405027512455709	0.6896336629624007	0.731823401116714	0.7749934657685793	0.44859900165656985
0.6882501121983396	0.08749180172627152	0.5046437933874491	0.49292098154695424	0.6598791341606173
0.5418376948282806	0.502112906561159	0.4336165844389235	0.4743374661675432	0.7607167618257787
0.6151416657067267	0.3863355194054512	0.4534951293714838	0.6674723366496866	0.49716701726165613
0.7663764094689942	0.564678316925265	0.5952001977911915	0.31350088175165003	0.7088398616368285
0.5186909949935218	0.33820577029910887	0.3506553332447812	0.6205011140608965	0.7209528287563413
0.447085004413948	0.541010748035066	0.724171600198063	0.808904586034627	0.7155761793915097
0.5245817215865215	0.6545013015149188	0.5538006202848798	0.3521571916852313	0.5102580793703035
0.3634770122621513	0.7977001750829811	0.4875382222794512	0.6377923216506658	0.8149803237310289
0.7157836203197953	0.2625494141330669	0.6391212892220043	0.6214514110894953	0.2353723449478114
0.4682401304609874	0.4671395788706842	0.375689315400066	0.6950194833860318	0.6924031826174956
0.28136447131257736	0.7581993892829507	0.218336956494259	0.4110768877584042	0.43156572399268167
0.5248635656577441	0.3053926143727544	0.3623402660277467	0.44892017153120545	0.46385781387660957
0.6712443882301088	0.7042989226522992	0.6994196859302516	0.5724408005267523	0.36512656552451467
0.24521012079233404	0.5898812558434992	0.6193393269579767	0.2219524979531827	0.5397050032235794
0.4354313629444667	0.6023897310619667	0.6892657859191392	0.5926049301171312	0.8110411440607365
0.39883294756370496	0.4418349990232656	0.6685326673260464	0.3640724623195961	0.6823554477580204
0.37325088492096126	0.23235003502523285	0.5329501452914206	0.4560430719868464	0.6809137730902365
0.5456027315303156	0.47064486769881236	0.487079570139173	0.4574412028994734	0.5717075719162436
0.3136122284148256	0.3877911544741523	0.5435106545190216	0.5246002146851451	0.5398357980014412
0.5361145873628409	0.36189584675069114	0.5488020244559422	0.4389894975068808	0.48326893924164055
0.6118012578878893	0.7825812389248419	0.4168701003198622	0.3708498716155964	0.48736823860073747
0.5282143677112996	0.5554168252343143	0.480505350100171	0.6128024018425943	0.6555730797091791
0.5263760265814471	0.7711269732069204	0.5541380687376747	0.4057299066906614	0.40722396786618875
0.4671157622693548	0.6006851839353436	0.6503013851449603	0.247594012691923	0.4210876740965623
0.39860631715219846	0.3903121495298616	0.41453784373956876	0.6012431641566869	0.5304827425441906
0.31865880895009313	0.5397713874348219	0.6744843469161937	0.3707783999396289	0.3630182395764959
0.6799661158928311	0.4446044481208068	0.6605862114140398	0.3293227139279463	0.20325840333131073
0.39173129079604047	0.22417966063750264	0.4232400067007914	0.49647439319350717	0.42335913903228356
0.6406250073695816	0.4585919683218465	0.5990968149516982	0.4746977123143779	0.42604155149999556
0.5526324884584684	0.5704540009383589	0.7046588013992443	0.386197363227861	0.5463063325986757
0.573037101320551	0.5854439412849797	0.5357870592080471	0.3900782438725878	0.5516209447111137
0.04101117072041076	0.39348684483982255	0.8161245978038724	0.6014088233527247	0.506872810740196
0.3599528482488971	0.7353244703987911	0.7092134636442804	0.510202584915314	0.4806692493128319
0.5904379162023704	0.6533837023612431	0.44665243599977594	0.5921420356459578	0.5149068633957831
0.5730478343714938	0.3895743655204016	0.49479813505258124	0.25523347076777525	0.4115376159916056
0.6985964861813031	0.4737444669298558	0.4631193816171563	0.40651030551521394	0.5699104381352057
0.631698389972111	0.36423124881830216	0.19089817408717294	0.4206418221689011	0.4392888299952668
0.39254683065543616	0.5760078857084502	0.6452625023404317	0.3211761652892357	0.6296354154878719
0.25245358198832485	0.7432472534476574	0.4321851290615673	0.35375553408508076	0.31733507167175024
0.5380885220733017	0.44391996910043496	0.7517253879953492	0.4929456446487089	0.5475385994198526
0.6589830909039015	0.6600970050366709	0.5109360502128111	0.4932012687454167	0.6342659128646104
0.4895417921914326	0.5977738557324348	0.4608752917223502	0.6113290581661915	0.2603004341941365
0.650386858406642	0.5539100629291976	0.4024547530373792	0.42306842544625095	0.658459781337988
0.3582435112804271	0.4820603020194006	0.5071300032493437	0.8392134783825865	0.4069118222382612
0.6556696894931922	0.30587767772544966	0.47759761925376454	0.45842532173424055	0.6885268964237656
0.5481062654081306	0.2816298688515281	0.5940287375846565	0.6233602335871741	0.3587757046188356
0.48329106988126	0.7824870976213675	0.5725234782552552	0.8295058695936107	0.4812995167702833
0.5092329723272367	0.6403864130286213	0.42816029307581766	0.3619454869155841	0.5119046728681523
0.341654999719853	0.4015786572903104	0.59869023838346	0.14405818734635473	0.5394218856482624
0.5820836016335601	0.25595285135274415	0.26859190882823114	0.51843119315032	0.3215914163392216
0.5058902963729637	0.3806532869597962	0.689849321881454	0.7080978666602707	0.5592199008583716
0.5438698953704627	0.34782767272722803	0.49229383468164123	0.3660024752230026	0.7542372129551405
0.34874266350568367	0.5928421140745367	0.22931732814428346	0.69699018192357	0.23894592042402316
0.35714039631716377	0.23783697837711987	0.5556891413725897	0.3912768563089248	0.5518297432908498
0.5122814059988676	0.7753891508581161	0.6431445835475422	0.3630164956902183	0.6838649968248613
0.40922852619556294	0.4892201794298006	0.3477278512081372	0.6898939633300689	0.26077710355289097
0.38032134407432217	0.6432997392316174	0.4263381863031549	0.5048358153037532	0.66319276776289
	0.5024378523186418	0.534793899542694	0.6836876305776662	0.28214986682966897
0.7070670191094324	0.3813697188330086	0.3824006119083975	0.48004972352945446	0.6558191061983644
0.480823669823945	0.4615491719295398	0.5820151275373786	0.8028740681734184	0.3516085290129318
0.5664810559101263	0.510949882580637	0.6360817738961488	0.40601637834129073	0.5571656237286196
0.4409447887985854	0.3477315770606071	0.7557322350832624	0.4915639258878778	0.5729133134632707
0.6907739510324297	0.6148389573174415	0.6106356360548766	0.588477651164903	0.20513263704952053
0.7743717735467033	0.5450543284362525	0.7097680281987526	0.6159712925416616	0.4334483873117656
0.6538166389930818	0.5541152251673963	0.6302764483316671	0.5310534225280169	0.5313582961497869
0.6206463342683949	0.46582356186612056	0.3260792963752846	0.5255258339899169	0.6238018726929849
0.46326346172629324	0.42824479864677506	0.5188708318730487	0.4126577192917761	0.536457535965707
0.3131077935066087	0.5653382663587695	0.4725385075595496	0.5563907907559968	0.5085397869468241
0.40169615268555753	0.4302411776193869	0.14494650529774056	0.11094329890977199	0.416103901926052
0.5149629184671016	0.32341538042921736	0.7112203448513185	0.6149376972880766	0.5159262352210217
0.4239834874317957	0.5984187980014685	0.4123584205049337	0.5591709464565782	0.18092450053192605
0.7131056249272257	0.3804494111730036	0.48043486002272967	0.513587381086852	0.48595358946776523
0.5057370358726708	0.46138786041401586	0.5866871783167927	0.5768122492902857	0.7698365479467413
0.5175310433690935	0.34445271838236974	0.5499093294885953	0.31025311186310733	0.5121656727311449
0.4395355260237134	0.6263787859576627	0.24927586059414952	0.5594833777892194	0.5324355261508321
0.5933306239801437	0.6865849636766265	0.2714416161491132	0.4706810018158375	0.5333260099368464
0.6168317739814355	0.3800495599338897	0.34112274484428845	0.5722630287421054	0.6496557277650264
0.5579774240759621	0.5147052816906549	0.5421142818977754	0.7363664191552446	0.5756657324333662
0.7536388066405655	0.5757646892139682	0.7217473115906006	0.5476112322386366	0.5596991975269144
0.6554906137385869	0.49617196888793313	0.37301245229630897	0.37113006063999404	0.14993316792206834
0.7855514621320241	0.3261600136771941	0.4075013144366781	0.47191143612771863	0.4663281890052412
0.5905080740245037	0.49187933372351134	0.48236852578584755	0.32988627486894145	0.5832881636432352
0.6743699298947368	0.26034403207393464	0.25701984465907884	0.33358687580979696	0.598633143371635
0.725708775268915	0.43643760663845765	0.3020299604340667	0.3069417568375324	0.5836085662899495
0.3729803380012982	0.5053062049377361	0.6419022324518525	0.4245568674967457	0.4712623488967592
0.6932239842313721	0.6124111369608866	0.5803319925438398	0.4136086377849554	0.5501696174487568
0.24548704857473022	0.4901730345859672	0.3891068945454885	0.34805795856593275	0.30156130749935084
0.41871715376481083	0.5723680957951054	0.5747044940670013	0.5033145495694984	0.6045287966142477
0.3840674045183224	0.3139388272831639	0.45812893312785896	0.5141896848240942	0.3399283061467109
0.6949913099729549	0.40786248877745446	0.3883311656122057	0.4974296592662657	0.4206475730873963
0.3715382864375318	0.47927492449891823	0.483971424589786	0.4287502625451541	0.5689741377021003
0.42467300876026326	0.2771758534029186	0.8221814957365846	0.4302837887407041	0.45410482502644045
0.5045819577614226	0.41066252719977964	0.47695500196914586	0.7128790185245538	0.42491869504809443
0.7053733945273086	0.11607281262710561	0.5903122033563661	0.8284945522041155	0.4313007989874276
0.5362501568739564	0.543545464343688	0.23827890812418573	0.6409404205197597	0.5852928660170396
0.3278428466996001	0.4247653936825573	0.6483001909285661	0.685876989571993	0.3476936850879687
0.25588514276045177	0.5053579966163371	0.5881202908746476	0.5212314527006039	0.5090737733083501
0.47389998656596377	0.5611099509865822	0.19656833196638723	0.5017826073751174	0.47444144215902073
0.5872928126485265	0.37830337217566673	0.3855719775171202	0.1540966569185606	0.42557182583014586
0.48253717531609014	0.6859885441481375	0.529742866600435	0.3298448883681145	0.5856353535936853
0.33880476483684757	0.39160609656295753	0.20739123234709367	0.26681471961369085	0.6205207500640704
0.6677801271539198	0.5239108453314106	0.4464490682932432	0.4903855500081837	0.595399973815247
0.4018553310287094	0.3444811829514427	0.5000373216204042	0.6814832979718674	0.22030215612750628
0.47553567037168437	0.3580482109345281	0.09131041229798428	0.33965720400855054	0.48033734787265364
0.42816258973681237	0.5112727032775033	0.6017101964482013	0.6250400767258151	0.5481790174821607
0.4963417525715388	0.6512086622879519	0.49723263476059143	0.3511636806762321	0.5695991978116771
0.4795360994056497	0.6967607869424873	0.6383995816342142	0.31473371244856685	0.6057806228069841
0.6122579042551706	0.3557286723650458	0.482707626801491	0.5380513339628922	0.5172893929704722
0.542715763406176	0.4654935465718182	0.6163083870547741	0.6383203221739263	0.6157694116563001
0.4949279186641783	0.33136855343588706	0.6370230431714113	0.4838135009827576	0.5566465487784343
0.5747925234669747	0.4169835425227076	0.5122520485813712	0.7114633938322045	0.4912529956843771
0.46120344464726504	0.6034797807301059	0.35605614193586754	0.5282583561299901	0.1902279469233731
0.4327586072041757	0.4973414223114038	0.5671798425249158	0.43352132142551175	0.4675115180249069
0.32986295783943986	0.398876572531477	0.7671236380092888	0.5648737282823617	0.509621736121149
0.651875483520227	0.48577161832490856	0.4646724380903954	0.43484517636377434	0.5341060723100733
0.6716123451551873	0.4929005407310656	0.6300786467635069	0.47780524485436	0.5564844611756019
0.37627991139597594	0.4859175835189386	0.3036399514107753	0.4964048835872758	0.2181116125244325
0.4132975451038121	0.6077502791235209	0.5515552158484437	0.4706945621683704	0.5343203973330608
0.4416813258009223	0.27874834312556185	0.02307114051927081	0.48070601791195033	0.7325466250270465
0.40293856857883614	0.697871121298966	0.5210647189503838	0.8237787428427811	0.49026715201290244
0.4663150794275901	0.24451593026217494	0.46747546075844104	0.5792685153048761	0.5645221605663333
0.1982882231189812	0.2926947400999414	0.5527895431045835	0.5159319572397031	0.48529611774005854
0.433228120753925	0.680862804033365	0.5484094482445726	0.46168852687808043	0.48342493962287186
0.661577724383818	0.41939568655336545	0.5555670166108748	0.5086466101707507	0.6125376008054072
0.2144123754559495	0.5916598258044886	0.4264408746270638	0.44647097602255365	0.18472362824300226
0.7412293954632271	0.2899732446112382	0.17570267168078502	0.2443675293035954	0.6182222568634602
0.6892743058558973	0.44504012726507974	0.5777277260330226	0.5636361999441041	0.4552953262166889
0.46154116478853024	0.6441777324281343	0.3592510872877527	0.643489808875857	0.3753484046563078
0.4633360063699762	0.7433660660158858	0.3572386973658158	0.42818415567491447	0.34439980377803125
0.4514485618304416	0.8788483317775263	0.4504488684159966	0.5324507150938935	0.5272599258151633
0.42916396629719905	0.45111609822481874	0.6625649728881181	0.4316671337784045	0.6862590243816642
0.4798128069019366	0.6115737971814772	0.5811313385727096	0.3647767096666885	0.4832608283699039
0.6068377690228015	0.2670516859359074	0.7266710051138783	0.4729635274763726	0.5091145957727038
0.551491152780622	0.2578205363176087	0.3758793130012052	0.7303627647096448	0.4234958622312031
0.6022252959022709	0.5018569867123802	0.41458088041286506	0.57257468719689	0.391790445999483
0.37935806226139596	0.46751721113863515	0.5968375603099844	0.6211933539010713	0.5475219873421125
0.6585708045488633	0.5200105943976578	0.26123591889327547	0.3459064113473579	0.20031191040383983
0.5101836134646285	0.3136895312137493	0.07569573898096464	0.5156890333609976	0.5726157265547752
0.45720229869784884	0.38646767179200286	0.4992483114691606	0.5393223832271136	0.4286289320039613
0.6379134312960697	0.45407911796376865	0.23029118760931366	0.7086632443069734	0.20029771967273102
0.5317370155842561	0.3868098683716747	0.5985276383015291	0.34729130523787444	0.7171024257609718
0.45215195720185863	0.5104045404074177	0.5173705499800098	0.5338730119062197	0.545639347423784
0.4788473607117197	0.49299891585044603	0.7238405097205852	0.3178975780543511	0.484017831461359
0.6373906705334822	0.43035359682657953	0.7343904237561505	0.5827999205043588	0.8410090038247428
0.7709740297068206	0.5976450788311765	0.06607603135705337	0.4844473062306439	0.2637589985023905
0.8586548810929803	0.4333093745143635	0.5439685075880872	0.4005394136636578	0.6198418001437374
0.6312227857704779	0.5736999239094666	0.26811755915149404	0.7218401352404834	0.5416072606990501
0.5731525302831193	0.538263289778071	0.7020061449170143	0.4690049877220287	0.4487797109753313
0.25936152630078335	0.5962575216046591	0.4264150127985757	0.4895301924589712	0.48797779586732415
0.5648460589164779	0.21678745216832615	0.5301964396755302	0.431915506993415	0.29619031699131815
0.5708411145962988	0.4505306592209722	0.48664535446714224	0.5289132891814712	0.3714690537798848
0.6769344916339451	0.6243716839931741	0.665417252438308	0.6684971772129868	0.30863781851922695
0.25082948302994573	0.4639478496980536	0.5513672011216945	0.5669001227483798	0.6195209100226587
0.6623121888327866	0.7283024093769918	0.26892990321834903	0.4930238113555694	0.45667165857286157
0.476472397909361	0.502204790861102	0.9179142216669511	0.17779531038501678	0.508524838362498
0.5159500753485863	0.7458736945427622	0.2348503380340214	0.5190860085418042	0.4680274588052652
0.6594830909183129	0.5081990489562862	0.7939768603681475	0.5427839011838818	0.5776413567988155
0.4764008859323609	0.5008956263273979	0.47227378992699487	0.08407122373659998	0.6037427128090408
0.505427373134815	0.2020914877360029	0.41572461036622554	0.6802989828700277	0.3470482982160668
0.49199913554764624	0.6537317877233235	0.4598453709773841	0.40189396979026354	0.650364873368819
0.5862185925600953	0.35748146617107945	0.6348694530547643	0.5745386931150996	0.8781191110191723
0.5709560815828792	0.4930525031826226	0.635359412697339	0.5424387006357343	0.5835823742771756
0.41297510710758933	0.5824447572949162	0.4739106425035278	0.573725357506721	0.42397695722065865
0.25270961689212557	0.5003135417710719	0.6361055470468872	0.6469337742655343	0.5058245493479565
0.32816254354549224	0.5892816109591051	0.7790910280599773	0.7281707006583782	0.39544623196361484
0.7053543732107541	0.6597159116900326	0.39719766883929747	0.5746952867192268	0.7424521917278604
0.4012961044965774	0.5585510479282344	0.524977346215374	0.44254940716146685	0.43581525075021676
0.42039061214729634	0.502484072537958	0.7081426083124271	0.7404762628880368	0.7042333360309704
0.442807444959082	0.5590278520062416	0.3717542400511396	0.20291699570566848	0.398335808648239
0.49437244706570543	0.7145161170140076	0.36561565677390784	0.7806945040502136	0.7144044234228571
0.5565428360810248	0.5130408036486991	0.41167749190421526	0.368654668619562	0.4086897544719924
0.5988458754141116	0.4811796969915828	0.5771031843643764	0.4122543389998504	0.5717810986928291
0.5086488202498154	0.5568858739042878	0.5057325611654587	0.8403713981787906	0.6158930627932693
0.37532351652247165	0.4005184794522976	0.5324517113923612	0.3182870323276475	0.5718846081352059
0.7422383751577735	0.524453432755043	0.2238688309668676	0.3696842117005763	0.301900046936731
0.20083728557644195	0.31819742978400156	0.6283922802480653	0.5082215926526488	0.6146993765947271
0.9976566176889976	0.5788399954507272	0.43806487304682057	0.6118649238419097	0.5460106635579032
0.27394624052437105	0.5563605585698549	0.5591945280917145	0.5706227268979153	0.24751055946895978
0.47968502339654356	0.2624595438470655	0.37488375807138935	0.7156226515843368	0.7291954004954379
0.6318723471521184	0.5175660776749648	0.5502602023842266	0.6570975311034463	0.3610459978262597
0.7014663726266331	0.4395798549590887	0.8010663435665851	0.4529160927299397	0.5189703059868906
0.6324432376878959	0.25063746543354126	0.2775737549786785	0.7866686700409761	0.38245412260015615
0.26382561895564827	0.41027960909232375	0.3311630896490177	0.28259143797201386	0.5657331923993699
0.46660584404901123	0.5575491513443314	0.432952853654849	0.40084559881350695	0.5041153789158017
0.36972153305370853	0.4123120762298397	0.36175127255850964	0.4178556717523781	0.2595096751630124
0.3582670665179108	0.5876318567181102	0.714789355372068	0.4867898403820088	0.4928381760948584
0.29160505811251264	0.6102303924355315	0.6223783160403227	0.5001592064766197	0.5820017927958345
0.6029578510397663	0.45999820660865326	0.40566276008582547	0.5009721557633949	0.5913713028052543
0.41795805575607836	0.5089667612906383	0.6342300954403987	0.2852440607145896	0.6671226509405456
0.6870778660963567	0.463740084249335	0.6841057220361234	0.7149885022499912	0.6122960855885452
0.6910654727594984	0.539013868705649	0.33639182444662263	0.6603601934111767	0.6853528462619466
0.45948878375702296	0.27247704211173757	0.4404734305329213	0.2863252508161571	0.015038682517170172
0.6587456571925738	0.5649709310075527	0.6476920676779404	0.6412547946331397	0.3638903569886856
0.4559797364838669	0.6739114053234627	0.25868875238222677	0.39970973203864957	0.29867839329062407
0.2953283444838594	0.6195903733740539	0.44557369629252364	0.340643239924485	0.3830005954731472
0.564557813198251	0.6177839036659465	0.47860864421098576	0.712043203290649	0.41216875049073914
0.48073671382202665	0.45685207080015383	0.5083606439370056	0.4577396039043304	0.4463769946437099
0.4303069111004109	0.7443483477566792	0.3760904831432726	0.3403252918865929	0.6925954270211312
0.5952794433889443	0.5220085935125124	0.6005490866885017	0.4356758456114938	0.5428562788137764
0.44445653481556585	0.5128041868757672	0.625587133384178	0.3606013796297444	0.3625116784789162
0.5368487725789907	0.291923890284613	0.08846526854670461	0.5190076568175226	0.31746909419885805
0.3293279134563106	0.31465980940583105	0.5813138986595884	0.7294040322284724	0.5203070768337988
0.20142904519996854	0.5147313476424594	0.37576340484665516	0.6699835719042945	0.5676546863605614
0.2595292197746714	0.41398756418430777	0.5754973101260658	0.7293514569129604	0.636763310783644
0.13141723473605607	0.2967428472679962	0.2533485376124755	0.647895297929636	0.09913372293237971
0.29898118045546523	0.4153677590547727	0.5180898877927106	0.2902125014747295	0.6237507966159982
0.3694823314072021	0.666367967796684	0.6204208493947122	0.3745218636937144	0.6607772689693919
0.5797391723628451	0.32448079336214725	0.488230650964794	0.4566919326158094	0.5696713191582748
0.6768869124124126	0.8506625948852928	0.7061880363695555	0.4096237773288878	0.4981299706564019
	0.5983010146698552	0.539108999012107	0.4964088696473886	0.5412903694508985
0.47407184055427354	0.5953800629215362	0.666373557510422	0.6643026308703381	0.6215727606123971
0.48872217300057824	0.5039181293800261	0.2885641060601874	0.6406294587026194	0.4694384539982655
0.4793834166887611	0.4656457919709875	0.33498459369663336	0.2536693819017421	0.37184373371649515
0.36146189417776675	0.679388726025465	0.8757138642521489	0.6238340158431509	0.530380821712632
0.5074879339227991	0.5323486156321698	0.29257289781609863	0.37161906272132367	0.4976084954017023
0.5083074701269149	0.374254483631539	0.3128459987215431	0.3184778136871022	0.1927111674184564
0.7800687383274362	0.8761120767703309	0.6186978229158571	0.2437979784012709	0.602112835728736
0.6814588681833211	0.5469180831716498	0.490266728090447	0.3880800760423154	0.5863752851873593
0.5895693523401505	0.462360556626543	0.4066496525637805	0.44466991597541433	0.653608222612832
0.4442541015025573	0.6116265844904231	0.587232479345452	0.6353997223883945	0.7609796336652513
0.7595429929733881	0.48638571749369597	0.5596256304567426	0.34600298996053597	0.22051202093068978
0.4369005425127474	0.5881921441836142	0.2173725310267754	0.420204939114538	0.38770200647131486
0.6010052881833657	0.48409836521113114	0.34996557916772997	0.22334151199187752	0.5432540310203884
0.37023891828083677	0.5700258899399612	0.4284976742958259	0.4307163284886149	0.6181917486194359
0.29609236708455416	0.6049590287479052	0.6191204967982111	0.2876716522948394	0.3566211275878369
0.3704110088009956	0.8663667316567581	0.4053920325032764	0.7118211167110654	0.4923421660485224
0.5892313763019614	0.5478327438924098	0.6594008372924863	0.4894371634446699	0.44639933204290494
0.355596460915508	0.6704006871557756	0.5266801721757893	0.38142944568671006	0.4697531813246446
0.5438448864742048	0.3961771778983761	0.5617632154920291	0.213912313044598	0.13872003424282614
0.8255534213782576	0.4981769824374484	0.35998782023450515	0.5391786038266106	0.971868225513807
0.43739040213562086	0.23815912877246642	0.7892386004976327	0.28720676832906145	0.53560348101809
0.38682383742540016	0.5128863957827667	0.4285745835032602	0.6916545617787243	0.3279627551066119
0.4904566044572045	0.15114143155178017	0.4910532266578277	0.2962386953250059	0.41614706300220833
0.7403410654973073	0.5691393312925094	0.41854988698149403	0.4774296808725898	0.27918095359776335
0.6725551460776208	0.5109010592668038	0.606384999039616	0.5838988092899144	0.7124904478217279
0.536319681765709	0.8054167036254913	0.21033255293766734	0.2829756913427663	0.7201491348056115
0.5760190240282469	0.5883080403858495	0.7094983508357844	0.37696394100193553	0.4531389022769349
0.6999780074512248	0.4356541144774945	0.5787790801577999	0.7043715773029162	0.3863996973808652
0.367209031840574	0.37446578687456145	0.2366762362983409	0.6777476352520876	0.3517005312222625
0.734402004159933	0.3532356858846713	0.6651474445923871	0.5228893956960011	0.7039541664850949
0.5938837247709032	0.5548743934126277	0.680185488414827	0.7353216364914527	0.5873065735036793
0.7147715095691496	0.6338101136983084	0.5683997998470114	0.3756718236571861	0.5376061326858762
0.5738966638711024	0.48031503245946194	0.6075429041387994	0.42450898930480274	0.5588312526411372
0.543284685395761	0.7710537922584536	0.5373275080045442	0.414002091320452	0.15115429007284564
0.47473221095229656	0.2698691275209563	0.5297829964890802	0.43211013370818085	0.6041997019603766
0.625795339478858	0.3069400858343708	0.41644085437804657	0.35667891639667026	0.2152830316539351
0.6311786457472799	0.7541070457135072	0.656450192466018	0.4332870290905428	0.7100205261401968
0.682846548134858	0.4997009319737023	0.33472568520796514	0.4468814525181578	0.4130055502776682
0.48184620822395635	0.4362685961284114	0.7057938363252634	0.11872990737677841	0.6120677277386254
0.42490384886403515	0.3970144949716391	0.5481153668756374	0.6058691274572617	0.6437880722641952
0.43554074531107917	0.4388998833612778	0.5246451563667253	0.5642381156262126	0.4350643302248777
0.6166846098245821	0.5071541559135533	0.6232082648132474	0.4479235979082157	0.41322620669318044
0.5553254884926265	0.34966874887380023	0.5688881339520788	0.4265349689516287	0.575157047142172
0.4320537703698293	0.6792646825061703	0.23500640566775852	0.4251197164115616	0.7080211066322649
0.5341130002581111	0.6279002519912857	0.44862520226392694	0.46529127501313644	0.6188696530564229
0.5351160073170789	0.4914606664974103	0.570102056428614	0.558803750303868	0.33447082585667975
0.35193470880058314	0.49930806090288987	0.5121576883338456	0.4140547635925251	0.5117597518645346
0.5331791059439639	0.45993574338157533	0.2267299026687734	0.5573678821820592	0.6296639293216464
0.3504558946379889	0.6928435040684925	0.6425656577675984	0.2904714258534237	0.4702695054113579
0.5014618250280314	0.4801451833666675	0.5136076279724097	0.8266074204189879	0.3682055046984681
0.695996012361579	0.7997079062057298	0.4453852666600925	0.4587412732074858	0.3403680083416095
0.8916992350053521	0.6628552624356235	0.8040801075134457	0.607528547299299	0.4337018113369642
0.4455048625908549	0.5225844863235313	0.6734118460350917	0.2033247203335856	0.3834220823016198
0.5367437775741621	0.5297306192798813	0.7293338371605237	0.40873230452125975	0.7036636218848326
0.49778443253753374	0.347585943059545	0.41336902763551786	0.47789192739153424	0.39470336370543296
0.596300058248341	0.6150672799718148	0.48869498680656515	0.7186413081722903	0.36354452125107184
0.8041158139401997	0.3085393931218941	0.6902454316044324	0.7192952931823573	0.45895478222349206
0.487414134738911	0.5952844504428347	0.38040138643903565	0.5537701433603137	0.411553352004574
0.6166907494989596	0.4867742829211416	0.3582439154636873	0.41800129866402025	0.30573400817847907
0.40004132140551907	0.7411505927006281	0.4407304326251291	0.40595411537136306	0.45291770358957545
0.6483071473856513	0.5407042544190311	0.6722782544955204	0.8793156795344997	0.5183062634864739
0.3776641545528787	0.5985864475308097	0.41261128045499623	0.393689839921012	0.34646280883317976
0.5256781324480791	0.4279552123832458	0.3078934697510794	0.6977873385609354	0.5237842221916703
0.4169197873624931	0.5252878336464086	0.5770750015103231	0.22274744531787477	0.258742443744279
0.7147312709244563	0.6543883933318335	0.2940718342444529	0.7276451241234864	0.34987236113723696
0.0932786198619061	0.790511503423184	0.23060487347320166	0.39313944294656067	0.5542351679896538
0.6942365131682446	0.427483854545958	0.5474769265731291	0.33925699469961607	0.4112723551580271
0.7703834452132238	0.4431705937163863	0.8754837824920051	0.4157510425569645	0.4321446445662729
0.5126456519130129	0.5941324183128149	0.5544154353727818	0.560612168586954	0.5362781080837443
0.5042134324952632	0.13435390886839227	0.4525613338126462	0.8356739317820557	0.6143062071576922
0.5997560423548755	0.3305235315184742	0.19564024138894953	0.5482151015900392	0.6531371009867502
0.5307139385141034	0.34962575565302406	0.6495458443238704	0.46213977846415527	0.8227467501085168
0.5927785131503429	0.3671547467398758	0.5571340808861717	0.4491033456478428	0.6001239979424828
0.3404287656968521	0.4208470869564039	0.7676364581336513	0.31813397240900826	0.3677596828448285
0.4507869812030521	0.56412257398786	0.4389311486886749	0.4924234360770232	0.5242887384967044
0.3910833308266489	0.5723636815662031	0.4969356527042026	0.6188448118459327	0.6500436161918506
0.6834923922787501	0.5603282294096383	0.7401447185173722	0.6093475237824229	0.46470985376346613
0.5902981589200985	0.520202026913263	0.5875437310656587	0.6836456615051059	0.5045191919792441
0.32166573744419297	0.45440980212540316	0.6040820474515972	0.4860465277866746	0.2816374514541124
0.5425253513668289	0.2748205039793992	0.5434480745373709	0.6991305069035951	0.33803984592701236
0.5111681994937248	0.4749161211160176	0.31296393965345	0.6684602744149257	0.3025349705276296
0.4183231324334715	0.7035136119832116	0.6267475322052728	0.6269001495533372	0.5540496175829781
0.5198794518010912	0.40299986191862247	0.5790410499321641	0.661130361509324	0.2853888953216584
0.5266350400163894	0.895938496646557	0.5784320814028984	0.40279978680683504	0.4857700872104645
0.6571849284038657	0.7238587209594595	0.5526249255968977	0.25977199822071445	0.4753959336862365
0.6163550300630615	0.5994445215991195	0.8611286178866892	0.5322213768600161	0.5925799919008443
0.31098943664972745	0.873170698673392	0.4797598228326119	0.5434881444374301	0.7006558884620668
0.3931528457080897	0.6554192801037751	0.5394131513900505	0.5968103660609534	0.4240227299438696
0.536106610042968	0.012386934921228372	0.3134906321944092	0.4504931352988876	0.2668477419098928
0.43171064030914663	0.6367335227716487	0.2868644010820229	0.7063343120856337	0.5252160481189672
0.3702830421757253	0.474623582392742	0.4318309314558881	0.5968102813046766	0.4357486957049396
0.42196045407116994	0.4085250270209452	0.6223386754234747	0.7024220442283055	0.44805181004249767
0.5039559685280777	0.6780087970394796	0.3785642959353204	0.5191992835124217	0.45852107594046215
0.30939077027181594	0.6033716807316377	0.49908761122871176	0.7765175127768643	0.5113786967153761
0.34473717925778763	0.5878557044014169	0.3581469017054098	0.3477606791593647	0.36365940204430325
0.6669316730998502	0.21114507380647982	0.41723102033160425	0.281049483656542	1.0
0.4045644540077556	0.42753983153614733	0.5467096632207568	0.6884658758729096	0.37266162686651416
0.6583843900992115	0.5710639523362843	0.5532849184987502	0.38565586606874763	0.6519346135631717
0.32049036610334525	0.8725615121672848	0.6630671356523773	0.4444108905266599	0.7301954006762328
0.5296756081326998	0.3614315198428639	0.6651867256020398	0.5114055207545805	0.4041807144619568
0.5043282861208472	0.4931295881336141	0.5431530849950565	0.5454210482859192	0.463169004065387
0.2864127671490624	0.6902946125280907	0.608793015064806	0.7670213107267776	0.3557746705117097
	0.5364061667130859	0.3326641551173224	0.29841644815996893	0.6135170838956401
0.41852092684714837	0.2501331450558279	0.2797135247641088	0.559438878661299	0.6643980615085876
0.5153797700705983	0.5706631359063591	0.6998260166689131	0.34221687277924784	0.6953637622826937
0.7577951782664447	0.5010258660002638	0.5932770304752676	0.5181089966486047	0.6412509230843827
0.33759248751208903	0.540625297822272	0.38455396173605894	0.4701449946310801	0.680572343592239
0.37278376193739116	0.44922443460725947	0.05763167825028192	0.3796626959030659	0.8384026137330992
0.5475667636918803	0.39540113462708715	0.6928216914308788	0.6235636955224183	0.5739879055477066
0.5054764968478076	0.5614352585882987	0.6369132352775173	0.6275027214620308	0.498512141145442
0.19614759049718783	0.682362615254432	0.3113909404607241	0.657733561629229	0.29847040787600937
0.4337006794375569	0.44222457526678527	0.746069544945935	0.5766485808270636	0.5374465660198048
0.5540325689345579	0.37259685075512355	0.1860711368034863	0.5562331999587323	0.3676700558297971
0.29676752864104244	0.5230036983546376	0.2682807244396307	0.7646151531294312	0.31426037015487784
0.31174386333494863	0.43586908027574006	0.34872334002417255	0.09401451046265454	0.41880028269460606
0.3917052876676986	0.5766976907482325	0.47041707794311155	0.4113350050524235	0.4184119893856055
0.6666967528750708	0.3434523361884565	0.3294221780637986	0.6782794656412557	0.6436188692128049
0.5669694128812075	0.5358060475492579	0.33771891920205105	0.5313576315342995	0.39548378468156914
0.5290802807477432	0.8053679214039846	0.34406365018460733	0.3455033213759366	0.12141171239870412
0.2901344587903655	0.32201391561095966	0.7969107346664631	0.286748934095075	0.32762064882178393
0.34721060782224333	0.36471800968642726	0.07657930398386316	0.24145442084841562	0.5540344206622815
0.3072647270043314	0.48174111953751336	0.6336046563119831	0.41283973431245774	0.3583134737386697
0.44937125449604876	0.5509575511431403	0.5337760517569617	0.5129509828366964	0.34972270578638387
0.39654193232528673	0.5714438342640523	0.31079130894633605	0.5743402311326078	0.3044423788139917
0.5527027350379407	0.2937483165125868	0.5198762745702328	0.6475214161663394	0.47564524818577575
0.5920395136102458	0.4433606788549958	0.7138795768098557	0.3466271366777089	0.7082661884087427
0.5104279234126031	0.6128047911137943	0.47135680357464593	0.5019249498583592	0.3795917012102768
0.5771952857582608	0.6815717534827158	0.4493669478428119	0.3009150240114815	0.6245198389839964
0.41725604182028875	0.5871300763120906	0.5922309575568655	0.5975442724723395	0.6375259999541505
0.5204368185415661	0.5044943271642657	0.29782787285375384	0.41978625521183727	0.5568977158141782
0.3855696048747719	0.32002028606893235	0.3848530454466746	0.5991720551550094	0.42455037739202117
0.6079722144712921	0.486895841309936	0.5523535811260218	0.6087123466047417	0.445408434314631
0.4470578159325312	0.38081694151849355	0.5000194981780836	0.4632189233766678	0.595053288378279
0.5350141158946083	0.5547185442416493	0.44898339443742297	0.7334314281077272	0.5589961356636467
0.5143401696886473	0.5336059139263207	0.35376098788661464	0.37490407032461426	0.6566161291272119
0.7046431848460771	0.44307684124104335	0.4474000303949396	0.49714521730270883	0.5212031814649875
0.6766596435529693	0.6055603146276908	0.614977506268882	0.5036272598479413	0.5788772340753809
0.5418280501395779	0.39231477560971145	0.6381838365800862	0.48723563484383203	0.36957688333356203
0.8063660300026535	0.585959571330464	0.5653383980329219	0.5963032944595584	0.552563298434088
0.49628158233293634	0.4869256291535345	0.587363530628118	0.5938572209781187	0.5303314132423412
0.40204452364863924	0.37258370095980525	0.5819268414130896	0.47128900574158406	0.2851230088141282
0.534844364934927	0.5803260306184027	0.30557127971708054	0.7603005595228831	0.5611316873259238
0.3586047454934587	0.4754421360244799	0.5329758208794281	0.026242134966008086	0.5787305448701346
0.3755879140180592	0.6129973632371317	0.30290063924095095	0.4558462591641774	0.39612462597734943
0.5642602189722031	0.4966064459862619	0.8168282894015589	0.6807610907689351	0.1895808290776006
0.5002698261997264	0.593215362499394	0.20874844861839953	0.42666069377342797	0.609034270806879
0.5443219537109728	0.3831089753841689	0.5810831771976742	0.41625437524109304	0.6155752733084857
0.5353425721470864	0.4197369606469488	0.44312142425879325	0.6427761726862866	0.8355367539274537
0.6795113117866645	0.2762635656421232	0.365050989789111	0.44475959703048046	0.2715864978288713
0.5504989084157361	0.6634049977913282	0.4494670154805524	0.2936211811662062	0.12621791690248674
0.46402838600493757	0.40390268672884017	0.5123337209396701	0.592519846092251	0.7277047890974594
0.5155915289649968	0.3523228648506553	0.39281275080372124	0.5062568044890012	0.7078599366961247
0.4996572629883787	0.5198893318896812	0.39092347266020744	0.4231097736964379	0.3536067821886511
0.5444295494537422	0.39920058643546047	0.44791322752794427	0.3438472682173255	0.36664191348240704
0.313402619145572	0.24896580473157706	0.5075008514396901	0.45288491969204747	0.6451160403951309
0.4706192093787853	0.44891440499277085	0.6887527280599134	0.45192694093294145	0.22621768900381872
0.40262337651830354	0.4041634462902289	0.42723744423040755	0.616887516754488	0.5994866666511709
0.711924960512635	0.35905979217223133	0.6889412291498875	0.5495162240443494	0.6171501595767844
0.41529835162455536	0.4763871887185266	0.545192193761472	0.45553594723849344	0.6008141677481693
0.3643078028256702	0.41429134772954546	0.43161142023876775	0.37724033406714347	0.44112987668151693
0.4403779305002894	0.766348534048735	0.5305392184852691	0.27288404091902946	0.5785607479785433
0.6058583320487062	0.46520704848287536	0.4906695110880962	0.5216112544493499	0.6455195938894982
0.4849597310709667	0.5154207545340895	0.38865951923165953	0.2075663597201006	0.5573545814955417
0.4758607410523375	0.4843115526082148	0.5056446314515692	0.4666048092460224	0.6780180765716372
0.5649015126705815	0.5748928488109217	0.45078158358430087	0.8013011114160841	0.6073198900328838
0.44801652316127	0.4311565723504776	0.6803434060777297	0.2979811499199489	0.156290805722746
0.46151258819246416	0.4052821928807297	0.42106123111375066	0.4035757686098499	0.6430310537406224
0.3912158070887008	0.5195926409915976	0.4382842980895324	0.69305295908925	0.1760881655450082
0.4172941002520717	0.22046741571862796	0.19666089902017114	0.6828195049287656	0.5170892878829626
	0.5879732956058413	0.6569292694019024	0.5010811295280747	0.4651766640996963
0.35942062537140546	0.27456359542710057	0.5829841149414102	0.522277907629133	0.4621087371239953
0.15347223899343587	0.4875912789233415	0.5601445415154289	0.6269024036603048	0.6582535358191578
0.38909667808502035	0.4774936941898857	0.60196442374149	0.38214282738232946	0.44563689684402924
0.4476959874677111	0.32601011883560543	0.7431093568169028	0.4264782986465215	0.5671741609011003
0.4465306028454279	0.4940135013998954	0.6472766089580689	0.5320996607902794	0.43907986983338676
0.5167106211018426	0.5000466598911266	0.6922497160153922	0.48208440103947403	0.4072628950661424
0.629341805574508	0.4972859854580452	0.3724290899725745	0.3750790903247451	0.7890493452406176
0.4465905454284889	0.32592320039480055	0.5895585203673284	0.5917553535793965	0.14481023699711337
0.6846663282121024	0.58627402292752	0.2584025976227376	0.6391085383615207	0.4220661882976481
0.4737770368499516	0.8355322772255315	0.568465274371511	0.33358284611024913	0.593779093114726
0.27396654502695034	0.6917888677694954	0.31520900146299735	0.4380485335855094	0.5095150590634461
0.4328086689505339	0.6400807485721126	0.4759735578853953	0.7065316157782083	0.3060499855424779
0.5830608625956533	0.38650675241443105	0.4097729711117162	0.44276421088613876	0.41896107205697547
0.181991410329243	0.5393762479012486	0.665277481933269	0.5038509716945928	0.6644755385295787
0.806338588206806	0.46146697835922057	0.5336235131387338	0.39229879428917314	0.5974587295555416
0.7980375496921573	0.32777340951065775	0.3301623869446	0.6517576179834764	0.4394600432133818
0.7112250567854074	0.3186195270678514	0.5318134540007421	0.5636376866843067	0.3972708597074904
0.32189874680461267	0.8785039582832903	0.7551277271332921	0.5237473093553004	0.4632220944345406
0.4710929975654961	0.39054670795962027	0.48801811110815246	0.4565497006586231	0.5851426158417388
0.45183515851680006	0.46897614816078137	0.7304450800079086	0.26987217500940225	0.5136500683038798
0.2669699321131165	0.5514084464323036	0.4027292843699726	0.591326216550828	0.5212440723562367
0.6905223246530394	0.4688167562201498	0.5533582618044499	0.4608553494907766	0.5289330706401961
0.5641046812513341	0.28349523879601335	0.6306403422485899	0.497876984642221	0.6053220695085818
0.6948880464825608	0.8154687821459907	0.7473843107294245	0.4753675024934649	0.3883973021642534
0.4773995713968387	0.4866125502226009	0.6496099998103533	0.7805173718594219	0.5114668156818231
0.49463844457947626	0.2503231089111077	0.5045088238154422	0.5688731467497512	0.7645554650951382
0.7629316062170638	0.4207391177181787	0.36576486775630346	0.43500871445300676	0.6209847912674872
0.4579600590757332	0.4767687479623039	0.3547005141137129	0.5143336798562833	0.7219334998337514
0.5508873816953292	0.48209662438752626	0.4628447257129398	0.4904174294006465	0.6076163100295469
0.4921823278175608	0.6789997351267038	0.37857552135387795	0.6105301713896868	0.5002732473758319
0.651676561882106	0.3928630196752317	0.47022577511507063	0.380115086409584	0.5047000300037972
0.48326333402086064	0.7745950333174674	0.3956502621014345	0.9677959625208787	0.5811796024802804
0.5308767256050175	0.548269904713028	0.6198874352149774	0.3755664127064326	0.47344392291766546
0.5834809451213235	0.2356728634739075	0.35821324610429434	0.6017820429730272	0.5533721641492575
0.4128805839700737	0.5547699002675149	0.6981198777164752	0.47523221288447554	0.28964563410892585
0.4011272503348642	0.6309190064874945	0.4776491195046093	0.31753348088820144	0.1810416442731727
0.5223203951308665	0.3023328028304362	0.6537477599557244	0.3763248386434608	0.6114692486038156
0.45436880089122866	0.5004297653949867	0.5133528565933253	0.2973324444269308	0.7164139495870738
0.36289083779073056	0.5426570326913349	0.6471869119573981	0.6316612567419333	0.38474398287212297
0.35905393880528685	0.29502014319738157	0.4625345503609078	0.5430293256287109	0.5023628983512463
0.3288163278919855	0.8761378439892594	0.6548122846390586	0.5110322348706893	0.2631966089930556
0.8161664416153952	0.6679742840483236	0.40560252271277336	0.5581318327515861	0.4952684384099085
0.45107237743603135	0.4240480525082217	0.6223394858554291	0.3218528124984491	0.540878892125188
0.5100731102690048	0.5508815160600833	0.5280895286549662	0.755897201785297	0.5145732443889813
0.49474418543348647	0.41408919155130924	0.5377308546094175	0.30109776689664497	0.1591744443743338
0.6433283848527929	0.43385805305135017	0.5308371051330659	0.5363202800768321	0.47500561851074735
0.5337683202823813	0.38265458887291554	0.53732442990757	0.4753320034978362	0.510571909202177
0.4640475437256671	0.7310152010475636	0.39077416434335716	0.5872323856558191	0.5082896690795143
0.4696808935203371	0.43926914159854	0.6938766442403309	0.5826680948709332	0.3434691860811752
0.49795069954941595	0.34976674948589964	0.3150503561404525	0.3583724267721306	0.4253933134441712
0.5372886157219346	0.40576266287728535	0.5166889531625273	0.4025723536977567	0.6461465212502335
0.45994924578854257	0.6777297167343213	0.4104452323575517	0.5410328655544042	0.24460571768515998
0.5918989728036627	0.25250549433380554	0.6565427669121826	0.6077012793801998	0.4235297297050264
0.43723001295440267	0.7778850036183568	0.6770667213483268	0.5747620115724569	0.595044502268224
0.32952871731003724	0.5927101016261592	0.551194161062587	0.31400991377359627	0.83583478235522
0.39757311908579474	0.4291348617451701	0.7533331276585711	0.2929952198019632	0.5585279799234215
0.7236336508306627	0.1876706820812641	0.288320223026082	0.3882507368009728	0.43469772855542205
0.3890126702866797	0.6868609687431735	0.4408997331631815	0.7704298638116062	0.21957114984463735
0.6890481315545345	0.5440830040562086	0.2803547812771321	0.6446765795260857	0.23519477311121662
0.49904138384193986	0.4821279310821753	0.570751001026775	0.4757152166641319	0.6265505910225007
0.6231916575470304	0.46919442051398996	0.528610856359618	0.3008736454370986	0.281835824172455
0.4524687847369142	0.45565084313548904	0.3240455526530897	0.49686161138717094	0.5628992363370119
0.520729273919907	0.17550672463075143	0.6786133274197377	0.4811645742274801	0.6144706894200928
0.21900402931712998	0.5881900682051067	0.6182797916086468	0.41569289551048516	0.4483778233700882
0.7831908852131951	0.34697482102234295	0.5285356247904375	0.8805321059295392	0.47748610750227266
0.4668358889543796	0.6514923796659153	0.600464497647531	0.30723405842975304	0.4240776368608642
0.6268184034017937	0.517379480854776	0.3223315470818847	0.6006607594252396	0.3598818822847902
0.5831953257953763	0.49153935192136805	0.61024137272492	0.6177288004593495	0.5553900280844551
0.7642667548678388	0.2663825645304305	0.412899607257078	0.5247110493695355	0.6235344219115524
0.44868088983165283	0.39670104957861896	0.6208652559057432	0.43864489935224715	0.6194087093592394
0.6519426879491304	0.5546827550533563	0.4647736659282804	0.46450259014157247	0.25723268497338925
0.4132206734134318	0.822133443227755	0.7775588087393509	0.4765792663218631	0.507629820361162
0.3207506224167005	0.4245933607406974	0.7064305154698856	0.2905857860706036	0.33296467048776246
0.9045884833603897	0.5168641641107324	0.4050375076307373	0.6531758130046297	0.32305075356455193
0.5053021244905888	0.47271644611232244	0.52990358443304	0.46125503472999757	0.10545292450354883
0.7961037299577262	0.5515700741695286	0.46518182156498833	0.30540472897936743	0.5905340230271087
0.5109207230082263	0.4999601986649072	0.397988377838329	0.7518030147735342	0.8297583308762492
0.7206921532067586	0.7785900483673435	0.4889432993875594	0.5989972820691974	0.5918805971346913
0.6627448603323836	0.6167437166936794	0.561384511609286	0.12004638451638966	0.5449581497310615
0.6923979443138927	0.008691650927450919	0.2301133664743183	0.46608443508398556	0.5264402753615609
0.5516559186644144	0.716615309716856	0.42639906471917927	0.4357365793064508	0.4282369618111006
0.6354113957565548	0.3121107107547772	0.2763672518262912	0.5393079216777569	0.7583639855734824
0.3903443827513001	0.5943307963603577	0.5370584814164675	0.2475181343869577	0.4251857741311175
0.27209745776173155	0.5867153038838041	0.5417071649379152	0.4805844362498517	0.46495223716086104
0.5110745087752466	0.6374919059546507	0.6086108863175811	0.46363775766287063	0.6145175004609534
0.9072435096738225	0.6578805810833352	0.42531216966407415	0.3867454385405598	0.593765212778331
0.6273905629285743	0.45695879757468616	0.31444366622385195	0.3874151308213717	0.7903466968588101
0.6235501159120377	0.7419251072024236	0.6196027504673717	0.5819370092906212	0.6460911980109655
0.5208509067604173	0.6159535260408842	0.5186165599500911	0.5976973665414028	0.6274711812331869
0.5192539421293854	0.42184273604792505	0.7726928458301399	0.3638408909066425	0.6405661781945667
0.5266698293159874	0.6955540627074693	0.597660455460697	0.3939792976430201	0.36425182907275216
0.3746305579189147	0.6485142868311635	0.554508872445536	0.645265285335063	0.5267633329612557
0.7164925215330372	0.477853638123157	0.5227106505118743	0.40569867176203284	0.473626005061417
0.3237154479730535	0.7206344143607981	0.6109942789193731	0.6843776788926733	0.6990131833317129
0.6502234471168136	0.7146579333183554	0.4166009432455324	0.2893646788037173	0.4835529342921916
0.4265406923772281	0.27503170176580016	0.7072669641214838	0.7556605279372361	0.5701289015299855
0.5784541071312469	0.45092621704848324	0.5154921255601518	0.5294698199088123	0.2768758948455708
0.24957503464551598	0.5809863716104345	0.632163773744198	0.37766329679609084	0.6609550444128014
0.6102145184064298	0.6388325368495157	0.6149961379520318	0.444872010749076	0.45249296195704286
0.47582311413982625	0.5599194013758555	0.5959585133280273	0.4879646691976505	0.7110899693054099
0.5734040125676102	0.6036309605334478	0.6216781217625881	0.13921498497898777	0.3499151009540812
0.2560848412096512	0.3858514086878753	0.4874744975123057	0.22087694824655735	0.30977764046464024
0.30029763983447766	0.7226663526127793	0.38439176697957395	0.6223157318754413	0.3791249086626459
0.47905440854841724	0.5471517040012043	0.6118854812843474	0.4540883723302086	0.5114218343888438
0.3846223261578682	0.5215704555849504	0.5115551930929781	0.5344224247239514	0.6800366273070382
0.6718558648332126	0.17840695272103596	0.6597467055594087	0.32993892247127604	0.7527730222313125
0.46238541647386383	0.21024525150204024	0.5489685608744117	0.5125174795608195	0.3353888798956229
0.6041863334728016	0.4191777645260443	0.23341902445187496	0.5158477176212766	0.5603549177128286
0.47388031587705537	0.5015230424258466	0.6757276899405119	0.4073310342424374	0.8397450288735362
0.36635518172007714	0.4290811557702839	0.4787490331232911	0.5785089156397403	0.6145560053207964
0.5164597369146506	0.5210609035084366	0.8401294501253889	0.4202206990879116	0.5742338162469444
0.7266894687336469	0.5183786035884989	0.4037076850609534	0.7811727585868424	0.473543981010313
0.4979532384561592	0.47952538857075117	0.6519473420763128	0.17643378639628784	0.5710268117505669
0.6003868689789499	0.37951524285244836	0.5872166408536316	0.6500378420265321	0.4303777384517475
0.5935150434026581	0.4168715511640444	0.1540172579277989	0.4494007353113047	0.4032084198283371
0.4436027129267519	0.21822385524099622	0.29412797533579604	0.5202010933477088	0.6633440513183905
0.5082012103735686	0.6272694017213688	0.53569907774837	0.17212124463951667	0.40093507299289066
0.40949936202402215	0.47323344189071126	0.4295423523847104	0.529239593694745	0.3838464699855153
0.39091699849934897	0.5052281014303589	0.5863236929886456	0.40289762455297745	0.6335541270108883
0.6856133196564256	0.6369955645463768	0.6204996567724739	0.6903412208693946	0.4086151153882031
0.4325646215788371	0.35780875982041216	0.3677787937760835	0.5829130279578457	0.5674948067345947
0.5675386935418912	0.3822382934242473	0.5208662254253316	0.5698593374096365	0.2670929177580171
0.45214273802472366	0.2479712319469896	0.2642653387344997	0.5792193628643207	0.4840145543283549
0.43306825042735775	0.6215188403245444	0.7040273841329403	0.510148759860683	0.5078900539861267
0.5947507564990235	0.6250849218056415	0.6128567664237087	0.6117643956074831	0.3816481327759905
0.5593522706945696	0.7613830367665673	0.43673656182660614	0.7203633559392497	0.3773476473038069
0.5141273520853249	0.29091094934195816	0.24917114540927598	0.371689715049423	0.5558527230354171
0.9849456595471107	0.5655830426767742	0.5548507684263884	0.5231182700076501	0.47313348013259215
0.6363596898379452	0.5261733211786757	0.5583515819440292	0.5666293131665296	0.5909002460407289
0.8383579425404469	0.3447012883692401	0.5463968129162508	0.5543009760549962	0.39028213021665376
0.613212637760006	0.43052694457101465	0.46419397416897684	0.5709388363225398	0.2425630656717514
0.30941882985799846	0.4381997336862359	0.396247336782356	0.5845235583722828	0.33722903918079894
0.5410756682375263	0.45094907916411214	0.4342801046583881	0.7157765207081479	0.416995848027884
0.42092215736037647	0.49780254447016964	0.4716007055599808	0.47804239958958794	0.5668113576366107
0.4516152464466665	0.5023502511205057	0.788780489900071	0.7683588601946768	0.11965840684956343
0.5512702933862486	0.2481969556863232	0.310959287179068	0.3450655345071959	0.43584567541942154
0.7513011916624418	0.39652556833645564	0.38680325344079447	0.5189607251442024	0.11742281045329507
0.3412526505512708	0.1316078362148437	0.39699656522520005	0.3544766907727427	0.638133855208169
0.34938058225083907	0.2812736126765031	0.48256226685408593	0.5482194764303673	0.5000030774451129
0.2910342590980359	0.40621256486266966	0.30655371217040506	0.4365796323176406	0.42972348629817475
0.617508268108577	0.4584094897506245	0.3475233082019962	0.5008741577742167	0.7131530146407355
0.5025198787207835	0.7247745824627255	0.41943369587925605	0.368281647706894	0.5872158686117223
0.21367868282017827	0.3372296566871678	0.5548080107259172	0.6444080134013795	0.7587366914598365
0.5907198684570043	0.6125535744596643	0.4751404742485534	0.23193545202734378	0.08937680380105796
0.510440640015673	0.7394313787602417	0.6770306563012355	0.8181621091000179	0.394919046444578
0.542524158125402	0.7166280090559648	0.45447331847573863	0.6313518280908098	0.36997087349105345
0.5377965759207305	0.4507518991443718	0.6021006776900003	0.7354889767744115	0.38617977736050996
0.6370184956211268	0.7036316636083053	0.6412542633109525	0.43869437631856667	0.21889729985058437
0.4964912385714347	0.16258199812440127	0.8919960332531168	0.5864057717966844	0.6908893820290907
0.3772898619760752	0.6556960291479493	0.5018842863693423	0.5827646887879042	0.5037054366125477
0.3978423020419468	0.4897790743104514	0.5542072415432996	0.6334498068083054	0.723153202332525
0.5246404388981782	0.5961047225422835	0.4617489074091513	0.507372892788015	0.6559597868532157
0.5301079599024049	0.44807774828202424	0.677011551905665	0.3994188281267743	0.5011150792960205
0.7214306953463094	0.48886122944374716	0.5289614000623944	0.46013071125762806	0.4182214327619937
	0.5656108248862975	0.5214835437103875	0.5864718034133813	0.5745091778705382
0.3840266067760607	0.26525058005571595	0.5923795453714256	0.6184905010778114	0.53524711573575
0.5201846622068139	0.5351468481615137	0.5327946474197466	0.6241414520279868	0.48102421603997736
0.6884093192545103	0.7266134208260757	0.2508027545160936	0.5348828475958769	0.8077696263152717
0.6267326947680434	0.581977019688022	0.30307428833878447	0.35944906720240594	0.37416003680115434
0.6445464763197865	0.5368711972359628	0.7136926417938925	0.5448543459667514	0.3369613452105118
0.37193724811666345	0.22009315666458368	0.4412221609146194	0.38472552007818855	0.7826023483542771
0.5404263232528355	0.361571985311532	0.3402075793000401	0.7863052746171331	0.570528310450977
0.4899191204803924	0.28238965820951584	0.42812386263725527	0.45495472685154126	0.3879812616557237
0.5206247318693245	0.541033945974917	0.4421177568790506	0.7316103819014601	0.33926544337353143
0.758207600724925	0.3609015724071844	0.305584756611757	0.5178823072036733	0.4990613634038955
0.4778195331983162	0.7894544947486549	0.5608649411047768	0.6284945887083314	0.36306365045846256
0.26227982011320794	0.5015454458456251	0.5551004060081899	0.2750510919131729	0.20071977854181913
0.3938729458785014	0.8925395432650596	0.5535261766962356	0.4346621570870998	0.3319385577020004
0.5466871594119209	0.4821954294525451	0.6363315274965533	0.2868324451009669	0.6614004562132834
0.7275902194636689	0.48321553474601425	0.6829176032742882	0.5003945870528497	0.7174151809409579
0.581065612468557	0.5129787243327244	0.5238412620311814	0.8589731178387728	0.17419437126555565
0.5829937533800491	0.2901275344929853	0.5354115104045701	0.5777452658777598	0.5109954933008487
0.16996557889482983	0.5330617550867485	0.6638582053223206	0.4474239484829432	0.5712165869757454
0.4111479511693651	0.5531669012678954	0.3265263856378674	0.762274315617922	0.506487857187022
0.2847487029615958	0.5306240935831019	0.3527715704314914	0.6151717951404736	0.6641029674230353
0.6420502456310553	0.17571099690977915	0.6526831781135345	0.5274019597765673	0.6599794989038554
0.2604461202505722	0.393079866254157	0.15548930102657238	0.650502055482568	0.5652601708902771
0.4457101071605921	0.3109542808551257	0.5511890541565918	0.28666168289537297	0.4962779696627251
0.40249344521038094	0.6316951070321183	0.5421641918157584	0.3912891811174764	0.8384776078566981
0.8703130675982382	0.5361342613833039	0.8818715147537107	0.4982082085278338	0.63313151596232
0.3666612264364939	0.15272153684245718	0.6098318329835241	0.6334373179014494	0.4967152208823875
0.6713611443832361	0.573319085998141	0.414392645965342	0.5542543563958399	0.2599726880841146
0.26362285814370495	0.4748724892190671	0.6239182306390154	0.2422549531399823	0.3441181334339108
0.5496604520092885	0.3167247454000425	0.5748984555353639	0.44719973593622614	0.6114084006844902
0.24713820488914998	0.03889358324166369	0.6972086672517365	0.39206257588409454	0.6701703415115086
0.9034476568697832	0.5634859268392465	0.6799250041695801	0.5077061032293543	0.6050078636419165
0.633141394533585	0.32554967262160256	0.6244711449023228	0.5862272217794543	0.22635586435503846
0.40390172748899333	0.7477243955438464	0.43914570884571924	0.7386902761570027	0.48325761960440305
0.6013549153416017	0.5271922709302331	0.33040736920073976	0.5991218220545854	0.3423177442857115
0.4736752449639063	0.6857359534539806	0.7896811752649837	0.5347108759170182	0.40450344837091434
0.6100763795152296	0.6631139400623886	0.6563120835091935	0.17519448975426638	0.41832638887308504
0.6370888655837347	0.20910326625456363	0.6266243750861135	0.5678765176483656	0.3515560955691965
0.5080461306382658	0.5987270873755964	0.5049323235905191	0.5137958453273032	0.4183473660571035
0.4319447984262196	0.5694487203324964	0.34942695852431777	0.2903625079460191	0.4016074668268998
0.3640590146224213	0.37687313873019346	0.481737014655718	0.523912437095381	0.5604249220810825
0.5659783366883929	0.5864285593706152	0.38315953414369264	0.7379341159366384	0.8324560338785517
0.5199279575594784	0.585955954908658	0.7520312102144835	0.504903829824158	0.6473989449291498
0.3284402521627233	0.2873029289459747	0.7316236321826259	0.5462580014987373	0.33965446255683146
0.3152958788205722	0.6272841451841157	0.5684918687824069	0.5184103720725216	0.2964175085830257
0.37699380598184834	0.48674427747146126	0.48694139088670535	0.29196222894391843	0.6904684371208489
1.0	0.6007354331125592	0.3512165772585467	0.4090565073966219	0.43441530471127415
0.5403049070789165	0.42899601209289706	0.3156505635516236	0.3334417776127282	0.4333405024739672
0.4475958407413488	0.5937563178422501	0.5178960231128434	0.5210075991734608	0.6332271778902483
0.26818442220044914	0.37919938700187916	0.507789124478846	0.5162650703449911	0.5301632071681063
0.6213464981228406	0.22417275463875186	0.228785380417349	0.4858547297225191	0.5029687249846084
0.9109629985627281	0.4099269737936057	0.565516238270044	0.5740613151051027	0.42907927259365647
0.4150921110767425	0.5655440744910666	0.34502071002073625	0.3842407578427084	0.34389509848396294
0.3167696574067725	0.5160062110881112	0.5890334510587568	0.4009872402286495	0.3666665223675356
0.6691178009852959	0.540787385486158	0.3780867012609464	0.817476706299629	0.23818264300230757
0.5289220595831027	0.6006707906724054	0.6359641146280767	0.4436710744678882	0.4666181483672951
0.5072244796004299	0.3731828246468324	0.39909657819971167	0.36131966877065724	0.1666863739526529
0.613559503676527	0.5498048048727371	0.5313509039518975	0.3446532822685629	0.6330177373775387
0.6877818426257222	0.6237182195697486	0.3934368049431763	0.6612785149782252	0.5494825069995648
0.37938730392521425	0.537514723540824	0.3777540148833506	0.4743167676487394	0.34527560899122517
0.7737226957038968	0.12317104146617079	0.7098477515824325	0.36318570528975513	0.6830000074887779
0.3429676913416545	0.40785052171468017	0.5980643545425706	0.4605959579711858	0.3105658258709791
0.46102045768189426	0.3017893076922618	0.6139116942350402	0.670681051387776	0.41658357894239795
0.7570141402677494	0.32093871231525634	0.45761810323655955	0.44660663958942665	0.29619582569811764
0.6931251481467308	0.4359108443658743	0.33120153887413595	0.3325572345375484	0.22823138798920328
0.2931404360566563	0.16180563313060625	0.3015939208508228	0.3227332653812365	0.4746292911542316
0.3127562760867488	0.5516201972754111	0.4251794355731953	0.39385417724030125	0.2628822286218653
0.11100761195910133	0.3272805530926282	0.5590621801546276	0.31816085577896386	0.48908596120685943
0.5413682603623613	0.5709433504481454	0.9841415351861733	0.4679248685195129	0.6621566466275398
0.5977054311954416	0.4431997749900544	0.32570880913045164	0.7701615582185002	0.4755275593221958
0.470196838365846	0.7958187977544446	0.5572924879230613	0.25205446304162477	0.33145870362969554
0.24838934762904322	0.6360393484196468	0.8036860868656256	0.4312673244411089	0.37126625140421404
0.4976169251977603	0.46718828457890405	0.5540746847381709	0.7679032981042713	0.4135569321619355
0.4388686400744302	0.5127607846522177	0.6085059341309913	0.6892270842571789	0.8524436024585372
0.26878633571331145	0.5449641143056992	0.5397937212670266	0.44595673626087673	0.44989562191544635
0.4655722565652184	0.47051910740573877	0.6939364547494131	0.5189324742820572	0.3514248340968325
0.37034335163853255	0.4826405731279246	0.43809074947087406	0.4411027901456059	0.2758768629528995
0.36742114323392067	0.7393574637464659	0.3741139550604201	0.539446402960261	0.5759094882524801
0.7589051223714931	0.6402027854116626	0.5485679688891257	0.5959674507375243	0.5073282409399354
0.6080334449393507	0.45468709296806026	0.5279926733696313	0.5243687969066705	0.775270893069076
0.5387882397066477	0.3685981779702579	0.49056501343106673	0.6592901874127293	0.6116882212372182
0.7051957212750872	0.530942157023601	0.6933498948828988	0.4048350033365887	0.04177035642124864
0.871134671173934	0.3838019523621584	0.38115498879403836	0.5714240253867162	0.5884517960663056
0.5099701616025509	0.42602674391245116	0.5769435039928	0.8388122964107276	0.810680264209682
0.4108343203358669	0.6928563797280579	0.658405855769488	0.4964997691187409	0.38861180810335905
0.20682757992995998	0.6854505526738597	0.6677338209049557	0.4718680371752503	0.5077925108765805
0.8120759207502571	0.6152552534046108	0.5105676175100028	0.4761496684370839	0.43202485277708896
0.48964744972854757	0.3869087191668334	0.5577911841314185	0.4612604089546748	0.6617788410007003
0.7055785711004127	0.33927852519138035	0.28607449513534106	0.8015369941545022	0.4571480454697018
0.32889206442407254	0.23685771721396975	0.4114144474443086	0.5028370778173779	0.39464300158953897
0.46807333224811165	0.3662007730240299	0.42341023033380126	0.6289119486519187	0.5710546028635882
0.39470277867324294	0.48363574595312414	0.3743780081761581	0.23875381040376853	0.6031734062193267
0.7551028181344033	0.5584300966771242	0.2727744363687477	0.3238830455810857	0.41486102086767523
0.6297581968071785	0.5716109166456376	0.40570518084077534	0.23179157808495437	0.8013910365211153
0.3028148140506171	0.4347804082646371	0.4707461303810836	0.6037304862307108	0.3161021775348474
0.2921505885353703	0.645009225423621	0.6947142964641863	0.45449145524720563	0.30667328338124805
0.3263492911823497	0.925746493381144	0.5177231130227192	0.46876924411801146	0.3209673843936378
0.4979401989031219	0.5077508744928305	0.3420153579449705	0.6879342527185782	0.46589895382274227
0.5227565213496947	0.4480906785072397	0.5638659973317939	0.313771585208023	0.38748023885401994
0.4757693392492103	0.367591281144756	0.6815033299018042	0.722272617613487	0.5251610270357644
0.6563743810681447	0.5210196885410053	0.9511795989394878	0.3395345882882498	0.3122895347058283
0.34566477191607836	0.44476724596410394	0.6012091895231746	0.4348828130420703	0.5502400492783324
0.32372664848513216	0.6049092753083803	0.6226147621549263	0.45347134362459274	0.5784169307345853
0.6380871310788833	0.3175815272717181	0.629078036558792	0.4467182016731604	0.2464244303611957
0.49653438156196267	0.45449137866179157	0.4433877062213904	0.4901719192128024	0.6906901305477571
0.5745102709715341	0.370518049514961	0.6669193778109106	0.6955532693744461	0.7261737582739939
0.3775402680839596	0.6384939539079751	0.6968785979482705	0.5252262842610618	0.48311734218640673
0.49172339223507266	0.27877486456373707	0.5148901098253691	0.7545477377154111	0.6893214549160617
0.5498768662836343	0.7746905086206054	0.3341121254700893	0.5609831225176904	0.7509163501102144
0.5032698923206581	0.5143779761595103	0.4393890556836636	0.5143231620320317	0.5698119715513816
0.48789122960899317	0.493563484054563	0.6663741970081759	0.16678426054269752	0.5244964876733457
0.3507436028721378	0.6768496975270707	0.51043857831256	0.5553554455409455	0.6389584780131583
0.42630606638766855	0.4763605925929069	0.3829619015092711	0.6563882214064292	0.6271949169844397
0.5829353471132602	0.8089164389901733	0.569237579572204	0.4953147193731301	0.1818100718922717
0.31320992779114815	0.5206139172804259	0.6947543137415471	0.5301162766454125	0.5086208695794782
0.34157978996074356	0.5277492562964688	0.4448077471050613	0.3370793622817725	0.3291524077942177
0.6175026931433768	0.38469332562482145	0.33462721255301975	0.385247765931119	0.3655506463199149
0.5774838444342434	0.384401456178103	0.6816754655695587	0.9830280827589254	0.4826584678121333
0.14546703025537608	0.49140465884799744	0.5508564378542894	0.3294113531502915	0.08963914618408228
0.5743592511479336	0.5962946619136432	0.6175613592168648	0.4192975710771282	0.9291898242920836
0.7231170518813458	0.33221296863610866	0.4431200823996764	0.6521770282089999	0.6277623295096885
0.5281449231254246	0.44178380754619423	0.6226457794376172	0.6779622320692744	0.42115991930085617
0.533712842318046	0.5754069832326728	0.708409301554931	0.5190426389236613	0.4126971402592238
0.3627164717892124	0.5082849141336409	0.3321004900630775	0.6548659214200828	0.39198904492706554
0.8198134178629695	0.5154035870755591	0.3369861595845989	0.3509788716934513	0.6286813700159982
0.7836098876588674	0.374586456841308	0.6018727791948106	0.4090970143630097	0.5103427364478558
0.5101713535673222	0.5867301161327724	0.46763487994381875	0.6697643285014447	0.26330588268136146
0.8113447546513033	0.628899265991324	0.8794813330393106	0.40498589194564916	0.5776653619934747
0.5216431747609184	0.41113743782887485	0.690338839501998	0.5011816080458936	0.28316798631686085
0.4431243221310096	0.46077113118014273	0.5316476836126762	0.584768102270652	0.7482495116839262
0.7478155031966577	0.48453339907234816	0.2859633651922119	0.4462209356323862	0.7674548184385583
0.4952491570719508	0.3160947839291032	0.352126321342584	0.39802178312428055	0.5405976948694114
0.5818574402857388	0.5866211810329639	0.5277151217312368	0.47763438908192685	0.2956625417912142
0.6911033394714817	0.3838630565532426	0.5058332893257298	0.5072867240627965	0.6099003462022066
0.29057612866581356	0.37778315743761476	0.3707183849345842	0.4811199873540944	0.7982303219035854
0.32161669346533855	0.32864925322518834	0.5717758828542713	0.4177049885530008	0.5589295590707076
0.16640991517030057	0.3968664489466287	0.6650316488006961	0.26666069127002673	0.310390094228704
0.6894451938703693	0.39978049063042737	0.5105503799785368	0.8144553740418412	0.296956295928164
0.6625659040526376	0.7151884597072437	0.6158715730830477	0.3174123271293724	0.5317412567725164
0.7274859038051831	0.39536413863796266	0.6157074436440299	0.6686743407778531	0.5693723351030334
0.6941115668974758	0.781761833094762	0.37658270483898454	0.32630797031916864	0.7377736881511922
0.5670287356117288	0.6701310042217385	0.3987460869014644	0.6366047755878154	0.311414193488024
0.3691234418760043	0.6707775822951376	0.2395762539598139	0.4918630755395524	0.5028807906991638
0.34434743323443995	0.6082545880727349	0.40811090221764595	0.3443214529166749	0.46586383750551863
0.40237422954128016	0.3611197280575774	0.6896107101156139	0.5192761073376899	0.5353533084720579
0.3897872403479241	0.46622244043906064	0.4876272542518873	0.5482397750724863	0.6074878130107
0.4795969722524931	0.44804972231892365	0.25919864556549593	0.5951111460082075	0.46520618324770996
0.6255619955192636	0.41220643276787405	0.5619810646110719	0.3672175107877578	0.46347937820360186
0.5038565786414241	0.6068251862430347	0.5801087795851694	0.305738258067629	0.3495516902950973
0.8582677052677288	0.8383234808680958	0.5286642386576701	0.5666390677595834	0.7117768244830736
0.5675362148836546	0.15277289899710392	0.5702843826488738	0.13372174573315096	0.31034805763888856
0.26917162522494475	0.5681963536411806	0.8796690926243655	0.7514879739806051	0.3584926167786595
0.4864856527422629	0.29218731287558053	0.5591727951374845	0.5205169898146164	0.4170877753890298
0.43285379189144446	0.5905401157086784	0.6263192343144471	0.6869276307260117	0.7681284900425936
0.2902623574739902	0.5310543183888305	0.512199474179698	0.44790636195090666	0.4271750364243175
0.4792772974589366	0.5827585981250073	0.6066106259734144	0.4496229908441258	0.5356183955107618
	0.6509565422444065	0.332261012287426	0.38877237353666955	0.7378985706397053
0.5721577836638351	0.26641441298288016	0.6525673020272053	0.3953652517600795	0.3077681317415473
0.7457312277859461	0.38146028423482214	0.6659943863020604	0.5722334040492513	0.43398299398462675
0.45701965987874044	0.4416219132175805	0.2425552486980203	0.5135918259541398	0.5065523176314473
0.5284107023607176	0.29350103021560964	0.5779117493571201	0.46502943025358995	0.6068054228758263
0.163768420696703	0.3526789284850651	0.7157302298772612	0.49436869536148037	0.3949483670693939
0.473076620239817	0.45533976589857356	0.6309736029399962	0.35362240663965977	0.6427288984089499
0.5494037331720281	0.5589622167893596	0.3359684263041694	0.4800518430191641	0.4959406045562294
0.3537576526411738	0.2395414272558294	0.7278923877082387	0.44161537328432154	0.4667326808774629
0.7491178733941177	0.3559125783216663	0.7751519658395464	0.5463328060854753	0.574580291691709
0.4887892886735422	0.3880021189351196	0.45338529953346696	0.5487535227561063	0.44871996885659143
0.4631564966293168	0.4308713236088557	0.8028003400120235	0.6917049965738394	0.2506081385938877
0.43130485785470574	0.5415869416714783	0.2805546295696675	0.2555573238974025	0.36938156442254283
0.43041840393674047	0.3526779282446932	0.4749719701298028	0.48377523403827977	0.2359925449285254
0.5593926234127355	0.5675563505517414	0.6507624704705866	0.5890843253444087	0.3397110413763259
0.5949472308433236	0.4127717558392256	0.47908178734439594	0.33917767172324637	0.131174652900098
0.6354193074901529	0.3873659880717394	0.5073066299901928	0.5053461555442254	0.43238276057614844
0.3094003498465881	0.4420680417431801	0.368938650096961	0.5564566929666975	0.5177557866758551
0.5868302210279944	0.3761446793865953	0.4969627398601335	0.6081094278106781	0.1024312874486452
0.41681128437559634	0.38095015366896523	0.431245464669843	0.23961342242862274	0.5694759465047825
0.4751528237656794	0.5406071745703563	0.535074003459881	0.3268864590796403	0.4161809144780161
0.757157443587216	0.5341799443437089	0.435582611659722	0.4725893564275274	0.201390226460911
0.4517608810621801	0.33726613934757793	0.3870832740848144	0.7350681244167413	0.6650573627321461
0.5068875876104721	0.5228659209062183	0.5142785565210801	0.34375132775321793	0.7716544867346397
0.5245014866654272	0.6297287520637416	0.3606256234196558	0.637497210605848	0.7141208095152509
0.6416861893535715	0.43232233738174786	0.5456320646626698	0.458513708562274	0.6509856167412298
0.6182188998923128	0.37594996877574843	0.6943936078364968	0.5702781782523135	0.8554726805183998
0.8391063596079466	0.5488515296089423	0.5602722514395203	0.15843898760935482	0.7898775131752526
0.2783764647768325	0.42736632820495607	0.5461739267397235	0.5342553614889024	0.39283672964366806
0.7444494225931193	0.45107671605840427	0.3922871726984455	0.6978974586391049	0.49864666751384995
0.4381173204635608	0.7151749766494624	0.5844534718841266	0.40129596194847106	0.4332459704293899
0.4469318795867181	0.8578711306368377	0.38027329003334137	0.5099588481217409	0.5053314064829764
0.5007626992358823	0.6921024579308754	0.31177887617155425	0.5281625869012047	0.833427025015529
0.32916632375113286	0.6348688287124611	0.5009376956215247	0.6094516584478291	0.6822482513657717
0.5145271012761053	0.30868683684673764	0.27571321738010873	0.6122964169433882	0.6809088998270265
0.4917518637407296	0.574577064585381	0.41005039083823247	0.6632737395530466	0.5689908026258849
0.6979957934272004	0.6664529906161879	0.8229769001917591	0.6178309429110077	0.7941733764170235
0.23118915714196459	0.384918171687396	0.3315923767169177	0.5646122297100943	0.6959712164819941
0.6748209292236101	0.5046190976972472	0.5590410440820468	0.6133061564659564	0.5626464354295427
0.49566517250358266	0.5651564310562441	0.621515437712329	0.6703271236024916	0.6267039414672666
0.6276825435524978	0.7149667993092086	0.31280196861421844	0.5213187508844277	0.5112919169352553
0.5787156063612894	0.28832376427702094	0.5320301672185591	0.30856132333727126	0.5251351239689589
0.6644966233931242	0.5027017819866151	0.42158030017901243	0.7511017929625925	0.5035269544730071
0.6321460888751618	0.4559372072245758	0.5584133752006367	0.23526135293620196	0.3444758722656282
0.808698504679767	0.6194655529404034	0.6284089130600354	0.3610191143550114	0.407363234443989
0.7702000737650089	0.5236087296259269	0.5601684129435343	0.48754409385264114	0.4391252510358924
0.5945581651612649	0.6955741496546596	0.6525640162355806	0.45159614948918037	0.14165085729389792
0.5039938270162416	0.6425263308830277	0.5083546402759744	0.2993389518643597	0.28862292690262775
0.5966317110230065	0.6679676429343396	0.6587468402881108	0.32351108636961046	0.43812349485198937
0.591410058168286	0.4370384545373772	0.6490340463945145	0.5208311207531539	0.3302401793015956
0.37305556265218925	0.48910440247384646	0.3753444264128622	0.3570537223055628	0.295050775727397
0.4238409406722374	0.32817437798207566	0.6408428441824118	0.35870344774104246	0.4877439518702511
0.3993328361466741	0.5129536748527596	0.3973212712856327	0.4979334696223513	0.43655475870695626
0.4432923858005369	0.6555677531340375	0.43071977584216864	0.6548490916587398	0.7539422000989039
0.4680455260472229	0.36642198319191166	0.4813860723954782	0.5633754425255023	0.4145805992701353
0.7471489780894631	0.16322718466630282	0.22774001261442403	0.33516928050713973	0.552919457388844
0.7410250108049137	0.35830202689809143	0.4537932161890074	0.3725534480811526	0.11378843201056463
0.1976335681256527	0.49180133717503527	0.5925966905206823	0.5242370673839167	0.6385770850243998
0.7402116333031954	0.10978192597979547	0.36214789413711024	0.253466757356136	0.5934755472426829
0.34164587296843046	0.7418946261094703	0.5299631772503164	0.6259699984802847	0.29063820624693293
0.5150387669870025	0.541520245651929	0.49033447787844225	0.704723539324592	0.3156308422802647
0.2606896779603759	0.44908135415270023	0.47615970389840634	0.4722880492891782	0.3233552653939389
0.28274043585588765	0.7264768829702735	0.5244415710907343	0.645124554805367	0.480912549581069
0.18207719600914316	0.6234681127017397	0.3833772776329029	0.47032278552310847	0.24673015706984536
0.772903054786152	0.4126301520908449	0.7977380936879812	0.5285188726835499	0.6286786356462525
0.48882662353295236	0.30469270719317626	0.7220125369603413	0.6564755312348739	0.36668985920266217
0.3656901899426706	0.873147873530617	0.3656220355709175	0.34519691960548815	0.2642142345286096
0.5026794635217879	0.621514540330423	0.5491500322964381	0.5369866939680283	0.595123616321455
0.728330616414481	0.3059288351719085	0.7071822823970314	0.5396095623567418	0.4779316693397573
0.436851901828032	0.40843991391656387	0.4177440945791567	0.4645056865562642	0.7171969666917937
0.474331197746648	0.6103686560605104	0.5785887000803698	0.2630350969432787	0.6509934409985016
0.3023620057756674	0.8907798822935471	0.6344218851139841	0.5679559863259043	0.27067866862124823
0.7034221525361286	0.706219285316446	0.6576664261951167	0.6668932843725116	0.5785414919598733
0.4310900147897792	0.7643488666582823	0.5372656047755605	0.6146639204724997	0.3152673335270405
0.5608683682822078	0.6179842392092667	0.4645296426468543	0.24846806069301666	0.35912427585605633
0.5626423930807631	0.5140016303867005	0.425335658971121	0.4584779017012669	0.7436376659678156
0.7299452856610846	0.7148835642320751	0.4561515380448234	0.45408383685658765	0.30473566993680146
0.6100783324714039	0.5905436627027129	0.6007660822463559	0.6821842581588018	0.5465191825298432
0.5955842810836641	0.5409379548114451	0.23698444410019961	0.2561457958875049	0.49463311703491214
0.491641594614374	0.6242852068477209	0.5494899432184874	0.28132347102530775	0.5942987448043965
0.4862036053458607	0.7542121189867056	0.4343983843011244	0.5509096751968096	0.48920432974052463
0.5553162335308959	0.45317810945795906	0.2525079704787093	0.5866697126196063	0.36777838062061496
0.32309946518742827	0.6046160595915168	0.7929320857240455	0.4757994039769046	0.2661145616641269
0.6283359919194804	0.49358999746955223	0.5085108319957584	0.5747543740664522	0.5763811896247967
0.4790110214334506	0.4811964443025101	0.34370324823311327	0.7580201934460198	0.41412465798525316
0.5270309193643229	0.6490159266546717	0.3733517382183615	0.16607796483272463	0.45243027017236287
0.2910676015677028	0.41022518006844855	0.3200846450764484	0.5782390601022165	0.5113032400909143
0.38127918265185623	0.47174846304202883	0.3401651305003662	0.35507224600355325	0.36728506237787656
0.6872805720315383	0.2725112798538214	0.5053897233625395	0.5550149007806822	0.5814545491626288
0.6041446807286714	0.5020158662100387	0.26870555236645766	0.2773130375672311	0.490209316000553
0.71504047434158	0.3656385971094134	0.49153478819370855	0.3326204680761803	0.3153117763367495
0.5427875505946764	0.44982531185488633	0.3270743449217878	0.7141724867738046	0.39356164249681325
0.5251164016149413	0.6100745822571083	0.1857727721588185	0.4862154548808525	0.44809537301340036
0.6711487511401514	0.8047515250693787	0.6640816331043747	0.46574208994286176	0.48402123893598126
0.8568283283960255	0.5470323449571802	0.47964240987811435	0.46022334589248487	0.7103589651685038
0.32559109089355454	0.45115660867042	0.5696748307330434	0.4167924781858457	0.33999410170321115
0.258071172770343	0.4921036959559316	0.5879464512528898	0.7372557459831502	0.18909248231430179
0.39126434032330126	0.46898981864107775	0.2907121578461629	0.32639202440318754	0.29170008701927563
0.34016758742568687	0.5562649965635491	0.5922646214558818	0.25219473263157294	0.4224736277626897
0.571455113190716	0.4658040891151299	0.6218165791448371	0.6066023021615682	0.3294412131017833
0.21327969608906597	0.616528152241006	0.46404828420388866	0.4822744099411394	0.4643689972791928
0.25767433229905473	0.7147139239092023	0.6584416533637919	0.48289449208150304	0.5897917510504519
0.31574730352701413	0.5824591018915805	0.5914447500459321	0.44894617484865224	0.6032907122004779
0.6260400662078219	0.40198988991201373	0.6617327558736293	0.32950676148896474	0.535279554912892
0.25872319777958674	0.435046369246232	0.5832151631858489	0.16841819378197154	0.2890655990665909
0.8191888136510281	0.43374001731597217	0.40133376650134217	0.6886841162195564	0.6165461713322111
0.5580125437691502	0.4199663896288225	0.5436252500869657	0.6017160747998996	0.4283207546657565
0.5512534558407399	0.2537574740504245	0.4175402192944288	0.5953062189602342	0.5803674398350052
0.48042244639298487	0.531187086469296	0.3691113224032868	0.5455946150547176	0.49193970448527574
0.456164904982732	0.5531742097144765	0.32438266212374367	0.2912445135625796	0.2731524153690686
0.5736483352200273	0.35930767451289236	0.4302738357161048	0.3663363802296783	0.49833624349831573
0.33615175937862624	0.4223666378785857	0.46047504187210303	0.4858810085671587	0.4751826696833161
0.5481149223752523	0.5453157427224514	0.55768754397599	0.47448648941736027	0.7237523245078571
0.4233329368164759	0.4621763938600422	0.7537142453862262	0.5295643080342798	0.2551225309750836
0.40186815342264426	0.4603143338344167	0.6059942145590607	0.2810777355619656	0.6153429993055513
0.3941454927929095	0.5464249879892515	0.37121815950256803	0.15292009490022002	0.15364137608188902
0.6042990080855426	0.41725670899134437	0.4302850095481522	0.6571063328370743	0.5640900659250372
0.5230168766288246	0.4631418089564139	0.8023460628455781	0.5894628287619257	0.4126713211886549
0.5689874807839107	0.5445575217865506	0.37954005497449467	0.6202974500548716	0.599360598570431
0.47208535542927266	0.4731517722691965	0.3749737829347368	0.4852063820720262	0.682824764413896
0.44687078711018297	0.7709784052413897	0.6762008326582974	0.6878829816238454	0.7082157193855367
0.3992147868685263	0.6472200146502864	0.569581860176287	0.27544587476580173	0.657449924287187
0.41245704145895096	0.4832059909833445	0.3954363993443391	0.6284815029609477	0.4029618904561135
0.18095191025107282	0.46501915758170326	0.21975332031501857	0.7286671130085219	0.521092579169422
0.5475160159945739	0.3009805344568424	0.49776459450732435	0.42602566764963856	0.5513122549855087
0.47420338120911426	0.2747652021529145	0.6232967806557758	0.5131379271770561	0.49687879435547244
0.34190093471546307	0.5133260686184888	0.5493540999477794	0.5273359221650114	0.6402187226402488
0.234913569439144	0.356223660707821	0.3830929896244905	0.6051607179455611	0.6226559275052069
0.4658742453002211	0.47119128074373323	0.5373207516118751	0.5015480091903697	0.4528543150957807
0.365939133392729	0.5565715416009447	0.3356657613566921	0.3145983422216647	0.5114656384070165
0.6054411574171294	0.23503020026234478	0.7472374133767388	0.6159709434857609	0.6061544860583472
0.5034832562341783	0.40091988976329185	0.6484382080014784	0.3711184889683952	0.5593267497476057
0.5789431669575633	0.5287745029311227	0.4611605880770761	0.7380722235826757	0.3306488430573518
0.5230718832294206	0.47659034360224994	0.41834474379893877	0.508357586113024	0.7764486848551214
0.7078777220413862	0.7416483368400755	0.4602586126497114	0.286568327756105	0.6403949246772226
0.3031349258005918	0.36090582791330494	0.5307333499531282	0.5850970347291998	0.6072395056441792
0.4645803892270965	0.43230213450767774	0.47934913068209234	0.3940184088207225	0.7419266930288273
0.4525072107467373	0.5691626199575067	0.44215079580615957	0.32983905630392346	0.3748039946528018
0.5647507613477932	0.4733089250210158	0.6540779817220095	0.307957281412195	0.6143379977764644
0.6934086717931798	0.5008078874676827	0.48574139122267207	0.4468165031186802	0.4850665540850975
0.3381981224917448	0.4656207747205908	0.5846352003679748	0.5699076750522881	0.4782053372277651
0.5200231175896781	0.6575263301814541	0.5529339558576505	0.4160199849442794	0.49455144640169063
0.4484570289775612	0.5056857539776107	0.49351516804102163	0.5618153206703221	0.6470209556290378
0.44036457260026624	0.42021712394021304	0.496009587844137	0.65928559820409	0.45663590698941514
0.5667853892318132	0.2736151965171138	0.45354527735530314	0.5352710706983754	0.4742914320326564
0.470534364881439	0.4567467817680394	0.6795473515643742	0.5078105186491194	0.46272230571960554
0.4225393957137797	0.7306239291081155	0.3806334512286038	0.5949139306840805	0.5043525077472025
0.5539278524617628	0.29098109131454386	0.6686669755640764	0.6604389878473235	0.5869699531974444
0.5572794388658644	0.7064701635346984	0.3676429568823717	0.6170198259469266	0.82009598956712
0.4873637124618947	0.5998139891431609	0.560495559655981	0.8323663509376037	0.34447499738378307
0.3534137187692305	0.4540701555010999	0.558153291753432	0.6466652286408995	0.6511848312096931
	0.3923784888318963	0.42077552202515806	0.3995818388559181	0.5334915250698201
0.6107945623403308	0.5894154392586319	0.21939417296206248	0.0996890752832802	0.4479832267999034
0.3899682864116222	0.5146698568790178	0.5879408723853912	0.6648700376323473	0.4423578208682993
0.289536880240076	0.16082603463649492	0.3849768888572375	0.49143751217736054	0.7017698745706027
0.4919996502000248	0.708031608502857	0.608438746263978	0.49038938320326536	0.4546489015808102
0.15750138965879854	0.617133099712319	0.5803055852334886	0.41521878809076385	0.6336607326607891
0.3576376459345416	0.7779650513959916	0.4503898513337575	0.5339921853645947	0.32285706026244143
0.4779138593659367	0.46166507681653146	0.6595528848180119	0.5698908181067482	0.38452211421132365
0.4726349488087047	0.48752989419254394	0.41017706500098156	0.3021390627836122	0.6434079205844232
0.3846252059331757	0.39368463908389606	0.6563009615890733	0.7075608624969857	0.4982844452124884
0.6139757825180341	0.30270757298236195	0.3308758524658626	0.4246509086160055	0.35768521226200223
0.523168879933214	0.5319486614276	0.6630427599034922	0.37601515209484476	0.39854845339825057
0.5710351424708917	0.5488164036614807	0.45991780556751793	0.5672346760194076	0.8092256014027314
0.4553421614076846	0.28702963259584735	0.8658603384242037	0.3966891577916575	0.6693803223617518
0.42090510312022145	0.8770771675852934	0.5825010576857726	0.6657571853447986	0.27812674632463
0.318366291349015	0.5651712872312549	0.579943915995884	0.37127439157206865	0.27428357437708956
0.38509056627555255	0.45184431589069374	0.5879544304776304	0.8251531130894676	0.8595117084158921
0.6280752108807396	0.607690421220459	0.46723823646855567	0.4427714701033599	0.22349737557632654
0.4888196523080144	0.6146486615032899	0.6436107944861013	0.2934557592035782	0.48597235176772585
0.6380978307074292	0.31606422799221023	0.48014547697748855	0.157762505718801	0.29660770499841077
0.23951649150085202	0.7137255134573174	0.6716692984054841	0.1345913728317088	0.24103783300279588
0.331342033655731	0.4796602621097239	0.46866092704703344	0.5084744426997992	0.6496871857038989
0.4806504888827046	0.6034224472076649	0.8262476178302102	0.5456284893416518	0.3534897969068069
0.6954135921324529	0.4232814356643998	0.377351608622008	0.2731828851076364	0.6319373695515006
0.5971708869166902	0.647361436109839	0.5701985353441567	0.36382338319597024	0.37015481568220343
0.24799555375248433	0.7156833833892903	0.3145290122333716	0.5249123016016699	0.6508104905457778
0.5588293562351798	0.7741260136662963	0.5163082200377359	0.5506013997682125	0.6451991137654899
0.5088249091017133	0.4336546227399947	0.6429284588865934	0.2961589477689298	0.6589958898243703
0.6549301762779732	0.6282078264556549	0.4871591082655723	0.49591870253882814	0.6066992737986456
0.5569073813846099	0.015020915729316516	0.32806900838918673	0.4668231027893484	0.6425289417109135
0.5017381099886986	0.6948455575262774	0.20855990342541053	0.5363413465066463	0.6475729905156725
0.5663030813374855	0.23409943750140869	0.4353237245634762	0.5243278635055478	0.37669712027279856
0.19353598563028387	0.3177276751569686	0.43472844734437105	0.422173528171483	0.6583374338930672
0.6091719483646838	0.777434386464254	0.26894451343124426	0.15024538120444242	0.5101723402928569
0.6921487711663339	0.49829660627663586	0.12642986955704588	0.7369724086194869	0.314761112486567
0.19862858726154947	0.5404026253084926	0.556497198061236	0.4890410498241474	0.5900008382596651
0.533065811740512	0.315189002989023	0.3266152029398611	0.5039802512207769	0.2731710065980178
0.5899639247024181	0.3771702504371318	0.6921950245445229	0.6956145442277191	0.8377330173495202
0.4024871745937815	0.44116174421607846	0.7659705464258998	0.23045473155830368	0.6814592107173509
0.6567783152237688	0.3938890845076459	0.2972311177514065	0.7242769504195034	0.6935635293747162
0.7221649721700617	0.6136465606434491	0.6088438909543862	0.639586648558441	0.27815071459818946
0.6782975036818276	0.2635931220616978	0.19074024504565112	0.38996171944723756	0.34558010288965996
0.5560346597946679	0.5499996696374897	0.29582270414729184	0.5252847432758404	0.2800206133878945
0.3647202367006458	0.26815535832856674	0.5189462303537444	0.42858888781351295	0.3610574854460867
0.39548033952787176	0.3923838608064794	0.5646744609211001	0.34356287907974037	0.22861850006651227
0.24824757921951682	0.5545980973038196	0.524410969059148	0.7190442064669037	0.44421247774171463
0.4983436565947351	0.43817347746667445	0.5260485094487221	0.35697556350595816	0.5535399312216539
0.6595670842938256	0.8125329556923084	0.6292844578789066	0.6525111265612223	0.375508334576877
0.3121316865429153	0.4537186724389315	0.5812949212723041	0.32839313223128647	0.4299729030037619
0.5561512096823074	0.5063435628112158	0.671268150375246	0.28945906705681357	0.6216923077707056
0.381804174665617	0.5568858302738396	0.21326126808409634	0.402153405258123	0.4062335858561868
0.4396038253286371	0.5725363305532871	0.6877649608255333	0.5558672144024328	0.23177491068882072
0.2515068665560419	0.44012862819392323	0.16045620486384995	0.3833385310047768	0.22676072129055214
0.41855196631845365	0.5881044087477256	0.48299938539591014	0.5498201166732317	0.6172334072217197
0.6314615989522292	0.6003968119524835	0.6772891840014588	0.3498525184892422	0.5947246378733468
0.43856184949494287	0.3824772777829015	0.3328102542641907	0.5631235449517501	0.430192142712239
0.5390061690750347	0.24924517190596854	0.7761289134389472	0.2868527161310214	0.7814300477671146
0.4112836088790291	0.3559942895428162	0.44679453216097587	0.8934638798159518	0.4056162310181166
0.28099292469180026	0.3823013029497947	0.6239899624007562	0.37103268117318683	0.5005671222659134
0.8051870820425554	0.4107297893132925	0.1197134818072719	0.4773447936060488	0.6108055234421919
0.6230640294833163	0.7154545273994427	0.6002986781513535	0.3424566475399571	0.45831971448370196
0.4077452447073559	0.7243768994219447	0.6378085544471728	0.769704808593234	0.5378317993062648
0.6473859678193118	0.24439719114651615	0.3564514942237744	0.4460625524129493	0.4969940007894938
0.45172317661014044	0.6084744361335805	0.7434654099070065	0.5072063948847724	0.625803787004646
0.7594919608718417	0.5186300608381456	0.36574885048535005	0.7033402553187225	0.6330146773106896
0.37597562434209614	0.46524942286611254	0.4544098427694028	0.5317723937932313	0.598859165889559
0.631734382755823	0.5228348077171019	0.6813398008874461	0.5952845604404529	0.4240450595487882
0.6720476793601068	0.6642762052702548	0.5897133738857002	0.6934590607564944	0.6816355748399494
0.5198302877525058	0.28099298740031387	0.4289591759263719	0.41410629026447104	0.6372847634308522
0.38971218287666637	0.6713107755333863	0.47045511441470006	0.3080398566827755	0.4294489355724729
0.5787953809526414	0.4164485530208716	0.8675443147586422	0.5230274560883809	0.5714394819846268
0.5827833500393419	0.6074144339013577	0.4742481206692177	0.33228739191703976	0.7714827474432856
0.34702143851873113	0.34447700965134653	0.47698724251670105	0.31007885755750314	0.40584570187722296
0.6255520817364146	0.44586581113947643	0.6426343694094867	0.6185224964597972	0.8780571709885049
0.6417614293268005	0.7493798881672619	0.4583704646566278	0.6763447028474004	0.28410902190965365
0.26338623313934095	0.46298651230206544	0.4959479968319471	0.9524069653883263	0.4661527861237803
0.4556235873978761	0.4866733566850138	0.43148100204514045	0.41058882830126525	0.4753140098041767
0.600131137998829	0.4355441333195661	0.678528836662914	0.6638031491261196	0.41315904571222734
0.2756622696799928	0.6517402616451397	0.42819448485769007	0.6061800865337859	0.41386061375865757
0.45633296092780795	0.41309700086105466	0.5330068063141734	0.2860663350547189	0.5758843064454139
0.648017412173044	0.39371134327298407	0.5191382410433861	0.4979629747766624	0.8544564296676679
0.4815365956534658	0.5634859010569665	0.37941190788954493	0.6590272090259466	0.7174984656340918
0.5997076275814018	0.46339392124676776	0.5335527280665925	0.1346054039243672	0.657136378435435
0.7256534052204743	0.5919097316684231	0.792414973954761	0.6525396879834778	0.43538017457195977
0.33296580544741433	0.7599188323979308	0.350046087021194	0.27415205905830864	0.5741852906280032
0.7156763044450285	0.36565240724158765	0.6813118945355685	0.4653097431977355	0.666957835937755
0.5158220859604332	0.43998149775744455	0.49658385531357985	0.3569189723492435	0.5173072902150692
0.39707086150612003	0.4531038760097751	0.6518946417711226	0.6093126650228639	0.5684270676713962
