X0	X1	X2	X3	X4
	0.0136986301369863	0.5333333333333333	0.19387755102040816	0.0
0.13724833236879777	0.0	0.4666666666666667	0.19387755102040816	0.0
0.016214350258393996	0.1095890410958904	0.5333333333333333	0.3979591836734694	0.0
0.13724833236879777	0.0410958904109589	0.6	0.29591836734693877	0.0
0.13724833236879777	0.410958904109589	0.5333333333333333	0.5612244897959183	0.0
0.06276588183931853	0.2191780821917808	0.8	0.3979591836734694	0.0
0.07216756520767974	0.2876712328767123	0.5333333333333333	0.3979591836734694	0.0
0.06276588183931853	0.0547945205479452	0.4	0.3979591836734694	0.0
0.03192105022691968	0.3561643835616438	0.7333333333333333	0.3979591836734694	0.0
0.009147858223427046	0.5205479452054794	0.5333333333333333	0.3469387755102041	0.0
0.13724833236879777	0.3972602739726027	0.8	0.3979591836734694	0.5069230769230769
0.06276588183931853	0.2328767123287671	0.6666666666666666	0.4489795918367347	0.0
0.13724833236879777	0.3150684931506849	0.8	0.07142857142857142	0.0
0.06276588183931853	0.4520547945205479	0.5333333333333333	0.3979591836734694	0.0
0.07216756520767974	0.1643835616438356	0.6	0.37755102040816324	0.0
	0.6164383561643836	0.26666666666666666	0.3979591836734694	0.0
	0.5342465753424658	0.4	0.5510204081632653	0.0
0.13724833236879777	0.3150684931506849	0.6	0.3979591836734694	0.48384615384615387
0.0199506563918248	0.7808219178082192	0.26666666666666666	0.3979591836734694	0.0
0.06276588183931853	0.0547945205479452	0.6	0.5408163265306123	0.0
0.03560659133136365	0.1917808219178082	0.5333333333333333	0.29591836734693877	0.0
	0.2602739726027397	0.8666666666666667	0.7040816326530612	0.0
0.07216756520767974	0.2602739726027397	0.5333333333333333	0.23469387755102042	0.0
0.267247418598276	0.6438356164383562	0.8	0.4489795918367347	0.0
0.06276588183931853	0.2054794520547945	0.8	0.5	0.0
0.06276588183931853	0.5205479452054794	0.5333333333333333	0.3979591836734694	0.0
0.034103946473353436	0.2191780821917808	0.5333333333333333	0.19387755102040816	0.0
0.02597138882966302	0.4794520547945205	0.5333333333333333	0.6020408163265306	0.48384615384615387
	0.3835616438356164	0.8	0.5	0.0
1.0	0.410958904109589	0.6	0.3979591836734694	0.0
0.06276588183931853	0.136986301369863	0.8	0.3979591836734694	0.0
0.029240656696414975	0.0273972602739726	0.5333333333333333	0.29591836734693877	0.0
0.13720772034560832	0.4794520547945205	0.8666666666666667	0.5	0.0
0.06276588183931853	0.1232876712328767	0.8	0.3979591836734694	0.0
0.01934147604398282	0.4520547945205479	0.5333333333333333	0.3979591836734694	0.0
0.07216756520767974	0.3150684931506849	0.7333333333333333	0.3979591836734694	0.0
0.13724833236879777	0.3835616438356164	0.6	0.5	0.0
0.13724833236879777	0.1095890410958904	0.5333333333333333	0.3979591836734694	0.0
0.06276588183931853	0.273972602739726	0.6666666666666666	0.3979591836734694	0.0
1.0	0.4383561643835616	0.6666666666666666	0.47959183673469385	0.0
0.05880620957834567	0.3150684931506849	0.7333333333333333	0.4489795918367347	0.0
0.03560659133136365	0.4520547945205479	0.8	0.3979591836734694	0.0
0.07216756520767974	0.0684931506849315	0.8	0.3469387755102041	0.0
0.13724833236879777	0.2876712328767123	0.8	0.5	0.0
0.12228280182347984	0.0958904109589041	0.7333333333333333	0.19387755102040816	0.0
0.13724833236879777	0.0547945205479452	0.5333333333333333	0.3979591836734694	0.0
0.13724833236879777	0.136986301369863	0.8	0.47959183673469385	0.0
0.07216756520767974	1.0	0.5333333333333333	0.3979591836734694	0.0
0.014935071527925843	0.4794520547945205	0.3333333333333333	0.3979591836734694	0.0
	0.589041095890411	0.5333333333333333	0.3469387755102041	0.0
0.13724833236879777	0.1506849315068493	0.5333333333333333	0.3979591836734694	0.0
0.13724833236879777	0.6575342465753424	0.6	0.2755102040816326	0.0
0.03728183728792909	0.0273972602739726	0.5333333333333333	0.29591836734693877	0.0
0.02473272212238433	0.4246575342465753	0.6	0.6020408163265306	0.0
0.07216756520767974	0.5068493150684932	0.5333333333333333	0.4489795918367347	0.0
0.00860974891616663	0.136986301369863	0.5333333333333333	0.19387755102040816	0.0
0.0199506563918248	0.6712328767123288	0.6666666666666666	0.3469387755102041	0.0
0.03192105022691968	0.2465753424657534	0.8	0.3979591836734694	0.0
0.034103946473353436	0.1095890410958904	0.8	0.29591836734693877	0.0
0.06276588183931853	0.136986301369863	0.7333333333333333	0.3673469387755102	0.0
0.016214350258393996	0.589041095890411	0.5333333333333333	0.3979591836734694	0.0
0.07216756520767974	0.273972602739726	0.6666666666666666	0.3979591836734694	0.0
0.016214350258393996	0.3424657534246575	0.5333333333333333	0.3979591836734694	0.0
0.06276588183931853	0.3424657534246575	0.6	0.3979591836734694	0.4076923076923077
0.0142243611221102	0.3013698630136986	0.8666666666666667	0.3979591836734694	0.0
0.023098088189008357	0.1917808219178082	0.6	0.3979591836734694	0.0
0.026347050044165574	0.2328767123287671	0.6	0.3979591836734694	0.0
0.13724833236879777	0.589041095890411	0.8	0.24489795918367346	0.5546153846153846
0.267247418598276	0.3698630136986301	0.4	0.3979591836734694	0.0
0.019798361304864304	0.6575342465753424	0.8666666666666667	0.3979591836734694	0.0
0.13720772034560832	0.5342465753424658	0.7333333333333333	0.19387755102040816	0.0
0.03192105022691968	0.0684931506849315	0.6	0.3979591836734694	0.0
0.05880620957834567	0.1780821917808219	0.6666666666666666	0.3979591836734694	0.0
0.0142243611221102	0.3972602739726027	0.6	0.4489795918367347	0.0
0.06276588183931853	0.0684931506849315	0.6	0.24489795918367346	0.0
0.00860974891616663	0.0410958904109589	0.5333333333333333	0.23469387755102042	0.0
0.13724833236879777	0.2602739726027397	0.5333333333333333	0.47959183673469385	0.0
0.13724833236879777	0.0547945205479452	0.5333333333333333	0.19387755102040816	0.0
0.029240656696414975	0.4794520547945205	0.3333333333333333	0.6020408163265306	0.0
0.06276588183931853	0.5342465753424658	0.5333333333333333	0.20408163265306123	0.0
0.13724833236879777	0.4383561643835616	0.5333333333333333	0.4387755102040816	0.0
0.13724833236879777	0.5205479452054794	0.6	0.3979591836734694	0.0
0.13724833236879777	0.0410958904109589	0.6	0.3979591836734694	0.0
0.06276588183931853	0.0	0.3333333333333333	0.29591836734693877	0.0
0.016214350258393996	0.2191780821917808	0.5333333333333333	0.5510204081632653	0.0
	0.1643835616438356	0.4666666666666667	0.3469387755102041	0.0
0.13724833236879777	0.6712328767123288	0.5333333333333333	0.030612244897959183	0.0
0.009147858223427046	0.3835616438356164	0.5333333333333333	0.3979591836734694	0.0
0.03728183728792909	0.6301369863013698	0.6	0.3979591836734694	0.4461538461538462
0.12228280182347984	0.4383561643835616	0.5333333333333333	0.3979591836734694	0.0
0.13724833236879777	0.273972602739726	0.5333333333333333	0.3979591836734694	0.0
0.06276588183931853	0.1917808219178082	0.2	0.3979591836734694	0.0
0.06276588183931853	0.3561643835616438	0.8	0.3979591836734694	0.0
0.019879585351243234	0.2328767123287671	0.5333333333333333	0.3469387755102041	0.0
0.01934147604398282	0.4657534246575342	0.6	0.3979591836734694	0.0
0.01934147604398282	0.3013698630136986	0.6	0.3469387755102041	0.0
0.06276588183931853	0.2191780821917808	0.8	0.5510204081632653	0.0
0.01934147604398282	0.2876712328767123	0.6	0.47959183673469385	0.0
	0.7397260273972602	0.8666666666666667	0.14285714285714285	0.0
0.01934147604398282	0.4931506849315068	0.7333333333333333	0.3979591836734694	0.0
0.016214350258393996	0.6986301369863014	0.5333333333333333	0.3979591836734694	0.0
	0.5616438356164384	0.5333333333333333	0.3979591836734694	0.0
0.13724833236879777	0.3561643835616438	0.6666666666666666	0.3979591836734694	0.0
0.12770450691927346	0.3424657534246575	0.8666666666666667	0.5	0.0
0.06276588183931853	0.2328767123287671	0.8	0.3979591836734694	0.0
1.0	0.0684931506849315	0.5333333333333333	0.3469387755102041	0.0
0.05880620957834567	0.5616438356164384	0.5333333333333333	0.3979591836734694	0.0
0.009147858223427046	0.2876712328767123	0.5333333333333333	0.3979591836734694	0.0
	0.726027397260274	0.26666666666666666	0.17346938775510204	0.0
0.07216756520767974	0.1780821917808219	0.6666666666666666	0.4489795918367347	0.0
	0.4794520547945205	0.5333333333333333	0.3979591836734694	0.0
0.03560659133136365	0.1917808219178082	0.6666666666666666	0.3979591836734694	0.0
0.06276588183931853	0.2191780821917808	0.7333333333333333	0.4489795918367347	0.0
0.13724833236879777	0.5753424657534246	0.8666666666666667	0.3469387755102041	0.0
0.13724833236879777	0.2054794520547945	0.5333333333333333	0.6836734693877551	0.0
0.06276588183931853	0.1506849315068493	0.6	0.3979591836734694	0.0
0.00860974891616663	0.0821917808219178	0.8	0.3979591836734694	0.0
0.13724833236879777	0.0136986301369863	0.4	0.3469387755102041	0.0
0.06276588183931853	0.5068493150684932	0.6	0.47959183673469385	0.0
0.016214350258393996	0.3424657534246575	0.6	0.6020408163265306	0.0
0.0199506563918248	0.3698630136986301	0.8	0.4489795918367347	0.0
0.13720772034560832	0.2054794520547945	0.5333333333333333	0.3979591836734694	0.0
	0.3424657534246575	0.8	0.47959183673469385	0.0
	0.5205479452054794	0.8	0.6020408163265306	0.0
0.02597138882966302	0.2602739726027397	1.0	0.3979591836734694	0.0
0.016214350258393996	0.4520547945205479	0.5333333333333333	0.6020408163265306	0.0
0.014935071527925843	0.2054794520547945	0.5333333333333333	0.3979591836734694	0.0
0.05880620957834567	0.136986301369863	0.6	0.3979591836734694	0.0
0.12770450691927346	0.0136986301369863	0.6	0.19387755102040816	0.0
0.05880620957834567	0.136986301369863	0.8	0.3979591836734694	0.0
0.05880620957834567	0.1506849315068493	0.6	0.29591836734693877	0.0
0.06276588183931853	0.1506849315068493	0.5333333333333333	0.3979591836734694	0.0
0.13724833236879777	0.273972602739726	0.6666666666666666	0.4489795918367347	0.0
0.05880620957834567	0.4794520547945205	0.6	0.9591836734693877	0.0
	0.1917808219178082	0.6	0.5	0.0
0.07216756520767974	0.1095890410958904	0.5333333333333333	0.3979591836734694	0.0
0.06276588183931853	0.5342465753424658	0.5333333333333333	0.3979591836734694	0.0
0.07216756520767974	0.4520547945205479	0.2	0.3979591836734694	0.0
0.06276588183931853	0.0821917808219178	0.3333333333333333	0.3979591836734694	0.0
	0.2602739726027397	1.0	0.29591836734693877	0.0
0.06276588183931853	0.2054794520547945	0.5333333333333333	0.3979591836734694	0.0
0.016214350258393996	0.3013698630136986	0.6666666666666666	0.3979591836734694	0.0
0.06276588183931853	0.4794520547945205	0.8	0.5	0.0
0.13724833236879777	0.410958904109589	0.6	0.3979591836734694	0.0
0.019879585351243234	0.1232876712328767	0.13333333333333333	0.3979591836734694	0.0
0.06276588183931853	0.2054794520547945	0.3333333333333333	0.3979591836734694	0.0
0.06276588183931853	0.1780821917808219	0.8	0.5510204081632653	0.0
	0.3150684931506849	0.6	0.5510204081632653	0.0
0.13724833236879777	0.410958904109589	0.4666666666666667	0.3979591836734694	0.0
	0.1780821917808219	0.26666666666666666	0.3979591836734694	0.0
0.009147858223427046	0.6575342465753424	0.6	0.4489795918367347	0.0
0.13724833236879777	0.0547945205479452	0.7333333333333333	0.24489795918367346	0.0
0.03192105022691968	0.0136986301369863	0.5333333333333333	0.6020408163265306	0.0
0.13724833236879777	0.0958904109589041	0.5333333333333333	0.3979591836734694	0.0
0.12770450691927346	0.136986301369863	0.6	0.3979591836734694	0.0
0.13724833236879777	0.0410958904109589	0.6	0.09183673469387756	0.578974358974359
0.0199506563918248	0.3424657534246575	0.5333333333333333	0.41836734693877553	0.0
0.05880620957834567	0.273972602739726	0.8	0.29591836734693877	0.0
0.13724833236879777	0.7397260273972602	0.2	0.23469387755102042	0.551025641025641
0.13724833236879777	0.4657534246575342	0.5333333333333333	0.3979591836734694	0.0
0.06276588183931853	0.1917808219178082	0.8	0.3979591836734694	0.0
0.13720772034560832	0.5068493150684932	0.2	0.3979591836734694	1.0
0.06276588183931853	0.0684931506849315	0.6	0.24489795918367346	0.0
0.029240656696414975	0.4931506849315068	0.5333333333333333	0.3979591836734694	0.0
0.06276588183931853	0.410958904109589	0.6	0.3979591836734694	0.0
0.12228280182347984	0.1780821917808219	0.4	0.3979591836734694	0.0
0.05880620957834567	0.5616438356164384	0.6666666666666666	0.6020408163265306	0.0
0.06276588183931853	0.0547945205479452	0.5333333333333333	0.3979591836734694	0.0
0.06276588183931853	0.1643835616438356	0.5333333333333333	0.3979591836734694	0.0
0.03192105022691968	0.410958904109589	0.6666666666666666	0.3979591836734694	0.0
0.13724833236879777	0.5068493150684932	0.8	0.35714285714285715	0.0
0.13720772034560832	0.0684931506849315	0.5333333333333333	0.3979591836734694	0.0
0.07216756520767974	0.2465753424657534	0.5333333333333333	0.3979591836734694	0.0
	0.2602739726027397	0.5333333333333333	0.7040816326530612	0.0
0.06276588183931853	0.0273972602739726	0.5333333333333333	0.29591836734693877	0.0
0.06276588183931853	0.1643835616438356	0.8	0.3979591836734694	0.0
0.06276588183931853	0.547945205479452	0.8666666666666667	0.3979591836734694	0.0
0.13724833236879777	0.0958904109589041	0.5333333333333333	0.3979591836734694	0.0
0.13724833236879777	0.3013698630136986	0.6	0.3469387755102041	0.0
0.13724833236879777	0.6164383561643836	0.5333333333333333	0.3979591836734694	0.0
0.13724833236879777	0.5068493150684932	0.5333333333333333	0.3979591836734694	0.0
0.029240656696414975	0.5753424657534246	0.9333333333333333	0.3979591836734694	0.0
0.0	0.410958904109589	0.5333333333333333	0.5	0.0
	0.1643835616438356	0.6	0.5510204081632653	0.0
	0.0410958904109589	0.4666666666666667	0.3979591836734694	0.0
0.03192105022691968	0.0958904109589041	0.5333333333333333	0.4489795918367347	0.0
0.13724833236879777	0.6438356164383562	0.06666666666666667	0.3979591836734694	0.0
0.006782207872640695	0.4931506849315068	0.8666666666666667	0.6020408163265306	0.0
0.06276588183931853	0.3013698630136986	0.5333333333333333	0.4489795918367347	0.0
0.06276588183931853	0.4246575342465753	0.8	0.5510204081632653	0.0
0.13724833236879777	0.4520547945205479	0.8	0.3979591836734694	0.0
0.12770450691927346	0.3561643835616438	0.7333333333333333	0.3979591836734694	0.0
0.13724833236879777	0.2054794520547945	0.8	0.4489795918367347	0.3435897435897436
0.12770450691927346	0.2054794520547945	0.8	0.5	0.0
0.0142243611221102	0.2054794520547945	0.8	0.3979591836734694	0.0
0.029240656696414975	0.6986301369863014	0.9333333333333333	0.15306122448979592	0.0
	0.2328767123287671	0.5333333333333333	0.3979591836734694	0.0
0.13724833236879777	0.2054794520547945	0.8	0.3979591836734694	0.0
0.06276588183931853	0.3150684931506849	0.6	0.3979591836734694	0.054615384615384614
0.12228280182347984	0.2054794520547945	0.6	0.29591836734693877	0.0
0.13724833236879777	0.1780821917808219	0.8	0.5	0.0
	0.1506849315068493	0.5333333333333333	0.5	0.0
0.02597138882966302	0.6164383561643836	0.8	0.3469387755102041	0.0
0.13724833236879777	0.3287671232876712	0.4	0.3979591836734694	0.0
0.13720772034560832	0.4931506849315068	0.6	0.3979591836734694	0.0
0.07216756520767974	0.2054794520547945	0.5333333333333333	0.3979591836734694	0.0
0.029240656696414975	0.0	0.3333333333333333	0.14285714285714285	0.0
1.0	0.410958904109589	0.5333333333333333	0.3979591836734694	0.0
0.019879585351243234	0.0410958904109589	0.5333333333333333	0.14285714285714285	0.0
0.03728183728792909	0.1506849315068493	0.6666666666666666	0.5	0.0
0.009147858223427046	0.1506849315068493	0.6	0.45918367346938777	0.0
	0.3287671232876712	0.5333333333333333	0.4387755102040816	0.38076923076923075
0.03560659133136365	0.2602739726027397	0.5333333333333333	0.3979591836734694	0.0
0.06276588183931853	0.2328767123287671	0.5333333333333333	0.29591836734693877	0.5061538461538462
0.03728183728792909	0.3424657534246575	0.8666666666666667	0.3979591836734694	0.0
0.12228280182347984	0.5616438356164384	0.2	0.32653061224489793	0.0
0.05880620957834567	0.2054794520547945	0.5333333333333333	0.09183673469387756	0.0
0.07216756520767974	0.2465753424657534	0.26666666666666666	0.5	0.0
0.019798361304864304	0.2876712328767123	0.8	0.3469387755102041	0.0
	0.7534246575342466	0.5333333333333333	0.29591836734693877	0.0
0.13724833236879777	0.5205479452054794	0.3333333333333333	0.3979591836734694	0.0
0.12228280182347984	0.4520547945205479	0.5333333333333333	0.3979591836734694	0.38076923076923075
0.13724833236879777	0.3013698630136986	0.6666666666666666	0.6020408163265306	0.0
0.07216756520767974	0.1917808219178082	0.5333333333333333	0.3469387755102041	0.0
0.03728183728792909	0.0821917808219178	0.5333333333333333	0.5	0.0
0.029240656696414975	0.1506849315068493	0.8	0.3979591836734694	0.0
0.13724833236879777	0.5753424657534246	0.6	0.47959183673469385	0.5069230769230769
0.01934147604398282	0.136986301369863	0.8	0.4489795918367347	0.0
0.03192105022691968	0.1095890410958904	0.5333333333333333	0.3979591836734694	0.0
0.06276588183931853	0.0684931506849315	0.5333333333333333	0.3979591836734694	0.0
0.07216756520767974	0.3561643835616438	0.8	0.3979591836734694	0.0
0.07216756520767974	0.4383561643835616	0.8666666666666667	0.3979591836734694	0.0
0.016214350258393996	0.1506849315068493	0.6	0.3979591836734694	0.0
0.13724833236879777	0.3013698630136986	0.8666666666666667	0.19387755102040816	0.5069230769230769
0.06276588183931853	0.2876712328767123	0.8	0.4489795918367347	0.0
0.06276588183931853	0.410958904109589	0.8	0.3979591836734694	0.0
0.13724833236879777	0.4246575342465753	0.3333333333333333	0.3979591836734694	0.0
0.029240656696414975	0.3561643835616438	0.5333333333333333	0.3163265306122449	0.0
0.06276588183931853	0.8904109589041096	0.6666666666666666	0.07142857142857142	0.0
0.267247418598276	0.547945205479452	0.5333333333333333	0.15306122448979592	0.0
0.12228280182347984	0.6164383561643836	0.8666666666666667	0.09183673469387756	0.0
0.12770450691927346	0.2602739726027397	0.8	0.3979591836734694	0.578974358974359
0.01934147604398282	0.3835616438356164	0.5333333333333333	0.3979591836734694	0.0
0.06276588183931853	0.0547945205479452	0.6	0.3979591836734694	0.0
0.07216756520767974	0.7671232876712328	0.5333333333333333	0.061224489795918366	0.0
	0.4931506849315068	0.5333333333333333	0.4489795918367347	0.5133333333333333
0.13724833236879777	0.5205479452054794	0.3333333333333333	0.7040816326530612	0.48384615384615387
0.267247418598276	0.3561643835616438	0.5333333333333333	0.3979591836734694	0.0
	0.0547945205479452	0.5333333333333333	0.19387755102040816	0.0
0.13724833236879777	0.3424657534246575	0.6	0.29591836734693877	0.0
0.023098088189008357	0.8904109589041096	0.2	0.04081632653061224	0.0
0.02597138882966302	0.4520547945205479	0.5333333333333333	0.8469387755102041	0.0
0.03192105022691968	0.3150684931506849	0.5333333333333333	0.3469387755102041	0.0
0.13724833236879777	0.0547945205479452	0.6	0.19387755102040816	0.0
0.0142243611221102	0.2465753424657534	0.26666666666666666	0.3979591836734694	0.0
0.13724833236879777	0.1917808219178082	0.6	0.41836734693877553	0.0
0.03728183728792909	0.6027397260273972	0.6	0.3979591836734694	0.0
0.13724833236879777	0.4520547945205479	0.8	0.6020408163265306	0.0
0.13724833236879777	0.2602739726027397	0.5333333333333333	0.5	0.0
0.07216756520767974	0.3561643835616438	0.5333333333333333	0.3979591836734694	0.0
0.13724833236879777	0.0273972602739726	0.6	0.14285714285714285	0.0
0.03728183728792909	0.2191780821917808	0.6666666666666666	0.3979591836734694	0.0
0.06276588183931853	0.589041095890411	0.5333333333333333	0.41836734693877553	0.0
0.02473272212238433	0.4520547945205479	0.5333333333333333	0.3979591836734694	0.0
0.03192105022691968	0.3150684931506849	1.0	0.4489795918367347	0.5069230769230769
0.016214350258393996	0.6301369863013698	0.5333333333333333	0.3469387755102041	0.0
0.267247418598276	0.5205479452054794	0.5333333333333333	0.3979591836734694	0.0
0.06276588183931853	0.2602739726027397	0.7333333333333333	0.3979591836734694	0.0
	0.4383561643835616	0.8	0.5	0.0
	0.0136986301369863	0.4666666666666667	0.29591836734693877	0.0
0.12770450691927346	0.2328767123287671	0.5333333333333333	0.3979591836734694	0.0
0.016214350258393996	0.136986301369863	0.8	0.15306122448979592	0.0
0.0142243611221102	0.273972602739726	0.5333333333333333	0.6020408163265306	0.0
	0.2876712328767123	0.6666666666666666	0.3979591836734694	0.0
0.05880620957834567	0.273972602739726	0.5333333333333333	0.3979591836734694	0.0
0.07216756520767974	0.3698630136986301	0.8666666666666667	0.47959183673469385	0.0
0.07216756520767974	0.1232876712328767	0.6	0.3979591836734694	0.0
0.016214350258393996	0.4246575342465753	0.6666666666666666	0.7040816326530612	0.0
0.05880620957834567	0.0410958904109589	0.5333333333333333	0.3979591836734694	0.0
0.12770450691927346	0.2328767123287671	0.6	0.37755102040816324	0.0
0.13724833236879777	0.3150684931506849	0.8	0.6020408163265306	0.5069230769230769
0.07216756520767974	0.1506849315068493	0.5333333333333333	0.3979591836734694	0.0
0.02597138882966302	0.7945205479452054	0.6	0.3469387755102041	0.551025641025641
0.12228280182347984	0.5753424657534246	0.5333333333333333	0.6020408163265306	0.0
	0.0547945205479452	0.6	0.3979591836734694	0.0
0.13724833236879777	0.0821917808219178	0.6	0.4489795918367347	0.0
0.019879585351243234	0.3835616438356164	0.6	0.19387755102040816	0.4876923076923077
	0.410958904109589	0.5333333333333333	0.3979591836734694	0.0
0.05880620957834567	0.3698630136986301	0.6	0.37755102040816324	0.0
0.029240656696414975	0.0821917808219178	0.6	0.3979591836734694	0.0
1.0	0.3561643835616438	0.5333333333333333	0.3979591836734694	0.0
0.026347050044165574	0.0410958904109589	0.6	0.19387755102040816	0.0
0.13724833236879777	0.5068493150684932	0.5333333333333333	0.3979591836734694	0.0
0.06276588183931853	0.3424657534246575	0.8666666666666667	0.4489795918367347	0.0
1.0	0.2876712328767123	0.5333333333333333	1.0	0.5069230769230769
0.13724833236879777	0.4794520547945205	0.6	0.6020408163265306	0.0
0.267247418598276	0.410958904109589	0.6666666666666666	0.4489795918367347	0.0
0.06276588183931853	0.4246575342465753	0.6666666666666666	0.3979591836734694	0.0
0.13724833236879777	0.2465753424657534	0.6666666666666666	0.3979591836734694	0.0
0.014935071527925843	0.6027397260273972	0.8	0.29591836734693877	0.0
0.029240656696414975	0.3698630136986301	0.8666666666666667	0.3469387755102041	0.0
	0.2054794520547945	0.5333333333333333	0.3979591836734694	0.0
	0.2054794520547945	0.6666666666666666	0.3979591836734694	0.0
0.06276588183931853	0.4246575342465753	0.6	0.3979591836734694	0.0
0.034103946473353436	0.136986301369863	0.8	0.35714285714285715	0.0
0.07216756520767974	0.6575342465753424	0.6666666666666666	0.3979591836734694	0.0
0.06276588183931853	0.1095890410958904	0.5333333333333333	0.3979591836734694	0.0
0.06276588183931853	0.3698630136986301	0.8	0.3469387755102041	0.0
0.12228280182347984	0.589041095890411	0.5333333333333333	0.3979591836734694	0.0
0.03560659133136365	0.5616438356164384	0.4666666666666667	0.23469387755102042	0.0
0.13724833236879777	0.0958904109589041	0.5333333333333333	0.5	0.0
0.05880620957834567	0.2191780821917808	0.5333333333333333	0.3979591836734694	0.0
0.07216756520767974	0.4931506849315068	0.6	0.3979591836734694	0.0
0.026347050044165574	0.0684931506849315	0.5333333333333333	0.3979591836734694	0.0
0.06276588183931853	0.5342465753424658	0.5333333333333333	0.09183673469387756	0.0
0.06276588183931853	0.3287671232876712	0.6666666666666666	0.3979591836734694	0.0
0.07216756520767974	0.3972602739726027	0.6666666666666666	0.7040816326530612	0.0
0.01934147604398282	0.3287671232876712	0.8	0.4489795918367347	0.0
0.00860974891616663	0.1780821917808219	0.5333333333333333	0.3979591836734694	0.0
0.13724833236879777	0.410958904109589	0.3333333333333333	0.4489795918367347	0.0
	0.6164383561643836	0.5333333333333333	0.6020408163265306	0.0
0.016214350258393996	0.3287671232876712	0.8	0.3469387755102041	0.0
0.03192105022691968	0.1780821917808219	0.5333333333333333	0.3979591836734694	0.0
	0.136986301369863	0.6	0.5510204081632653	0.0
0.0	0.3150684931506849	0.7333333333333333	0.3979591836734694	0.0
0.13724833236879777	0.5342465753424658	0.5333333333333333	0.23469387755102042	0.0
0.06276588183931853	0.0410958904109589	0.6	0.3979591836734694	0.0
	0.5342465753424658	0.6	0.5408163265306123	0.0
0.0142243611221102	0.6027397260273972	0.6666666666666666	0.3979591836734694	0.0
0.05880620957834567	0.589041095890411	0.5333333333333333	0.5	0.0
0.06276588183931853	0.273972602739726	0.5333333333333333	0.3979591836734694	0.0
0.12770450691927346	0.4520547945205479	0.8	0.3469387755102041	0.0
0.009147858223427046	0.410958904109589	0.4	0.3979591836734694	0.0
0.267247418598276	0.410958904109589	0.5333333333333333	0.24489795918367346	0.0
0.07216756520767974	0.2054794520547945	0.3333333333333333	0.3979591836734694	0.0
0.034103946473353436	0.0958904109589041	0.8	0.5	0.0
0.13724833236879777	0.2876712328767123	0.2	0.35714285714285715	0.0
0.13724833236879777	0.0958904109589041	0.5333333333333333	0.3979591836734694	0.0
0.13724833236879777	0.2465753424657534	0.8	0.3979591836734694	0.0
0.05880620957834567	0.3561643835616438	0.8666666666666667	0.4489795918367347	0.48384615384615387
0.05880620957834567	0.2054794520547945	0.8	0.4387755102040816	0.0
0.05880620957834567	0.0136986301369863	0.4	0.29591836734693877	0.4107692307692308
0.00860974891616663	0.5753424657534246	0.4666666666666667	0.47959183673469385	0.0
0.06276588183931853	0.1095890410958904	0.8	0.3979591836734694	0.0
0.019879585351243234	0.5205479452054794	0.8	0.3979591836734694	0.0
0.07216756520767974	0.4931506849315068	0.8666666666666667	0.3469387755102041	0.0
0.13724833236879777	0.0684931506849315	0.8	0.19387755102040816	0.0
0.13724833236879777	0.3835616438356164	0.6	0.5510204081632653	0.0
0.05880620957834567	0.4520547945205479	0.6	0.2755102040816326	0.0
0.13724833236879777	0.2054794520547945	0.8	0.3979591836734694	0.0
0.03560659133136365	0.136986301369863	0.8	0.6020408163265306	0.0
0.06276588183931853	0.3150684931506849	0.5333333333333333	0.5	0.0
0.026347050044165574	0.3972602739726027	0.5333333333333333	0.3979591836734694	0.0
0.13720772034560832	0.2465753424657534	0.6	0.3979591836734694	0.0
0.034103946473353436	0.3835616438356164	0.5333333333333333	0.5	0.0
0.0199506563918248	0.2054794520547945	0.5333333333333333	0.3979591836734694	0.0
0.06276588183931853	0.1643835616438356	0.6666666666666666	0.3979591836734694	0.0
0.03192105022691968	0.3424657534246575	0.8666666666666667	0.3979591836734694	0.0
0.13724833236879777	0.0547945205479452	0.6	0.3979591836734694	0.0
0.13720772034560832	0.6164383561643836	0.5333333333333333	0.3979591836734694	0.0
0.13724833236879777	0.1232876712328767	0.6	0.3979591836734694	0.0
0.05880620957834567	0.6712328767123288	0.26666666666666666	0.24489795918367346	0.0
0.13724833236879777	0.0958904109589041	0.5333333333333333	0.3979591836734694	0.0
0.06276588183931853	0.410958904109589	0.6	0.45918367346938777	0.0
0.05880620957834567	0.0821917808219178	0.6	0.3979591836734694	0.0
0.06276588183931853	0.410958904109589	0.6	0.3979591836734694	0.0
0.023098088189008357	0.2465753424657534	0.8666666666666667	0.3469387755102041	0.0
0.009147858223427046	0.3972602739726027	0.8	0.3979591836734694	0.4076923076923077
0.011462743545226564	0.0684931506849315	0.2	0.3469387755102041	0.0
	0.1506849315068493	0.8	0.5510204081632653	0.0
0.12770450691927346	0.1917808219178082	0.5333333333333333	0.3469387755102041	0.0
0.13724833236879777	0.2465753424657534	0.6	0.3979591836734694	0.0
0.0199506563918248	0.410958904109589	0.6666666666666666	0.3979591836734694	0.0
0.03728183728792909	0.1780821917808219	0.8	0.5	0.0
	0.2054794520547945	0.6666666666666666	0.3979591836734694	0.0
0.13724833236879777	0.4246575342465753	0.8666666666666667	0.3979591836734694	0.0
0.06276588183931853	0.0547945205479452	0.4	0.3469387755102041	0.0
	0.1917808219178082	0.9333333333333333	0.5510204081632653	0.0
1.0	0.4246575342465753	0.8	0.3979591836734694	0.0
0.02597138882966302	0.4246575342465753	0.8	0.3979591836734694	0.0
0.019879585351243234	0.1643835616438356	0.6	0.3979591836734694	0.0
0.06276588183931853	0.3150684931506849	0.8	0.4489795918367347	0.0
0.06276588183931853	0.3835616438356164	0.8	0.3979591836734694	0.0
0.011462743545226564	0.136986301369863	0.8	0.3979591836734694	0.0
0.06276588183931853	0.0136986301369863	0.4	0.7244897959183674	0.0
0.13724833236879777	0.1506849315068493	0.8	0.29591836734693877	0.0
0.02597138882966302	0.0136986301369863	0.4	0.23469387755102042	0.0
0.06276588183931853	0.0547945205479452	0.7333333333333333	0.5510204081632653	0.0
0.05880620957834567	0.0821917808219178	0.6	0.23469387755102042	0.0
0.03192105022691968	0.3013698630136986	0.7333333333333333	0.6020408163265306	0.0
0.023098088189008357	0.1095890410958904	0.5333333333333333	0.3979591836734694	0.0
0.05880620957834567	0.6301369863013698	0.8	0.3979591836734694	0.0
0.016214350258393996	0.2054794520547945	0.6	0.3979591836734694	0.0
0.034103946473353436	0.2465753424657534	0.6666666666666666	0.5204081632653061	0.0
0.06276588183931853	0.1780821917808219	0.5333333333333333	0.4387755102040816	0.0
0.016214350258393996	0.547945205479452	0.8	0.5	0.0
0.029240656696414975	0.136986301369863	0.8	0.5510204081632653	0.0
0.06276588183931853	0.2465753424657534	0.5333333333333333	0.19387755102040816	0.0
0.016214350258393996	0.3013698630136986	0.3333333333333333	0.3979591836734694	0.0
0.00860974891616663	0.2465753424657534	0.5333333333333333	0.3979591836734694	0.0
0.03192105022691968	0.0684931506849315	0.4	0.3469387755102041	0.0
0.07216756520767974	0.0958904109589041	0.5333333333333333	0.5	0.0
0.016214350258393996	0.1095890410958904	0.4666666666666667	0.3979591836734694	0.0
0.13724833236879777	0.3150684931506849	0.4666666666666667	0.3979591836734694	0.0
	0.0410958904109589	0.6	0.19387755102040816	0.0
0.12228280182347984	0.2465753424657534	0.5333333333333333	0.3979591836734694	0.6094871794871795
0.13724833236879777	0.4520547945205479	0.7333333333333333	0.5	0.0
0.13724833236879777	0.1232876712328767	0.6	0.23469387755102042	0.0
0.13724833236879777	0.1643835616438356	0.13333333333333333	0.3979591836734694	0.0
0.13724833236879777	0.2876712328767123	0.8	0.5	0.0
0.02473272212238433	0.136986301369863	0.8	0.3673469387755102	0.0
0.13724833236879777	0.0958904109589041	0.4	0.6530612244897959	0.0
0.06276588183931853	0.2328767123287671	0.6	0.3469387755102041	0.0
	0.1917808219178082	0.6666666666666666	0.3979591836734694	0.0
	0.0273972602739726	0.5333333333333333	0.24489795918367346	0.0
	0.589041095890411	0.5333333333333333	0.3979591836734694	0.0
0.13724833236879777	0.3013698630136986	0.4666666666666667	0.7040816326530612	0.0
0.016214350258393996	0.3424657534246575	0.6	0.4489795918367347	0.0
0.014935071527925843	0.6301369863013698	0.6	0.21428571428571427	0.0
0.05880620957834567	0.2876712328767123	0.8	0.6020408163265306	0.0
0.06276588183931853	0.3013698630136986	0.8666666666666667	0.6530612244897959	0.0
0.03560659133136365	0.7123287671232876	0.5333333333333333	0.19387755102040816	0.0
0.05880620957834567	0.273972602739726	0.5333333333333333	0.4489795918367347	0.0
0.05880620957834567	0.273972602739726	0.5333333333333333	0.6020408163265306	0.0
0.03192105022691968	0.6438356164383562	0.2	0.3979591836734694	0.0
0.06276588183931853	0.5068493150684932	0.5333333333333333	0.6020408163265306	0.0
0.01934147604398282	0.273972602739726	0.8	0.3979591836734694	0.0
0.06276588183931853	0.3835616438356164	0.8	0.6530612244897959	0.0
0.06276588183931853	0.2465753424657534	0.7333333333333333	0.37755102040816324	0.0
0.023098088189008357	0.3561643835616438	0.6	0.3979591836734694	0.0
0.026347050044165574	0.1095890410958904	0.8	0.3469387755102041	0.0
0.13724833236879777	0.1095890410958904	0.7333333333333333	0.3979591836734694	0.0
0.019798361304864304	0.2328767123287671	0.6	0.16326530612244897	0.0
0.13724833236879777	0.1780821917808219	0.6666666666666666	0.29591836734693877	0.0
0.03192105022691968	0.0821917808219178	0.8	0.6020408163265306	0.0
0.267247418598276	0.0410958904109589	0.6	0.24489795918367346	0.0
	0.136986301369863	0.8	0.4489795918367347	0.0
0.13724833236879777	0.6027397260273972	0.8	0.11224489795918367	0.0
0.026347050044165574	0.1095890410958904	0.5333333333333333	0.3979591836734694	0.0
0.267247418598276	0.0410958904109589	0.6	0.3979591836734694	0.0
0.05880620957834567	0.4383561643835616	0.5333333333333333	0.3979591836734694	0.0
0.13724833236879777	0.1780821917808219	0.8	0.3979591836734694	0.40102564102564103
0.05880620957834567	0.3835616438356164	0.8	0.4489795918367347	0.0
0.06276588183931853	0.2191780821917808	0.6	0.3979591836734694	0.0
0.13724833236879777	0.410958904109589	0.6	0.3979591836734694	0.0
0.13724833236879777	0.2876712328767123	0.13333333333333333	0.3979591836734694	0.0
0.12228280182347984	0.0547945205479452	0.5333333333333333	0.3979591836734694	0.0
	0.4383561643835616	0.5333333333333333	0.3979591836734694	0.0
0.029240656696414975	0.6027397260273972	0.8	0.3979591836734694	0.0
0.13724833236879777	0.0684931506849315	0.5333333333333333	0.3979591836734694	0.5653846153846154
0.13724833236879777	0.4657534246575342	0.4666666666666667	0.3979591836734694	0.0
0.02597138882966302	0.3424657534246575	0.8	0.4489795918367347	0.0
0.13724833236879777	0.1917808219178082	0.5333333333333333	0.3979591836734694	0.0
0.13724833236879777	0.3835616438356164	0.8	0.6020408163265306	0.0
0.06276588183931853	0.7945205479452054	0.3333333333333333	0.3163265306122449	0.0
0.034103946473353436	0.1780821917808219	0.6	0.3979591836734694	0.4876923076923077
0.06276588183931853	0.0958904109589041	0.5333333333333333	0.5	0.0
0.07216756520767974	0.0958904109589041	0.5333333333333333	0.6020408163265306	0.0
	0.1643835616438356	0.6	0.3979591836734694	0.0
0.03560659133136365	0.2328767123287671	0.7333333333333333	0.6020408163265306	0.0
0.12770450691927346	0.5753424657534246	0.6	0.6020408163265306	0.0
0.13720772034560832	0.1506849315068493	0.4666666666666667	0.19387755102040816	0.0
0.06276588183931853	0.410958904109589	0.7333333333333333	0.5	0.0
0.07216756520767974	0.5753424657534246	0.5333333333333333	0.3979591836734694	0.0
0.05880620957834567	0.1643835616438356	0.5333333333333333	0.3979591836734694	0.0
0.02473272212238433	0.3287671232876712	0.6	0.3163265306122449	0.0
0.0	0.3972602739726027	0.5333333333333333	0.41836734693877553	0.0
0.13724833236879777	0.0136986301369863	0.4	0.19387755102040816	0.0
0.13724833236879777	0.4520547945205479	0.6	0.4489795918367347	0.0
0.0199506563918248	0.0547945205479452	0.5333333333333333	0.3979591836734694	0.0
0.07216756520767974	0.1506849315068493	0.9333333333333333	0.9081632653061225	0.0
0.06276588183931853	0.1917808219178082	0.8	0.7040816326530612	0.0
0.06276588183931853	0.4931506849315068	0.6	0.46938775510204084	0.0
0.019879585351243234	0.1643835616438356	0.26666666666666666	0.3979591836734694	0.0
0.009147858223427046	0.2328767123287671	0.6	0.3979591836734694	0.4461538461538462
0.029240656696414975	0.410958904109589	0.5333333333333333	0.3979591836734694	0.0
0.07216756520767974	0.273972602739726	0.7333333333333333	0.3979591836734694	0.0
0.019798361304864304	0.6027397260273972	0.2	0.4387755102040816	0.0
0.0142243611221102	0.0273972602739726	0.5333333333333333	0.29591836734693877	0.0
0.06276588183931853	0.0273972602739726	0.6	0.3979591836734694	0.0
0.13724833236879777	0.0273972602739726	0.6	0.11224489795918367	0.0
0.13724833236879777	0.3561643835616438	0.5333333333333333	0.3979591836734694	0.0
0.016214350258393996	0.3013698630136986	0.4	0.3979591836734694	0.0
0.13724833236879777	0.4520547945205479	0.8666666666666667	0.45918367346938777	0.0
0.05880620957834567	0.3972602739726027	0.6	0.3979591836734694	0.0
0.011462743545226564	0.2876712328767123	0.5333333333333333	0.3979591836734694	0.0
0.06276588183931853	0.2876712328767123	0.8	0.5408163265306123	0.47384615384615386
0.0199506563918248	0.6301369863013698	0.5333333333333333	0.3979591836734694	0.0
0.13724833236879777	0.2876712328767123	0.5333333333333333	0.3979591836734694	0.0
0.06276588183931853	0.4794520547945205	0.5333333333333333	0.3979591836734694	0.0
0.06276588183931853	0.0684931506849315	0.5333333333333333	0.3469387755102041	0.0
0.05880620957834567	0.410958904109589	0.8666666666666667	0.3979591836734694	0.0
0.13724833236879777	0.1780821917808219	0.5333333333333333	0.5	0.0
0.06276588183931853	0.5068493150684932	1.0	0.19387755102040816	0.0
	0.3287671232876712	0.4	0.3979591836734694	0.0
0.13724833236879777	0.821917808219178	0.6	0.0	0.49846153846153846
	0.3698630136986301	0.9333333333333333	0.8061224489795918	0.0
1.0	0.2191780821917808	0.5333333333333333	0.3979591836734694	0.0
0.13720772034560832	0.273972602739726	0.5333333333333333	0.37755102040816324	0.0
0.05880620957834567	0.3287671232876712	0.5333333333333333	0.47959183673469385	0.0
0.12228280182347984	0.1917808219178082	0.5333333333333333	0.3979591836734694	0.0
0.029240656696414975	0.0410958904109589	0.3333333333333333	0.3469387755102041	0.0
0.05880620957834567	0.547945205479452	0.8	0.3979591836734694	0.0
	0.5205479452054794	0.8	0.7244897959183674	0.0
0.05880620957834567	0.2876712328767123	0.5333333333333333	0.5	0.0
0.011462743545226564	0.3835616438356164	0.7333333333333333	0.5	0.0
0.023098088189008357	0.3013698630136986	0.5333333333333333	0.3979591836734694	0.0
0.13724833236879777	0.3287671232876712	0.6666666666666666	0.4489795918367347	0.0
0.13724833236879777	0.0136986301369863	0.5333333333333333	0.3469387755102041	0.0
0.13720772034560832	0.136986301369863	0.8	0.5	0.0
0.016214350258393996	0.2191780821917808	0.8	0.6020408163265306	0.0
0.016214350258393996	0.1506849315068493	0.5333333333333333	0.5	0.0
0.06276588183931853	0.3287671232876712	0.4	0.3979591836734694	0.0
0.00860974891616663	0.547945205479452	0.6	0.24489795918367346	0.0
0.13724833236879777	0.0958904109589041	0.6	0.3979591836734694	0.0
0.011462743545226564	0.2602739726027397	0.6	0.3979591836734694	0.0
0.016214350258393996	0.1780821917808219	0.5333333333333333	0.3979591836734694	0.0
0.07216756520767974	0.3424657534246575	0.5333333333333333	0.3979591836734694	0.0
0.267247418598276	0.0410958904109589	0.5333333333333333	0.24489795918367346	0.0
0.13724833236879777	0.1643835616438356	0.5333333333333333	0.3979591836734694	0.0
0.06276588183931853	0.1917808219178082	0.5333333333333333	0.5	0.0
0.03560659133136365	0.5753424657534246	0.8	0.5	0.0
0.13724833236879777	0.1095890410958904	0.5333333333333333	0.3979591836734694	0.0
0.13724833236879777	0.3561643835616438	0.6	0.3979591836734694	0.0
	0.1232876712328767	0.7333333333333333	0.3979591836734694	0.0
0.13724833236879777	0.3561643835616438	0.5333333333333333	0.3979591836734694	0.0
1.0	0.1780821917808219	0.5333333333333333	0.3469387755102041	0.0
0.13724833236879777	0.0958904109589041	0.5333333333333333	0.3979591836734694	0.0
0.03560659133136365	0.0958904109589041	0.7333333333333333	0.19387755102040816	0.0
0.07216756520767974	0.1780821917808219	0.5333333333333333	0.2857142857142857	0.0
0.13724833236879777	0.273972602739726	0.6666666666666666	0.6020408163265306	0.0
0.13724833236879777	0.2602739726027397	0.6	0.6020408163265306	0.0
0.011462743545226564	0.2876712328767123	0.5333333333333333	0.6020408163265306	0.0
0.029240656696414975	0.0684931506849315	0.5333333333333333	0.3469387755102041	0.0
	0.6027397260273972	0.13333333333333333	0.3673469387755102	0.0
0.12228280182347984	0.3424657534246575	0.5333333333333333	0.4489795918367347	0.0
0.13724833236879777	0.273972602739726	0.8	0.3979591836734694	0.0
0.03560659133136365	0.2465753424657534	0.2	0.3979591836734694	0.0
0.03560659133136365	0.0410958904109589	0.5333333333333333	0.3979591836734694	0.0
0.267247418598276	0.0547945205479452	0.5333333333333333	0.3979591836734694	0.0
	0.0958904109589041	0.8	0.3979591836734694	0.0
0.06276588183931853	0.136986301369863	0.6	0.8061224489795918	0.0
0.267247418598276	0.1780821917808219	0.5333333333333333	0.3469387755102041	0.0
0.07216756520767974	0.3972602739726027	0.5333333333333333	0.3979591836734694	0.0
0.13724833236879777	0.2465753424657534	0.6	0.3979591836734694	0.0
0.13724833236879777	0.2876712328767123	0.8666666666666667	0.01020408163265306	0.0
0.03560659133136365	0.4794520547945205	0.5333333333333333	0.3979591836734694	0.0
0.06276588183931853	0.0136986301369863	0.6	0.3163265306122449	0.0
	0.2465753424657534	0.8	0.3979591836734694	0.0
0.06276588183931853	0.2191780821917808	0.5333333333333333	0.6020408163265306	0.0
0.03728183728792909	0.1506849315068493	0.8	0.3979591836734694	0.0
0.06276588183931853	0.547945205479452	0.5333333333333333	0.3979591836734694	0.0
0.13724833236879777	0.2328767123287671	0.5333333333333333	0.3979591836734694	0.0
0.014935071527925843	0.2876712328767123	0.26666666666666666	0.3979591836734694	0.0
0.05880620957834567	0.3287671232876712	0.6	0.37755102040816324	0.0
0.13724833236879777	0.6986301369863014	0.5333333333333333	0.11224489795918367	0.0
0.01934147604398282	0.0136986301369863	0.3333333333333333	0.05102040816326531	0.0
0.03728183728792909	0.2191780821917808	0.6	0.17346938775510204	0.0
0.01934147604398282	0.4383561643835616	0.4	0.37755102040816324	0.0
0.06276588183931853	0.4794520547945205	0.8666666666666667	0.3979591836734694	0.0
0.05880620957834567	0.2876712328767123	0.5333333333333333	0.3979591836734694	0.0
0.05880620957834567	0.2465753424657534	0.5333333333333333	0.3979591836734694	0.0
0.026347050044165574	0.1780821917808219	0.5333333333333333	0.5510204081632653	0.0
0.06276588183931853	0.3972602739726027	0.8666666666666667	0.4489795918367347	0.08282051282051282
0.13724833236879777	0.273972602739726	0.6666666666666666	0.3979591836734694	0.0
0.01934147604398282	0.3150684931506849	0.8	0.3979591836734694	0.0
0.019798361304864304	0.3972602739726027	0.8	0.3979591836734694	0.0
	0.0547945205479452	0.5333333333333333	0.3979591836734694	0.0
0.13724833236879777	0.410958904109589	0.6	0.3979591836734694	0.0
0.03560659133136365	0.1917808219178082	0.5333333333333333	0.3979591836734694	0.4033333333333333
0.023098088189008357	0.3013698630136986	0.6666666666666666	0.5	0.0
0.029240656696414975	0.6027397260273972	0.8	0.14285714285714285	0.0
0.03192105022691968	0.2602739726027397	0.9333333333333333	0.23469387755102042	0.0
0.016214350258393996	0.3150684931506849	0.6	0.6020408163265306	0.0
	0.5753424657534246	0.8666666666666667	0.3979591836734694	0.0
	0.4520547945205479	0.0	0.3979591836734694	0.0
0.13724833236879777	0.136986301369863	0.6	0.3979591836734694	0.0
0.13724833236879777	0.4520547945205479	0.6	1.0	0.0
0.06276588183931853	0.2328767123287671	0.5333333333333333	0.4387755102040816	0.0
0.016214350258393996	0.4246575342465753	0.5333333333333333	0.47959183673469385	0.0
0.13724833236879777	0.2876712328767123	0.6	0.3469387755102041	0.0
0.06276588183931853	0.3835616438356164	0.2	0.41836734693877553	0.0
0.13724833236879777	0.5616438356164384	0.6	0.3979591836734694	0.0
0.13724833236879777	0.3561643835616438	0.8666666666666667	0.3979591836734694	0.0
0.02597138882966302	0.2054794520547945	0.5333333333333333	0.3979591836734694	0.0
0.06276588183931853	0.1780821917808219	0.5333333333333333	0.6632653061224489	0.0
0.13724833236879777	0.5616438356164384	0.5333333333333333	0.3979591836734694	0.0
0.019879585351243234	0.0821917808219178	0.8	0.6020408163265306	0.0
0.06276588183931853	0.5068493150684932	0.8	0.3979591836734694	0.0
0.0142243611221102	0.2191780821917808	1.0	0.5	0.0
0.267247418598276	0.1780821917808219	0.6	0.3979591836734694	0.0
	0.1095890410958904	0.6666666666666666	0.5612244897959183	0.0
0.06276588183931853	0.2328767123287671	0.8	0.3979591836734694	0.0
	0.0273972602739726	0.6	0.29591836734693877	0.0
0.0199506563918248	0.0410958904109589	0.6	0.29591836734693877	0.0
0.02597138882966302	0.0	0.4	0.29591836734693877	0.0
0.07216756520767974	0.136986301369863	0.8	0.3979591836734694	0.0
0.06276588183931853	0.0136986301369863	0.4	0.19387755102040816	0.0
	0.0684931506849315	0.2	0.3979591836734694	0.0
0.13724833236879777	0.4794520547945205	0.5333333333333333	0.3979591836734694	0.0
1.0	0.0547945205479452	0.5333333333333333	0.3979591836734694	0.0
0.13724833236879777	0.410958904109589	0.5333333333333333	0.3979591836734694	0.0
	0.3561643835616438	0.5333333333333333	0.3979591836734694	0.0
0.023098088189008357	0.4657534246575342	0.7333333333333333	0.37755102040816324	0.0
0.13724833236879777	0.2328767123287671	0.5333333333333333	0.6530612244897959	0.0
	0.1095890410958904	0.8	0.37755102040816324	0.0
	0.3150684931506849	0.6	0.3979591836734694	0.0
0.0199506563918248	0.1780821917808219	0.6	1.0	0.0
0.00860974891616663	0.1095890410958904	0.6666666666666666	0.3979591836734694	0.0
0.13724833236879777	0.3972602739726027	0.4	0.3979591836734694	0.0
0.05880620957834567	0.3287671232876712	0.6	0.3979591836734694	0.4876923076923077
0.13724833236879777	0.2054794520547945	0.5333333333333333	0.3979591836734694	0.0
0.01934147604398282	0.6027397260273972	0.5333333333333333	0.030612244897959183	0.0
	0.2465753424657534	0.8	0.5	0.0
0.05880620957834567	0.1780821917808219	0.8666666666666667	0.5	0.0
0.03560659133136365	0.0684931506849315	0.8	0.3163265306122449	0.0
0.13724833236879777	0.2328767123287671	0.6	0.4489795918367347	0.0
0.019879585351243234	0.0547945205479452	0.6	0.24489795918367346	0.0
0.13724833236879777	0.1506849315068493	0.3333333333333333	0.4489795918367347	0.0
0.07216756520767974	0.2054794520547945	0.5333333333333333	0.47959183673469385	0.0
0.06276588183931853	0.589041095890411	0.5333333333333333	0.04081632653061224	0.0
0.006782207872640695	0.0958904109589041	0.8	0.3979591836734694	0.0
	0.6438356164383562	0.9333333333333333	0.08163265306122448	0.0
0.13724833236879777	0.1643835616438356	0.5333333333333333	0.3979591836734694	0.0
	0.4657534246575342	0.5333333333333333	0.4489795918367347	0.0
0.06276588183931853	0.3561643835616438	0.5333333333333333	0.3979591836734694	0.0
0.06276588183931853	0.2876712328767123	0.8	0.5	0.0
0.03192105022691968	0.0	0.26666666666666666	0.05102040816326531	0.0
0.13720772034560832	0.5342465753424658	0.6	0.3979591836734694	0.0
0.016214350258393996	0.2328767123287671	0.6	0.336734693877551	0.0
0.016214350258393996	0.273972602739726	0.5333333333333333	0.3979591836734694	0.0
0.07216756520767974	0.7534246575342466	0.9333333333333333	0.09183673469387756	0.0
0.06276588183931853	0.1917808219178082	0.5333333333333333	0.3979591836734694	0.0
0.05880620957834567	0.3698630136986301	0.5333333333333333	0.3979591836734694	0.0
0.03560659133136365	0.1095890410958904	0.8666666666666667	0.3979591836734694	0.0
0.06276588183931853	0.5342465753424658	0.3333333333333333	0.3979591836734694	0.0
0.05880620957834567	0.4794520547945205	0.6	0.4897959183673469	0.0
0.07216756520767974	0.136986301369863	0.5333333333333333	0.19387755102040816	0.0
0.13720772034560832	0.2328767123287671	0.4	0.5510204081632653	0.0
0.05880620957834567	0.6164383561643836	0.8	0.5510204081632653	0.0
0.06276588183931853	0.3424657534246575	0.7333333333333333	0.3979591836734694	0.0
	0.1232876712328767	0.6	0.37755102040816324	0.0
0.13724833236879777	0.0410958904109589	0.6	0.3979591836734694	0.0
0.011462743545226564	0.0547945205479452	0.6	0.19387755102040816	0.0
0.13724833236879777	0.3424657534246575	0.6	0.3979591836734694	0.0
0.12228280182347984	0.0684931506849315	0.6	0.19387755102040816	0.0
0.011462743545226564	0.1232876712328767	0.26666666666666666	0.3469387755102041	0.0
0.011462743545226564	0.726027397260274	0.5333333333333333	0.11224489795918367	0.0
0.016214350258393996	0.3424657534246575	0.8666666666666667	0.3979591836734694	0.0
0.13724833236879777	0.1917808219178082	0.8	0.19387755102040816	0.4876923076923077
0.016214350258393996	0.3150684931506849	0.8	0.3979591836734694	0.0
0.03728183728792909	0.4657534246575342	0.5333333333333333	0.6020408163265306	0.0
0.13724833236879777	0.0273972602739726	0.4666666666666667	0.3979591836734694	0.0
	0.1780821917808219	0.6	0.3979591836734694	0.0
0.05880620957834567	0.6301369863013698	0.26666666666666666	0.19387755102040816	0.0
0.014935071527925843	0.3972602739726027	0.6666666666666666	0.3979591836734694	0.16025641025641027
0.07216756520767974	0.1643835616438356	0.7333333333333333	0.24489795918367346	0.0
0.03560659133136365	0.3287671232876712	0.8666666666666667	0.6020408163265306	0.0
0.03192105022691968	0.3150684931506849	0.5333333333333333	0.29591836734693877	0.0
0.009147858223427046	0.1780821917808219	0.5333333333333333	0.3979591836734694	0.0
	0.1506849315068493	0.6	0.41836734693877553	0.0
0.13720772034560832	0.6575342465753424	0.2	0.5	0.0
0.12770450691927346	0.1917808219178082	0.5333333333333333	0.5	0.0
0.023098088189008357	0.2054794520547945	0.5333333333333333	0.3979591836734694	0.0
0.13720772034560832	0.3835616438356164	0.2	0.20408163265306123	0.0
0.05880620957834567	0.3972602739726027	0.4666666666666667	0.3979591836734694	0.0
0.07216756520767974	0.2054794520547945	0.5333333333333333	0.5510204081632653	0.0
0.07216756520767974	0.1506849315068493	0.6	0.3979591836734694	0.0
0.12770450691927346	0.2465753424657534	0.6	0.5	0.0
0.13724833236879777	0.5068493150684932	0.6	0.46938775510204084	0.0
0.12770450691927346	0.2602739726027397	0.3333333333333333	0.3979591836734694	0.0
0.06276588183931853	0.2054794520547945	0.5333333333333333	0.5	0.0
0.006782207872640695	0.3150684931506849	0.8	0.3979591836734694	0.0
0.13724833236879777	0.4246575342465753	0.5333333333333333	0.3979591836734694	0.0
0.05880620957834567	0.3561643835616438	0.6	0.3979591836734694	0.0
0.267247418598276	0.2328767123287671	0.5333333333333333	0.3979591836734694	0.0
1.0	0.3835616438356164	0.2	0.35714285714285715	0.0
0.00860974891616663	0.3698630136986301	0.5333333333333333	0.3979591836734694	0.0
0.13724833236879777	0.136986301369863	0.6	0.3979591836734694	0.0
0.02597138882966302	0.4520547945205479	0.8666666666666667	0.6020408163265306	0.0
	0.3835616438356164	0.6	0.4489795918367347	0.0
0.0	0.0547945205479452	0.5333333333333333	0.3469387755102041	0.0
0.05880620957834567	0.1506849315068493	0.6666666666666666	0.3979591836734694	0.0
0.06276588183931853	0.0410958904109589	0.6	0.14285714285714285	0.0
0.07216756520767974	0.273972602739726	0.26666666666666666	0.24489795918367346	0.0
0.05880620957834567	0.5753424657534246	0.3333333333333333	0.24489795918367346	0.0
	0.1095890410958904	0.8	0.4387755102040816	0.4076923076923077
0.12770450691927346	0.2465753424657534	0.8	0.5	0.0
0.12770450691927346	0.6712328767123288	0.5333333333333333	0.19387755102040816	0.0
0.016214350258393996	0.1780821917808219	0.8	0.24489795918367346	0.0
0.023098088189008357	0.6712328767123288	0.6	0.5510204081632653	0.0
0.267247418598276	0.3150684931506849	0.5333333333333333	0.3979591836734694	0.0
	0.2876712328767123	0.5333333333333333	0.46938775510204084	0.5997435897435898
	0.0410958904109589	0.6	0.29591836734693877	0.0
0.267247418598276	0.1506849315068493	0.6	0.3469387755102041	0.0
0.06276588183931853	0.2191780821917808	0.4	0.3979591836734694	0.0
0.016214350258393996	0.3013698630136986	0.8	0.4489795918367347	0.0
0.13724833236879777	0.4657534246575342	1.0	0.3979591836734694	0.0
0.029240656696414975	0.3013698630136986	0.8	0.3979591836734694	0.0
0.13724833236879777	0.1095890410958904	0.8	0.3979591836734694	0.0
0.0142243611221102	0.3561643835616438	0.8	0.5	0.0
0.03560659133136365	0.0	0.3333333333333333	0.09183673469387756	0.0
0.13724833236879777	0.2328767123287671	0.6	0.3979591836734694	0.0
0.13724833236879777	0.0821917808219178	0.6	0.09183673469387756	0.0
0.07216756520767974	0.273972602739726	0.5333333333333333	0.5612244897959183	0.0
0.06276588183931853	0.2876712328767123	0.5333333333333333	0.29591836734693877	0.0
0.13724833236879777	0.0684931506849315	0.8	0.14285714285714285	0.0
0.06276588183931853	0.0410958904109589	0.6	0.24489795918367346	0.0
0.05880620957834567	0.1780821917808219	0.8666666666666667	0.5	0.0
0.07216756520767974	0.2876712328767123	0.8	0.3469387755102041	0.0
0.06276588183931853	0.2876712328767123	0.8	0.5	0.0
0.03560659133136365	0.589041095890411	0.7333333333333333	0.3979591836734694	0.0
0.016214350258393996	0.1232876712328767	0.6666666666666666	0.6530612244897959	0.0
0.13724833236879777	0.4657534246575342	0.5333333333333333	0.3979591836734694	0.0
0.03560659133136365	0.2328767123287671	0.6	0.5	0.0
0.06276588183931853	0.4931506849315068	0.9333333333333333	0.6020408163265306	0.0
0.13724833236879777	0.136986301369863	0.5333333333333333	0.5	0.0
0.014935071527925843	0.3150684931506849	0.8	0.3979591836734694	0.0
0.267247418598276	0.2876712328767123	0.8	0.4489795918367347	0.0
0.13724833236879777	0.273972602739726	0.6	0.3979591836734694	0.0
0.016214350258393996	0.1643835616438356	0.8666666666666667	0.3979591836734694	0.0
0.05880620957834567	0.6438356164383562	0.6	0.3979591836734694	0.0
0.034103946473353436	0.5616438356164384	0.5333333333333333	0.3469387755102041	0.0
0.267247418598276	0.1643835616438356	0.5333333333333333	0.5	0.0
0.13724833236879777	0.0410958904109589	0.6	0.24489795918367346	0.0
0.016214350258393996	0.1095890410958904	0.5333333333333333	0.3979591836734694	0.0
0.05880620957834567	0.1506849315068493	0.5333333333333333	0.3979591836734694	0.0
0.023098088189008357	0.821917808219178	0.5333333333333333	0.3163265306122449	0.0
	0.6027397260273972	0.8666666666666667	0.3979591836734694	0.0
0.03560659133136365	0.3013698630136986	0.8	0.3163265306122449	0.0
0.05880620957834567	0.2465753424657534	0.6666666666666666	0.5	0.0
0.019798361304864304	0.0547945205479452	0.6	0.14285714285714285	0.0
0.07216756520767974	0.6301369863013698	0.8666666666666667	0.3979591836734694	0.0
0.029240656696414975	0.7397260273972602	0.6666666666666666	0.3979591836734694	0.0
0.06276588183931853	0.2876712328767123	0.5333333333333333	0.3979591836734694	0.0
0.02597138882966302	0.0273972602739726	0.6	0.8469387755102041	0.0
0.011462743545226564	0.0684931506849315	0.6	0.3979591836734694	0.0
0.13724833236879777	0.0821917808219178	0.8	0.19387755102040816	0.0
0.07216756520767974	0.2328767123287671	0.5333333333333333	0.6020408163265306	0.0
0.06276588183931853	0.547945205479452	0.6	0.6020408163265306	0.0
0.02473272212238433	0.1232876712328767	0.5333333333333333	0.4489795918367347	0.0
	0.5616438356164384	0.5333333333333333	0.3979591836734694	0.0
0.267247418598276	0.410958904109589	0.8666666666666667	0.6020408163265306	0.0
0.13724833236879777	0.2191780821917808	0.5333333333333333	0.19387755102040816	0.0
0.13724833236879777	0.3698630136986301	0.8	0.5	0.0
0.13724833236879777	0.0273972602739726	0.6	0.29591836734693877	0.0
0.0142243611221102	0.410958904109589	0.8666666666666667	0.3469387755102041	0.0
0.05880620957834567	0.1506849315068493	0.5333333333333333	0.3979591836734694	0.0
0.06276588183931853	0.5753424657534246	0.5333333333333333	0.5	0.0
	0.2328767123287671	0.6	0.3979591836734694	0.0
0.05880620957834567	0.3561643835616438	1.0	0.3979591836734694	0.0
0.016214350258393996	0.4246575342465753	0.7333333333333333	0.5	0.0
0.13724833236879777	0.0684931506849315	0.6	0.3979591836734694	0.0
0.026347050044165574	0.5205479452054794	0.8	0.24489795918367346	0.0
	0.0684931506849315	0.4	0.3979591836734694	0.0
0.13724833236879777	0.2191780821917808	0.8	0.3979591836734694	0.0
0.13724833236879777	0.1917808219178082	0.9333333333333333	0.3469387755102041	0.0
	0.4931506849315068	0.5333333333333333	0.01020408163265306	0.0
0.016214350258393996	0.0410958904109589	0.6	0.3979591836734694	0.0
0.06276588183931853	0.0410958904109589	0.6	0.3979591836734694	0.0
0.13724833236879777	0.0684931506849315	0.6	0.5	0.0
0.016214350258393996	0.1917808219178082	0.8	0.5	0.0
0.011462743545226564	0.3835616438356164	0.5333333333333333	0.5	0.0
0.13724833236879777	0.3287671232876712	0.6	0.030612244897959183	0.0
0.13724833236879777	0.0958904109589041	0.5333333333333333	0.3979591836734694	0.0
0.05880620957834567	0.0273972602739726	0.6	0.3979591836734694	0.0
0.009147858223427046	0.2054794520547945	0.5333333333333333	0.6530612244897959	0.0
0.03192105022691968	0.5342465753424658	0.6	0.3163265306122449	0.0
0.019798361304864304	0.4246575342465753	0.5333333333333333	0.5	0.0
0.034103946473353436	0.4931506849315068	0.6	0.5510204081632653	0.0
0.016214350258393996	0.1232876712328767	0.4666666666666667	0.3979591836734694	0.0
0.05880620957834567	0.2054794520547945	0.4	0.3979591836734694	0.0
0.06276588183931853	0.136986301369863	0.7333333333333333	0.3979591836734694	0.0
0.13724833236879777	0.2876712328767123	0.8666666666666667	0.4489795918367347	0.0
0.014935071527925843	0.1506849315068493	0.5333333333333333	0.3979591836734694	0.0
0.06276588183931853	0.410958904109589	0.5333333333333333	0.3979591836734694	0.0
0.03192105022691968	0.7808219178082192	0.6	0.3469387755102041	0.0
	0.0821917808219178	0.6	0.3979591836734694	0.0
0.13724833236879777	0.1095890410958904	0.6	0.3979591836734694	0.0
0.05880620957834567	0.3424657534246575	0.4666666666666667	0.3979591836734694	0.0
0.06276588183931853	0.136986301369863	0.9333333333333333	0.09183673469387756	0.0
0.02473272212238433	0.2602739726027397	0.8	0.6020408163265306	0.0
0.00860974891616663	0.2602739726027397	0.5333333333333333	0.3979591836734694	0.0
0.07216756520767974	0.2465753424657534	0.8	0.3979591836734694	0.0
0.06276588183931853	0.6164383561643836	0.5333333333333333	0.3979591836734694	0.0
0.07216756520767974	0.4794520547945205	0.3333333333333333	0.5510204081632653	0.0
0.267247418598276	0.1780821917808219	0.8	0.3979591836734694	0.0
0.00860974891616663	0.2465753424657534	0.6	0.6020408163265306	0.0
0.07216756520767974	0.0684931506849315	0.6666666666666666	0.3979591836734694	0.0
0.13724833236879777	0.3561643835616438	0.5333333333333333	0.4489795918367347	0.0
	0.1917808219178082	0.5333333333333333	0.6020408163265306	0.0
0.13724833236879777	0.1232876712328767	0.8	0.3979591836734694	0.0
0.0142243611221102	0.5342465753424658	0.7333333333333333	0.29591836734693877	0.0
0.267247418598276	0.0958904109589041	0.8	0.3979591836734694	0.0
0.034103946473353436	0.2465753424657534	0.6	0.24489795918367346	0.0
0.13724833236879777	0.3424657534246575	0.8666666666666667	0.6020408163265306	0.0
0.05880620957834567	0.3287671232876712	0.6	0.3979591836734694	0.0
0.07216756520767974	0.3013698630136986	0.8666666666666667	0.5204081632653061	0.0
0.02473272212238433	0.1506849315068493	0.3333333333333333	0.3979591836734694	0.0
0.029240656696414975	0.1780821917808219	0.8	0.5510204081632653	0.0
0.06276588183931853	0.2054794520547945	0.6	0.37755102040816324	0.0
0.06276588183931853	0.0547945205479452	0.6	0.02040816326530612	0.0
0.02597138882966302	0.4246575342465753	0.6	0.3979591836734694	0.0
0.13724833236879777	0.273972602739726	0.5333333333333333	0.5510204081632653	0.42794871794871797
0.009147858223427046	0.6027397260273972	0.8666666666666667	0.6020408163265306	0.0
0.13724833236879777	0.0958904109589041	0.8666666666666667	0.4489795918367347	0.0
0.016214350258393996	0.7123287671232876	0.5333333333333333	0.15306122448979592	0.0
0.07216756520767974	0.3561643835616438	0.6	0.29591836734693877	0.0
0.12770450691927346	0.3972602739726027	0.5333333333333333	0.3979591836734694	0.0
0.06276588183931853	0.3835616438356164	0.8	0.4489795918367347	0.0
0.13724833236879777	0.5342465753424658	0.8	0.5	0.0
0.267247418598276	0.5753424657534246	0.8666666666666667	0.3979591836734694	0.0
0.05880620957834567	0.1780821917808219	0.5333333333333333	0.4489795918367347	0.48102564102564105
	0.1643835616438356	0.6	0.3979591836734694	0.4076923076923077
0.023098088189008357	0.6712328767123288	0.5333333333333333	0.3979591836734694	0.5812820512820512
0.05880620957834567	0.4794520547945205	0.6	0.3979591836734694	0.0
0.06276588183931853	0.0410958904109589	0.4666666666666667	0.24489795918367346	0.0
0.02473272212238433	0.2328767123287671	0.8	0.14285714285714285	0.0
0.016214350258393996	0.0410958904109589	0.6	0.3979591836734694	0.0
0.00860974891616663	0.273972602739726	0.5333333333333333	0.3979591836734694	0.0
0.13724833236879777	0.4657534246575342	0.5333333333333333	0.5	0.5069230769230769
0.026347050044165574	0.2328767123287671	0.6	0.6020408163265306	0.0
0.07216756520767974	0.1917808219178082	0.26666666666666666	0.6530612244897959	0.0
0.13724833236879777	0.0273972602739726	0.4	0.19387755102040816	0.0
0.06276588183931853	0.3835616438356164	0.8	0.47959183673469385	0.0
0.01934147604398282	0.6575342465753424	0.2	0.3979591836734694	0.0
0.12770450691927346	0.1917808219178082	0.5333333333333333	0.3979591836734694	0.0
0.13724833236879777	0.0821917808219178	0.3333333333333333	0.29591836734693877	0.4033333333333333
0.06276588183931853	0.410958904109589	0.6	0.5	0.0
0.06276588183931853	0.0958904109589041	0.6	0.3979591836734694	0.0
0.12770450691927346	0.2602739726027397	0.6	0.19387755102040816	0.0
0.13724833236879777	0.1643835616438356	0.6	0.3979591836734694	0.0
0.13720772034560832	0.3972602739726027	0.8	0.5	0.0
0.014935071527925843	0.6301369863013698	0.8	0.3979591836734694	0.0
0.13724833236879777	0.0821917808219178	0.6	0.3979591836734694	0.0
1.0	0.1095890410958904	0.5333333333333333	0.4489795918367347	0.0
0.13720772034560832	0.3013698630136986	0.6666666666666666	0.5	0.0
	0.7123287671232876	0.5333333333333333	0.19387755102040816	0.0
0.0142243611221102	0.1506849315068493	0.6	0.5510204081632653	0.0
0.06276588183931853	0.4246575342465753	0.2	0.3163265306122449	0.0
0.13724833236879777	0.4520547945205479	0.5333333333333333	0.3979591836734694	0.0
0.13724833236879777	0.4520547945205479	0.5333333333333333	0.3979591836734694	0.0
0.006782207872640695	0.0821917808219178	0.8	0.3979591836734694	0.42794871794871797
0.13724833236879777	0.2054794520547945	0.5333333333333333	0.47959183673469385	0.0
0.03560659133136365	0.0136986301369863	0.4	0.19387755102040816	0.0
	0.3150684931506849	0.6	0.07142857142857142	0.0
0.03560659133136365	0.726027397260274	0.5333333333333333	0.3979591836734694	0.0
0.267247418598276	0.5753424657534246	0.3333333333333333	0.3979591836734694	0.0
0.034103946473353436	0.410958904109589	0.5333333333333333	0.7040816326530612	0.0
0.12770450691927346	0.2191780821917808	0.8	0.37755102040816324	0.0
0.016214350258393996	0.2191780821917808	0.5333333333333333	0.6020408163265306	0.0
0.06276588183931853	0.5205479452054794	0.8	0.37755102040816324	0.0
	0.6027397260273972	0.6	0.41836734693877553	0.0
0.026347050044165574	0.3287671232876712	0.6	0.4489795918367347	0.0
0.06276588183931853	0.0684931506849315	0.8	0.3979591836734694	0.0
	0.3424657534246575	0.5333333333333333	0.5	0.0
0.05880620957834567	0.6164383561643836	0.6	0.3979591836734694	0.0
0.05880620957834567	0.3835616438356164	0.5333333333333333	0.3469387755102041	0.0
0.06276588183931853	0.2191780821917808	0.8	0.5	0.0
0.13720772034560832	0.3150684931506849	0.6	0.5510204081632653	0.0
0.13724833236879777	0.1780821917808219	0.6	0.3979591836734694	0.0
	0.3561643835616438	0.6666666666666666	0.35714285714285715	0.5997435897435898
0.02473272212238433	0.1780821917808219	0.5333333333333333	0.47959183673469385	0.5274358974358975
0.019879585351243234	0.2328767123287671	0.5333333333333333	0.5	0.0
0.029240656696414975	0.547945205479452	0.5333333333333333	0.3979591836734694	0.0
0.13724833236879777	0.1232876712328767	0.6	0.4489795918367347	0.0
0.011462743545226564	0.273972602739726	0.6	0.5	0.0
0.13724833236879777	0.273972602739726	0.8	0.6020408163265306	0.0
0.06276588183931853	0.0958904109589041	0.6	0.29591836734693877	0.0
	0.0273972602739726	0.5333333333333333	0.29591836734693877	0.0
0.029240656696414975	0.2191780821917808	0.5333333333333333	0.4897959183673469	0.0
0.06276588183931853	0.2876712328767123	0.6	0.3979591836734694	0.0
0.07216756520767974	0.2191780821917808	0.13333333333333333	0.19387755102040816	0.0
0.00860974891616663	0.3424657534246575	0.5333333333333333	0.5	0.4876923076923077
0.13724833236879777	0.0273972602739726	0.6	0.24489795918367346	0.0
0.029240656696414975	0.2328767123287671	0.5333333333333333	0.3979591836734694	0.0
0.13720772034560832	0.410958904109589	0.6	0.47959183673469385	0.0
0.07216756520767974	0.589041095890411	0.6	0.3979591836734694	0.0
0.07216756520767974	1.0	0.2	0.14285714285714285	0.0
0.12228280182347984	0.6301369863013698	0.26666666666666666	0.5	0.0
0.05880620957834567	0.3972602739726027	0.8	0.3979591836734694	0.0
0.13724833236879777	0.3150684931506849	0.4666666666666667	0.3979591836734694	0.0
	0.0136986301369863	0.4	0.29591836734693877	0.0
0.03192105022691968	0.2054794520547945	0.6	0.3979591836734694	0.0
0.05880620957834567	0.3835616438356164	0.6	0.3979591836734694	0.0
0.07216756520767974	0.0958904109589041	0.5333333333333333	0.24489795918367346	0.0
0.016214350258393996	0.2191780821917808	0.8	0.5	0.0
	0.3287671232876712	0.5333333333333333	0.3979591836734694	0.0
0.13724833236879777	0.3835616438356164	0.8	0.6020408163265306	0.0
0.06276588183931853	0.3972602739726027	0.5333333333333333	0.5	0.0
0.026347050044165574	0.3424657534246575	0.6	0.3979591836734694	0.0
0.06276588183931853	0.5342465753424658	0.8	0.3979591836734694	0.0
0.014935071527925843	0.3698630136986301	0.5333333333333333	0.3469387755102041	0.0
0.016214350258393996	0.0547945205479452	0.6	0.29591836734693877	0.0
0.12770450691927346	0.3287671232876712	0.5333333333333333	0.7244897959183674	0.0
0.06276588183931853	0.2602739726027397	0.5333333333333333	0.3979591836734694	0.0
0.016214350258393996	0.136986301369863	0.6	0.5	0.0
0.03560659133136365	0.3561643835616438	0.6	0.19387755102040816	0.0
0.13724833236879777	0.1095890410958904	0.8	0.3979591836734694	0.0
0.023098088189008357	0.2876712328767123	0.8	0.3979591836734694	0.0
0.07216756520767974	0.589041095890411	0.5333333333333333	0.5	0.0
0.13724833236879777	0.1643835616438356	0.8	0.3979591836734694	0.0
0.06276588183931853	0.4246575342465753	0.6	0.3979591836734694	0.0
0.03560659133136365	0.410958904109589	0.5333333333333333	0.3673469387755102	0.0
0.02473272212238433	0.4657534246575342	0.5333333333333333	0.5714285714285714	0.0
0.13724833236879777	0.2602739726027397	0.8666666666666667	0.6020408163265306	0.5069230769230769
0.05880620957834567	0.3013698630136986	0.8	0.5	0.0
0.006782207872640695	0.1232876712328767	0.5333333333333333	0.3979591836734694	0.0
0.12228280182347984	0.2328767123287671	0.5333333333333333	0.5	0.0
0.267247418598276	0.3835616438356164	0.6	0.3979591836734694	0.0
0.07216756520767974	0.2465753424657534	0.5333333333333333	0.3979591836734694	0.5076923076923077
0.06276588183931853	0.6575342465753424	0.5333333333333333	0.3979591836734694	0.0
0.01934147604398282	0.4246575342465753	0.5333333333333333	0.5	0.0
0.06276588183931853	0.0684931506849315	0.5333333333333333	0.3979591836734694	0.0
	0.0821917808219178	0.8	0.3979591836734694	0.0
0.13724833236879777	0.0821917808219178	0.8	0.23469387755102042	0.0
0.13724833236879777	0.2054794520547945	0.4	0.47959183673469385	0.4287179487179487
0.06276588183931853	0.0958904109589041	0.5333333333333333	0.5	0.0
0.05880620957834567	0.136986301369863	0.5333333333333333	0.3979591836734694	0.0
0.011462743545226564	0.2602739726027397	0.8	0.3979591836734694	0.0
0.05880620957834567	0.4657534246575342	0.8	0.3469387755102041	0.0
0.029240656696414975	0.6027397260273972	1.0	0.3979591836734694	0.0
0.06276588183931853	0.410958904109589	0.5333333333333333	0.5	0.0
0.03560659133136365	0.0136986301369863	0.4	0.15306122448979592	0.0
0.05880620957834567	0.4246575342465753	0.8666666666666667	0.3979591836734694	0.0
0.016214350258393996	0.5616438356164384	0.8	0.3979591836734694	0.0
0.06276588183931853	0.1506849315068493	0.8	0.5	0.0
	0.6575342465753424	0.0	0.29591836734693877	0.0
0.267247418598276	0.2328767123287671	0.8	0.3979591836734694	0.0
0.026347050044165574	0.6575342465753424	0.6	0.15306122448979592	0.0
0.13724833236879777	0.2465753424657534	0.8	0.5510204081632653	0.0
	0.3561643835616438	0.8	0.7040816326530612	0.0
0.13720772034560832	0.4246575342465753	0.6	0.47959183673469385	0.0
0.13724833236879777	0.2054794520547945	0.6	0.3979591836734694	0.4461538461538462
0.13724833236879777	0.2465753424657534	0.8	0.6530612244897959	0.0
0.034103946473353436	0.1917808219178082	0.6	0.4489795918367347	0.0
	0.3150684931506849	0.8	0.3979591836734694	0.0
0.06276588183931853	0.0136986301369863	0.6	0.19387755102040816	0.0
0.019798361304864304	0.0	0.4	0.24489795918367346	0.0
	0.136986301369863	0.5333333333333333	0.3979591836734694	0.0
0.03192105022691968	0.1780821917808219	0.8	0.3469387755102041	0.0
	0.136986301369863	0.6	0.29591836734693877	0.0
0.011462743545226564	0.0547945205479452	0.6	0.3979591836734694	0.0
0.06276588183931853	0.2876712328767123	0.9333333333333333	0.3979591836734694	0.0
0.029240656696414975	0.3013698630136986	0.8	0.5	0.0
0.06276588183931853	0.3287671232876712	0.5333333333333333	0.37755102040816324	0.0
0.13724833236879777	0.3561643835616438	0.8	0.3979591836734694	0.16025641025641027
0.13724833236879777	0.5205479452054794	0.4	0.3979591836734694	0.0
1.0	0.0821917808219178	0.8	0.29591836734693877	0.0
0.13724833236879777	0.4931506849315068	0.5333333333333333	0.3979591836734694	0.0
0.06276588183931853	0.3698630136986301	0.6	0.5510204081632653	0.0
0.13724833236879777	0.3013698630136986	0.5333333333333333	0.3979591836734694	0.0
0.06276588183931853	0.2876712328767123	0.7333333333333333	0.32653061224489793	0.0
0.13720772034560832	0.2054794520547945	0.6666666666666666	0.5	0.0
0.026347050044165574	0.6986301369863014	0.5333333333333333	0.04081632653061224	0.0
1.0	0.2054794520547945	0.5333333333333333	0.3979591836734694	0.0
0.03192105022691968	0.2465753424657534	0.8	0.3979591836734694	0.0
0.13724833236879777	0.1095890410958904	0.5333333333333333	0.3979591836734694	0.0
0.029240656696414975	0.2328767123287671	0.5333333333333333	0.5	0.0
0.0	0.1643835616438356	0.7333333333333333	0.3979591836734694	0.0
	0.3287671232876712	0.8	0.47959183673469385	0.0
0.006782207872640695	0.6986301369863014	0.3333333333333333	0.19387755102040816	0.0
0.03192105022691968	0.1506849315068493	0.26666666666666666	0.3979591836734694	0.0
0.03192105022691968	0.3013698630136986	0.7333333333333333	0.19387755102040816	0.0
0.016214350258393996	0.3972602739726027	0.6666666666666666	0.3979591836734694	0.0
0.05880620957834567	0.547945205479452	0.5333333333333333	0.25510204081632654	0.0
0.023098088189008357	0.2876712328767123	0.2	0.7857142857142857	0.0
	0.1643835616438356	0.6666666666666666	0.9081632653061225	0.0
0.029240656696414975	0.4794520547945205	0.5333333333333333	0.4489795918367347	0.0
0.05880620957834567	0.2328767123287671	0.6	0.3979591836734694	0.0
0.034103946473353436	0.1506849315068493	0.6	0.3979591836734694	0.0
0.03192105022691968	0.4657534246575342	0.8	0.07142857142857142	0.0
0.267247418598276	0.3835616438356164	0.6	0.3979591836734694	0.0
0.014935071527925843	0.2328767123287671	0.6	0.37755102040816324	0.0
0.07216756520767974	0.2191780821917808	0.6	0.3979591836734694	0.0
0.07216756520767974	0.0410958904109589	0.6	0.14285714285714285	0.0
	0.5342465753424658	0.06666666666666667	0.3979591836734694	0.0
0.06276588183931853	0.0821917808219178	0.3333333333333333	0.3979591836734694	0.0
0.034103946473353436	0.3561643835616438	0.5333333333333333	0.3979591836734694	0.0
0.13724833236879777	0.1095890410958904	0.5333333333333333	0.4489795918367347	0.0
0.05880620957834567	0.2876712328767123	0.8666666666666667	0.3979591836734694	0.0
	0.4794520547945205	0.5333333333333333	0.3979591836734694	0.0
0.13724833236879777	0.2876712328767123	0.6	0.3979591836734694	0.0
0.016214350258393996	0.0684931506849315	0.6	0.3979591836734694	0.0
0.06276588183931853	0.136986301369863	0.8	0.29591836734693877	0.0
0.00860974891616663	0.4794520547945205	0.6	0.3979591836734694	0.0
	0.0273972602739726	0.6	0.5	0.0
0.06276588183931853	0.3424657534246575	0.5333333333333333	0.3469387755102041	0.0
1.0	0.3287671232876712	0.4666666666666667	0.3979591836734694	0.0
0.06276588183931853	0.0273972602739726	0.6	0.3979591836734694	0.0
0.03560659133136365	0.4657534246575342	0.6666666666666666	0.3979591836734694	0.0
0.07216756520767974	0.1917808219178082	0.8666666666666667	0.7040816326530612	0.6192307692307693
	0.3698630136986301	0.4666666666666667	0.3979591836734694	0.0
0.06276588183931853	0.684931506849315	0.7333333333333333	0.3469387755102041	0.0
0.023098088189008357	0.1780821917808219	0.8	0.15306122448979592	0.0
0.07216756520767974	0.6164383561643836	0.6	0.3979591836734694	0.0
0.006782207872640695	0.0821917808219178	0.5333333333333333	0.3979591836734694	0.0
0.13724833236879777	0.4383561643835616	1.0	0.5	0.0
0.05880620957834567	0.3013698630136986	0.5333333333333333	0.47959183673469385	0.0
0.13724833236879777	0.3698630136986301	0.6	0.3979591836734694	0.0
